219.016076184
82.3174654393
46.917755906
25.5485272351
15.6943229511
11.7047820628
10.1741640691
9.59525865513
9.37242996701
9.28061616778
9.2366041471
9.21014211231
9.19047501261
9.17392952373
9.15935598928
9.14647473516
9.13528655351
9.12586857193
9.11830715565
9.11267803054
9.10904175676
9.10744361479
9.10791438642
9.11047105852
9.1151172963
219.016076184
82.3174654393
46.917755906
25.5485272351
15.6943229511
11.7047820628
10.1741640691
9.59525865513
9.37242996701
9.28061616778
9.2366041471
9.21014211231
9.19047501261
9.17392952373
9.15935598928
9.14647473516
9.13528655351
9.12586857193
9.11830715565
9.11267803054
9.10904175676
9.10744361479
9.10791438642
9.11047105852
9.1151172963
