101.335666437
100.704486653
100.075549084
99.4488763888
98.8244887306
98.2024041718
97.58263884
96.965207052
96.3501214286
95.7373930071
95.1270313517
94.5190446614
93.9134398758
93.3102227781
92.7093980952
92.1109695951
91.51494018
90.9213119773
90.3300864262
89.7412643607
89.1548460893
88.5708314703
87.9892199837
87.4100107985
86.8332028383
86.2587948396
85.6867854089
85.1171730747
84.549956337
83.9851337118
83.4227037731
82.8626651909
82.3050167663
81.7497574631
81.1968864364
80.6464030581
80.0983069405
79.5525979558
79.0092762545
78.4683422802
77.9297967833
77.3936408321
76.8598758215
76.3285034805
75.7995258784
75.2729454281
74.7487648893
74.2269873694
73.7076163243
73.1906555568
72.6761092149
72.1639817889
71.6542781077
71.1470033344
70.6421629614
70.1397628044
69.6398089964
69.1423079813
68.6472665066
68.1546916165
67.6645906437
67.176971202
66.6918411785
66.2092087246
65.7290822485
65.2514704063
64.7763820927
64.3038264361
63.8338127859
63.3663507055
62.901449964
62.4391205273
61.9793725498
61.5222163643
61.0676624787
60.6157215628
60.1664044417
59.7197220875
59.2756856114
58.8343062552
58.3955953838
57.9595644772
57.5262251228
57.0955890061
56.6676679047
56.2424736796
55.8200182681
55.4003136753
54.9833719668
54.5692052608
54.1578257203
53.7492455453
53.3434769647
52.9405322286
52.5404236004
52.1431633481
51.7487637366
51.3572370191
50.9685954286
50.5828511692
50.2000164073
49.8201032627
49.4431237992
49.0690900076
48.6980138199
48.3299070742
47.9647815138
47.6026487765
47.2435203838
46.8874077299
46.5343220709
46.1842745122
45.8372759977
45.4933372966
45.1524689917
44.8146814738
44.4799849043
44.1483892271
43.8199041459
43.49453911
43.1723032997
42.8532056119
42.537254645
42.2244586833
41.9148256818
41.6083632502
41.305078637
41.0049787134
40.7080699567
40.414358434
40.1238497859
39.8365492092
39.5524614409
39.2715907415
38.993940878
38.7195151078
38.4483161625
38.1803462316
37.9156069466
37.6540993656
37.3958239582
37.1407805906
36.8889685112
36.6403863372
36.3950320411
36.1529029382
35.9139956748
35.6783062171
35.4458298408
35.2165611219
34.9904939278
34.7676214098
34.5479359965
34.3314293885
34.1180925533
33.9079157225
33.700888389
33.4969993065
33.296236489
33.0985872126
32.9040380176
32.7125747127
32.5241823796
32.3388453796
32.1565473605
31.977271266
31.800999345
31.6277131626
31.4573936128
31.2900209314
31.1255747104
30.9640339136
30.8053768928
30.6495814055
30.4966246327
30.3464831984
30.1991331896
30.0545501764
29.9127092338
29.7735849632
29.6371515154
29.5033826128
29.3722515733
29.2437313335
29.1177944731
28.9944132386
28.8735595678
28.7552051141
28.6393212709
28.5258791962
28.414849836
28.3062039496
28.1999121322
28.0959448395
27.9942724105
27.8948650905
27.7976930537
27.7027264252
27.6099353028
27.5192897777
