3.54496194756
4.59998908011
5.7151492472
6.64201033975
7.32686015187
7.76941207865
8.0363304093
8.19575964196
8.28912073197
8.34297695914
8.37228420616
8.38549355143
8.38755473023
8.38153504271
8.36946459031
8.3527758996
8.33253595322
8.30957244079
8.28454564901
8.25799186034
8.23035134322
8.2019876361
8.17320163258
8.14424236013
8.11531551733
8.08659040053
8.05820561654
8.03027384648
8.00288584802
7.97611383507
7.95001434185
7.92463065601
7.8999948894
7.87612974247
7.85305000889
7.83076385931
7.80927393682
7.78857829169
7.76867117881
7.74954373754
7.73118457103
7.71358023923
7.69671567807
7.68057455532
7.66513957207
7.65039271769
7.6363154849
7.6228890506
7.6100944274
7.59791259011
7.58632458072
7.57531159509
7.56485505393
7.55493666045
7.54553844659
7.53664280965
7.52823254057
7.52029084537
7.51280136065
7.50574816413
7.49911578103
7.49288918697
7.48705380797
7.48159551802
7.47650063471
7.47175591322
7.46734853903
7.46326611956
7.459496675
7.4560286286
7.45285079632
7.44995237637
7.44732293837
7.44495241247
7.44283107841
7.44094955467
7.43929878761
7.43787004079
7.43665488449
7.4356451854
7.43483309647
7.43421104711
7.43377173357
7.43350810955
7.43341337721
7.43348097827
7.43370458553
7.43407809461
7.43459561593
7.43525146699
7.43604016496
7.43695641939
7.43799512534
7.43915135667
7.44042035953
7.44179754619
7.44327848903
7.44485891475
7.44653469883
7.44830186014
7.45015655583
7.45209507636
7.45411384068
7.45620939169
7.45837839179
7.46061761859
7.46292396093
7.46529441481
7.46772607965
7.47021615464
7.47276193522
7.47536080971
7.47801025605
7.48070783865
7.48345120542
7.48623808482
7.4890662831
7.49193368158
7.49483823408
7.49777796443
7.50075096405
7.50375538966
7.50678946101
7.50985145878
7.51293972247
7.51605264846
7.51918868802
7.52234634551
7.52552417658
7.52872078643
7.53193482821
7.53516500134
7.53841005003
7.54166876176
7.54493996588
7.54822253217
7.55151536956
7.55481742482
7.55812768131
7.56144515777
7.56476890722
7.56809801577
7.57143160158
7.57476881381
7.57810883162
7.58145086318
7.58479414475
7.58813793978
7.59148153801
7.59482425463
7.59816542949
7.60150442626
7.60484063173
7.60817345501
7.61150232685
7.61482669896
7.61814604331
7.62145985151
7.62476763418
7.62806892035
7.63136325688
7.63465020787
7.63792935415
7.64120029274
7.64446263632
7.64771601278
7.65096006467
7.65419444883
7.65741883586
7.66063290971
7.66383636731
7.66702891809
7.67021028362
7.67338019724
7.67653840368
7.67968465868
7.6828187287
7.68594039051
7.68904943094
7.69214564651
7.69522884315
7.6982988359
7.70135544863
7.70439851376
7.70742787197
7.71044337197
7.71344487024
7.71643223077
7.71940532483
7.72236403077
7.72530823374
7.72823782552
7.73115270429
7.73405277444
7.73693794635
7.73980813623
7.74266326592
7.74550326268
7.74832805908
7.75113759278
