0.0260238837891
0.0336464487035
0.0417031976076
0.0484870698776
0.0534569969928
0.0567502537331
0.0587239622454
0.0598649757805
0.0605292246886
0.0609256560454
0.0611788328858
0.0613557847781
0.0614918931525
0.061605704628
0.0617069428704
0.0618007323583
0.0618898007593
0.0619756230833
0.06205901618
0.0621404483748
0.0622202013644
0.0622984553095
0.0623753338652
0.0624509282252
0.0625253101189
0.0625985389554
0.0626706658437
0.0627417359284
0.0628117898049
0.0628808644218
0.0629489936914
0.0630162089275
0.0630825391768
0.0631480114817
0.0632126510966
0.0632764816696
0.0633395253987
0.0634018031678
0.0634633346657
0.0635241384914
0.0635842322478
0.0636436326245
0.0637023554726
0.0637604158712
0.063817828187
0.0638746061289
0.0639307627957
0.0639863107207
0.0640412619114
0.064095627885
0.0641494197019
0.0642026479951
0.0642553229974
0.0643074545665
0.0643590522075
0.0644101250939
0.0644606820864
0.0645107317512
0.0645602823755
0.0646093419827
0.0646579183465
0.0647060190033
0.0647536512645
0.0648008222271
0.0648475387844
0.0648938076351
0.0649396352928
0.0649850280939
0.0650299922055
0.0650745336328
0.0651186582261
0.0651623716869
0.0652056795743
0.0652485873107
0.065291100187
0.0653332233678
0.0653749618964
0.0654163206992
0.0654573045899
0.0654979182739
0.0655381663521
0.0655780533244
0.0656175835935
0.0656567614683
0.0656955911666
0.0657340768188
0.0657722224704
0.0658100320849
0.0658475095464
0.0658846586623
0.0659214831655
0.065957986717
0.0659941729078
0.0660300452613
0.0660656072354
0.0661008622241
0.0661358135599
0.0661704645151
0.0662048183038
0.0662388780838
0.0662726469578
0.0663061279752
0.0663393241333
0.0663722383793
0.0664048736112
0.0664372326793
0.0664693183873
0.0665011334939
0.0665326807139
0.066563962719
0.0665949821393
0.0666257415642
0.0666562435436
0.0666864905886
0.0667164851729
0.0667462297331
0.0667757266705
0.066804978351
0.0668339871066
0.0668627552362
0.0668912850058
0.0669195786501
0.0669476383726
0.0669754663465
0.0670030647155
0.0670304355944
0.0670575810698
0.0670845032005
0.0671112040185
0.0671376855292
0.0671639497123
0.0671899985219
0.0672158338878
0.0672414577152
0.0672668718856
0.0672920782575
0.0673170786663
0.0673418749254
0.0673664688261
0.0673908621385
0.0674150566114
0.0674390539732
0.0674628559322
0.0674864641767
0.0675098803757
0.067533106179
0.0675561432177
0.0675789931048
0.0676016574348
0.067624137785
0.0676464357148
0.067668552767
0.0676904904673
0.0677122503249
0.067733833833
0.0677552424687
0.0677764776935
0.0677975409534
0.0678184336795
0.0678391572877
0.0678597131794
0.0678801027416
0.0679003273469
0.0679203883543
0.0679402871086
0.0679600249415
0.067979603171
0.0679990231022
0.0680182860272
0.0680373932252
0.0680563459632
0.0680751454954
0.0680937930643
0.0681122898998
0.0681306372205
0.0681488362329
0.0681668881323
0.0681847941024
0.0682025553158
0.0682201729341
0.0682376481078
0.0682549819769
0.0682721756705
0.0682892303075
0.0683061469963
0.0683229268351
0.068339570912
0.0683560803052
0.068372456083
0.0683886993041
0.0684048110174
0.0684207922626
0.0684366440698
0.0684523674601
0.0684679634452
0.0684834330279
0.0684987772021
0.0685139969528
0.0685290932564
0.0685440670805
