5.36289
5.47860811238
5.14447236832
4.68292987723
4.49249039093
4.39441652177
4.34467491143
4.32404351324
4.31908472409
4.32207246999
4.32892897548
4.33758380697
4.34700467894
4.35668218621
4.36636732165
4.37594022242
4.38534498205
4.39455733439
4.40356862458
4.4123778466
4.42098768189
4.42940252702
4.43762751282
4.44566801864
4.45352943466
4.4612170483
4.46873599289
4.47609122723
4.48328753043
4.49032950418
4.4972215783
4.50396801774
4.51057292999
4.51704027243
4.52337385941
4.5295773689
4.53565434891
4.54160822337
4.54744229773
4.55315976423
4.55876370684
4.5642571059
4.56964284252
4.57492370272
4.58010238138
4.58518148593
4.59016353988
4.59505098614
4.59984619023
4.60455144328
4.60916896489
4.61370090587
4.61814935084
4.62251632075
4.6268037752
4.63101361471
4.63514768293
4.63920776865
4.6431956078
4.64711288534
4.65096123709
4.65474225142
4.65845747093
4.66210839409
4.66569647666
4.66922313327
4.67268973874
4.67609762947
4.67944810472
4.68274242786
4.68598182755
4.6891674989
4.69230060458
4.69538227587
4.69841361365
4.70139568946
4.70432954635
4.70721619986
4.71005663886
4.71285182639
4.7156027005
4.718310175
4.72097514022
4.72359846376
4.72618099114
4.72872354653
4.73122693336
4.73369193497
4.73611931519
4.73850981896
4.74086417286
4.74318308566
4.74546724888
4.74771733724
4.74993400919
4.75211790737
4.75426965907
4.75638987666
4.75847915805
4.76053808706
4.76256723384
4.76456715525
4.76653839525
4.76848148523
4.7703969444
4.77228528008
4.77414699282
4.77598255766
4.77779245302
4.77957714194
4.78133707712
4.78307270119
4.78478444703
4.78647273796
4.78813798804
4.78978060231
4.79140097701
4.79299949984
4.79457655014
4.79613249914
4.79766771016
4.79918253882
4.80067733323
4.80215243416
4.80360817528
4.80504488328
4.80646287811
4.80786247307
4.80924397504
4.81060768463
4.8119538963
4.81328289855
4.81459497405
4.81589039977
4.81716944715
4.8184323822
4.81967946567
4.82091095313
4.82212709513
4.8233281373
4.82451432048
4.82568588083
4.82684304993
4.82798605489
4.82911511849
4.83023045921
4.83133229139
4.8324208253
4.83349626725
4.83455881966
4.83560868115
4.83664604665
4.83767110747
4.83868405137
4.83968506264
4.84067432221
4.84165200768
4.84261829344
4.8435733507
4.84451734758
4.84545044917
4.84637281762
4.84728461217
4.84818598923
4.84907710243
4.84995810272
4.85082913837
4.85169035506
4.85254189593
4.85338390165
4.85421651043
4.85503985812
4.85585407823
4.85665930197
4.85745565834
4.85824327415
4.85902227404
4.85979278057
4.86055491425
4.86130879355
4.86205453501
4.86279225318
4.86352206077
4.86424406861
4.8649583857
4.86566511929
4.86636437486
4.86705625618
4.86774086536
4.86841830286
4.86908866752
4.8697520566
4.87040856584
4.87105828942
4.87170132006
4.87233774902
4.87296766611
4.87359115976
4.87420831701
4.87481922355
