3.41224233557
4.75767972214
6.20784935095
7.45175208378
8.37058692106
8.96630238246
9.3106898726
9.49531273433
9.58929379491
9.63158906309
9.64605701088
9.6455711182
9.63695631105
9.62381872528
9.60807625471
9.59076496587
9.57245930467
9.55349033197
9.53405918367
9.51429629468
9.49429251855
9.47411564055
9.45381926462
9.43344769451
9.41303869353
9.39262510828
9.3722358747
9.35189668088
9.33163043335
9.31145760628
9.29139651731
9.27146355465
9.2516733697
9.232039044
9.21257223592
9.19328331076
9.17418145712
9.15527479126
9.13657045124
9.11807468189
9.0997929119
9.08172982367
9.06388941695
9.04627506673
9.02888957604
9.01173522423
8.99481381112
8.97812669739
8.96167484165
8.94545883444
8.92947892952
8.91373507255
8.89822692761
8.88295390153
8.86791516635
8.8531096801
8.83853620589
8.82419332961
8.8100794763
8.79619292522
8.78253182385
8.76909420083
8.75587797796
8.74288098126
8.73010095126
8.71753555254
8.7051823825
8.69303897958
8.68110283078
8.66937137874
8.65784202815
8.64651215182
8.63537909622
8.62444018666
8.613692732
8.60313402913
8.59276136696
8.58257203023
8.57256330296
8.56273247165
8.55307682821
8.54359367268
8.53428031571
8.52513408085
8.51615230663
8.50733234848
8.49867158048
8.49016739692
8.48181721378
8.47361847003
8.46556862878
8.45766517839
8.44990563341
8.44228753541
8.43480845377
8.42746598629
8.42025775986
8.41318143088
8.40623468576
8.39941524124
8.39272084471
8.38614927448
8.37969833993
8.37336588169
8.36714977181
8.36104791353
8.35505824158
8.34917872209
8.34340735247
8.33774216138
8.3321812086
8.32672258484
8.32136441165
8.31610484116
8.31094205588
8.30587426852
8.30089972168
8.29601668762
8.29122346797
8.28651839343
8.28189982352
8.2773661462
8.27291577758
8.26854716161
8.2642587697
8.26004910042
8.25591667913
8.25186005763
8.2478778138
8.24396855125
8.24013089896
8.23636351091
8.23266506572
8.22903426625
8.22546983931
8.22197053522
8.21853512749
8.2151624124
8.21185120873
8.20860035731
8.20540872069
8.2022751828
8.19919864858
8.19617804361
8.1932123138
8.190300425
8.1874413627
8.18463413165
8.18187775553
8.17917127665
8.17651375558
8.17390427085
8.1713419186
8.1688258123
8.16635508243
8.16392887611
8.16154635689
8.15920670437
8.15690911395
8.15465279651
8.15243697814
8.15026089984
8.14812381726
8.1460250004
8.14396373335
8.14193931403
8.13995105392
8.1379982778
8.1360803235
8.13419654165
8.13234629542
8.1305289603
8.12874392386
8.1269905855
8.12526835622
8.12357665843
8.12191492568
8.12028260247
8.11867914404
8.11710401614
8.11555669485
8.11403666636
8.11254342676
8.11107648188
8.10963534708
8.10821954703
8.1068286156
8.1054620956
8.10411953867
8.10280050506
8.10150456347
8.10023129089
8.09898027244
8.09775110121
8.09654337806
8.09535671153
8.09419071766
8.09304501981
8.09191924858
8.09081304159
