0.026038335638
0.0256955603707
0.0253728804042
0.0250688169292
0.0247820582537
0.0245114175665
0.0242558160577
0.0240142705814
0.0237858832042
0.0235698321267
0.0233653637472
0.0231717857015
0.0229884607404
0.0228148013296
0.0226502648737
0.0224943494822
0.0223465902068
0.0222065556891
0.0220738451684
0.0219480858048
0.0218289302788
0.0217160546354
0.0216091563444
0.0215079525505
0.0214121784938
0.0213215860802
0.0212359425858
0.0211550294814
0.0210786413636
0.0210065849817
0.0209386783505
0.0208747499409
0.020814637939
0.0207581895688
0.0207052604711
0.0206557141337
0.0206094213679
0.0205662598271
0.0205261135638
0.0204888726208
0.0204544326405
0.0204226945756
0.0203935642756
0.0203669522531
0.0203427733917
0.0203209466905
0.0203013950269
0.0202840449373
0.0202688264123
0.0202556727069
0.0202445201638
0.020235308049
0.020227978398
0.0202224758736
0.0202187476321
0.0202167431987
0.0202164143519
0.0202177150142
0.0202206011509
0.0202250306749
0.0202309633577
0.0202383607465
0.0202471860853
0.0202574042426
0.0202689816421
0.0202818861984
0.0202960872566
0.0203115555354
0.0203282630736
0.0203461831799
0.0203652903854
0.0203855603993
0.0204069700669
0.0204294973297
0.0204531211886
0.020477821668
0.020503579783
0.0205303775076
0.0205581977448
0.0205870242984
0.020616841846
0.0206476359136
0.020679392851
0.020712099809
0.0207457447167
0.0207803162609
0.0208158038651
0.0208521976704
0.0208894885165
0.0209276679232
0.0209667280732
0.0210066617944
0.0210474625435
0.0210891243895
0.0211316419973
0.0211750106121
0.0212192260438
0.0212642846507
0.0213101833249
0.0213569194758
0.0214044910151
0.0214528963408
0.0215021343211
0.0215522042785
0.0216031059735
0.0216548395875
0.0217074057056
0.0217608052995
0.021815039709
0.0218701106236
0.0219260200634
0.0219827703589
0.0220403641312
0.0220988042703
0.0221580939134
0.022218236422
0.0222792353585
0.0223410944617
0.0224038176213
0.0224674088517
0.0225318722648
0.0225972120415
0.0226634324024
0.0227305375776
0.0227985317748
0.0228674191474
0.0229372037602
0.023007889555
0.0230794803147
0.0231519796264
0.0232253908432
0.0232997170453
0.0233749609996
0.0234519264855
0.023529793753
0.0235661575388
0.0236065137615
0.0236507095058
0.0236986063523
0.0237500706306
0.0238049717138
0.0238631814041
0.0239245735651
0.0239890238605
0.0240564095525
0.0241266093406
0.0241995032264
0.0242749723997
0.0243528991411
0.0244331667394
0.0245156594224
0.0246002623022
0.0246868613322
0.0247752792852
0.0248653229391
0.0249568898885
0.0250498779503
0.0251441852433
0.0252397102644
0.0253363519762
0.0254340099056
0.0255325842552
0.0256319760284
0.0257320871676
0.0258328207081
0.0259340809455
0.0260357736203
0.0261378061184
0.0262400876897
0.026342529687
0.026445045825
0.0265475524636
0.0266499689188
0.026752217802
0.026854225397
0.0269559220756
0.0270572427639
0.0271581274651
0.0272585218525
0.0273583779471
0.0274576548989
0.0275563198961
0.0276543492337
0.0277517295808
0.0278484595008
0.0279445512922
0.028040033242
0.0281349524155
0.0282293781493
0.0283234064767
0.0284171658099
0.0285108243334
0.0286045997752
0.0286987725348
0.0287937036608
0.0288898600057
0.0289878503163
0.0290884785749
0.0291928257105
0.0293023804424
