730323.623851
1287363.9552
1292103.77128
1296161.93153
1299721.33312
1302952.7633
1305966.0561
1308831.58237
1311594.36743
1314283.16581
1316916.28752
1319505.34187
1322057.63427
1324577.70732
1327068.32752
1329531.11787
1331966.96333
1334376.27046
1336759.13365
1339115.44152
1341444.94485
1343747.2999
1346022.09602
1348268.87299
1350487.13199
1352676.34222
1354835.9449
1356965.35542
1359063.96438
1361131.13773
1363166.21649
1365168.51594
1367137.32454
1369071.90264
1370971.4809
1372835.2585
1374662.40118
1376452.03901
1378203.26402
1379915.12751
1381586.63712
1383216.75367
1384804.48323
1386348.51778
1387847.71494
1389300.81352
1390706.48333
1392063.32032
1393369.84087
1394624.47566
1395825.56269
1396971.33976
1398059.93615
1399089.36348
1400057.50583
1400962.10881
1401800.76772
1402570.91449
1403269.80354
1403894.49623
1404441.84392
1404908.4694
1405290.74667
1405584.77885
1405786.37407
1405891.01917
1405893.8511
1405790.8311
1405574.06916
1405237.21815
1404775.929
1404182.11422
1403448.04897
1402565.38678
1401525.10725
1400317.46216
1398931.92074
1397357.11485
1395580.78562
1393589.73362
1391369.77573
1388905.71257
1386181.31231
1383179.31782
1379881.48708
1376268.6788
1372320.99917
1368018.02916
1363339.15634
1358264.03996
1352773.24224
1346849.06233
1340476.61027
1333645.15435
1326349.67041
1318593.14119
1310388.22707
1301759.95731
1292747.98958
1283408.67083
1273816.36313
1264064.12973
1254262.08289
1244534.58882
1235015.12791
1225837.2843
1217135.32086
1209022.93117
1201593.59011
1194914.36951
1189023.24373
1183929.04298
1179614.55989
1176041.35367
1173155.45162
1170893.09483
1169185.88966
1167964.99541
1167164.22221
1166722.09171
1166583.01616
1166697.7929
1167023.60873
1167523.72261
1168166.95968
1168927.11438
1169782.32998
1170714.49749
1171708.69917
1172752.709
1173836.5542
1174952.13676
1176092.9109
1177253.6108
1178430.02265
1179618.79482
1180817.28063
1182023.40854
1183235.57543
1184452.55884
1185673.44526
1186897.57133
1188124.47585
1189353.86068
1190585.55869
1191819.50784
1193055.72991
1194294.31324
1195535.3987
1196779.16822
1198025.83551
1199275.63846
1200528.83301
1201785.68813
1203046.48177
1204311.49751
1205581.02192
1206855.34238
1208134.74529
1209419.51466
1210709.93099
1212006.27028
1213308.80335
1214617.79521
1215933.50461
1217256.18369
1218586.07766
1219923.42463
1221268.4554
1222621.39341
1223982.45465
1225351.84759
1226729.77321
1228116.425
1229511.98899
1230916.64379
