18.6095698407
18.219347326
18.0419484638
18.0327951923
18.1247889278
18.2541517148
18.3852761803
18.5012681848
18.5961255639
18.6692157302
18.7222134417
18.7575914884
18.777934389
18.7856541975
18.7828929093
18.7715072034
18.7530868324
18.7289844641
18.7003473015
18.668146572
18.6332035844
18.5962121743
18.5577578118
18.5183337847
18.4783548871
18.4381690039
18.3980669294
18.3582907054
18.3190407167
18.2804817417
18.2427481211
18.205948181
18.1701680243
18.1354747837
18.1019194171
18.0695391104
18.0383593462
18.0083956845
17.9796552959
17.9521382832
17.9258388196
17.9007461286
17.876845329
17.8541181606
17.8325436095
17.812098445
17.7927576802
17.774494967
17.7572829341
17.7410934758
17.7258979975
17.7116676249
17.6983733808
17.6859863341
17.6744777255
17.6638190717
17.6539822522
17.6449395805
17.6366638623
17.6291284417
17.622307238
17.6161747739
17.6107061966
17.6058772923
17.6016644962
17.598044897
17.5949962383
17.592496917
17.5905259781
17.589063108
17.588088626
17.5875834738
17.5875292038
17.5879079672
17.5887025001
17.5898961102
17.591472662
17.5934165627
17.5957127474
17.5983466638
17.6013042581
17.6045719595
17.6081366662
17.6119857305
17.6161069447
17.6204885273
17.6251191089
17.629987719
17.6350837728
17.6403970587
17.6459177252
17.6516362695
17.6575435251
17.6636306506
17.669889119
17.6763107061
17.6828874806
17.6896117942
17.6964762712
17.7034737995
17.7105975214
17.7178408247
17.725197334
17.7326609027
17.740225605
17.7478857281
17.7556357648
17.7634704064
17.7713845357
17.7793732204
17.7874317066
17.7955554125
17.8037399227
17.8119809821
17.8202744906
17.8286164975
17.8370031964
17.8454309202
17.8538961363
17.8623954418
17.8709255593
17.8794833324
17.8880657214
17.8966697995
17.9052927487
17.9139318564
17.9225845114
17.9312482006
17.9399205057
17.9485990998
17.9572817442
17.9659662859
17.974650654
17.9833328573
17.9920109815
18.0006831865
18.0093477041
18.0180028353
18.0266469481
18.035278475
18.0438959112
18.0524978123
18.0610827921
18.0696495207
18.0781967228
18.0867231756
18.0952277073
18.1037091948
18.112166563
18.1205987823
18.1290048674
18.137383876
18.145734907
18.1540570994
18.1623496306
18.1706117156
18.1788426052
18.1870415853
18.1952079753
18.203341127
18.211440424
18.21950528
18.2275351381
18.2355294696
18.2434877736
18.2514095751
18.2592944252
18.2671418994
18.274951597
18.2827231405
18.2904561747
18.2981503657
18.3058054005
18.3134209861
18.320996849
18.3285327343
18.336028405
18.3434836418
18.3508982422
18.3582720198
18.3656048039
18.3728964391
18.3801467846
18.3873557136
18.3945231128
18.4016488823
18.4087329348
18.4157751951
18.4227755998
18.429734097
18.4366506456
18.4435252153
18.4503577857
18.4571483464
18.4638968964
18.4706034439
18.4772680057
18.4838906073
18.4904712821
18.4970100714
