0.139737445081
0.139741657283
0.139745864292
0.139750066251
0.139754263286
0.139758455517
0.13976264306
0.139766826024
0.139771004515
0.139775178636
0.139779348483
0.139783514153
0.139787675737
0.139791833322
0.139795986996
0.139800136841
0.139804282938
0.139808425367
0.139812564203
0.139816699522
0.139820831397
0.1398249599
0.139829085099
0.139833207064
0.139837325862
0.139841441559
0.139845554219
0.139849663906
0.139853770684
0.139857874612
0.139861975753
0.139866074167
0.139870169913
0.139874263049
0.139878353633
0.139882441724
0.139886527378
0.139890610651
0.1398946916
0.13989877028
0.139902846746
0.139906921053
0.139910993256
0.139915063409
0.139919131567
0.139923197782
0.13992726211
0.139931324604
0.139935385317
0.139939444302
0.139943501614
0.139947557306
0.13995161143
0.139955664042
0.139959715194
0.139963764939
0.139967813332
0.139971860427
0.139975906277
0.139979950937
0.139983994461
0.139988036904
0.139992078321
0.139996118766
0.140000158296
0.140004196966
0.140008234832
0.14001227195
0.140016308378
0.140020344172
0.14002437939
0.14002841409
0.14003244833
0.14003648217
0.140040515669
0.140044548887
0.140048581884
0.140052614721
0.140056647459
0.140060680162
0.140064712891
0.140068745711
0.140072778684
0.140076811877
0.140080845353
0.14008487918
0.140088913423
0.140092948151
0.140096983432
0.140101019334
0.140105055928
0.140109093284
0.140113131474
0.14011717057
0.140121210646
0.140125251774
0.14012929403
0.140133337491
0.140137382232
0.140141428332
0.140145475868
0.140149524922
0.140153575572
0.140157627902
0.140161681993
0.140165737929
0.140169795795
0.140173855676
0.140177917659
0.140181981833
0.140186048285
0.140190117105
0.140194188386
0.140198262218
0.140202338695
0.140206417911
0.140210499961
0.140214584942
0.140218672951
0.140222764087
0.14022685845
0.140230956139
0.140235057257
0.140239161907
0.140243270192
0.140247382217
0.140251498088
0.140255617911
0.140259741795
0.140263869847
0.140268002178
0.140272138897
0.140276280116
0.140280422992
0.140284570616
0.140288620321
0.140292681249
0.140296753362
0.140300836611
0.140304930953
0.14030903635
0.14031315277
0.140317280192
0.140321418601
0.140325567989
0.140329728355
0.140333899703
0.140338082044
0.140342275391
0.140346479762
0.140350695178
0.140354921663
0.140359159242
0.140363407945
0.1403676678
0.140371938838
0.140376221092
0.140380514594
0.140384819376
0.140389135475
0.140393462923
0.140397801757
0.14040215201
0.14040651372
0.140410886924
0.140415284423
0.140419736312
0.140424242886
0.14042880444
0.140433421275
0.140438093699
0.140442822027
0.140447606589
0.140452447725
0.140457345798
0.14046230119
0.140467314312
0.140472385609
0.140477515568
0.140482704723
0.140487953668
0.140493263069
0.140498633676
0.140504066339
0.140509562031
0.140515121872
0.140520747157
0.140526439395
0.140532200356
0.140538032131
0.140543937202
0.140549918548
0.140555979767
0.140562125252
0.140568360428
0.140574692082
0.140581128837
0.140587681866
0.140594365985
0.140601201454
