0.00011
3.68270803354e-05
3.19256519719e-05
1.673264077e-05
-4.87408630875e-05
-0.000133813637501
-0.000198832598912
0.000285519797976
0.00030277291559
0.000311877026858
0.000316774085463
0.00031955683975
0.000321285993027
0.000322488626954
0.00032342444702
0.000324220950259
0.000324940612216
0.000325614004216
0.000326256071474
0.000326874129784
0.000327471793361
0.000328050902081
0.000328612463942
0.000329157112421
0.00032968532504
0.000330197524778
0.00033069412442
0.000331175543573
0.000331642212964
0.000332094573189
0.000332533071353
0.000332958157217
0.000333370279562
0.000333769883055
0.000334157405662
0.000334533276612
0.000334897914838
0.000335251727819
0.000335595110771
0.000335928446112
0.000336252103156
0.000336566437983
0.000336871793458
0.000337168499358
0.000337456872589
0.000337737217468
0.000338009826047
0.000338274978488
0.000338532943445
0.000338783978472
0.000339028330433
0.000339266235923
0.000339497921675
0.000339723604971
0.000339943494044
0.000340157788465
0.000340366679522
0.000340570350592
0.000340768977485
0.000340962728793
0.000341151766213
0.000341336244857
0.000341516313556
0.000341692115146
0.000341863786737
0.000342031459979
0.000342195261305
0.000342355312173
0.000342511729289
0.00034266462482
0.000342814106602
0.000342960278333
0.000343103239756
0.000343243086836
0.000343379911932
0.000343513803947
0.000343644848488
0.000343773128006
0.000343898721933
0.000344021706816
0.000344142156435
0.000344260141927
0.000344375731896
0.000344488992521
0.000344599987655
0.000344708778927
0.000344815425831
0.000344919985815
0.000345022514366
0.000345123065089
0.000345221689786
0.000345318438523
0.000345413359706
0.000345506500144
0.000345597905113
0.000345687618416
0.000345775682442
0.000345862138219
0.000345947025468
0.000346030382654
0.000346112247033
0.000346192654697
0.000346271640621
0.000346349238702
0.0003464254818
0.000346500402025
0.000346574029784
0.000346646395299
0.000346717527653
0.000346787455069
0.000346856204942
0.000346923803867
0.000346990277668
0.000347055651424
0.0003471199495
0.000347183195567
0.000347245412627
0.000347306623038
0.000347366848535
0.000347426110252
0.000347484428739
0.000347541823988
0.000347598315446
0.000347653922037
0.000347708662175
0.000347762553787
0.000347815614323
0.000347867860776
0.000347919309693
0.000347969977193
0.000348019878977
0.000348069030347
0.00034811744621
0.0003481651411
0.000348212129182
0.000348258424268
0.000348304039827
0.000348348988994
0.000348393284581
0.000348436939089
0.000348479964714
0.000348522373359
0.00034856417664
0.000348605385898
0.000348646012204
0.000348686066368
0.000348725558949
0.000348764500258
0.000348802900368
0.000348840769121
0.000348878116133
0.000348914950801
0.000348951282312
0.000348987119645
0.000349022471576
0.000349057346691
0.000349091753382
0.000349125699859
0.000349159194152
0.000349192244117
0.000349224857441
0.000349257041643
0.000349288804085
0.000349320151973
0.000349351092357
0.000349381632142
0.000349411778089
0.000349441536818
0.000349470914813
0.000349499918423
0.000349528553871
0.00034955682725
0.000349584744532
0.000349612311569
0.000349639534098
0.000349666417738
0.000349692968
0.000349719190287
0.000349745089896
0.000349770672022
0.000349795941757
0.000349820904099
0.000349845563949
0.000349869926114
0.000349893995312
0.000349917776172
0.000349941273236
0.000349964490963
0.000349987433729
0.00035001010583
0.000350032511483
0.000350054654829
0.000350076539936
0.000350098170796
0.000350119551333
0.000350140685398
0.000350161576778
0.000350182229191
0.000350202646292
0.000350222831672
