18.6894463544
20.1289914473
21.1680928864
21.8365139832
22.2302084844
22.447318344
22.5590073038
22.6115240381
22.631556834
22.6336250211
22.6254407528
22.6110931728
22.5927836171
22.5717350691
22.548660945
22.5240055011
22.4980673332
22.4710632532
22.4431617268
22.4145007078
22.3851974158
22.3553539111
22.3250604434
22.2943975967
22.2634377619
22.2322462176
22.2008819726
22.1693984505
22.1378440659
22.1062627195
22.0746942304
22.0431747166
22.0117369338
21.9804105765
21.9492225489
21.9181972072
21.8873565788
21.8567205595
21.8263070922
21.796132329
21.7662107778
21.7365554364
21.7071779138
21.6780885417
21.6492964758
21.6208097888
21.5926355549
21.5647799287
21.5372482161
21.5100449408
21.4831739043
21.4566382425
21.4304404769
21.4045825625
21.3790659314
21.3538915342
21.3290598771
21.3045710573
21.2804247954
21.256620465
21.2331571214
21.2100335272
21.1872481761
21.164799316
21.1426849694
21.1209029531
21.0994508963
21.0783262571
21.0575263386
21.0370483035
21.0168891876
20.9970459125
20.9775152975
20.9582940706
20.9393788789
20.9207662979
20.902452841
20.884434967
20.8667090885
20.8492715789
20.8321187791
20.8152470036
20.7986525467
20.7823316874
20.7662806947
20.7504958323
20.7349733628
20.7197095514
20.7047006702
20.6899430012
20.6754328396
20.6611664966
20.6471403022
20.6333506075
20.6197937874
20.606466242
20.5933643991
20.5804847155
20.567823679
20.5553778094
20.5431436601
20.531117819
20.5192969101
20.5076775935
20.4962565671
20.4850305668
20.4739963678
20.463150784
20.4524906695
20.4420129184
20.4317144657
20.421592287
20.4116433989
20.4018648592
20.3922537671
20.3828072628
20.3735225279
20.3643967854
20.3554272991
20.346611374
20.337946356
20.3294296314
20.3210586273
20.3128308107
20.3047436887
20.2967948078
20.2889817541
20.2813021524
20.2737536665
20.266333998
20.2590408867
20.2518721099
20.2448254818
20.2378988536
20.2310901124
20.2243971814
20.2178180191
20.2113506189
20.2049930089
20.198743251
20.192599441
20.1865597076
20.1806222123
20.1747851488
20.1690467427
20.1634052507
20.1578589604
20.1524061899
20.1470452873
20.1417746298
20.1365926239
20.1314977047
20.1264883353
20.1215630064
20.116720236
20.111958569
20.1072765763
20.1026728551
20.0981460278
20.0936947419
20.0893176696
20.0850135072
20.0807809749
20.0766188162
20.0725257976
20.0685007081
20.0645423592
20.0606495838
20.0568212365
20.0530561927
20.0493533488
20.0457116211
20.0421299461
20.0386072799
20.0351425975
20.0317348932
20.0283831795
20.0250864873
20.0218438652
20.0186543795
20.0155171135
20.0124311677
20.009395659
20.0064097204
20.0034725013
20.0005831664
19.9977408961
19.9949448856
19.9921943451
19.9894884993
19.9868265873
19.984207862
19.9816315901
19.9790970519
19.9766035408
19.9741503632
19.9717368383
19.9693622977
19.9670260855
19.9647275574
