-464.873365331
-337.795543202
-245.968745913
-160.123677349
-95.8287141976
-54.1626766734
-29.1230445014
-14.9603395938
-7.11373072779
-2.72420426486
-0.181046790545
1.37894595865
2.40845007042
3.1433832273
3.70713703309
4.16500161616
4.55224200833
4.88851908076
5.18530204747
5.44969230747
5.68640804764
5.89882342397
6.08951958882
6.26058214965
6.41376586363
6.55058907326
6.67239041153
6.78036482846
6.8755879623
6.95903369016
7.03158749335
7.09405710724
7.14718130148
7.19163729698
7.22804713825
7.25698323236
7.27897320293
7.29450416888
7.30402653252
7.30795734473
7.30668330293
7.30056342825
7.28993146139
7.27509801103
7.25635248383
7.23396482141
7.20818706628
7.17925477589
7.1473883018
7.11279394852
7.07566502524
7.03618280177
6.99451737884
6.95082848162
6.90526618455
6.85797157423
6.80907735672
6.75870841481
6.70698232004
6.65400980392
6.59989519223
6.54473680584
6.48862733121
6.43165416329
6.37389972337
6.31544175401
6.25635359315
6.19670442918
6.1365595385
6.07598050717
6.01502543781
5.95374914309
5.89220332677
5.83043675327
5.76849540676
5.70642264044
5.64425931677
5.5820439394
5.51981277729
5.45759998158
5.39543769586
5.33335616009
5.27138380871
5.20954736339
5.14787192055
5.0863810343
5.02509679478
4.96403990241
4.90322973818
4.84268443032
4.78242091744
4.72245500844
4.66280143942
4.60347392759
4.54448522258
4.48584715509
4.42757068312
4.36966593601
4.31214225617
4.25500823886
4.19827176999
4.1419400621
4.08601968855
4.03051661615
3.97543623613
3.92078339366
3.86656244754
3.81277717509
3.75943097366
3.70652677231
3.65406708182
3.60205401676
3.55048931649
3.49937436514
3.44871021071
3.39849758324
3.3487369121
3.29942834249
3.2505717512
3.20216676156
3.15421275771
3.10670889824
3.05965412913
3.01304719614
2.96688665652
2.9211708903
2.87589811094
2.83106637552
2.78667359442
2.74271754061
2.6991958584
2.65610607184
2.6134455927
2.5712117281
2.52940168769
2.48801259055
2.44704147178
2.40648528872
2.36634092683
2.32660520544
2.287274883
2.24834666228
2.20981719518
2.17168308731
2.13394090245
2.09658716664
2.05961837216
2.0230309813
1.9868214299
1.95098613071
1.91552147664
1.88042384377
1.84568959423
1.81131507895
1.7772966402
1.74363061407
1.71031333278
1.67734112684
1.64471032717
1.61241726697
1.58045828365
1.54882972051
1.51752792837
1.48654926718
1.45589010739
1.42554683137
1.39551583467
1.36579352722
1.33637633447
1.30726069844
1.27844307871
1.24991995334
1.22168781973
1.19374319543
1.16608261887
1.13870265006
1.11159987123
1.08477088743
1.05821232705
1.03192084235
1.00589310991
0.980125831017
0.9546157321
0.929359565036
0.904354107472
0.879596163104
0.855082561918
0.830810160413
0.806775841786
0.782976516096
0.759409120401
0.73607061887
0.712958002876
0.690068291062
0.667398529393
0.644945791183
0.622707177108
0.600679815198
0.578860860819
0.55724749663
-464.873365331
-337.795543202
-245.968745913
-160.123677349
-95.8287141976
-54.1626766734
-29.1230445014
-14.9603395938
-7.11373072779
-2.72420426486
-0.181046790545
1.37894595865
2.40845007042
3.1433832273
3.70713703309
4.16500161616
4.55224200833
4.88851908076
5.18530204747
5.44969230747
5.68640804764
5.89882342397
6.08951958882
6.26058214965
6.41376586363
6.55058907326
6.67239041153
6.78036482846
6.8755879623
6.95903369016
7.03158749335
7.09405710724
7.14718130148
7.19163729698
7.22804713825
7.25698323236
7.27897320293
7.29450416888
7.30402653252
7.30795734473
7.30668330293
7.30056342825
7.28993146139
7.27509801103
7.25635248383
7.23396482141
7.20818706628
7.17925477589
7.1473883018
7.11279394852
7.07566502524
7.03618280177
6.99451737884
6.95082848162
6.90526618455
6.85797157423
6.80907735672
6.75870841481
6.70698232004
6.65400980392
6.59989519223
6.54473680584
6.48862733121
6.43165416329
6.37389972337
6.31544175401
6.25635359315
6.19670442918
6.1365595385
6.07598050717
6.01502543781
5.95374914309
5.89220332677
5.83043675327
5.76849540676
5.70642264044
5.64425931677
5.5820439394
5.51981277729
5.45759998158
5.39543769586
5.33335616009
5.27138380871
5.20954736339
5.14787192055
5.0863810343
5.02509679478
4.96403990241
4.90322973818
4.84268443032
4.78242091744
4.72245500844
4.66280143942
4.60347392759
4.54448522258
4.48584715509
4.42757068312
4.36966593601
4.31214225617
4.25500823886
4.19827176999
4.1419400621
4.08601968855
4.03051661615
3.97543623613
3.92078339366
3.86656244754
3.81277717509
3.75943097366
3.70652677231
3.65406708182
3.60205401676
3.55048931649
3.49937436514
3.44871021071
3.39849758324
3.3487369121
3.29942834249
3.2505717512
3.20216676156
3.15421275771
3.10670889824
3.05965412913
3.01304719614
2.96688665652
2.9211708903
2.87589811094
2.83106637552
2.78667359442
2.74271754061
2.6991958584
2.65610607184
2.6134455927
2.5712117281
2.52940168769
2.48801259055
2.44704147178
2.40648528872
2.36634092683
2.32660520544
2.287274883
2.24834666228
2.20981719518
2.17168308731
2.13394090245
2.09658716664
2.05961837216
2.0230309813
1.9868214299
1.95098613071
1.91552147664
1.88042384377
1.84568959423
1.81131507895
1.7772966402
1.74363061407
1.71031333278
1.67734112684
1.64471032717
1.61241726697
1.58045828365
1.54882972051
1.51752792837
1.48654926718
1.45589010739
1.42554683137
1.39551583467
1.36579352722
1.33637633447
1.30726069844
1.27844307871
1.24991995334
1.22168781973
1.19374319543
1.16608261887
1.13870265006
1.11159987123
1.08477088743
1.05821232705
1.03192084235
1.00589310991
0.980125831017
0.9546157321
0.929359565036
0.904354107472
0.879596163104
0.855082561918
0.830810160413
0.806775841786
0.782976516096
0.759409120401
0.73607061887
0.712958002876
0.690068291062
0.667398529393
0.644945791183
0.622707177108
0.600679815198
0.578860860819
0.55724749663
