480886.0407
257114.009399
256570.712179
256027.966858
255485.930554
254944.6899
254404.297663
253864.791428
253326.201548
252788.554489
252251.874261
251716.183042
251181.50147
250647.848803
250115.243012
249583.700847
249053.237903
248523.868668
247995.606576
247468.464048
246942.452547
246417.582613
245893.863909
245371.305265
244849.914708
244329.69951
243810.666217
243292.820685
242776.168117
242260.71309
241746.459589
241233.411035
240721.570313
240210.9398
239701.521386
239193.316507
238686.326159
238180.550926
237675.990998
237172.646194
236670.515977
236169.599475
235669.895497
235171.40255
234674.118853
234178.042349
233683.170726
233189.501423
232697.031642
232205.758366
231715.678361
231226.788192
230739.08423
230252.562661
229767.219494
229283.05057
228800.051564
228318.218
227837.54525
227358.028541
226879.662963
226402.443472
225926.3647
225451.421746
224977.608979
224504.92086
224033.351732
223562.895827
223093.547267
222625.300064
222158.148126
221692.085256
221227.105155
220763.201424
220300.367562
219838.596974
219377.882964
218918.218741
218459.597419
218002.012017
217545.455459
217089.920578
216635.400112
216181.886707
215729.372917
215277.851204
214827.313942
214377.753409
213929.161798
213481.53121
213034.853654
212589.121055
212144.325247
211700.457975
211257.510901
210815.475596
210374.343548
209934.10616
209494.754749
209056.280551
208618.67472
208181.928329
207746.03237
207310.977759
206876.755333
206443.355857
206010.77002
205578.98844
205148.001667
204717.80018
204288.374396
203859.714667
203431.811284
203004.654483
202578.23444
202152.541283
201727.565087
201303.295882
200879.723656
200456.838355
200034.629892
199613.088143
199192.20296
198771.964168
198352.360729
197933.38366
197515.022578
197097.267125
196680.107011
196263.531982
195847.531803
195432.096259
195017.215153
194602.878312
194189.075592
193775.796884
193363.032114
192950.771259
192539.004342
192127.721445
191716.912713
191306.568361
190896.678677
190487.234033
190078.224889
189669.641798
189261.475416
188853.716507
188446.355949
188039.384739
187632.794007
187226.575013
186820.719162
186415.218005
186010.063251
185605.246768
185200.760595
184796.596948
184392.748222
183989.207004
183585.966078
183183.018428
182780.357249
182377.976488
181975.869079
181574.02886
181172.450035
180771.12699
180370.05433
179969.226905
179568.639816
179168.288431
178768.168385
178368.27559
177968.606239
177569.15681
177169.924074
176770.905097
176372.097246
175973.498193
175575.105917
175176.918713
174778.935188
174381.154274
173983.57522
173586.197605
173189.021335
172792.046646
172395.274108
171998.704624
171602.339434
171206.180117
170810.228587
170414.487099
170018.958248
169623.644965
169228.550524
168833.678536
168439.032949
168044.618048
