0.0267193025635
0.0348188587781
0.0433771090818
0.0505119848414
0.0556994456317
0.0590144227837
0.0609566633965
0.0620554746322
0.062682164496
0.0630563709502
0.0632980328175
0.0634702407935
0.063605653555
0.0637210977642
0.0638252619676
0.0639226664797
0.0640156943967
0.0641056283893
0.0641931805851
0.0642787642551
0.0643626337867
0.0644449572669
0.0645258544479
0.0646054168436
0.0646837185448
0.0647608221773
0.0648367822925
0.0649116473817
0.0649854611392
0.065058263304
0.0651300902582
0.0652009754757
0.065270949877
0.0653400421194
0.0654082788409
0.0654756848681
0.0655422833978
0.0656080961544
0.0656731435297
0.0657374447053
0.0658010177622
0.0658638797774
0.0659260469111
0.0659875344836
0.0660483570446
0.066108528436
0.066168061847
0.066226969865
0.0662852645206
0.0663429573289
0.0664000593262
0.0664565811041
0.0665125328394
0.0665679243224
0.0666227649818
0.0666770639076
0.0667308298727
0.0667840713515
0.0668367965379
0.0668890133614
0.0669407295021
0.066991952404
0.0670426892884
0.0670929471648
0.0671427328421
0.0671920529388
0.0672409138917
0.0672893219654
0.0673372832594
0.0673848037165
0.0674318891291
0.0674785451464
0.0675247772798
0.0675705909095
0.0676159912891
0.0676609835515
0.0677055727128
0.0677497636777
0.067793561243
0.0678369701022
0.0678799948491
0.0679226399811
0.0679649099033
0.0680068089311
0.0680483412935
0.0680895111362
0.0681303225242
0.0681707794445
0.0682108858087
0.0682506454552
0.0682900621518
0.0683291395978
0.0683678814258
0.0684062912043
0.0684443724391
0.0684821285754
0.0685195629995
0.0685566790407
0.0685934799725
0.0686299690145
0.0686661493338
0.0687020240466
0.0687375962192
0.0687728688699
0.0688078449696
0.0688425274436
0.0688769191727
0.068911022994
0.0689448417024
0.0689783780515
0.0690116347547
0.0690446144859
0.0690773198809
0.069109753538
0.0691419180193
0.0691738158509
0.0692054495242
0.0692368214968
0.0692679341928
0.0692987900042
0.0693293912909
0.0693597403821
0.0693898395765
0.0694196911431
0.069449297322
0.0694786603247
0.069507782335
0.0695366655095
0.069565311978
0.0695937238444
0.0696219031868
0.0696498520582
0.0696775724873
0.0697050664784
0.0697323360123
0.0697593830467
0.0697862095165
0.0698128173343
0.0698392083908
0.0698653845553
0.069891347676
0.0699170995803
0.0699426420756
0.069967976949
0.0699931059681
0.0700180308813
0.0700427534179
0.0700672752889
0.0700915981868
0.0701157237861
0.0701396537436
0.0701633896989
0.0701869332744
0.0702102860754
0.0702334496911
0.0702564256942
0.0702792156411
0.0703018210728
0.0703242435146
0.0703464844763
0.070368545453
0.0703904279246
0.0704121333565
0.0704336631997
0.0704550188909
0.0704762018529
0.0704972134945
0.0705180552112
0.0705387283848
0.0705592343839
0.0705795745642
0.0705997502683
0.0706197628264
0.0706396135558
0.0706593037618
0.0706788347372
0.0706982077629
0.0707174241078
0.0707364850293
0.0707553917729
0.070774145573
0.0707927476523
0.0708111992227
0.0708295014849
0.0708476556287
0.0708656628333
0.070883524267
0.0709012410879
0.0709188144435
0.0709362454711
0.070953535298
0.0709706850414
0.0709876958084
0.0710045686966
0.0710213047937
0.0710379051781
0.0710543709183
0.0710707030739
0.071086902695
0.0711029708225
