3.69287628768
3.65921555339
3.62631941225
3.59404242059
3.56240019181
3.53141028414
3.50108709322
3.471441221
3.44247971165
3.41420643084
3.38662244441
3.35972636927
3.33351469232
3.30798205861
3.28312153117
3.2589248212
3.2353824982
3.21248417423
3.19021866868
3.16857415429
3.14753828639
3.12709832002
3.10724120024
3.08795365785
3.06922229169
3.05103362616
3.03337417298
3.01623048158
2.99958918262
2.98343702528
2.96776090896
2.95254791017
2.93778530508
2.92346058824
2.90956148791
2.89607597849
2.88299229027
2.87029891691
2.857984621
2.84603843775
2.83444967722
2.82320792527
2.8123030433
2.80172516703
2.79146470443
2.78151233301
2.77185899633
2.76249590018
2.75341450821
2.74460653727
2.73606395242
2.72777896175
2.71974401101
2.71195177808
2.7043951674
2.6970673043
2.68996152927
2.68307139234
2.67639064731
2.6699132462
2.66363333355
2.657545241
2.65164348177
2.6459227453
2.640377892
2.63500394807
2.62979610046
2.62474969185
2.61986021591
2.61512331247
2.61053476299
2.60609048605
2.60178653295
2.59761908349
2.59358444184
2.5896790325
2.58589939639
2.58224218709
2.57870416714
2.57528220449
2.57197326902
2.56877442921
2.56568284887
2.56269578401
2.55981057977
2.5570246675
2.55433556186
2.55174085807
2.54923822927
2.54682542384
2.544500263
2.54226063829
2.54010450928
2.53802990128
2.53603490315
2.53411766518
2.53227639703
2.53050936574
2.52881489383
2.52719135745
2.52563718454
2.52415085316
2.52273088977
2.52137586762
2.52008440521
2.51885516473
2.51768685064
2.51657820825
2.51552802232
2.5145351158
2.51359834848
2.51271661583
2.51188884777
2.51111400751
2.51039109047
2.50971912317
2.50909716224
2.50852429334
2.50799963027
2.50752231398
2.50709151169
2.50670641601
2.50636624405
2.5060702367
2.50581765775
2.50560779315
2.50543995029
2.50531345732
2.50522766237
2.50518193291
2.50517565517
2.50520823346
2.50527908959
2.5053876623
2.50553340667
2.5057157936
2.50593430926
2.50618845465
2.506477745
2.50680170941
2.50715989032
2.5075518431
2.50797713561
2.50843534779
2.50892607127
2.50944890896
2.51000347474
2.510589393
2.5112062984
2.51185383538
2.51253165806
2.51323942979
2.51397682281
2.51474351805
2.51553920477
2.51636358032
2.51721634991
2.51809722628
2.51900592951
2.51994218677
2.52090573207
2.52189630606
2.5229136558
2.52395753454
2.52502770156
2.52612392193
2.52724596634
2.52839361095
2.52956663714
2.5307648314
2.53198798516
2.5332358946
2.53450836053
2.53580518822
2.53712618728
2.53847117148
2.53983995867
2.54123237058
2.54264823279
2.54408737452
2.54554962856
2.54703483114
2.54854282184
2.55007344344
2.55162654188
2.55320196612
2.55479956804
2.55641920238
2.55806072662
2.55972400091
2.56140888799
2.56311525307
2.56484296382
2.56659189025
2.56836190462
2.57015288141
2.57196469725
2.57379723082
2.57565036281
2.57752397586
