0.00438728504939
0.00433123356793
0.00427861872297
0.00422918411337
0.00418270274067
0.00413896960107
0.00409779867037
0.00405902069906
0.00402248134927
0.00398803958037
0.00395556624092
0.00392494283645
0.00389606044778
0.00386881877875
0.00384312531575
0.0038188945838
0.00379604748663
0.00377451071979
0.0037542162475
0.00373510083539
0.00371710563214
0.00370017579427
0.00368426014885
0.00366931088991
0.00365528330442
0.00364213552478
0.00362982830475
0.00361832481628
0.00360759046501
0.00359759272255
0.00358830097361
0.00357968637665
0.00357172173659
0.00356438138839
0.00355764109046
0.00355147792695
0.00354587021799
0.00354079743731
0.00353624013639
0.00353217987457
0.0035285991547
0.00352548136371
0.00352281071768
0.00352057220959
0.0035187515688
0.00351733520727
0.0035163101865
0.00351566417813
0.00351538542925
0.0035154627301
0.00351588538403
0.00351664317955
0.00351772636437
0.00351912562112
0.00352083204476
0.00352283712151
0.00352513270918
0.00352771101878
0.00353056459737
0.00353368631201
0.00353706933477
0.00354070712865
0.00354459343448
0.00354872225859
0.00355308786133
0.00355768474621
0.00356250764983
0.00356755153237
0.00357281156871
0.00357828313823
0.00358396182623
0.00358984339802
0.00359592381067
0.00360219919717
0.00360866586223
0.00361532027659
0.00362215907164
0.00362917903441
0.00363637710279
0.00364375036114
0.0036512960361
0.00365901149261
0.0036668942303
0.00367494187996
0.00368315220025
0.00369152307471
0.00370005250877
0.00370873862707
0.00371757967087
0.0037265739956
0.00373572006861
0.00374501646695
0.00375446187534
0.00376405508419
0.00377379498779
0.00378368058246
0.00379371096497
0.00380388533081
0.00381420297271
0.00382466327913
0.00383526573276
0.00384600990918
0.00385689547543
0.00386792218866
0.00387908989485
0.00389039852743
0.00390184810599
0.00391343873496
0.00392517060226
0.00393704397802
0.00394905921312
0.00396121673787
0.00397351706054
0.00398596076586
0.00399854851353
0.00401128103661
0.00402415913984
0.00403718369792
0.00405035565371
0.00406367601632
0.00407714585909
0.0040907663175
0.00410453858695
0.00411846392044
0.00413254362608
0.00414677906451
0.00416117164616
0.00417572282835
0.00419043411224
0.00420530703964
0.00422034318959
0.00423554417483
0.00425091163802
0.0042665858084
0.00428242623091
0.00428890463011
0.004296147019
0.00430413356997
0.0043128465654
0.00432226855255
0.0043323821891
0.00434317026492
0.00435461573296
0.00436670173199
0.00437941160075
0.00439272888516
0.0044066373398
0.00442112092525
0.00443616380224
0.00445175032363
0.00446786502506
0.00448449261482
0.00450161796361
0.00451922609455
0.004537302174
0.00455583150324
0.00457479951166
0.00459419175146
0.00461399389422
0.00463419172958
0.00465477116626
0.00467571823561
0.00469701909798
0.00471866005217
0.00474062754825
0.00476290080386
0.00478545001191
0.00480826357733
0.00483133008249
0.00485463832639
0.00487817736923
0.00490193658335
0.00492590571165
0.00495007493491
0.00497443494944
0.00499897705686
0.00502369326794
0.00504857642331
0.00507362033409
0.00509881994657
0.005124171536
0.00514967293588
0.00517532381106
0.00520112598519
0.00522708383638
0.00525320477909
0.00527949985641
0.00530598447502
0.00533267932681
0.0053596115578
0.00538681626977
0.00541433847606
0.00544223568911
0.00547058140432
0.00549946988574
0.00552902289425
0.00555939940774
0.00559081012927
0.00562354002174
0.00565798510562
