5240602.86261
749061.894651
746531.560097
744076.178747
741712.711744
739440.287452
737254.670084
735151.140138
733125.0669
731172.020852
729287.793707
727468.399308
725710.070047
724009.251788
722362.553828
720766.918025
719219.349965
717717.084866
716257.536851
714838.290868
713457.094499
712111.804781
710800.560278
709521.543005
708272.983309
707053.360866
705861.226454
704695.237156
703554.149184
702436.810984
701342.156658
700269.19974
699217.027308
698184.794444
697171.719044
696177.076951
695200.19742
694240.458896
693297.28509
692370.141343
691458.531258
690561.993593
689680.099385
688812.449309
687958.671243
687118.418025
686291.365396
685477.210114
684675.668218
683886.47344
683109.375748
682344.140013
681590.544789
680848.381191
680117.451878
679397.570114
678688.558913
677990.250257
677302.484379
676625.109109
675957.979277
675300.956164
674653.907
674016.704512
673389.226498
672771.355448
672162.978191
671563.985578
670974.272182
670393.736033
669822.27837
669259.803415
668706.218164
668161.432201
667625.357518
667097.908359
666579.00107
666068.553966
665566.487205
665072.722674
664587.183882
664109.795869
663640.485106
663179.179425
662725.807931
662280.300942
661842.589914
661412.607392
660990.286945
660575.563119
660168.371389
659768.648113
659376.330494
658991.35654
658613.665028
658243.195471
657879.88809
657523.683783
657174.524099
656832.351213
656497.107903
656168.737529
655847.184011
655532.391813
655224.305923
654922.871835
654628.035539
654339.743501
654057.94265
653782.580369
653513.604478
653250.963228
652994.605286
652744.479725
652500.536018
652262.724027
652030.993995
651805.296538
651585.582637
651371.803633
651163.911219
650961.857434
650765.594657
650575.075603
650390.253315
650211.081162
650037.512834
649869.715257
649707.207635
649550.166573
649398.547284
649252.305
649111.395251
648975.773861
648845.396947
648720.220916
648600.202461
648485.298561
648375.466478
648270.663755
648170.848213
648075.977951
647986.011342
647900.907035
647820.623951
647745.121282
647674.358489
647608.295304
647546.891725
647490.089087
647437.893832
647390.239709
647347.087781
647308.399373
647274.136072
647244.259729
647218.732455
647197.516623
647180.574868
647167.870084
647159.365426
647155.024307
647154.810402
647158.687644
647166.620224
647178.572593
647194.50946
647214.395792
647238.196815
647265.878013
647297.405126
647332.744154
647371.861354
647414.723239
647461.296581
647511.54841
647565.446011
647622.956928
647684.04896
647748.690166
647816.84886
647888.493611
647963.593248
648042.116854
648124.03377
648209.313593
648297.926174
648389.841623
648485.030303
648583.462836
648685.110096
648789.943213
648897.933574
649009.052818
649123.27284
649240.56579
649360.904069
649484.260335
649610.607497
649739.918718
