9.49793547657
9.49677358733
9.49595203993
9.49521635262
9.49451336402
9.49382260766
9.49313555013
9.49244861051
9.49176028707
9.49106995184
9.490377344
9.48968235701
9.48898494917
9.48828510602
9.48758282454
9.48687810654
9.48617095584
9.48546137713
9.48474937544
9.48403495598
9.48331812402
9.48259888488
9.48187724389
9.48115320638
9.48042677774
9.47969796334
9.47896676856
9.47823319881
9.47749725951
9.4767589561
9.47601829403
9.47527527878
9.47452991581
9.47378221065
9.47303216882
9.47227979584
9.4715250973
9.47076807876
9.47000874583
9.46924710414
9.46848315932
9.46771691703
9.46694838298
9.46617756286
9.4654044624
9.46462908737
9.46385144354
9.46307153671
9.46228937271
9.46150495739
9.46071829662
9.4599293963
9.45913826236
9.45834490075
9.45754931745
9.45675151845
9.45595150978
9.4551492975
9.45434488769
9.45353828646
9.45272949994
9.45191853429
9.45110539571
9.4502900904
9.44947262462
9.44865300464
9.44783123675
9.44700732729
9.44618128261
9.4453531091
9.44452281317
9.44369040127
9.44285587986
9.44201925545
9.44118053457
9.44033972377
9.43949682965
9.43865185883
9.43780481794
9.43695571366
9.43610455272
9.43525134182
9.43439608776
9.43353879731
9.43267947395
9.43181812989
9.43095477079
9.43008940313
9.42922203366
9.42835266927
9.42748131694
9.42660798369
9.42573267657
9.42485540268
9.42397616915
9.42309498313
9.42221185181
9.42132678241
9.42043978217
9.41955085838
9.41866035204
9.41776773811
9.41687314486
9.41597662479
9.4150782042
9.4141778985
9.41327571855
9.41237167329
9.41146577086
9.41055801911
9.40964842573
9.40873699842
9.40782374485
9.40690867272
9.40599178977
9.40507310373
9.4041526224
9.40323035357
9.40230630509
9.40138048481
9.40045290064
9.39952356049
9.3985924723
9.39765930231
9.39672460352
9.39578826036
9.39485023478
9.39391051555
9.39296910259
9.39202600055
9.39108121612
9.39013475686
9.38918663072
9.38823684583
9.38728541039
9.38633233267
9.38537762098
9.38442128363
9.383463329
9.38250376545
9.38154260139
9.38057984525
9.37961550547
9.37864959052
9.37768210888
9.37671306908
9.37574247963
9.3747703491
9.37379668604
9.37282149906
9.37184479674
9.37086658773
9.36988688066
9.36890568419
9.367923007
9.36693885778
9.36595324523
9.36496617809
9.36397766507
9.36298771495
9.36199633647
9.36100353841
9.36000932956
9.35901371873
9.35801671471
9.35701832633
9.35601856242
9.35501743182
9.35401494337
9.35301110593
9.35200592835
9.35099941951
9.34999158827
9.34898244351
9.34797199411
9.34696024897
9.34594721695
9.34493290695
9.34391732787
9.34290048858
9.34188239798
9.34086306496
9.3398424984
9.33882070718
9.33779770019
9.3367734863
9.33574807437
9.33472147328
9.33369369188
9.33266473902
9.33163462355
9.33060335428
9.32957094006
9.32853738968
9.32750271194
9.32646691565
9.32543000956
9.32439200244
9.32335290303
9.32231272007
