9.8529e-05
0.000177992882325
0.000177434442672
0.000176904199186
0.00017640099374
0.000175923686878
0.000175471195267
0.000175042494047
0.000174636607696
0.000174252615103
0.000173889640396
0.000173546851282
0.000173223456184
0.000172918701603
0.000172631869685
0.000172362275981
0.000172109267365
0.000171872220121
0.000171650538166
0.000171443651406
0.000171251014206
0.000171072103979
0.00017090641987
0.000170753481534
0.000170612827999
0.000170484016609
0.000170366622043
0.000170260235394
0.000170164463317
0.000170078927232
0.000170003262585
0.000169937118147
0.000169880155375
0.000169832047808
0.0001697924805
0.000169761149497
0.000169737761348
0.000169722032642
0.000169713689588
0.00016971246761
0.000169718110978
0.000169730372461
0.000169749013006
0.000169773801432
0.000169804514154
0.000169840934922
0.000169882854577
0.000169930070829
0.000169982388043
0.000170039617052
0.000170101574975
0.000170168085051
0.000170238976487
0.000170314084317
0.000170393249273
0.000170476317667
0.000170563141277
0.000170653577252
0.000170747488022
0.000170844741206
0.000170945209545
0.000171048770829
0.000171155307832
0.00017126470826
0.000171376864694
0.000171491674546
0.000171609040013
0.000171728868043
0.00017185107029
0.000171975563091
0.000172102267427
0.000172231108895
0.000172362017684
0.000172494928542
0.000172629780752
0.000172766518107
0.000172905088875
0.000173045445779
0.000173187545959
0.000173331350948
0.000173476826627
0.000173623943198
0.000173772675136
0.000173923001148
0.000174074904125
0.000174228371087
0.000174383393126
0.000174539965345
0.000174698086788
0.000174857760364
0.00017501899277
0.000175181794401
0.000175346179259
0.000175512164848
0.000175679772069
0.000175849025103
0.000176019951291
0.000176192580997
0.000176366948402
0.000176543087702
0.000176721038345
0.000176900841334
0.000177082539926
0.000177266179453
0.000177451807137
0.000177639471898
0.000177829224152
0.000178021115608
0.00017821519905
0.000178411528123
0.000178610157105
0.000178811140682
0.000179014533707
0.00017922039097
0.000179428766954
0.000179639715591
0.000179853290019
0.000180069542337
0.000180288523356
0.000180510282359
0.000180734866856
0.000180962322343
0.000181192692067
0.000181426016796
0.000181662334587
0.000181901680574
0.00018214408675
0.000182389581769
0.000182638190747
0.000182889935081
0.000183144832278
0.000183402895793
0.000183664134885
0.000185587114577
0.000185863957864
0.000193551624337
0.000196633318622
0.000199615333672
0.000202519347453
0.000205361734695
0.000208155093891
0.000210909257101
0.000213631984681
0.000216329455812
0.000219006622443
0.000221667469662
0.000224315210607
0.000226952434736
0.000229581222276
0.000232203233776
0.000234819781049
0.000237431884038
0.000240040316867
0.000242645645524
0.000245248258957
0.000247848394959
0.000250446161862
0.000253041556844
0.000255634481458
0.000258224754861
0.000260798076294
0.000263319403161
0.000265833264083
0.000268339269262
0.000270836978669
0.000273325943351
0.000275805653534
0.000278275577906
0.00028073515736
0.000283183806516
0.000285620914469
0.000288045844692
0.000290457934033
0.000292856490737
0.000295240791382
0.000297610076573
0.000299963545204
0.000302300347041
0.000304619573272
0.000306920244625
0.000309201296464
0.000311461560155
0.000313699739718
0.000315914381324
0.000318103842275
0.000320266232099
0.000322399364454
0.00032450067375
0.000326567115568
0.000328595034072
0.000330579985448
0.000332516499623
0.000334397753838
0.000336215117882
0.000337957508327
0.000339610451428
0.000341154688693
0.00034256404029
0.000343802015457
0.000344816204208
