-0.907071459718
3.82647169467
3.8683825143
3.9082126676
3.94561527278
3.98040698313
4.01252665227
4.04200283661
4.06892808252
4.09343882432
4.1157023006
4.13589982675
4.15420368065
4.17082584045
4.1859428018
4.19973251739
4.21236325641
4.22399219676
4.23476467019
4.24481389459
4.25426106358
4.26321569126
4.27123089371
4.28013127413
4.28813949138
4.29599121577
4.30374666521
4.31145836888
4.31917202285
4.32692715204
4.33475772896
4.34269275094
4.35075677447
4.35897040624
4.36735075198
4.3759118245
4.384664913
4.3936189161
4.40278064101
4.4121550715
4.42174560713
4.43155427636
4.44158192583
4.45182838814
4.46229263018
4.472972884
4.48386676205
4.49497135838
4.50628333741
4.51779901152
4.52951440879
4.541425332
4.55352740984
4.56581613282
4.57828698753
4.59093525327
4.60375624927
4.61674528872
4.62989769937
4.64315472757
4.65668463566
4.67039028926
4.68403466848
4.69793792252
4.71197721016
4.72614836171
4.74044731821
4.7548701069
4.76941284446
4.78407173999
4.79884309715
4.81372331553
4.82870889128
4.84379641724
4.8589825826
4.87426417214
4.88963806518
4.90510123428
4.92065074369
4.93628374767
4.95199748861
4.96778870335
4.98364392725
4.99958532184
5.01559706156
5.03167683314
5.04782239503
5.06403157421
5.08030226484
5.09663242696
5.11302008504
5.12946332645
5.14596029985
5.16250921363
5.17910833423
5.19575598452
5.21245054218
5.22919043803
5.24597415447
5.26280022386
-0.808137823407
-0.810119533839
-0.811975823436
-0.813713599202
-0.815339230582
-0.816858646651
-0.818277383697
-0.819600624679
-0.820833233065
-0.821979781999
-0.823044579574
-0.824031690836
-0.824944957043
-0.825788012597
-0.826564300044
-0.827277083396
-0.827929460042
-0.828524371457
-0.829064612875
-0.829552842069
-0.829991587352
-0.830383254917
-0.83073013558
-0.831034411009
-0.831298159498
-0.83152336133
-0.831711903786
-0.83186558582
-0.831986122449
-0.832075148868
-0.832134224332
-0.832164835809
-0.832168401435
-0.832146273772
-0.832099742908
-0.832030039379
-0.831938336948
-0.831825755246
-0.831693362277
-0.8315421768
-0.831373170594
-0.831187270621
-0.830985361073
-0.830768285331
-0.83053684783
-0.830291815833
-0.830033921125
-0.829763861628
-0.82948230294
-0.829189879803
-0.828887197506
-0.82857483322
-0.828253337271
-0.827923234365
-0.82758502474
-0.827239185281
-0.826886170578
-0.826526413931
-0.826160328322
-0.82578830733
-0.825410726011
-0.82502794174
-0.824640295008
-0.82424811019
-0.823851696275
-0.823451347562
-0.82304734433
-0.822639953469
-0.822229429088
-0.821816013099
-0.821399935766
-0.820981416239
-0.820560663052
-0.820137874611
-0.819713239653
-0.819286937685
-0.818859139403
-0.818430007098
-0.817999695031
-0.817568349807
-0.817136110717
-0.816703110079
-0.81626947355
-0.815835320433
-0.815400763969
-0.81496591161
-0.81453086529
-0.814095721674
-0.813660572399
-0.813225504306
-0.812790599665
-0.812355936375
-0.811921588175
-0.81148762483
-0.811054112319
-0.810621113003
-0.8101886858
-0.80975688634
-0.809325767117
