100.939342565
137.9797108
138.020129456
138.057891974
138.093224076
138.126200268
138.156874631
138.185296241
138.211511205
138.235563099
138.257493187
138.277340606
138.295142527
138.310934295
138.324749566
138.336620413
138.34657744
138.354649868
138.360865627
138.365251427
138.367832829
138.368634305
138.367679298
138.364990268
138.360588739
138.354495338
138.346729834
138.337311169
138.326257487
138.31358616
138.299313812
138.283456338
138.266028925
138.247046065
138.22652157
138.204468584
138.180899596
138.155825675
138.129259715
138.101211353
138.071690526
138.040706545
138.008268102
137.974383268
137.939059499
137.902303634
137.8641219
137.824519905
137.783502645
137.741074499
137.69723923
137.651999983
137.605359283
137.557319037
137.507880528
137.457044419
137.404810746
137.351178923
137.296147736
137.23971535
137.181879299
137.122636496
137.061983229
136.999915166
136.936427352
136.871514219
136.805169587
136.737386669
136.668158076
136.597475827
136.525331357
136.451715523
136.376618622
136.300030396
136.221940052
136.142336275
136.061207247
135.978540667
135.89432377
135.808543353
135.721185802
135.632237117
135.541682944
135.449508609
135.355699154
135.260239374
135.163113858
135.064307034
134.963803217
134.861586658
134.757641597
134.651952318
134.544503214
134.435278841
134.324263993
134.211443765
134.096803627
133.980329501
133.862007836
133.741825695
133.619770834
133.495831795
133.369997988
133.242259793
133.112608645
132.98103714
132.847539125
132.712109802
132.574745827
132.435445412
132.294208425
132.151036495
132.005933108
131.858903706
131.709955789
131.559099006
131.40634525
131.251708741
131.095206119
130.936856513
130.776681624
130.614705787
130.450956032
130.285462137
130.118256675
129.949375045
129.7788555
129.606739165
129.433070036
129.257894979
129.081263707
128.903218672
128.723835287
131.114400902
130.916696779
126.932495242
120.405876878
114.701376703
109.655013192
105.145299293
101.080172191
97.3884626472
94.0026159152
90.8877128057
88.0097475587
85.3389597223
82.8506821053
80.5242652965
78.3422683667
76.2898401638
74.3542405588
72.5244657417
70.7909518678
69.1453384034
67.5802774528
66.0892788625
64.6665834197
63.3070583066
62.0061103281
60.7596134394
59.5638478606
58.4154486429
57.3113619907
56.2488079849
55.2252486196
54.2383602674
53.2860098579
52.366234177
51.4772218036
50.6172972803
49.7849071806
48.9786077922
48.1970541744
47.4389903887
46.7032407237
45.9887017628
45.2943351568
44.61916098
43.9622515541
43.3227256304
42.6997428234
42.0924981797
41.5002167634
40.9221481145
40.3575604184
39.8057341787
39.2659551325
38.7375060638
38.2196570455
37.7116534657
37.2127009193
36.7219456386
36.2384484949
35.7611495831
35.2888187255
34.8199843984
34.3528285932
33.8850259571
33.4134877984
