2.75789464314
2.81697023328
2.87685837297
2.93756334334
2.99908916346
3.06143959113
3.12461810825
3.18862790333
3.25347185307
3.3191525033
3.38567204955
3.45303231736
3.52123474243
3.59028035081
3.66016973931
3.73090305607
3.80247998176
3.87489971116
3.94816093547
4.02226182551
4.09720001561
4.1729725887
4.24957606234
4.32700637597
4.40525887948
4.48432832295
4.56420884794
4.64489398017
4.72637662366
4.80864905657
4.89170292848
4.97552925948
5.06011844079
5.14546023724
5.23154379135
5.31835762925
5.40588966833
5.49412722665
5.58305703415
5.6726652456
5.76293745531
5.85385871358
5.94541354487
6.03758596762
6.13035951573
6.22371726168
6.31764184113
6.41211547907
6.50712001735
6.60263694361
6.69864742146
6.79513232187
6.89207225567
6.98944760701
7.08723856779
7.18542517287
7.28398733592
7.38290488591
7.48215760397
7.58172526065
7.68158765333
7.78172464369
7.88211619519
7.98274241028
8.08358356736
8.18462015725
8.28583291915
8.38720287581
8.48871136808
8.59034008832
8.69207111297
8.79388693391
8.89577048865
8.99770518913
9.09967494931
9.20166421112
9.30365796905
9.40564179313
9.50760185034
9.60952492433
9.71139843359
9.81321044793
9.91494970327
10.0166056149
10.1181682888
10.2196285322
10.3209778614
10.4222085092
10.5233134298
10.6242863037
10.724847498
10.8244485131
10.9230776152
11.0207240639
11.1173781048
11.2130309587
11.3076748082
11.4013027818
11.4939089375
11.5854882432
11.6760365565
11.7655506027
11.8540279519
11.9414669948
12.0278669172
12.1132276747
12.1975499653
12.2808352029
12.3630854888
12.4443035845
12.5244928829
12.60365738
12.6818016468
12.7589308008
12.8350504777
12.9101668036
12.9842863678
13.0574161976
13.1295637204
13.2007367551
13.2709434743
13.3401923819
13.4084922891
13.47585229
13.5422817387
13.6077902264
13.6723875603
13.736083742
13.7988889474
13.8608135074
13.9218678889
13.982062677
14.0414085579
14.0999163022
14.1575967494
14.2144607931
14.2705193665
14.3257834294
14.380263955
14.4339719181
14.4869182838
14.5391139965
14.5905699702
14.6412970789
14.6913061476
14.7406079445
14.7892131727
14.8371324636
14.8843763702
14.9309553608
14.9768798132
15.0221600102
15.0668061342
15.1108282634
15.1542363674
15.1970403041
15.2392498164
15.2808745294
15.321923948
15.3624074545
15.4023343069
15.4417136374
15.480554451
15.5188656242
15.5566559044
15.5939339092
15.630708126
15.6669869116
15.7027784923
15.7380909639
15.772932292
15.8073103127
15.8412327323
15.874707129
15.9077409529
15.9403415272
15.9725160492
16.0042715913
16.0356151019
16.066553407
16.0970932115
16.1272411001
16.157003539
16.1863868774
16.2153973489
16.2440410728
16.2723240562
16.300252195
16.3278312758
16.3550669774
16.3819648729
16.4085304304
16.4347690157
16.4606858933
16.4862862284
16.5115750883
16.5365574443
16.5612381734
16.5856220599
16.6097137967
