0.985288
0.678999981049
0.678625727205
0.678262155806
0.6779081652
0.677563257734
0.677227038878
0.676899153136
0.676579273755
0.676267099247
0.675962351002
0.675664771239
0.675374121196
0.675090179514
0.674812740783
0.674541614246
0.674276622628
0.674017601082
0.673764396238
0.67351686534
0.673274875471
0.673038302843
0.672807032152
0.672580955999
0.672359974351
0.672143994058
0.671932928407
0.671726696717
0.671525223966
0.67132844045
0.671136281469
0.670948687043
0.670765601645
0.670586973958
0.670412756655
0.670242906189
0.670077382606
0.669916149372
0.669759173205
0.669606423937
0.669457874365
0.669313500137
0.669173279622
0.669037192886
0.668905225296
0.668777361869
0.66865359089
0.66853390291
0.668418290676
0.668306749059
0.668199274999
0.668095867445
0.667996527303
0.667901257389
0.667810062388
0.667722948808
0.667639924948
0.667561000863
0.667486188329
0.667415500824
0.667348953492
0.667286563125
0.667228348143
0.667174328568
0.667124526015
0.667078963668
0.66703766627
0.66700066011
0.666967973007
0.666939635307
0.666915674854
0.666896127015
0.666881024637
0.666870403058
0.666864299094
0.666862751035
0.666865798636
0.666873483111
0.666885847128
0.666902934801
0.666924791685
0.666951464767
0.66698300246
0.667019454597
0.667060872421
0.667107308573
0.667158817088
0.667215453381
0.667277274235
0.667344337787
0.667416703517
0.667494432228
0.667577586032
0.667666228327
0.667760423781
0.667860238301
0.667965739018
0.668076994249
0.668194073474
0.6683170473
0.668445987427
0.668580966608
0.668722058607
0.668869338158
0.66902288091
0.66918276338
0.669349062897
0.669521857538
0.669701226068
0.66988724787
0.67008000287
0.670279571463
0.670486034427
0.670699472838
0.670919967971
0.671147601209
0.671382453934
0.671624607418
0.671874142704
0.67213114049
0.672395680994
0.672667843822
0.672947707826
0.673235350954
0.673530850098
0.673834280929
0.674145717729
0.674465233214
0.674792898354
0.675128782179
0.675472951583
0.675825471121
0.676186402799
0.676333460315
0.676713196789
0.669367645224
0.670234739076
0.671098978801
0.671959714005
0.672817138913
0.673671733035
0.674524079028
0.675374779146
0.676224413314
0.677073518679
0.67792258089
0.67877203181
0.679622250725
0.680473567376
0.681326265861
0.682180588876
0.683036741994
0.683894897845
0.684755200103
0.68561776727
0.686482696267
0.687350065837
0.688219939798
0.689092370179
0.689967400275
0.690845067649
0.691725407137
0.692608453875
0.693494246408
0.694382829913
0.696234845317
0.700351344298
0.704490135929
0.708651139964
0.712834853831
0.717041761989
0.721272519907
0.725527985719
0.729809256539
0.734117710263
0.738455054069
0.742823381099
0.747225237218
0.751663700239
0.75614247467
0.7606660059
0.765239618949
0.769869688443
0.774563848662
0.779331255477
0.784182916137
0.789132108769
0.794194921926
0.799390956924
0.804744254176
0.810284532852
0.816048876925
0.822084070499
0.828449900091
0.835223936489
0.842508652982
0.850442371864
0.859216766885
0.8691062116
0.880520009278
