0.985288
0.681989736251
0.681576817293
0.681175563274
0.680784658836
0.680403488833
0.680031563794
0.679668443392
0.67931372344
0.678967031325
0.678628022849
0.678296379545
0.677971806316
0.677654029331
0.677342794157
0.677037864086
0.676739018641
0.676446052228
0.67615877293
0.675877001423
0.675600569983
0.675329321609
0.675063109206
0.674801794863
0.67454524918
0.674293350669
0.6740459852
0.673803045495
0.673564430668
0.673330045805
0.673099801572
0.672873613868
0.672651403491
0.672433095842
0.672218620646
0.672007911703
0.671800906647
0.671597546733
0.671397776636
0.671201544266
0.671008800596
0.670819499506
0.670633597634
0.670451054242
0.670271831088
0.67009589231
0.669923204321
0.669753735703
0.669587457116
0.669424340508
0.669264361856
0.669107496856
0.668953723676
0.668803022191
0.668655373916
0.668510761961
0.668369170967
0.668230587071
0.668094997853
0.667962392303
0.667832760774
0.667706094958
0.667582387847
0.667461633705
0.667343828042
0.66722896759
0.667117050279
0.667008075215
0.666902042665
0.666798954035
0.666698811859
0.666601619784
0.666507382554
0.666416106005
0.666327797051
0.666242463675
0.666160152933
0.666080761024
0.666004412842
0.665931082798
0.665860784092
0.665793531011
0.665729338885
0.66566822408
0.665610204003
0.665555297099
0.665503522851
0.665454901786
0.665409455474
0.665367206531
0.665328178624
0.66529239647
0.665259885846
0.665230673589
0.665204787601
0.665182256855
0.6651631114
0.665147382367
0.665135101969
0.665126303517
0.665121021413
0.665119291167
0.665121149395
0.665126633828
0.665135783316
0.665148637834
0.665165238488
0.665185627519
0.665209848307
0.665237945377
0.665269964401
0.665305952204
0.665345956765
0.66539002722
0.665438213864
0.665490568152
0.6655471427
0.665607991286
0.665673168844
0.665742731468
0.665816736405
0.665895242051
0.665978307948
0.666065994772
0.666158364333
0.666255479558
0.666357404483
0.666464204241
0.666575945047
0.666692694179
0.666814519965
0.666941491757
0.667073679913
0.667041959395
0.66718575177
0.657596215568
0.658255128358
0.658906992571
0.659552214815
0.660191852155
0.660827070825
0.661459012964
0.662088750791
0.66271727105
0.663345472976
0.663974172595
0.664604109797
0.665235956359
0.665870324016
0.666507772108
0.667148814659
0.667793926818
0.668443550691
0.669098100629
0.669757968039
0.670423525796
0.67109513233
0.671773135465
0.672457876074
0.673149691623
0.67384891966
0.674555901317
0.675270984889
0.675994529553
0.676726909295
0.677468517122
0.678219769646
0.678981112121
0.679753024058
0.680536025526
0.681330684303
0.682137624041
0.682957533675
0.683791178317
0.684639411975
0.685503192483
0.686383599134
0.687281853657
0.688199345308
0.689137661101
0.690098622483
0.691084330159
0.692097219305
0.693140128182
0.694216384153
0.696495782037
0.701812179574
0.70736191567
0.713177206217
0.71929726784
0.725770274646
0.732656167575
0.740030541788
0.747990236128
0.756661595356
0.766213088127
0.776875343117
0.788974512113
0.802991214469
0.81967291738
