216.848045229
191.425076534
191.379944919
191.335954345
191.292968412
191.250929035
191.209791065
191.169513708
191.130059148
191.09139212
191.053479632
191.016290737
190.979796325
190.94396895
190.908782667
190.874212892
190.840236277
190.806830599
190.773974654
190.741648175
190.709831746
190.678506728
190.647655201
190.617259894
190.587304144
190.557771835
190.528647365
190.499915599
190.471561838
190.443571782
190.415931502
190.388627412
190.361646247
190.334975035
190.308601081
190.282511944
190.256695423
190.231139539
190.205832521
190.18076279
190.155918952
190.13128978
190.10686421
190.082631324
190.058580348
190.034700639
190.010982133
189.987413502
189.963984934
189.940686249
189.917507363
189.894438291
189.871469134
189.848590083
189.825791406
189.803063454
189.78039665
189.757781488
189.735208534
189.712668417
189.690151831
189.667649532
189.645152337
189.622651118
189.600136807
189.577600389
189.555032905
189.532425448
189.509769164
189.487055252
189.464274961
189.441419593
189.4184805
189.395449087
189.37231681
189.349075176
189.325715748
189.302230142
189.278610026
189.254847128
189.230933232
189.20686018
189.182619878
189.158204292
189.133605455
189.108815467
189.0838265
189.058630796
189.033220676
189.007588541
188.981726875
188.955628247
188.929285322
188.902690857
188.875837711
188.848718849
188.821327346
188.793656394
188.765699306
188.737449526
188.708900629
188.680046335
188.650880511
188.621397181
188.591590533
188.561454926
188.530984902
188.50017519
188.469020719
188.437516626
188.405658267
188.373441223
188.340861319
188.307914625
188.274597476
188.240906477
188.206838519
188.17239079
188.137560787
188.10234633
188.066745574
188.030757023
187.994379545
187.957612384
187.920455175
187.882907956
187.844971189
187.806645766
187.76793303
187.728834788
187.689353324
187.649491416
187.60925235
187.297845414
187.257220928
189.106258236
189.098077265
189.070073384
189.026547447
188.970916832
188.905886738
188.8336104
188.755813038
188.673885713
188.588956549
188.501945135
188.413604391
188.324553054
188.235301065
188.146269584
188.057806863
187.970200932
187.883689802
187.798469722
187.714701894
187.632517965
187.552024546
187.473306936
187.396432209
187.32145178
187.248403546
187.17731367
187.108198072
187.041063684
186.975909483
186.912727366
186.851502862
186.79221572
186.734840382
186.679346354
186.625698479
186.573857133
186.52377833
186.475413748
186.428710672
186.383611851
186.34005526
186.308241205
186.281618933
186.256878663
186.233960559
186.212801384
186.193334922
186.175491732
186.159198877
186.144379598
186.130952955
186.11883344
186.107930585
186.098148625
186.089386311
186.081537041
186.074489648
186.068130417
186.062347463
186.05703958
186.052133804
186.0476205
186.043625355
186.040564494
