5.43
5.44785
5.4657
5.48355
5.5014
5.51925
5.5371
5.55495
5.5728
5.59065
5.6085
5.62635
5.6442
5.66205
5.6799
5.69775
5.7156
5.73345
5.7513
5.76915
5.787
5.80485
5.8227
5.84055
5.8584
5.87625
5.8941
5.91195
5.9298
5.94765
5.9655
5.98335
6.0012
6.01905
6.0369
6.05475
6.0726
6.09045
6.1083
6.12615
6.144
6.16185
6.1797
6.19755
6.2154
6.23325
6.2511
6.26895
6.2868
6.30465
6.3225
6.34035
6.3582
6.37605
6.3939
6.41175
6.4296
6.44745
6.4653
6.48315
6.501
6.51885
6.5367
6.55455
6.5724
6.59025
6.6081
6.62595
6.6438
6.66165
6.6795
6.69735
6.7152
6.73305
6.7509
6.76875
6.7866
6.80445
6.8223
6.84015
6.858
6.87585
6.8937
6.91155
6.9294
6.94725
6.9651
6.98295
7.0008
7.01865
7.0365
7.05435
7.0722
7.09005
7.1079
7.12575
7.1436
7.16145
7.1793
7.19715
7.215
7.23285
7.2507
7.26855
7.2864
7.30425
7.3221
7.33995
7.3578
7.37565
7.3935
7.41135
7.4292
7.44705
7.4649
7.48275
7.5006
7.51845
7.5363
7.55415
7.572
7.58985
7.6077
7.62555
7.6434
7.66125
7.6791
7.69695
7.7148
7.73265
7.7505
7.76835
7.7862
7.80405
7.8219
7.83975
7.8576
7.87545
7.8933
7.91115
7.929
7.94685
7.9647
7.98255
8.0004
8.01825
8.0361
8.05395
8.0718
8.08965
8.1075
8.12535
8.1432
8.16105
8.1789
8.19675
8.2146
8.23245
8.2503
8.26815
8.286
8.30385
8.3217
8.33955
8.3574
8.37525
8.3931
8.41095
8.4288
8.44665
8.4645
8.48235
8.5002
8.51805
8.5359
8.55375
8.5716
8.58945
8.6073
8.62515
8.643
8.66085
8.6787
8.69655
8.7144
8.73225
8.7501
8.76795
8.7858
8.80365
8.8215
8.83935
8.8572
8.87505
8.8929
8.91075
8.9286
8.94645
8.9643
8.98215
