1.4967
1.50149194145
1.50518511071
1.50693724488
1.50583127272
1.5044060651
1.50333262886
1.50254824399
1.50196456744
1.50151543731
1.50115802573
1.5008656587
1.50062156551
1.50041482637
1.50023798537
1.50008568888
1.49995391181
1.49983951039
1.49973995587
1.49965316945
1.49957741505
1.49951122623
1.49945335393
1.4994027276
1.49935842534
1.49931965022
1.49928571125
1.49925600776
1.49923001648
1.49920728072
1.49918740125
1.49917002859
1.49915485644
1.49914161602
1.4991300713
1.49912001479
1.49911126397
1.4991036582
1.49909705599
1.4990913327
1.49908637845
1.49908209635
1.49907840099
1.499075217
1.49907247792
1.49907012513
1.49906810691
1.49906637767
1.4990648972
1.49906363009
1.49906254511
1.4990616148
1.49906081498
1.4990601244
1.4990595244
1.4990589986
1.49905853266
1.49905811404
1.49905773177
1.4990573763
1.49905703934
1.49905671368
1.4990563931
1.49905607223
1.4990557465
1.49905541197
1.49905506532
1.49905470376
1.49905432496
1.49905392699
1.4990535083
1.49905306764
1.49905260405
1.4990521168
1.49905160539
1.4990510695
1.49905050898
1.4990499238
1.49904931407
1.49904868001
1.49904802191
1.49904734015
1.49904663518
1.49904590751
1.49904515767
1.49904438626
1.49904359388
1.49904278117
1.49904194881
1.49904109745
1.49904022778
1.49903934049
1.49903843628
1.49903751583
1.49903657983
1.49903562896
1.49903466391
1.49903368534
1.49903269392
1.49903169028
1.49903067508
1.49902964892
1.49902861243
1.49902756621
1.49902651083
1.49902544686
1.49902437486
1.49902329537
1.49902220893
1.49902111603
1.49902001717
1.49901891283
1.49901780348
1.49901668957
1.49901557154
1.4990144498
1.49901332478
1.49901219685
1.49901106642
1.49900993384
1.49900879946
1.49900766365
1.49900652672
1.49900538899
1.49900425077
1.49900311236
1.49900197405
1.4990008361
1.49899969877
1.49899856233
1.49899742702
1.49899629306
1.49899516069
1.49899403012
1.49899290155
1.49899177518
1.4989906512
1.49898952979
1.49898841113
1.49898729538
1.4989861827
1.49898507324
1.49898396714
1.49898286455
1.49898176559
1.49898067039
1.49897957907
1.49897849174
1.4989774085
1.49897632947
1.49897525474
1.4989741844
1.49897311853
1.49897205723
1.49897100056
1.4989699486
1.49896890141
1.49896785907
1.49896682164
1.49896578917
1.49896476171
1.49896373931
1.49896272203
1.49896170989
1.49896070295
1.49895970124
1.4989587048
1.49895771364
1.49895672781
1.49895574732
1.4989547722
1.49895380248
1.49895283815
1.49895187926
1.49895092579
1.49894997778
1.49894903522
1.49894809812
1.49894716649
1.49894624033
1.49894531964
1.49894440443
1.49894349469
1.49894259041
1.4989416916
1.49894079824
1.49893991033
1.49893902787
1.49893815082
1.4989372792
1.49893641298
1.49893555215
1.4989346967
1.49893384661
1.49893300186
1.49893216243
1.4989313283
1.49893049947
1.49892967589
1.49892885756
