0.00995474684931
0.0125298085614
0.0152570750534
0.0175372916809
0.0192036524955
0.0202398088899
0.0207901674234
0.0210237052883
0.0210652492454
0.0209924601415
0.0208505719366
0.0206656328537
0.0204529728184
0.0202220083618
0.019978845246
0.0197276714568
0.0194715068416
0.0192126164831
0.0189527472756
0.0186932702937
0.018435271679
0.0181796143369
0.0179269822659
0.0176779139444
0.017432828395
0.0171920460588
0.0169558058073
0.016724278968
0.0164975809751
0.016275781094
0.0160589105642
0.0158469694292
0.0156399322713
0.0154377530296
0.0152403690459
0.0150477044624
0.0148596730708
0.0146761806993
0.0144971272096
0.0143224081623
0.0141519162042
0.0139855422187
0.0138231762771
0.0136647084201
0.0135100292981
0.0133590306892
0.0132116059174
0.0130676501839
0.0129270608268
0.0127897375207
0.0126555824244
0.0125245002879
0.0123963985221
0.0122711872412
0.012148779279
0.0120290901865
0.0119120382126
0.0117975442718
0.0116855319013
0.0115759272095
0.0114686588186
0.0113636578011
0.011260857614
0.0111601940294
0.0110616050636
0.0109650309062
0.0108704138477
0.0107776982079
0.0106868302655
0.0105977581874
0.0105104319611
0.0104248033263
0.0103408257107
0.0102584541652
0.0101776453027
0.0100983572381
0.01002054953
0.00994418312508
0.00986922030407
0.00979562462946
0.00972336089564
0.00965239508062
0.00958269429975
0.00951422676123
0.00944696172339
0.0093808694537
0.00931592118948
0.00925208910018
0.00918934625123
0.00912766656946
0.00906702480983
0.00900739652371
0.00894875802836
0.00889108637779
0.0088343593348
0.00877855534419
0.00872365350718
0.0086696335568
0.0086164758344
0.00856416126711
0.00851267134627
0.00846198810674
0.00841209410712
0.00836297241072
0.00831460656745
0.0082669805963
0.00822007897931
0.00817388660292
0.00812838880675
0.00808357132593
0.00803942028781
0.00799592219832
0.00795306392903
0.00791083270464
0.00786921609101
0.00782820198367
0.00778777859674
0.00774793445239
0.0077086583706
0.00766993945939
0.00763176710544
0.00759413096501
0.00755702095529
0.007520427246
0.00748434025142
0.00744875062261
0.00741364923996
0.00737902720611
0.00734487583897
0.00731118666516
0.00727795141357
0.00724516200927
0.00721281056752
0.0071808893881
0.00714939094979
0.0071183079051
0.00708763307511
0.00705735944456
0.00702748015711
0.00699798851072
0.00696887795323
0.00694014207811
0.00691177462031
0.00688376945228
0.00685612058013
0.0068288221399
0.00680186839399
0.00677525372768
0.00674897264577
0.00672301976935
0.00669738983264
0.00667207768003
0.00664707826303
0.00662238663756
0.00659799796111
0.00657390749013
0.00655011057744
0.00652660266977
0.00650337930529
0.00648043611135
0.00645776880214
0.00643537317656
0.00641324511606
0.00639138058261
0.00636977561667
0.00634842633528
0.00632732893015
0.0063064796659
0.00628587487823
0.00626551097225
0.00624538442078
0.00622549176278
0.00620582960173
0.00618639460416
0.00616718349815
0.00614819307187
0.00612942017223
0.00611086170351
0.00609251462602
0.00607437595485
0.00605644275861
0.00603871215825
0.00602118132584
0.00600384748345
0.00598670790205
0.00596975990041
0.00595300084405
0.00593642814422
0.00592003925692
0.00590383168189
0.0058878029617
0.00587195068084
0.00585627246477
0.00584076597911
0.00582542892875
0.00581025905706
0.00579525414504
0.00578041201057
0.00576573050763
0.00575120752555
