153.17216
141.565623297
144.918881629
147.861283756
151.864383806
154.385928327
155.741065001
156.481402509
156.902611475
157.15804622
157.32685394
157.44962625
157.547108409
157.629918871
157.703532714
157.770817224
157.833315094
157.891893666
157.947073569
157.999195351
158.048504147
158.095192843
158.139424165
158.181342053
158.221077598
158.258752187
158.294479257
158.328365306
158.360510559
158.391009434
158.419950916
158.447418881
158.473492388
158.498245952
158.521749804
158.544070139
158.565269353
158.585406262
158.604536324
158.622711832
158.639982113
158.656393702
158.671990518
158.686814017
158.700903349
158.714295492
158.72702539
158.739126072
158.750628769
158.761563025
158.771956793
158.781836535
158.791227306
158.800152841
158.808635628
158.816696987
158.82435713
158.83163523
158.838549477
158.845117139
158.851354608
158.85727745
158.862900456
158.868237678
158.873302475
158.878107545
158.882664968
158.886986232
158.89108227
158.894963485
158.898639781
158.902120589
158.905414889
158.908531236
158.911477781
158.914262289
158.916892164
158.919374463
158.921715912
158.923922928
158.926001629
158.927957853
158.929797168
158.931524887
158.933146079
158.934665585
158.936088022
158.9374178
158.938659128
158.939816026
158.940892331
158.941891709
158.94281766
158.943673526
158.944462503
158.94518764
158.945851851
158.946457921
158.94700851
158.947506159
158.947953295
158.94835224
158.948705209
158.949014322
158.949281601
158.949508982
158.949698207
158.949851252
158.949969697
158.950055156
158.950109168
158.950133205
158.950128671
158.950096911
158.950039206
158.949956781
158.949850807
158.949722401
158.94957263
158.949402512
158.949213021
158.949005084
158.948779587
158.948537377
158.948279261
158.948006006
158.947718349
158.947416989
158.947102594
158.946775799
158.946437212
158.94608741
158.945726944
158.945356337
158.944976089
158.944586674
158.944188544
158.943782129
158.943367837
158.942946055
158.942517154
158.942081482
158.941639372
158.941191139
158.940737082
158.940277482
158.939812609
158.939342715
158.938868041
158.938388811
158.937905241
158.937417532
158.936925873
158.936430444
158.935931412
158.935428934
158.93492316
158.934414227
158.933902266
158.933387396
158.932869731
158.932349375
158.931826426
158.931300973
158.9307731
158.930242882
158.92971039
158.929175687
158.928638831
158.928099875
158.927558865
158.927015844
158.926470848
158.92592391
158.925375057
158.924824313
158.924271696
158.923717223
158.923160905
158.922602749
158.922042761
158.921480941
158.920917287
158.920351795
158.919784456
158.91921526
158.918644194
158.918071241
158.917496383
158.916919601
158.91634087
158.915760166
158.915177462
158.91459273
158.914005938
158.913417054
158.912826043
158.912232871
158.9116375
158.911039891
