5180772.60211
5922728.53121
6001630.36636
5911915.83766
5947747.33371
6174812.49153
6376593.89531
6528107.10315
6633717.46349
6707588.4719
6762304.02443
6806214.68001
6844209.80929
6878991.53359
6912010.20549
6944035.21454
6975472.46901
7006535.59496
7037336.69217
7067934.15658
7098357.86065
7128622.44277
7158734.35252
7188695.60957
7218505.82616
7248163.30715
7277665.65679
7307010.11929
7336193.77406
7365213.65058
7394066.7978
7422750.32727
7451261.44059
7479597.44733
7507755.77657
7535733.98447
7563529.7589
7591140.92202
7618565.43137
7645801.3798
7672846.99454
7699700.63559
7726360.7936
7752826.08735
7779095.26088
7805167.18046
7831040.83129
7856715.31416
7882189.84197
7907463.7362
7932536.42338
7957407.43148
7982076.38642
8006543.00849
8030807.1089
8054868.5863
8078727.42343
8102383.68374
8125837.50815
8149089.11186
8172138.78121
8194986.87063
8217633.79969
8240080.05018
8262326.16329
8284372.73689
8306220.42287
8327869.92455
8349321.99416
8370577.43045
8391637.07632
8412501.81652
8433172.57551
8453650.31527
8473936.03326
8494030.76047
8513935.55943
8533651.52242
8553179.76965
8572521.44755
8591677.72707
8610649.80216
8629438.88812
8648046.22021
8666473.05217
8684720.65483
8702790.31484
8720683.33335
8738401.02482
8755944.71582
8773315.7439
8790515.45654
8807545.21008
8824406.36874
8841100.30364
8857628.39192
8873992.01584
8890192.56194
8906231.42023
8922109.98345
8937829.6463
8953391.80475
8968797.85538
8984049.19472
8999147.21865
9014093.32181
9028889.82049
9043536.2513
9058034.93242
9072387.2482
9086594.57925
9100658.30198
9114579.78819
9128360.40466
9142001.51283
9155504.46839
9168870.62097
9182101.31386
9195197.88364
9208161.65999
9220993.96536
9233696.11475
9246269.41547
9258715.16694
9271034.66046
9283229.17903
9295299.99718
9307248.38081
9319075.58702
9330782.86395
9342371.45072
9353842.57722
9365197.46406
9376437.32245
9387563.35411
9398576.75118
9409478.69617
9420270.36184
9430952.9112
9441527.49745
9451995.26388
9462357.34391
9472614.861
9482768.92865
9492820.6504
9502771.11978
9512621.4203
9522372.6255
9532025.7989
9541581.99402
9551042.25439
9560407.6136
9569679.09527
9578857.71309
9587944.47085
9596940.3625
9605846.37212
9614663.474
9623392.6327
9632034.80302
9640590.93011
9649061.94951
9657448.78717
9665752.35952
9673973.57351
9682113.32671
9690172.50731
9698151.99422
9706052.6571
9713875.35645
9721620.94367
9729290.26111
9736884.14215
9744403.41124
9751848.88403
9759221.36736
9766521.65941
9773750.5497
9780908.81921
9787997.24042
9795016.57743
9801967.58597
9808851.01351
9815667.59936
9822418.07467
9829103.1626
9835723.5783
9842280.02906
9848773.21434
9855203.82588
9861572.54773
9867880.05638
9874127.0208
9880314.10251
9886441.95568
9892511.2272
9898522.55674
9904476.57686
9910373.91301
9916215.1837
