-33.4341414913
-2.49751751748
-2.47017314071
-2.44391211542
-2.41869627059
-2.3945120051
-2.37134937311
-2.3492003905
-2.32805473158
-2.30790575176
-2.28874630757
-2.27056980662
-2.25337019311
-2.23714193419
-2.22188000697
-2.20757988606
-2.19423753169
-2.18184937823
-2.17041232315
-2.15992371623
-2.15038134911
-2.14178344502
-2.13412864868
-2.12741601633
-2.12164500585
-2.11681546684
-2.11292763079
-2.10998210107
-2.10797984289
-2.10692217313
-2.10681074991
-2.10764756201
-2.10943491802
-2.11217543511
-2.11587202758
-2.12052789493
-2.12614650958
-2.13273160409
-2.14028715795
-2.1488173838
-2.15832671312
-2.16881978125
-2.18030141197
-2.19277660119
-2.20625050012
-2.22072839762
-2.2362157019
-2.25271792129
-2.2702406444
-2.28878951924
-2.30837023169
-2.32898848294
-2.35064996613
-2.37336034204
-2.3971252139
-2.42195010122
-2.44784041277
-2.47480141852
-2.50283822075
-2.53195572416
-2.56215860511
-2.59345127993
-2.6258378724
-2.65932218032
-2.69390764133
-2.72959729789
-2.76639376157
-2.80429917669
-2.84331518324
-2.88344287936
-2.92468278326
-2.96703479484
-3.01049815685
-3.05507141605
-3.10075238403
-3.14753809825
-3.1954247831
-3.24440781119
-3.29448166516
-3.34563989988
-3.39787510546
-3.45117887105
-3.50554174963
-3.56095322403
-3.61740167427
-3.67487434644
-3.7333573233
-3.79283549677
-3.85329254251
-3.91471089679
-3.97707173581
-4.04035495765
-4.10453916709
-4.16960166346
-4.2355184316
-4.30226413627
-4.36981212005
-4.43813440485
-4.50720758955
-4.57698934566
-4.64745361684
-4.71856723615
-4.79029578338
-4.86260361109
-4.93545387503
-5.00880856891
-5.0826285636
-5.15687365054
-5.23150258968
-5.30647316142
-5.38174222292
-5.45726576829
-5.53299899279
-5.60889636064
-5.6849116765
-5.76099816017
-5.83710852441
-5.91319505565
-5.98920969708
-6.06510413422
-6.14082988215
-6.21633837456
-6.2915810539
-6.36650946244
-6.44107533386
-6.51523068493
-6.58892790695
-6.66211985658
-6.73475994556
-6.80680222911
-6.8782014925
-6.94891333548
-7.0188942542
-13.2601418135
-13.3034259518
-15.4476663953
-18.7497232831
-21.9529827731
-25.0669923778
-28.0985317039
-31.0526332978
-33.9332063684
-36.7434222051
-39.4859563005
-42.1631428668
-44.7770748646
-47.3296696157
-49.8227123743
-52.2578856162
-54.6367889744
-56.9609529949
-59.2318487766
-61.4508948523
-63.6194622086
-65.7388780454
-67.8104286774
-69.8353618494
-71.8148886504
-73.7501851519
-75.642393856
-77.4961239692
-79.3208973634
-81.1063758955
-82.8535670155
-84.5634541063
-86.2369883608
-87.875103519
-89.4787083668
-91.0486898067
-92.5859140423
-94.0912277707
-95.5654594355
-97.0094205578
-98.4239071633
-99.8097013311
-101.167572892
-102.498281317
-103.802577833
-105.08120784
-106.334913689
-107.564437922
-108.770527101
-109.95393638
-111.115436207
-112.255813215
-113.375890339
-114.476525562
-115.558631086
-116.623189229
-117.671274636
-118.704083568
-119.722973113
-120.729514518
-121.725567054
-122.713382329
-123.695754984
-124.676246011
-125.659523756
-126.651903334
-127.66223713
-33.4341414913
-2.49751751748
-2.47017314071
-2.44391211542
-2.41869627059
-2.3945120051
-2.37134937311
-2.3492003905
-2.32805473158
-2.30790575176
-2.28874630757
-2.27056980662
-2.25337019311
-2.23714193419
-2.22188000697
-2.20757988606
-2.19423753169
-2.18184937823
-2.17041232315
-2.15992371623
-2.15038134911
-2.14178344502
-2.13412864868
-2.12741601633
-2.12164500585
-2.11681546684
-2.11292763079
-2.10998210107
-2.10797984289
-2.10692217313
-2.10681074991
-2.10764756201
-2.10943491802
-2.11217543511
-2.11587202758
-2.12052789493
-2.12614650958
-2.13273160409
-2.14028715795
-2.1488173838
-2.15832671312
-2.16881978125
-2.18030141197
-2.19277660119
-2.20625050012
-2.22072839762
-2.2362157019
-2.25271792129
-2.2702406444
-2.28878951924
-2.30837023169
-2.32898848294
-2.35064996613
-2.37336034204
-2.3971252139
-2.42195010122
-2.44784041277
-2.47480141852
-2.50283822075
-2.53195572416
-2.56215860511
-2.59345127993
-2.6258378724
-2.65932218032
-2.69390764133
-2.72959729789
-2.76639376157
-2.80429917669
-2.84331518324
-2.88344287936
-2.92468278326
-2.96703479484
-3.01049815685
-3.05507141605
-3.10075238403
-3.14753809825
-3.1954247831
-3.24440781119
-3.29448166516
-3.34563989988
-3.39787510546
-3.45117887105
-3.50554174963
-3.56095322403
-3.61740167427
-3.67487434644
-3.7333573233
-3.79283549677
-3.85329254251
-3.91471089679
-3.97707173581
-4.04035495765
-4.10453916709
-4.16960166346
-4.2355184316
-4.30226413627
-4.36981212005
-4.43813440485
-4.50720758955
-4.57698934566
-4.64745361684
-4.71856723615
-4.79029578338
-4.86260361109
-4.93545387503
-5.00880856891
-5.0826285636
-5.15687365054
-5.23150258968
-5.30647316142
-5.38174222292
-5.45726576829
-5.53299899279
-5.60889636064
-5.6849116765
-5.76099816017
-5.83710852441
-5.91319505565
-5.98920969708
-6.06510413422
-6.14082988215
-6.21633837456
-6.2915810539
-6.36650946244
-6.44107533386
-6.51523068493
-6.58892790695
-6.66211985658
-6.73475994556
-6.80680222911
-6.8782014925
-6.94891333548
-7.0188942542
-13.2601418135
-13.3034259518
-15.4476663953
-18.7497232831
-21.9529827731
-25.0669923778
-28.0985317039
-31.0526332978
-33.9332063684
-36.7434222051
-39.4859563005
-42.1631428668
-44.7770748646
-47.3296696157
-49.8227123743
-52.2578856162
-54.6367889744
-56.9609529949
-59.2318487766
-61.4508948523
-63.6194622086
-65.7388780454
-67.8104286774
-69.8353618494
-71.8148886504
-73.7501851519
-75.642393856
-77.4961239692
-79.3208973634
-81.1063758955
-82.8535670155
-84.5634541063
-86.2369883608
-87.875103519
-89.4787083668
-91.0486898067
-92.5859140423
-94.0912277707
-95.5654594355
-97.0094205578
-98.4239071633
-99.8097013311
-101.167572892
-102.498281317
-103.802577833
-105.08120784
-106.334913689
-107.564437922
-108.770527101
-109.95393638
-111.115436207
-112.255813215
-113.375890339
-114.476525562
-115.558631086
-116.623189229
-117.671274636
-118.704083568
-119.722973113
-120.729514518
-121.725567054
-122.713382329
-123.695754984
-124.676246011
-125.659523756
-126.651903334
-127.66223713
