215.824367427
215.025083819
214.226217088
213.4278053
212.62988542
211.832493268
211.035663575
210.239430061
209.443825494
208.648881755
207.854629893
207.06110018
206.268322155
205.476324674
204.68513595
203.894783589
203.105294634
202.31669559
201.529012465
200.742270791
199.956495661
199.171711745
198.387943325
197.605214311
196.823548262
196.042968418
195.263497707
194.485158767
193.707973964
192.93196541
192.157154978
191.383564313
190.611214852
189.840127833
189.070316625
188.301793983
187.534581053
186.768698838
186.004168209
185.241009914
184.479244587
183.718892754
182.959974848
182.202511209
181.446522096
180.692027695
179.939048123
179.187603439
178.437713644
177.689398697
176.942678512
176.19757297
175.454101921
174.712285194
173.972142598
173.233693931
172.496958981
171.761957537
171.028709389
170.297234334
169.567552182
168.839682761
168.113645917
167.389461525
166.667149487
165.946729741
165.228222263
164.51164707
163.797024225
163.084373841
162.373716085
161.665071179
160.958459407
160.253901117
159.551416722
158.851026707
158.15275163
157.456612126
156.762628909
156.070822774
155.381214603
154.693825363
154.008676115
153.32578801
152.645182293
151.96688031
151.290903502
150.617273414
149.946011693
149.277140093
148.610680472
147.946654797
147.285085147
146.625993708
145.969402779
145.315334774
144.663812218
144.014857752
143.36849413
142.724744222
142.083631014
141.445177604
140.809407207
140.176343152
139.546008881
138.918427949
138.293624022
137.671620875
137.052442394
136.436112569
135.822654765
135.212091743
134.604447892
133.999747713
133.398015822
132.799276941
132.203555896
131.610877613
131.021267114
130.43474951
129.851349997
129.271093849
128.694006419
128.120113124
127.549439441
126.982010902
126.417853081
125.856991592
125.299452077
124.745260198
124.194441627
123.647022036
123.103027088
122.55536842
122.011222659
121.362913188
120.719713142
120.081696006
119.448908199
118.821380962
118.199136719
117.582192739
116.970563265
116.364260744
115.763296524
115.16770209
114.577507562
113.992724598
113.413364327
112.839437325
112.270953578
111.707922444
111.15035262
110.598252117
110.051628253
109.510487653
108.974836269
108.444679412
107.920021799
107.400867619
106.887220608
106.379084144
105.876461359
105.379355259
104.887768872
104.401705405
103.921168424
103.446162051
102.976691185
102.512761744
102.054380935
101.601557553
101.154302306
100.712628184
100.276550866
99.8460891663
99.4212655447
99.0021066705
98.5886440596
98.1809147936
97.7789623365
97.3828374641
96.9925993292
96.6083166882
96.2300693204
95.8579496812
95.4920648396
95.1325387636
94.7795150362
94.4331601088
94.0936672296
93.7612612337
93.436204441
93.1188040026
92.8094211663
92.5084831291
92.2164984483
91.9340774541
91.6619598824
91.4010532521
