0.000639059552109
0.000672009861963
0.000693776875777
0.000705575107923
0.000710847656775
0.000713034263946
0.000714280999888
0.000715649735152
0.000717590371032
0.000720187979094
0.000723427308994
0.000727237484313
0.000731532043966
0.000736225973278
0.00074124212086
0.000746512945837
0.000751980317208
0.000757594596994
0.00076331354323
0.000769101251878
0.000774927215048
0.000780765512008
0.00078659412514
0.000792394365002
0.000798150387479
0.000803848787533
0.000809478256296
0.000815029290573
0.000820493945796
0.000825865625166
0.000831138899072
0.000836309349961
0.00084137343871
0.000846328389228
0.000851172088586
0.000855903000413
0.000860520089659
0.000865022757129
0.000869410782429
0.000873684274172
0.000877843626468
0.000881889480838
0.000885822692858
0.000889644302886
0.000893355510358
0.000896957651182
0.000900452177835
0.000903840641826
0.00090712467822
0.000910305991968
0.000913386345822
0.000916367549649
0.000919251450955
0.0009220399265
0.000924734874854
0.000927338209802
0.000929851854491
0.00093227773623
0.00093461778189
0.000936873913815
0.000939048046208
0.000941142081923
0.000943157909639
0.000945097401366
0.000946962410244
0.00094875476862
0.000950476286365
0.000952128749409
0.000953713918471
0.000955233527976
0.000956689285121
0.0009580828691
0.000959415930452
0.000960690090534
0.000961906940781
0.000963068043647
0.000964174930486
0.000965229102655
0.000966232031118
0.000967185156436
0.000968089888809
0.000968947608181
0.000969759664386
0.000970527377337
0.000971252037262
0.000971934904967
0.000972577212131
0.000973180161635
0.000973744927909
0.0009742726573
0.000974764468468
0.000975221452784
0.000975644674756
0.000976035172458
0.000976393957974
0.000976722017846
0.000977020313533
0.000977289781874
0.000977531335553
0.000977745863566
0.000977934231699
0.000978097282988
0.000978235838202
0.000978350696302
0.000978442634916
0.000978512410797
0.000978560760291
0.000978588399791
0.000978596026191
0.000978584317332
0.000978553932451
0.000978505512609
0.000978439681133
0.000978357044034
0.000978258190428
0.000978143692949
0.000978014108153
0.000977869976918
0.000977711824837
0.000977540162596
0.000977355486358
0.00097715827813
0.000976949006125
0.000976728125119
0.000976496076795
0.00097625329009
0.000976000181522
0.000975737155521
0.000975464604743
0.000975182910387
0.000974892442495
0.000974593560254
0.000974286612282
0.000973971936918
0.000973649862492
0.000973320707603
0.000972984781377
0.000972642383728
0.000972293805609
0.000971939329255
0.000971579228426
0.000971213768633
0.000970843207374
0.000970467794349
0.000970087771676
0.000969703374103
0.000969314829214
0.000968922357625
0.000968526173179
0.000968126483135
0.000967723488356
0.00096731738348
0.000966908357104
0.000966496591945
0.000966082265011
0.000965665547761
0.00096524660626
0.000964825601331
0.000964402688705
0.000963978019164
0.000963551738681
0.000963123988558
0.000962694905557
0.00096226462203
0.000961833266042
0.000961400961499
0.000960967828259
0.000960533982256
0.000960099535604
0.000959664596711
0.000959229270385
0.000958793657934
0.000958357857272
0.00095792196301
0.000957486066556
0.000957050256203
0.000956614617224
0.000956179231953
0.000955744179876
0.000955309537706
0.000954875379471
0.000954441776585
0.000954008797928
0.000953576509917
0.000953144976581
0.000952714259625
0.000952284418501
0.000951855510476
0.000951427590688
0.000951000712216
0.000950574926136
0.000950150281582
0.000949726825799
0.000949304604203
0.000948883660431
0.000948464036395
0.000948045772333
0.000947628906857
0.000947213477003
0.000946799518275
