767.13385921
768.20334314
769.072369714
769.767110951
770.310179267
770.721124721
771.016861686
771.212035078
771.319334769
771.349765596
771.312879105
771.216973139
771.069263201
770.876029585
770.642744095
770.374179089
770.074501371
769.747353064
769.395921309
769.02299836
768.631033439
768.222177501
767.798321899
767.361131812
766.912075161
766.452447641
765.983394406
765.505928874
765.020949045
764.529251677
764.031544607
763.528457476
763.020551075
762.508325487
761.992227204
761.472655296
760.949967048
760.424482405
759.896488387
759.366242687
758.833976908
758.299899399
757.764174955
757.226998588
756.688545263
756.148926122
755.608265614
755.066676211
754.524259618
753.981107858
753.437304232
752.892924174
752.348036022
751.802701703
751.256977343
750.710913822
750.16455727
749.617949503
749.071128435
748.524128427
747.97698062
747.429713226
746.882351792
746.334919443
745.787437097
745.239923661
744.692396215
744.144870167
743.597359408
743.049876439
742.502432497
741.955037667
741.40770098
740.860430506
740.31323344
739.766116176
739.21908438
738.672143051
738.125296582
737.578548811
737.031903072
736.485362239
735.938928765
735.392604723
734.846391836
734.300291513
733.754304873
733.208432775
732.662675398
732.117034131
731.571508616
731.026098894
730.480804842
729.935626192
729.390562545
728.845613384
728.300778085
727.756055931
727.21144612
726.666947773
726.122583653
725.57829713
725.034121692
724.490055409
723.946096574
723.402243617
722.858495063
722.314849494
721.771305527
721.227861803
720.684516976
720.141269706
719.598118661
719.055062508
718.512099919
717.969229569
717.426450089
716.883760221
716.341157808
715.79864264
715.256213335
714.713868544
714.171606943
713.629427231
713.087328955
712.54530888
712.003366983
711.461501998
710.919712685
710.377997821
709.836356203
709.294786647
708.753287983
708.211859056
707.67049873
707.129205882
706.587979404
706.046818204
705.505721205
704.964687344
704.423715575
703.882804866
703.341954198
702.80116257
702.260428994
701.719752495
701.179132117
700.638566913
700.098055955
699.557599188
699.017193761
698.476839943
697.936536838
697.396283572
696.856079289
696.315923149
695.775814326
695.235752826
694.695736781
694.155764674
693.615837708
693.075953966
692.536112756
691.996313382
691.456555151
690.916837373
690.377159362
689.837520444
689.29791995
688.758357222
688.218831612
687.67934248
687.139889198
686.600471147
686.061087718
685.521738313
684.982422342
684.443139225
683.903888394
683.364669288
682.825481356
682.286324057
681.747196857
681.208099232
680.669030669
680.12999066
679.590978709
679.051994325
678.513037027
677.974106342
677.435201806
676.896322961
676.357469358
675.818640554
675.279836116
674.741055617
674.202298636
673.663564762
673.124853589
672.586164717
