0.00111682434404
0.00109933119396
0.00108743059113
0.00107656559351
0.00106661623763
0.00105748158322
0.00104907489936
0.00104132099947
0.00103415430429
0.00102751736963
0.00102135957968
0.00101563619081
0.00101030749103
0.00100533807814
0.00100069632115
0.000996353861212
0.000992285176029
0.000988467252144
0.000984879280174
0.000981502398521
0.000978319472672
0.000975314904386
0.000972474466089
0.000969785156616
0.000967235075119
0.000964813310482
0.000962509844025
0.000960315463642
0.000958221687814
0.000956220698156
0.000954305279396
0.000952468765825
0.000950704993389
0.000949008256746
0.000947373270674
0.000945795135314
0.000944269304802
0.000942791558902
0.000941357977308
0.000939964916304
0.000938608987554
0.000937287038767
0.000935996136061
0.000934733547845
0.00093349673006
0.00093228331266
0.000931091087193
0.000929917995395
0.000928762118685
0.000927621668493
0.000926494977331
0.000925380490554
0.000924276758736
0.000923182430621
0.000922096246594
0.000921017032617
0.00091994369462
0.000918875213276
0.000917810639156
0.000916749088215
0.000915689737596
0.00091463182172
0.000913574628641
0.000912517496653
0.000911459811114
0.000910401001492
0.000909340538598
0.000908277932008
0.000907212727643
0.000906144505518
0.000905072877623
0.000903997485954
0.000902918000654
0.000901834118283
0.000900745560196
0.000899652071015
0.000898553417209
0.000897449385749
0.000896339782856
0.000895224432823
0.000894103176911
0.000892975872308
0.000891842391159
0.00089070261965
0.000889556457148
0.000888403815394
0.000887244617747
0.000886078798471
0.000884906302063
0.000883727082626
0.000882541103276
0.000881348335586
0.000880148759062
0.000878942360652
0.000877729134282
0.00087650908042
0.000875282205665
0.000874048522367
0.000872808048253
0.000871560806098
0.000870306823391
0.000869046132042
0.000867778768089
0.000866504771434
0.000865224185589
0.000863937057434
0.000862643436998
0.000861343377241
0.000860036933861
0.000858724165101
0.000857405131571
0.000856079896087
0.000854748523508
0.000853411080586
0.000852067635833
0.000850718259382
0.000849363022864
0.000848001999291
0.000846635262947
0.000845262889279
0.000843884954799
0.000842501536994
0.000841112714234
0.00083971856569
0.000838319171256
0.000836914611474
0.000835504967464
0.000834090352515
0.000832670785653
0.000831246380734
0.000829817220571
0.000828383388248
0.000826944967082
0.000825502040573
0.000824054692359
0.000822603006177
0.000821147065819
0.000819686955095
0.000818222757802
0.000816754557681
0.000815282438396
0.000813806483493
0.000812326776381
0.000810843400296
0.000809356438284
0.000807865973168
0.000806372087534
0.000804874827255
0.000803374347038
0.000801870692397
0.000800363944746
0.000798854185158
0.00079734149435
0.00079582595267
0.000794307640081
0.000792786636143
0.000791263020007
0.000789736870399
0.000788208265607
0.000786677283472
0.000785144001377
0.000783608496238
0.000782070844493
0.000780531122096
0.000778989404506
0.00077744576668
0.000775900283069
0.000774353027605
0.000772804073701
0.000771253494242
0.000769701361579
0.000768147747525
0.000766592723349
0.000765036359773
0.000763478726969
0.00076191989455
0.000760359931571
0.000758798906527
0.000757236887344
0.000755673941381
0.000754110135428
0.000752545535701
0.000750980207839
0.000749414216908
0.000747847627394
0.000746280503202
0.000744712907658
0.000743144903507
0.000741576552909
0.000740007917443
0.000738439058103
0.000736870035298
0.000735300908856
0.000733731738019
0.000732162581444
0.000730593497207
0.000729024542797
0.000727455775125
0.000725887250516
0.000724319024715
