-3.98078745444
-3.29346546333
-3.29118213747
-3.28907505815
-3.28703219282
-3.28503383753
-3.28307692157
-3.28116054256
-3.27928447488
-3.27744868667
-3.27565239741
-3.273894807
-3.27217631918
-3.27049167039
-3.26884377729
-3.26722990709
-3.26564866644
-3.26409860969
-3.26257826611
-3.2610861575
-3.25962081328
-3.2581807832
-3.25676464787
-3.25537102719
-3.25399858699
-3.25264604397
-3.25131216929
-3.24999579089
-3.24869579479
-3.2474111255
-3.24614078572
-3.24488383549
-3.24363939083
-3.24240662202
-3.24118475169
-3.23997305262
-3.23877084547
-3.23757749642
-3.23639241476
-3.23521505051
-3.23404489204
-3.23288146379
-3.23172432398
-3.23057306249
-3.22942729877
-3.22828667986
-3.22715087853
-3.22601959147
-3.22489253765
-3.22376945673
-3.22265010757
-3.22153426686
-3.22042172779
-3.21931229892
-3.21820580294
-3.21710207572
-3.21600096527
-3.2149023309
-3.2138060423
-3.21271197882
-3.21162002871
-3.2105300885
-3.20944206233
-3.2083558614
-3.20727140346
-3.20618861227
-3.20510741718
-3.20402775275
-3.20294955827
-3.20187277749
-3.20079735824
-3.19972325215
-3.19865041436
-3.19757880325
-3.19650838022
-3.19543910945
-3.19437095771
-3.19330389417
-3.1922378902
-3.19117291925
-3.19010895664
-3.18904597951
-3.1879839666
-3.18692289819
-3.18586275597
-3.18480352294
-3.18374518332
-3.18268772247
-3.18163112679
-3.18057538365
-3.17952048135
-3.17846640902
-3.17741315657
-3.17636071464
-3.17530907457
-3.1742582283
-3.17320816839
-3.17215888791
-3.17111038048
-3.17006264015
-3.16901566145
-3.1679694393
-3.166923969
-3.16587924623
-3.16483526697
-3.16379202753
-3.16274952452
-3.16170775478
-3.16066671543
-3.15962640381
-3.15858681751
-3.15754795427
-3.15650981205
-3.155472389
-3.1544356834
-3.1533996937
-3.15236441849
-3.15132985651
-3.15029600659
-3.1492628677
-3.14823043891
-3.1471987194
-3.14616770843
-3.14513740535
-3.14410780958
-3.14307892065
-3.14205073812
-3.14102328949
-3.13999651887
-3.13897045376
-3.13794509396
-3.13692043933
-3.13589648977
-3.13487324523
-3.13385070569
-3.13282887116
-3.1318077417
-3.13078731738
-3.12976759831
-3.12874858463
-3.12773027649
-3.12671267407
-3.12569577756
-3.12467958719
-3.12366410318
-3.12264932578
-3.12163525525
-3.12062186175
-3.1196092057
-3.11859725737
-3.11758601706
-3.11657548508
-3.11556566174
-3.11455654738
-3.11354814231
-3.11254044687
-3.11153346139
-3.11052718621
-3.10952162167
-3.1085167681
-3.10751262586
-3.10650919529
-3.10550647672
-3.10450447051
-3.10350317698
-3.10250259649
-3.10150272937
-3.10050357596
-3.09950513659
-3.0985074116
-3.0975104013
-3.09651410604
-3.09551852613
-3.0945236619
-3.09352951365
-3.0925360817
-3.09154336635
-3.09055136791
-3.08956008668
-3.08856952296
-3.08757967702
-3.08659054916
-3.08560213965
-3.08461444877
-3.08362747679
-3.08264122398
-3.08165569058
-3.08067087686
-3.07968678306
-3.07870340942
-3.07772075619
-3.07673882359
-3.07575761186
-3.0747771212
-3.07379735183
-3.07281830397
-3.07183997782
-3.07086237357
-3.06988549141
-3.06890933154
