75.8844534327
-138.574237585
-138.072377013
-137.571831841
-137.072854827
-136.575583925
-136.080107882
-135.586493778
-135.094798133
-134.605071417
-134.117359918
-133.63170655
-133.148151243
-132.666731154
-132.187480817
-131.710432258
-131.235615098
-130.763056653
-130.292782023
-129.824814184
-129.359174074
-128.895880676
-128.434951105
-127.976400681
-127.520243011
-127.066490059
-126.615152225
-126.166238408
-125.719756079
-125.275711344
-124.83410901
-124.394952642
-123.958244628
-123.52398623
-123.092177645
-122.662818053
-122.235905672
-121.811437808
-121.389410897
-120.969820559
-120.552661635
-120.137928232
-119.725613767
-119.315711
-118.908212078
-118.503108566
-118.100391485
-117.700051343
-117.30207817
-116.906461546
-116.513190632
-116.122254196
-115.733640643
-115.347338037
-114.963334131
-114.581616384
-114.20217199
-113.824987894
-113.450050817
-113.077347273
-112.706863588
-112.338585919
-111.972500272
-111.608592513
-111.24684839
-110.887250975
-110.529791001
-110.174451317
-109.821217331
-109.470074393
-109.121007813
-108.774002865
-108.429044803
-108.086118869
-107.745210302
-107.406304347
-107.069386263
-106.734441331
-106.401454861
-106.0704122
-105.741298738
-105.414099912
-105.088801216
-104.765388204
-104.443846492
-104.124161771
-103.806319802
-103.490306427
-103.176107572
-102.863709245
-102.553097548
-102.244258674
-101.937178913
-101.631844651
-101.328242379
-101.026358689
-100.72618028
-100.427693957
-100.130886638
-99.8357453483
-99.5422572298
-99.2504095369
-98.9601896398
-98.671585026
-98.3845833007
-98.0991721881
-97.8153395322
-97.5330732975
-97.2523615701
-96.9731925575
-96.6955545899
-96.4194361205
-96.1448257256
-95.8717121051
-95.6000840831
-95.3299306076
-95.061240751
-94.7940037102
-94.5282088067
-94.2638454865
-94.0009033205
-93.739372004
-93.479241357
-93.2205013238
-92.9631419734
-92.7071534988
-92.4525262173
-92.19925057
-91.9473171219
-91.6967165612
-91.4474685145
-91.1995050139
-90.9528477555
-90.7074875993
-90.4634157126
-90.2206234643
-89.9791023769
-89.7388441074
-89.4998404388
-89.2620832763
-89.025564646
-88.7902766934
-88.5562116832
-88.3233619985
-88.09172014
-87.861278726
-87.6320304913
-87.4039682867
-87.1770850787
-86.9513739485
-86.7268280914
-86.503440816
-86.2812055437
-86.0601158078
-85.8401652524
-85.6213476321
-85.4036568106
-85.1870867599
-84.9716315597
-84.7572853958
-84.5440425593
-84.3318974459
-84.120844554
-83.910878484
-83.7019939371
-83.4941857137
-83.2874487124
-83.0817779284
-82.8771684522
-82.6736154679
-82.4711142521
-82.2696601719
-82.0692486834
-81.8698753301
-81.671535741
-81.4742256291
-81.2779407611
-81.0826506137
-80.8884051784
-80.6951723682
-80.5029485769
-80.3117301031
-80.1215132428
-79.9322943297
-79.7440697506
-79.5568359501
-79.3705894319
-79.1853267569
-79.0010445419
-78.817739457
-78.635408223
-78.4540476094
-78.2736544314
-78.0942255476
-77.9157578571
-77.7382482969
-77.5616938392
-77.3860914887
-77.2114382799
-77.0377312742
75.8844534327
-138.574237585
-138.072377013
-137.571831841
-137.072854827
-136.575583925
-136.080107882
-135.586493778
-135.094798133
-134.605071417
-134.117359918
-133.63170655
-133.148151243
-132.666731154
-132.187480817
-131.710432258
-131.235615098
-130.763056653
-130.292782023
-129.824814184
-129.359174074
-128.895880676
-128.434951105
-127.976400681
-127.520243011
-127.066490059
-126.615152225
-126.166238408
-125.719756079
-125.275711344
-124.83410901
-124.394952642
-123.958244628
-123.52398623
-123.092177645
-122.662818053
-122.235905672
-121.811437808
-121.389410897
-120.969820559
-120.552661635
-120.137928232
-119.725613767
-119.315711
-118.908212078
-118.503108566
-118.100391485
-117.700051343
-117.30207817
-116.906461546
-116.513190632
-116.122254196
-115.733640643
-115.347338037
-114.963334131
-114.581616384
-114.20217199
-113.824987894
-113.450050817
-113.077347273
-112.706863588
-112.338585919
-111.972500272
-111.608592513
-111.24684839
-110.887250975
-110.529791001
-110.174451317
-109.821217331
-109.470074393
-109.121007813
-108.774002865
-108.429044803
-108.086118869
-107.745210302
-107.406304347
-107.069386263
-106.734441331
-106.401454861
-106.0704122
-105.741298738
-105.414099912
-105.088801216
-104.765388204
-104.443846492
-104.124161771
-103.806319802
-103.490306427
-103.176107572
-102.863709245
-102.553097548
-102.244258674
-101.937178913
-101.631844651
-101.328242379
-101.026358689
-100.72618028
-100.427693957
-100.130886638
-99.8357453483
-99.5422572298
-99.2504095369
-98.9601896398
-98.671585026
-98.3845833007
-98.0991721881
-97.8153395322
-97.5330732975
-97.2523615701
-96.9731925575
-96.6955545899
-96.4194361205
-96.1448257256
-95.8717121051
-95.6000840831
-95.3299306076
-95.061240751
-94.7940037102
-94.5282088067
-94.2638454865
-94.0009033205
-93.739372004
-93.479241357
-93.2205013238
-92.9631419734
-92.7071534988
-92.4525262173
-92.19925057
-91.9473171219
-91.6967165612
-91.4474685145
-91.1995050139
-90.9528477555
-90.7074875993
-90.4634157126
-90.2206234643
-89.9791023769
-89.7388441074
-89.4998404388
-89.2620832763
-89.025564646
-88.7902766934
-88.5562116832
-88.3233619985
-88.09172014
-87.861278726
-87.6320304913
-87.4039682867
-87.1770850787
-86.9513739485
-86.7268280914
-86.503440816
-86.2812055437
-86.0601158078
-85.8401652524
-85.6213476321
-85.4036568106
-85.1870867599
-84.9716315597
-84.7572853958
-84.5440425593
-84.3318974459
-84.120844554
-83.910878484
-83.7019939371
-83.4941857137
-83.2874487124
-83.0817779284
-82.8771684522
-82.6736154679
-82.4711142521
-82.2696601719
-82.0692486834
-81.8698753301
-81.671535741
-81.4742256291
-81.2779407611
-81.0826506137
-80.8884051784
-80.6951723682
-80.5029485769
-80.3117301031
-80.1215132428
-79.9322943297
-79.7440697506
-79.5568359501
-79.3705894319
-79.1853267569
-79.0010445419
-78.817739457
-78.635408223
-78.4540476094
-78.2736544314
-78.0942255476
-77.9157578571
-77.7382482969
-77.5616938392
-77.3860914887
-77.2114382799
-77.0377312742
