0.000636459367558
0.000669598064639
0.000691781279339
0.000704029938904
0.000709398212425
0.000711259391513
0.00071182265901
0.000712247294824
0.0007130430844
0.000714400910518
0.000716317976451
0.000718740547896
0.00072160101976
0.000724827057638
0.000728350584657
0.000732110955258
0.000736055561231
0.000740139373132
0.000744324108367
0.000748577330624
0.000752871605341
0.000757183753817
0.000761494212658
0.000765786490839
0.00077004671194
0.000774263228649
0.000778426297765
0.000782527805614
0.000786561035419
0.000790520469658
0.000794401621663
0.000798200891772
0.000801915444134
0.000805543100983
0.000809082251706
0.000812531774498
0.000815890968748
0.000819159496592
0.000822337332325
0.000825424718551
0.000828422128134
0.000831330231138
0.000834149866075
0.000836882014871
0.000839527781053
0.000842088370715
0.000844565075908
0.000846959260122
0.000849272345595
0.000851505802205
0.000853661137753
0.000855739889443
0.000857743616422
0.000859673893248
0.000861532304157
0.000863320438046
0.000865039884076
0.000866692227828
0.000868279047937
0.000869801913156
0.0008712623798
0.000872661989514
0.000874002267345
0.000875284720077
0.000876510834792
0.000877682077644
0.000878799892816
0.000879865701642
0.000880880901874
0.000881846867081
0.000882764946166
0.000883636462988
0.000884462716075
0.000885244978423
0.000885984497245
0.000886682494391
0.000887340165644
0.00088795868123
0.000888539185808
0.000889082798612
0.000889590613629
0.000890063699813
0.000890503101332
0.000890909837829
0.00089128490472
0.000891629273504
0.00089194389209
0.000892229685142
0.000892487554438
0.000892718379234
0.000892923016642
0.000893102302015
0.000893257049339
0.000893388051621
0.000893496081296
0.000893581890621
0.000893646212081
0.000893689758789
0.000893713224888
0.000893717285956
0.000893702599399
0.000893669804853
0.000893619524576
0.000893552363837
0.000893468911305
0.00089336973943
0.000893255404823
0.000893126448625
0.00089298339688
0.000892826760894
0.000892657037595
0.00089247470988
0.000892280246966
0.000892074104727
0.000891856726025
0.000891628541044
0.000891389967605
0.000891141411486
0.000890883266726
0.000890615915933
0.000890339730575
0.000890055071275
0.000889762288093
0.000889461720802
0.000889153699162
0.000888838543186
0.000888516563399
0.000888188061088
0.000887853328558
0.000887512649365
0.000887166298559
0.000886814542909
0.000886457641135
0.000886095844121
0.000885729395131
0.000885358530021
0.000884983477438
0.000884604459022
0.000884221689599
0.000883835377369
0.000883445724089
0.000883052925254
0.000882657170271
0.000882258642627
0.000881857520058
0.000881453974708
0.000881048173286
0.00088064027722
0.000880230442805
0.000879818821348
0.000879405559309
0.000878990798438
0.000878574675909
0.00087815732445
0.000877738872469
0.000877319444178
0.000876899159711
0.000876478135242
0.000876056483097
0.000875634311866
0.000875211726507
0.000874788828455
0.000874365715718
0.00087394248298
0.000873519221693
0.000873096020175
0.000872672963696
0.000872250134567
0.000871827612228
0.000871405473331
0.000870983791817
0.000870562639
0.000870142083641
0.000869722192021
0.000869303028015
0.000868884653164
0.00086846712674
0.000868050505813
0.00086763484532
0.000867220198119
0.00086680661506
0.000866394145037
0.000865982835048
0.000865572730251
0.00086516387402
0.000864756307994
0.000864350072133
0.000863945204763
0.000863541742629
0.000863139720941
0.000862739173417
0.000862340132331
0.000861942628554
0.000861546691598
0.000861152349657
0.000860759629642
0.000860368557226
0.000859979156877
0.000859591451899
0.00085920546446
