3.720552
1.52468503569
1.26844620389
0.526057760428
-1.96029611991
-5.03647722956
-7.3906677086
-8.81825079446
11.2455347782
11.6330163911
11.8678042265
12.025117122
12.1433767222
12.2417940313
12.3298934143
12.412384033
12.4915952862
12.5686826291
12.6442226274
12.7185064608
12.7916847682
12.863839167
12.9350175562
13.0052515062
13.0745647804
13.1429774696
13.2105079585
13.2771738288
13.3429922469
13.4079801062
13.4721540582
13.535530498
13.5981255337
13.6599549544
13.7210342028
13.7813783542
13.8410021012
13.899919745
13.9581451905
14.0156919463
14.0725731273
14.1288014595
14.1843892869
14.2393485801
14.2936909448
14.3474276325
14.4005695498
14.4531272699
14.5051110424
14.5565308046
14.6073961917
14.6577165472
14.7075009332
14.7567581405
14.8054966982
14.8537248834
14.9014507303
14.9486820389
14.9954263843
15.0416911245
15.087483409
15.1328101863
15.1776782117
15.2220940545
15.2660641054
15.3095945826
15.3526915395
15.3953608699
15.437608315
15.4794394686
15.5208597834
15.561874576
15.6024890322
15.642709587
15.6825384252
15.7219817503
15.761044274
15.7997306008
15.838045232
15.8759925697
15.9135769205
15.9508024994
15.987673433
16.0241937631
16.0603674498
16.0961983746
16.1316903434
16.1668470893
16.2016722753
16.2361694967
16.270342284
16.3041941049
16.3377283668
16.3709484187
16.4038575536
16.4364590101
16.4687559747
16.5007515832
16.5324489228
16.5638510333
16.5949609093
16.6257815009
16.656315716
16.6865664208
16.7165364418
16.7462285666
16.7756455453
16.8047900916
16.8336648839
16.862272566
16.8906157487
16.9186970102
16.9465188972
16.9740839256
17.0013945817
17.0284533225
17.0552625767
17.0818247452
17.1081422022
17.1342172952
17.1600523462
17.185649652
17.2110114846
17.2361400921
17.261037699
17.2857065067
17.3101486937
17.3343664167
17.3583618104
17.3821369881
17.4056940421
17.4290350442
17.4521620458
17.4750770783
17.4977821537
17.5202792645
17.5425703843
17.5646574678
17.5865424513
17.6082272531
17.6297137733
17.6510038944
17.6720994815
17.6930023822
17.7137144275
17.7342374311
17.7545731904
17.7747234863
17.7946900834
17.8144747304
17.8340791599
17.853505089
17.8727542191
17.8918282364
17.9107288118
17.9294576011
17.9480162452
17.9664063702
17.9846295876
18.0026874945
18.0205816736
18.0383136932
18.0558851078
18.0732974577
18.0905522695
18.107651056
18.1245953164
18.1413865366
18.1580261888
18.1745157322
18.190856613
18.2070502639
18.2230981052
18.2390015441
18.2547619752
18.2703807804
18.2858593293
18.3011989789
18.3164010742
18.3314669478
18.3463979202
18.3611953001
18.3758603843
18.3903944576
18.4047987933
18.4190746532
18.4332232873
18.4472459347
18.4611438226
18.4749181675
18.4885701745
18.5021010379
18.5155119408
18.5288040558
18.5419785444
18.5550365578
18.5679792363
18.5808077101
18.5935230987
18.6061265116
