4.54063342459
4.53921494357
4.53777973822
4.53632823069
4.53486078922
4.53337772708
4.53187930372
4.53036572715
4.52883715698
4.52729370782
4.5257354527
4.52416242638
4.52257462851
4.52097202657
4.51935455853
4.51772213529
4.5160746429
4.51441194449
4.51273388203
4.51104027795
4.50933093644
4.50760564471
4.50586417406
4.50410628083
4.50233170716
4.50054018178
4.49873142055
4.49690512703
4.49506099291
4.49319869836
4.49131791241
4.4894182931
4.48749948779
4.48556113322
4.48360285568
4.48162427107
4.4796249849
4.47760459235
4.47556267821
4.47349881681
4.47141257197
4.4693034969
4.46717113402
4.4650150149
4.46283465999
4.46062957851
4.45839926822
4.45614321518
4.45386089352
4.45155176521
4.44921527972
4.44685087381
4.44445797114
4.44203598204
4.43958430307
4.43710231675
4.43458939114
4.43204487947
4.42946811972
4.42685843422
4.42421512919
4.4215374943
4.41882480218
4.4160763079
4.41329124853
4.41046884251
4.40760828918
4.40470876811
4.4017694386
4.39878943895
4.39576788592
4.39270387394
4.3895964745
4.38644473537
4.38324767986
4.38000430604
4.37671358588
4.37337446445
4.36998585899
4.36654665799
4.36305572027
4.35951187393
4.35591391532
4.35226060798
4.34855068147
4.34478283022
4.34095571228
4.33706794804
4.33311811892
4.32910476595
4.32502638829
4.32088144175
4.3166683372
4.31238543887
4.30803106264
4.30360347424
4.29910088731
4.29452146144
4.2898633001
4.28512444842
4.28030289095
4.27539654925
4.27040327936
4.26532086919
4.26014703578
4.25487942234
4.24951559524
4.24405304082
4.23848916197
4.23282127464
4.22704660409
4.22116228096
4.21516533713
4.20905270137
4.20282119474
4.1964675257
4.18998828505
4.18337994045
4.17663883073
4.16976115982
4.16274299037
4.15558023689
4.14826865864
4.14080385195
4.13318124212
4.12539607486
4.11744340709
4.10931809729
4.10101479512
4.09252793039
4.08385170134
4.07498006213
4.06590670939
4.05663804535
4.04716811786
4.03749066253
4.02759908774
4.01748645843
4.00714547849
3.99656847173
3.98574736117
3.97467364661
3.96333838034
3.95173214071
3.93984500344
3.92766651049
3.91518563617
3.90239075023
3.88926957772
3.87580915517
3.86199578278
3.84781497214
3.83325138903
3.81828879075
3.80290995735
3.78709661602
3.77082935785
3.75408754609
3.73684921477
3.7190909565
3.70078779802
3.68191306196
3.66243821283
3.64233268514
3.62156369109
3.60009600478
3.57789171963
3.55490997464
3.5311066449
3.50643399032
3.48084025584
3.45426921474
3.42665964515
3.39794472764
3.36805134914
3.33689929538
3.30440030935
3.27045698866
3.23496148712
3.19779397773
3.15882082205
3.1178923764
3.07484034455
3.0294745597
2.98157904159
2.93090712328
2.87717537147
2.8200559231
2.75916671608
2.69405887933
2.62420022967
2.54895333859
2.46754587342
2.37902970049
2.28222322115
2.17562795494
2.05730421467
1.92467918163
1.77423789169
1.60099949895
