132169.401
88640.7276228
88547.6873705
88455.080791
88362.8918394
88271.1098287
88179.7270133
88088.7371157
87998.134702
87907.9149141
87818.0733516
87728.6060144
87639.5092713
87550.7798396
87462.4147683
87374.4114248
87286.7674816
87199.4809038
87112.5499375
87025.9730981
86939.7491588
86853.8771401
86768.3562989
86683.1861183
86598.3662975
86513.8967421
86429.7775549
86346.0090264
86262.5916261
86179.5259941
86096.8129325
86014.4533975
85932.4484918
85850.7994566
85769.5076649
85688.574614
85608.0019189
85527.7913059
85447.9446059
85368.4637486
85289.3507563
85210.6077385
85132.2368861
85054.2404665
84976.6208177
84899.3803444
84822.5215124
84746.0468443
84669.9589151
84594.260348
84518.95381
84444.0420081
84369.5276858
84295.4136187
84221.7026115
84148.3974944
84075.50112
84003.0163598
83930.9461012
83859.2932447
83788.0607012
83717.2513889
83646.8682308
83576.9141523
83507.3920785
83438.3049323
83369.6556315
83301.4470871
83233.6822011
83166.3638641
83099.494954
83033.0783336
82967.1168489
82901.6133273
82836.5705764
82771.9913814
82707.8785046
82644.234683
82581.0626274
82518.3650207
82456.1445168
82394.4037389
82333.1452786
82272.3716945
82212.0855109
82152.2892171
82092.9852655
82034.1760715
81975.8640118
81918.0514233
81860.7406029
81803.9338057
81747.6332445
81691.8410891
81636.559465
81581.790453
81527.536088
81473.7983586
81420.5792061
81367.8805239
81315.7041567
81264.0518999
81212.925499
81162.3266487
81112.2569925
81062.718122
81013.7115764
80965.2388419
80917.301351
80869.9004821
80823.0375591
80776.7138505
80730.9305695
80685.6888728
80640.9898608
80596.8345769
80553.2240069
80510.1590787
80467.6406622
80425.6695684
80384.2465493
80343.3719164
80303.0470636
80263.2721841
80224.0477903
80185.3743339
80147.2522055
80109.6817347
80072.6631894
80036.1967757
80000.2826377
79964.9208573
79930.1114539
79895.8543842
79862.1495422
79828.9967587
79796.3958015
79764.346375
79732.8481203
79701.9006151
79671.5033731
79641.6558447
79612.3574165
79583.6074112
79555.4050878
79527.7496415
79500.6402037
79474.0758422
79448.0555608
79422.5782999
79397.6429362
79373.248283
79349.3930903
79326.0760448
79303.2957704
79281.0508278
79259.3397152
79238.1608685
79217.5126612
79197.3934049
79177.8013496
79158.7346838
79140.191535
79122.16997
79104.6679954
79087.6835576
79071.2145435
79055.2587809
79039.8140389
79024.8780283
79010.4484023
78996.5227568
78983.0986308
78970.1735075
78957.7448143
78945.8099236
78934.3661536
78923.4107685
78912.9409797
78902.9539459
78893.4467743
78884.4165211
78875.8601922
78867.7747438
78860.1570837
78853.0040715
78846.3125198
78840.0791949
78834.3008176
78828.9732276
78824.0947603
78819.6611255
78815.6688787
78812.1145302
78808.994548
78806.3053606
78804.0433579
78802.2048927
78800.7862815
78799.7838057
