642.337971838
600.101454702
601.511298517
602.930931384
604.37112177
605.834242233
607.320523632
608.829660903
610.361222732
611.914756169
613.489813287
615.085957865
616.702766883
618.339830664
619.996752607
621.673148813
623.36864765
625.082889286
626.815525219
628.566217791
630.334639698
632.120473502
633.923411149
635.743153483
637.579409778
639.431897269
641.300340695
643.184471853
645.084029158
646.998757213
648.928406392
650.87273243
652.831496018
654.804462418
656.791401074
658.792085238
660.806291599
662.833799929
664.874392717
666.927854829
668.993973161
671.072536296
673.163334174
675.266157757
677.380798702
679.507049031
681.644700813
683.793545834
685.953375279
688.123979407
690.305147229
692.496666186
694.698321823
696.90989746
699.131173869
701.361928934
703.601937323
705.850970144
708.108794607
710.375173667
712.649865682
714.932624047
717.22319683
719.521326405
721.826749073
724.139194674
726.458386203
728.784039403
731.115862363
733.453555101
735.796809144
738.145307092
740.498722182
742.856717838
745.218947215
747.585052738
749.954665621
752.327405394
754.702879413
757.080682362
759.460395754
761.841587423
764.22381101
766.606605449
768.989494443
771.371985944
773.753571628
776.133726379
778.51190776
780.887555509
783.260091022
785.62891686
787.993416261
790.352952664
792.70686926
795.054488553
797.395111958
799.728019415
802.052469049
804.367696857
806.672916447
808.967318818
811.250072202
813.520321953
815.777190518
818.019777467
820.247159609
822.458391195
824.652504209
826.828508761
828.985393598
831.122126715
833.2376561
835.330910606
837.400800964
839.446220935
841.466048617
843.459147913
845.424370152
847.360555888
849.266536866
851.141138157
852.983180476
854.791482673
856.564864393
858.302148913
860.002166136
861.663755752
863.285770536
864.867079791
866.406572904
867.903163011
869.355790741
870.763428028
872.125081947
873.439798569
874.706666784
875.924822073
877.093450183
878.211790678
879.279140316
880.294856226
881.258358828
882.169134468
883.026737722
883.830793331
884.580997728
885.277120122
885.919003108
886.506562771
887.039788266
887.518740848
887.943552338
888.314423032
888.631619023
888.895468974
889.106360427
889.264735091
889.371084614
889.425944874
889.429890338
889.383527925
889.287490518
889.14243018
888.949011127
888.707902513
888.419771089
888.08527379
887.705050302
887.27971568
886.809853054
886.296006475
885.738673966
885.138300787
884.495272984
883.809911235
883.082465024
882.313107175
881.501928747
880.648933526
879.754036827
878.817056941
877.837714629
876.815629237
875.750315932
874.641183317
873.48753141
872.288549971
871.043317162
869.750798533
868.409846303
867.019198934
865.577480969
864.083203132
862.534762662
860.930443877
859.268418953
857.5467489
855.763384743
853.91616888
642.337971838
600.101454702
601.511298517
602.930931384
604.37112177
605.834242233
607.320523632
608.829660903
610.361222732
611.914756169
613.489813287
615.085957865
616.702766883
618.339830664
619.996752607
621.673148813
623.36864765
625.082889286
626.815525219
628.566217791
630.334639698
632.120473502
633.923411149
635.743153483
637.579409778
639.431897269
641.300340695
643.184471853
645.084029158
646.998757213
648.928406392
650.87273243
652.831496018
654.804462418
656.791401074
658.792085238
660.806291599
662.833799929
664.874392717
666.927854829
668.993973161
671.072536296
673.163334174
675.266157757
677.380798702
679.507049031
681.644700813
683.793545834
685.953375279
688.123979407
690.305147229
692.496666186
694.698321823
696.90989746
699.131173869
701.361928934
703.601937323
705.850970144
708.108794607
710.375173667
712.649865682
714.932624047
717.22319683
719.521326405
721.826749073
724.139194674
726.458386203
728.784039403
731.115862363
733.453555101
735.796809144
738.145307092
740.498722182
742.856717838
745.218947215
747.585052738
749.954665621
752.327405394
754.702879413
757.080682362
759.460395754
761.841587423
764.22381101
766.606605449
768.989494443
771.371985944
773.753571628
776.133726379
778.51190776
780.887555509
783.260091022
785.62891686
787.993416261
790.352952664
792.70686926
795.054488553
797.395111958
799.728019415
802.052469049
804.367696857
806.672916447
808.967318818
811.250072202
813.520321953
815.777190518
818.019777467
820.247159609
822.458391195
824.652504209
826.828508761
828.985393598
831.122126715
833.2376561
835.330910606
837.400800964
839.446220935
841.466048617
843.459147913
845.424370152
847.360555888
849.266536866
851.141138157
852.983180476
854.791482673
856.564864393
858.302148913
860.002166136
861.663755752
863.285770536
864.867079791
866.406572904
867.903163011
869.355790741
870.763428028
872.125081947
873.439798569
874.706666784
875.924822073
877.093450183
878.211790678
879.279140316
880.294856226
881.258358828
882.169134468
883.026737722
883.830793331
884.580997728
885.277120122
885.919003108
886.506562771
887.039788266
887.518740848
887.943552338
888.314423032
888.631619023
888.895468974
889.106360427
889.264735091
889.371084614
889.425944874
889.429890338
889.383527925
889.287490518
889.14243018
888.949011127
888.707902513
888.419771089
888.08527379
887.705050302
887.27971568
886.809853054
886.296006475
885.738673966
885.138300787
884.495272984
883.809911235
883.082465024
882.313107175
881.501928747
880.648933526
879.754036827
878.817056941
877.837714629
876.815629237
875.750315932
874.641183317
873.48753141
872.288549971
871.043317162
869.750798533
868.409846303
867.019198934
865.577480969
864.083203132
862.534762662
860.930443877
859.268418953
857.5467489
855.763384743
853.91616888
