85.476105
69.4691344334
68.8580141548
68.3226403676
67.8275237902
67.3554719768
66.8980998511
66.4512705055
66.0129014309
65.5819073662
65.1576899648
64.7398908004
64.3282707022
63.922653631
63.5228937046
63.1288630984
62.7404452563
62.357528607
61.9800050539
61.6077707078
61.2407231516
60.8787615894
60.521786593
60.1696999619
59.8224046609
59.4798048085
59.1418057017
58.8083138644
58.4792371109
58.1544846179
57.833967
57.5175963847
57.2052864837
56.8969526589
56.5925119806
56.2918832781
55.9949871807
55.7017461499
55.4120845019
55.125928422
54.8432059691
54.5638470727
54.2877835228
54.0149489519
53.7452788113
53.4787103425
53.215182543
52.9546361285
52.6970134915
52.4422586581
52.1903172413
51.941136394
51.6946647606
51.4508421959
51.2096407603
50.9710029268
50.7348828161
50.5012357972
50.2700184413
50.0411884759
49.8147047416
49.5905271494
49.3686166395
49.1489351426
48.9314455416
48.7161116362
48.5028981081
48.2917704884
48.0826951268
47.8756391613
47.6705704907
47.4674577477
47.2662702737
47.0669780946
46.8695518984
46.6739630133
46.4801833877
46.2881855703
46.097942692
45.9094284484
45.7226170833
45.5374833724
45.3540026088
45.1721505882
44.9919035956
44.8132383918
44.6361322011
44.4605626993
44.2865080021
44.1139466538
43.9428576174
43.7732202635
43.605014361
43.4382200674
43.2728179195
43.1087888249
42.946114053
42.7847752268
42.6247543151
42.4660336241
42.3085957906
42.1524237739
41.997500849
41.8438105997
41.6913369114
41.540063965
41.3899762303
41.2410584595
41.0932956815
40.9466731955
40.8011765656
40.656791615
40.5135044204
40.3713013066
40.2301688413
40.09009383
39.9510633111
39.8130645504
39.6760850373
39.5401124792
39.4051347974
39.2711401225
39.1381167901
39.0060533367
38.874938495
38.7447611904
38.6155105367
38.4871758324
38.3597465566
38.2332123657
38.1075630892
37.9827887269
37.8588794446
37.7358255714
37.6136175957
37.4922461627
37.3717020706
37.2519762677
37.1330598495
37.0149440555
36.8976202664
36.7810800013
36.6653149148
36.5503167944
36.4360775575
36.3225892494
36.2098440402
36.0978342227
35.9865522095
35.8759905311
35.7661418332
35.6569988748
35.5485545256
35.4408017637
35.3337336741
35.2273434461
35.1216243712
35.0165698414
34.9121733471
34.8084284751
34.705328907
34.602868417
34.5010408702
34.3998402212
34.2992605118
34.1992958699
34.0999405073
34.0011887186
33.9030348791
33.8054734439
33.7084989456
33.6121059937
33.5162892724
33.4210435395
33.3263636252
33.2322444303
33.1386809254
33.0456681491
32.953201207
32.8612752705
32.7698855754
32.6790274208
32.5886961681
32.4988872394
32.4095961171
32.3208183419
32.2325495125
32.1447852844
32.0575213683
31.97075353
31.8844775886
31.7986894162
31.7133849364
31.6285601237
31.5442110027
31.4603336468
31.3769241777
31.2939787644
31.2114936224
31.1294650129
