-1.92255977526
-1.44715995653
-1.45391350842
-1.46640067269
-1.45941647891
-1.45606989243
-1.45521629225
-1.45575576073
-1.45558355901
-1.45704117012
-1.45858670083
-1.46010658238
-1.46155161004
-1.46290430391
-1.46416218044
-1.4653294264
-1.46641284292
-1.46741992015
-1.46835796205
-1.46923372282
-1.47005328803
-1.47082206933
-1.47154484819
-1.47222583778
-1.47286874841
-1.47347684991
-1.47405302834
-1.47459983633
-1.47511953718
-1.47561414311
-1.47608544844
-1.47653505815
-1.47696441254
-1.47737480844
-1.47776741752
-1.47814330195
-1.47850342803
-1.47884867781
-1.47917985921
-1.47949771464
-1.47980292855
-1.4800961339
-1.48037791779
-1.48064882631
-1.48090936876
-1.48116002136
-1.48140123043
-1.48163341518
-1.48185697022
-1.48207226763
-1.48227965893
-1.48247947669
-1.48267203608
-1.48285763612
-1.48303656089
-1.48320908058
-1.48337545242
-1.48353592151
-1.48369072164
-1.48384007594
-1.4839841975
-1.48412329001
-1.48425754821
-1.48438715846
-1.4845122991
-1.48463314094
-1.48474984759
-1.48486257587
-1.48497147607
-1.48507669233
-1.48517836292
-1.48527662046
-1.48537159225
-1.48546340046
-1.48555216203
-1.48563799029
-1.48572099304
-1.48580127418
-1.48587893351
-1.48595406693
-1.48602676657
-1.486097121
-1.48616521534
-1.48623113141
-1.48629494787
-1.48635674036
-1.4864165816
-1.48647454154
-1.48653068744
-1.486585084
-1.48663779347
-1.48668887572
-1.48673838836
-1.48678638681
-1.48683292442
-1.4868780525
-1.48692182047
-1.48696427586
-1.48700546445
-1.48704543029
-1.4870842158
-1.48712186181
-1.48715840764
-1.48719389116
-1.48722834883
-1.48726181575
-1.48729432576
-1.48732591143
-1.48735660413
-1.48738643409
-1.48741543045
-1.48744362126
-1.48747103355
-1.48749769339
-1.48752362588
-1.48754885522
-1.48757340473
-1.48759729689
-1.48762055338
-1.48764319509
-1.48766524216
-1.48768671401
-1.48770762937
-1.48772800629
-1.4877478622
-1.48776721389
-1.48778607756
-1.48780446884
-1.48782240281
-1.48783989401
-1.48785695647
-1.48787360374
-1.48788984887
-1.48790570449
-1.48792118277
-1.48793629544
-1.48795105384
-1.48796546893
-1.48797955127
-1.48799331106
-1.48800675815
-1.48801990207
-1.48803275198
-1.48804531678
-1.48805760503
-1.488069625
-1.4880813847
-1.48809289185
-1.48810415392
-1.48811517813
-1.48812597144
-1.4881365406
-1.48814689211
-1.48815703228
-1.48816696718
-1.48817670271
-1.48818624454
-1.48819559819
-1.48820476898
-1.48821376203
-1.48822258235
-1.48823123473
-1.48823972384
-1.48824805418
-1.48825623011
-1.48826425585
-1.48827213549
-1.48827987297
-1.48828747212
-1.48829493665
-1.48830227015
-1.48830947607
-1.48831655779
-1.48832351856
-1.48833036154
-1.48833708978
-1.48834370624
-1.48835021378
-1.48835661519
-1.48836291316
-1.4883691103
-1.48837520914
-1.48838121212
-1.48838712164
-1.48839293998
-1.4883986694
-1.48840431205
-1.48840987004
-1.48841534542
-1.48842074015
-1.48842605616
-1.48843129532
-1.48843645942
-1.48844155024
-1.48844656947
-1.48845151877
-1.48845639975
-1.48846121396
-1.48846596292
-1.4884706481
-1.92255977526
-1.44715995653
-1.45391350842
-1.46640067269
-1.45941647891
-1.45606989243
-1.45521629225
-1.45575576073
-1.45558355901
-1.45704117012
-1.45858670083
-1.46010658238
-1.46155161004
-1.46290430391
-1.46416218044
-1.4653294264
-1.46641284292
-1.46741992015
-1.46835796205
-1.46923372282
-1.47005328803
-1.47082206933
-1.47154484819
-1.47222583778
-1.47286874841
-1.47347684991
-1.47405302834
-1.47459983633
-1.47511953718
-1.47561414311
-1.47608544844
-1.47653505815
-1.47696441254
-1.47737480844
-1.47776741752
-1.47814330195
-1.47850342803
-1.47884867781
-1.47917985921
-1.47949771464
-1.47980292855
-1.4800961339
-1.48037791779
-1.48064882631
-1.48090936876
-1.48116002136
-1.48140123043
-1.48163341518
-1.48185697022
-1.48207226763
-1.48227965893
-1.48247947669
-1.48267203608
-1.48285763612
-1.48303656089
-1.48320908058
-1.48337545242
-1.48353592151
-1.48369072164
-1.48384007594
-1.4839841975
-1.48412329001
-1.48425754821
-1.48438715846
-1.4845122991
-1.48463314094
-1.48474984759
-1.48486257587
-1.48497147607
-1.48507669233
-1.48517836292
-1.48527662046
-1.48537159225
-1.48546340046
-1.48555216203
-1.48563799029
-1.48572099304
-1.48580127418
-1.48587893351
-1.48595406693
-1.48602676657
-1.486097121
-1.48616521534
-1.48623113141
-1.48629494787
-1.48635674036
-1.4864165816
-1.48647454154
-1.48653068744
-1.486585084
-1.48663779347
-1.48668887572
-1.48673838836
-1.48678638681
-1.48683292442
-1.4868780525
-1.48692182047
-1.48696427586
-1.48700546445
-1.48704543029
-1.4870842158
-1.48712186181
-1.48715840764
-1.48719389116
-1.48722834883
-1.48726181575
-1.48729432576
-1.48732591143
-1.48735660413
-1.48738643409
-1.48741543045
-1.48744362126
-1.48747103355
-1.48749769339
-1.48752362588
-1.48754885522
-1.48757340473
-1.48759729689
-1.48762055338
-1.48764319509
-1.48766524216
-1.48768671401
-1.48770762937
-1.48772800629
-1.4877478622
-1.48776721389
-1.48778607756
-1.48780446884
-1.48782240281
-1.48783989401
-1.48785695647
-1.48787360374
-1.48788984887
-1.48790570449
-1.48792118277
-1.48793629544
-1.48795105384
-1.48796546893
-1.48797955127
-1.48799331106
-1.48800675815
-1.48801990207
-1.48803275198
-1.48804531678
-1.48805760503
-1.488069625
-1.4880813847
-1.48809289185
-1.48810415392
-1.48811517813
-1.48812597144
-1.4881365406
-1.48814689211
-1.48815703228
-1.48816696718
-1.48817670271
-1.48818624454
-1.48819559819
-1.48820476898
-1.48821376203
-1.48822258235
-1.48823123473
-1.48823972384
-1.48824805418
-1.48825623011
-1.48826425585
-1.48827213549
-1.48827987297
-1.48828747212
-1.48829493665
-1.48830227015
-1.48830947607
-1.48831655779
-1.48832351856
-1.48833036154
-1.48833708978
-1.48834370624
-1.48835021378
-1.48835661519
-1.48836291316
-1.4883691103
-1.48837520914
-1.48838121212
-1.48838712164
-1.48839293998
-1.4883986694
-1.48840431205
-1.48840987004
-1.48841534542
-1.48842074015
-1.48842605616
-1.48843129532
-1.48843645942
-1.48844155024
-1.48844656947
-1.48845151877
-1.48845639975
-1.48846121396
-1.48846596292
-1.4884706481
