0.0142143740319
0.0142222733619
0.0142299715287
0.0142374373569
0.014244651363
0.0142516058556
0.0142582982987
0.0142647283335
0.0142708965368
0.0142768039056
0.0142824516425
0.0142878410655
0.01429297357
0.0142978506112
0.0143024736958
0.0143068443779
0.0143109642553
0.0143148349673
0.0143184581929
0.0143218356485
0.014324969086
0.0143278602914
0.0143305110827
0.0143329233081
0.0143350988446
0.0143370395965
0.0143387474932
0.0143402244884
0.0143414725581
0.0143424936992
0.0143432899284
0.0143438632805
0.0143442158071
0.0143443495754
0.0143442666668
0.014343969176
0.0143434592092
0.0143427388837
0.0143418103261
0.0143406756716
0.0143393370629
0.0143377966491
0.0143360565847
0.0143341190288
0.014331986144
0.0143296600956
0.0143271430508
0.0143244371777
0.0143215446446
0.0143184676193
0.0143152082683
0.0143117687559
0.0143081512437
0.0143043578901
0.0143003908492
0.0142962522706
0.0142919442986
0.0142874690715
0.0142828287216
0.0142780253739
0.0142730611462
0.0142679381484
0.014262658482
0.0142572242398
0.0142516375051
0.0142459003518
0.0142400148437
0.0142339830343
0.0142278069661
0.0142214886708
0.0142150301686
0.0142084334677
0.0142017005647
0.0141948334437
0.0141878340762
0.0141807044211
0.014173446424
0.0141660620175
0.0141585531204
0.0141509216382
0.0141431694623
0.0141352984701
0.0141273105248
0.0141192074754
0.0141109911561
0.0141026633868
0.0140942259724
0.014085680703
0.0140770293537
0.0140682736846
0.0140594154406
0.0140504563513
0.014041398131
0.0140322424785
0.0140229910775
0.0140136455957
0.0140042076857
0.0139946789843
0.0139850611126
0.0139753556763
0.0139655642651
0.0139556884534
0.0139457297996
0.0139356898465
0.0139255701212
0.0139153721352
0.0139050973842
0.0138947473482
0.0138843234916
0.0138738272632
0.0138632600962
0.0138526234081
0.013841918601
0.0138311470614
0.0138203101605
0.0138094092538
0.0137984456816
0.013787420769
0.0137763358255
0.0137651921456
0.0137539910087
0.0137427336749
0.0137314213987
0.0137200554137
0.0137086369388
0.0136971671783
0.013685647322
0.0136740785448
0.0136624620071
0.0136507988549
0.0136390902196
0.0136273372183
0.0136155409538
0.0136037025147
0.0135918229755
0.0135799033966
0.0135679448246
0.0135559482921
0.0135439148181
0.0135318454079
0.0135197410532
0.0135076027321
0.0134954314096
0.0134832280372
0.0134709935534
0.0134587288834
0.0134464349397
0.0134341126216
0.013421762816
0.0134093863969
0.0133969842257
0.0133845571514
0.0133721060107
0.0133596316281
0.0133471348157
0.0133346163738
0.0133220770907
0.0133095177429
0.0132969390952
0.0132843419008
0.0132717269013
0.0132590948271
0.0132464463972
0.0132337823196
0.0132211032909
0.0132084099973
0.0131957031136
0.0131829833044
0.0131702512235
0.013157507514
0.013144752809
0.0131319877312
0.013119212893
0.013106428897
0.0130936363357
0.013080835792
0.0130680278389
0.0130552130399
0.0130423919492
0.0130295651113
0.0130167330618
0.013003896327
0.0129910554242
0.0129782108618
0.0129653631395
0.0129525127482
0.0129396601704
0.0129268058799
0.0129139503424
0.0129010942374
0.0128882376786
0.0128753811661
0.0128625251645
0.0128496701127
0.0128368164341
0.0128239645415
0.0128111148384
0.0127982677209
0.0127854235771
0.0127725827881
