18.317959765
18.3179358672
18.3179129878
18.3178913462
18.3178710537
18.3178521507
18.3178346477
18.3178185426
18.3178038285
18.3177904958
18.3177785343
18.317767933
18.3177586805
18.3177507655
18.3177441762
18.3177389007
18.3177349271
18.3177322432
18.3177308367
18.3177306952
18.3177318062
18.317734157
18.317737735
18.3177425274
18.3177485212
18.3177557037
18.3177640617
18.3177735822
18.3177842522
18.3177960585
18.3178089879
18.3178230273
18.3178381635
18.3178543832
18.3178716731
18.3178900202
18.3179094111
18.3179298327
18.3179512716
18.3179737149
18.3179971491
18.3180215614
18.3180469385
18.3180732673
18.3181005349
18.3181287283
18.3181578345
18.3181878406
18.3182187337
18.3182505012
18.3182831303
18.3183166083
18.3183509226
18.3183860606
18.31842201
18.3184587584
18.3184962933
18.3185346027
18.3185736742
18.3186134959
18.3186540556
18.3186953416
18.3187373419
18.3187800449
18.3188234387
18.318867512
18.3189122531
18.3189576507
18.3190036934
18.3190503701
18.3190976696
18.3191455809
18.3191940931
18.3192431953
18.3192928768
18.319343127
18.3193939352
18.3194452911
18.3194971842
18.3195496044
18.3196025415
18.3196559853
18.3197099261
18.3197643538
18.3198192587
18.3198746312
18.3199304617
18.3199867407
18.3200434589
18.320100607
18.3201581758
18.3202161563
18.3202745394
18.3203333164
18.3203924785
18.3204520169
18.320511923
18.3205721885
18.3206328049
18.320693764
18.3207550575
18.3208166773
18.3208786154
18.3209408641
18.3210034153
18.3210662615
18.3211293949
18.3211928081
18.3212564937
18.3213204442
18.3213846525
18.3214491114
18.3215138138
18.3215787527
18.3216439213
18.3217093127
18.3217749203
18.3218407374
18.3219067576
18.3219729742
18.3220393811
18.3221059718
18.3221727403
18.3222396805
18.3223067862
18.3223740516
18.3224414708
18.3225090381
18.3225767478
18.3226445942
18.3227125718
18.3227806752
18.3228488991
18.322917238
18.3229856869
18.3230542405
18.3231228939
18.323191642
18.3232604799
18.3233294029
18.323398406
18.3234674847
18.3235366344
18.3236058504
18.3236751284
18.3237444638
18.3238138525
18.3238832901
18.3239527724
18.3240222953
18.3240918548
18.3241614468
18.3242310674
18.3243007128
18.3243703791
18.3244400627
18.3245097598
18.3245794669
18.3246491804
18.3247188967
18.3247886125
18.3248583245
18.3249280279
18.3249977215
18.3250674018
18.3251370654
18.3252067092
18.3252763301
18.3253459251
18.3254154913
18.3254850259
18.325554526
18.3256239888
18.3256934116
18.3257627919
18.3258321269
18.3259014141
18.3259706509
18.326039835
18.3261089639
18.3261780352
18.3262470466
18.3263159958
18.3263848806
18.3264536987
18.3265224481
18.3265911266
18.3266597321
18.3267282626
18.3267967162
18.3268650908
18.3269333846
18.3270015957
18.3270697223
18.3271377625
18.3272057147
18.3272735771
18.327341348
18.3274090257
18.3274766087
