5.36289
6.39281412819
5.97842767796
5.41893432869
5.15747223059
5.00072795469
4.91150017026
4.86347846589
4.83858465459
4.80725460676
4.7919365335
4.78752313601
4.78496476001
4.78331920896
4.78210497267
4.78107634566
4.78010816809
4.77913700214
4.77813110883
4.7770750951
4.77596203778
4.77478942602
4.77355705969
4.77226595355
4.77091776072
4.76951446597
4.76805821993
4.76655124773
4.76499579737
4.76339410949
4.76174839923
4.7600608448
4.75833358012
4.75656868997
4.75476820669
4.75293410815
4.75106831635
4.74917269672
4.74724905785
4.74529915154
4.74332467323
4.74132726251
4.73930850394
4.73726992795
4.73521301185
4.73313918091
4.73104980958
4.72894622269
4.72682969667
4.72470146086
4.72256269878
4.7204145494
4.71825810845
4.71609442965
4.71392452604
4.71174937114
4.70956990022
4.70738701149
4.70520156726
4.70301439511
4.70082628897
4.69863801026
4.69645028891
4.69426382445
4.69207928695
4.68989731804
4.68771853187
4.685543516
4.68337283233
4.68120701793
4.67904658593
4.67689202629
4.67474380662
4.67260237296
4.67046816514
4.66834155879
4.66622295429
4.66411271852
4.66201120024
4.65991873075
4.65783562451
4.6557621797
4.65369867882
4.65164538924
4.64960256374
4.647570441
4.64554924618
4.64353919131
4.64154047583
4.63955328703
4.63757780047
4.63561418045
4.63366258038
4.63172314319
4.62979600175
4.6278812792
4.62597908935
4.62408953699
4.62221271826
4.62034872099
4.61849762497
4.61665950229
4.61483441765
4.6130224286
4.61122358586
4.60943793359
4.60766550961
4.60590634568
4.60416046775
4.60242789619
4.60070864598
4.59900272699
4.59731014415
4.59563089768
4.59396498326
4.59231239226
4.59067311187
4.58904712536
4.58743441216
4.58583494811
4.58424870556
4.58267565357
4.58111575804
4.57956898183
4.57803528497
4.57651462473
4.57500695578
4.57351223032
4.57203039819
4.57056140698
4.56910520218
4.56766172725
4.56623092376
4.56481273144
4.56340708836
4.56201393095
4.56063319412
4.55926481137
4.55790871483
4.55656483538
4.55523310272
4.55391344544
4.55260579108
4.55131006624
4.55002619661
4.54875410707
4.5474937217
4.54624496391
4.54500775644
4.54378202145
4.54256768057
4.54136465494
4.54017286524
4.53899223182
4.53782267463
4.53666411337
4.53551646747
4.53437965614
4.53325359844
4.53213821326
4.53103341943
4.52993913569
4.52885528075
4.52778177334
4.5267185322
4.52566547614
4.52462252405
4.52358959495
4.52256660799
4.52155348248
4.52055013792
4.51955649402
4.51857247073
4.51759798824
4.51663296702
4.51567732781
4.51473099168
4.51379388001
4.5128659145
4.51194701725
4.51103711067
4.5101361176
4.50924396124
4.5083605652
4.50748585353
4.50661975068
4.50576218155
4.50491307149
4.50407234628
4.5032399322
4.50241575598
4.50159974484
4.50079182646
4.49999192904
4.49919998128
4.49841591236
4.49763965198
4.49687113035
4.49611027822
4.49535702681
