2.3
5.96901002892
5.95867536208
5.9483631614
5.93807024768
5.92779389125
5.91753174765
5.90728180258
5.89704232477
5.88681182568
5.87658902454
5.86637281988
5.8561622638
5.84595653969
5.83575494407
5.82555687071
5.81536179691
5.80516927188
5.79497890668
5.7847903656
5.77460335878
5.7644176359
5.75423298069
5.74404920627
5.73386615114
5.72368367569
5.71350165927
5.70331999757
5.69313860049
5.68295739016
5.67277629936
5.66259527009
5.65241425233
5.64223320303
5.63205208515
5.62187086784
5.61168952108
5.60150802443
5.59132635717
5.58114450255
5.57096244642
5.56078017696
5.55059519784
5.54041247162
5.53023200357
5.52004879829
5.50986534609
5.49968164395
5.48949768973
5.47931348209
5.46912902036
5.45894430447
5.44875933488
5.43857411248
5.42838863856
5.41820291477
5.40801694303
5.39783072554
5.38764426468
5.37745756306
5.36727062342
5.35708344865
5.34689604175
5.3367084058
5.32652054398
5.3163324595
5.30614415565
5.29595563573
5.28576690309
5.27557796106
5.26538881301
5.2551994623
5.24500991228
5.23482016628
5.22463022764
5.21444009965
5.20424978559
5.1940592887
5.18386861221
5.17367775929
5.16348673308
5.1532955367
5.14310417321
5.13291264564
5.12272095697
5.11252911013
5.10233710804
5.09214495353
5.08195439994
5.07176019856
5.06156760347
5.05137486693
5.04118199155
5.03098897992
5.02079583456
5.01060255798
5.0004091526
4.99021562084
4.98002196504
4.96982818752
4.95963458254
4.9494402793
4.93924614921
4.92905190647
4.9188575531
4.90866309109
4.89846852245
4.88827384913
4.87807907304
4.86788419608
4.8576892201
4.84749414694
4.83729897838
4.82710371616
4.81690836202
4.80671291764
4.79651746977
4.78632184975
4.77612775347
4.76593196301
4.75573609027
4.74554013673
4.73534410384
4.72514799303
4.71495020811
4.70475562783
4.6945592915
4.6843628827
4.67416640272
4.66396985283
4.65377323427
4.64357654826
4.63337979598
4.6231829786
4.61298609727
4.6027891531
4.59259214719
4.58239508062
4.57219795444
4.56200076967
4.55180352733
4.54160622842
4.53140887389
4.5212114647
4.51101400178
4.50081648605
4.49061891838
4.48042129967
4.47022363077
4.46002426407
4.44982806285
4.43963024839
4.42943238701
4.41923447947
4.40903652654
4.39883852895
4.38864048744
4.37844084405
4.36824271818
4.35804610247
4.34784625951
4.33764801022
4.32744972107
4.3172513927
4.30705302572
4.29685462076
4.28665617841
4.27645769925
4.26625918385
4.25606063279
4.24586204659
4.23566342582
4.22546477099
4.21526608262
4.20506736123
4.1948686073
4.18466982133
4.1744710038
4.16427215518
4.15407327592
4.14387436648
4.13367542731
4.12347645883
4.11327746147
4.10307843566
4.09287938179
4.08268030028
4.07248119151
4.06228205588
4.05208289376
4.04188370553
4.03168449156
4.02148525219
4.01128598778
4.00108669869
3.99088738524
3.98068804777
3.97048868661
3.96028930207
3.95008989448
