194196.366
323441.655496
323402.242673
323372.149994
323350.983343
323338.374277
323333.957064
323337.365387
323348.232725
323366.193354
323390.883405
323421.941861
323459.011483
323501.739661
323549.779192
323602.788981
323660.434681
323722.389264
323788.333534
323857.956575
323930.956152
324007.039058
324085.921409
324167.328903
324250.997028
324336.671237
324424.107088
324513.070346
324603.33706
324694.693604
324786.936703
324879.873419
324973.321129
325067.107469
325161.070266
325255.057446
325348.926928
325442.546499
325535.79367
325628.555522
325720.728539
325812.218418
325902.939879
325992.816454
326081.7808
326169.772367
326256.740295
326342.641093
326427.438904
326511.105242
326593.618731
326674.964835
326755.135582
326834.129294
326911.950304
326988.608682
327064.119949
327138.503441
327211.787113
327284.000191
327355.177241
327425.356911
327494.581656
327562.901002
327630.357575
327697.006858
327762.903974
327828.106597
327892.674712
327956.67039
328020.157561
328083.201799
328145.870113
328208.230744
328270.352967
328332.306904
328394.163339
328455.993541
328517.8691
328579.861755
328642.043246
328704.485158
328767.258777
328830.434954
328894.083969
328958.275406
329023.078031
329088.559672
329154.787113
329221.825981
329289.740649
329358.594137
329428.448017
329499.362325
329571.395479
329644.604193
329719.043405
329794.766201
329871.823746
329950.265215
330030.137737
330111.485647
330194.353148
330278.780205
330364.805182
330452.464129
330541.790739
330632.816306
330725.56969
330820.07728
330916.362967
331014.448115
331114.351535
331216.089469
331319.675567
331425.120876
331532.43383
331641.620238
331752.683287
331865.623539
331980.438934
332097.124798
332215.673858
332336.07625
332458.319548
332582.388778
332708.266452
332835.932597
332965.364791
333096.538202
333229.425634
333363.997574
333500.222242
333638.065651
333777.491664
333918.46206
334060.936603
334204.873111
334350.227531
334496.954023
334645.005036
334794.329313
334944.880409
335096.603969
335249.446508
335403.353274
335558.268358
335714.13479
335870.894651
336028.489166
336186.858813
336345.943426
336505.6823
336666.014295
336826.877941
336988.211543
337149.953283
337312.041322
337474.413903
337637.009447
337799.766653
337962.624589
338125.522789
338288.401339
338451.200966
338613.86532
338776.332188
338938.54698
339100.453778
339261.997691
339423.124914
339583.782793
339743.919879
339903.485979
340062.43221
340220.711036
340378.276315
340535.083329
340691.088817
340846.251006
341000.529628
341153.885941
341306.282746
341457.684397
341608.056805
341757.367447
341905.585362
342052.681148
342198.626956
342343.396483
342486.964953
342629.309106
342770.407179
342910.238886
343048.785392
343186.029291
343321.954579
343456.546621
343589.792127
343721.679114
