309019.240392
311287.58523
308529.49503
305828.859472
303173.536886
300561.060624
297990.385872
295460.575549
292970.685172
290519.706139
288106.591582
285730.27423
283389.683526
281083.760835
278811.472278
276571.818958
274363.84456
272186.640459
270039.348558
267921.162185
265831.325367
263769.13084
261733.917117
259725.064911
257741.993175
255784.154965
253851.033305
251942.137196
250056.997844
248195.165209
246356.204888
244539.695381
242745.225731
240972.393544
239220.803381
237490.065483
235779.794838
234089.610538
232419.135409
230767.995901
229135.822191
227522.248491
225926.913531
224349.461205
222789.541345
221246.810628
219720.933587
218211.583716
216718.444665
215241.211516
213779.592134
212333.308589
210902.098655
209485.717388
208083.938779
206696.557511
205323.390812
203964.280428
202619.094742
201287.731047
199970.118016
198666.218392
197376.03195
196099.598755
194837.002804
193588.376079
192353.903121
191133.826188
189928.451116
188738.15401
187563.388896
186404.696535
185262.71459
184138.189413
183031.701769
181945.122849
180878.752792
179834.223351
178813.083369
177817.117995
176848.385527
175909.261556
175002.492086
174131.257807
173299.252266
172510.777555
171770.862178
171085.40726
170461.369267
169906.99022
169432.224711
169048.592376
168863.78587
168878.186788
168890.636708
168901.148445
168910.050863
168917.039452
168922.640736
168926.405913
168928.540783
168929.091405
168928.095645
168925.59131
168921.616181
168916.208021
168909.404585
168901.243607
168891.762787
168880.999775
168868.992135
168855.777327
168841.392666
168825.875291
168809.262134
168791.589876
168772.894922
168753.213358
168732.580923
168711.032973
168688.604451
168665.329859
168641.243229
168616.378097
168590.767479
168564.44385
168537.439125
168509.784638
168481.511128
168452.648726
168423.22694
168393.274647
168362.820083
168331.890837
168300.513846
168268.715389
168236.521087
168203.955901
168171.044134
168137.809429
168104.274775
168070.46251
168036.394325
168002.091269
167967.573757
167932.861576
167897.973894
167862.929268
167827.745651
167792.440405
167757.030308
167721.531565
167685.959822
167650.33017
167614.657163
167578.954825
167543.236664
167507.515682
167471.804388
167436.114808
167400.458499
167364.846559
167329.289639
167293.797957
167258.381306
167223.049067
167187.810223
167152.673366
167117.646711
167082.738107
167047.955045
167013.304674
166978.793806
166944.428929
166910.216219
166876.161546
166842.270486
166808.54833
166775.000095
166741.630531
166708.444129
166675.445134
166642.63755
166610.025148
166577.611478
166545.399873
166513.393456
166481.595152
166450.007692
166418.633621
166387.475303
166356.534932
166325.814534
166295.315976
166265.04097
166234.991082
166205.167734
166175.572214
166146.205676
166117.06915
