0.0024646367193
0.00248387002197
0.00250260756222
0.00252085553137
0.00253861541117
0.00255588880656
0.00257267783063
0.00258898524672
0.00260481442114
0.00262016929435
0.00263505435053
0.00264947458634
0.00266343547929
0.00267694295584
0.00269000335939
0.00270262341849
0.00271481021523
0.00272657115405
0.0027379139312
0.00274884650471
0.0027593770653
0.00276951400805
0.00277926590509
0.00278864147926
0.00279764957891
0.00280629915378
0.00281459923204
0.00282255889854
0.00283018727422
0.00283749349679
0.00284448670251
0.00285117600928
0.00285757050081
0.00286367921202
0.00286951111554
0.00287507510929
0.00288038000519
0.00288543451884
0.00289024726025
0.00289482672545
0.00289918128908
0.00290331919782
0.00290724856463
0.00291097736375
0.00291451342651
0.00291786443771
0.00292103793276
0.00292404129534
0.00292688175568
0.00292956638929
0.00293210211624
0.00293449570082
0.00293675375167
0.00293888272224
0.00294088891156
0.00294277846538
0.00294455737755
0.00294623149164
0.00294780650279
0.00294928795973
0.00295068126705
0.00295199168749
0.00295322434446
0.00295438422463
0.0029554761806
0.00295650493364
0.00295747507653
0.00295839107637
0.00295925727748
0.00296007790426
0.00296085706413
0.00296159875038
0.00296230684507
0.00296298512184
0.00296363724879
0.0029642667912
0.00296487721432
0.00296547188599
0.00296605407935
0.00296662697532
0.0029671936652
0.00296775715304
0.00296832035805
0.00296888611688
0.00296945718585
0.00297003624311
0.0029706258907
0.00297122865654
0.00297184699635
0.00297248329551
0.00297313987077
0.00297381897196
0.00297452278355
0.00297525342622
0.00297601295826
0.00297680337692
0.00297762661973
0.00297848456568
0.00297937903634
0.00298031179695
0.00298128455738
0.00298229897304
0.00298335664574
0.00298445912444
0.00298560790598
0.00298680443573
0.00298805010814
0.00298934626727
0.00299069420728
0.0029920951728
0.0029935503593
0.00299506091338
0.00299662793302
0.0029982524678
0.00299993551904
0.00300167803989
0.00300348093548
0.00300534506288
0.00300727123116
0.00300926020132
0.0030113126863
0.00301342935082
0.00301561081134
0.00301785763592
0.00302017034407
0.00302254940663
0.0030249952456
0.00302750823393
0.00303008869544
0.00303273690457
0.00303545308627
0.0030382374158
0.00304109001864
0.00304425569911
0.00304747673834
0.00304109227604
0.00303514433011
0.00302964509482
0.00302460059922
0.00302001138424
0.00301587378488
0.00301218096778
0.00300892372354
0.00300609107274
0.00300367073337
0.00300164948426
0.00300001344967
0.0029987483235
0.00299783954695
0.00299727244999
0.00299703236452
0.00299710471531
0.00299747509335
0.00299812931541
0.00299905347246
0.00300023396948
0.00300165755825
0.00300331136471
0.00300518291193
0.00300726013984
0.00300953142224
0.00301198558194
0.00301461190451
0.00301740015105
0.00302033148581
0.00302339486438
0.00302658195371
0.00302988489829
0.00303329634102
0.00303680943813
0.00304041787913
0.00304411590747
0.00304789834317
0.003051760608
0.00305569875364
0.00305970949355
0.00306379023924
0.00306793914178
0.00307215513965
0.0030764380141
0.00308078845353
0.00308520812868
0.00308969977925
0.00309426732449
0.00309891597551
0.00310365238894
0.00310848483953
0.00311342342963
0.00311848034225
0.00312367014836
0.00312901018256
0.00313452100593
0.00314022698058
0.0031461569896
0.00315234534805
0.00315883296899
0.00316566887495
0.00317291218596
0.00318063477834
0.00318892490991
