-186.403872941
69.5770893274
9.83213700276
-156.657235625
52.7806459341
6.61792828835
-135.99587476
53.4056646681
6.76304150241
-119.990107315
50.9305201994
7.09957776957
-107.979931089
52.3860280265
7.1681406165
-101.32452548
53.6501133406
7.28683843628
-97.705567046
54.7770468105
7.42509190489
-95.5496296444
55.6676325507
7.56899711176
-94.1178942074
56.6032282529
7.7077497212
-93.0053587786
57.4710564395
7.84106768048
-92.0233363456
58.2778872681
7.9679422556
-91.0885651937
59.0294716442
8.08818094567
-90.1669901985
59.7309092751
8.20195937419
-89.2468480475
60.386787835
8.30961106909
-88.3260658313
61.001256386
8.41152814693
-87.4064663493
61.5780682375
8.50811354737
-86.4911597193
62.1206125163
8.59975822438
-85.5834117033
62.6319415151
8.68683060246
-84.686188709
63.1147966252
8.76967219489
-83.8020072408
63.5716337686
8.8485963908
-82.932915653
64.0046484211
8.92388890344
-82.080529335
64.4157999988
8.99580909339
-81.2460838118
64.8068352995
9.06459173837
-80.4304902968
65.1793107172
9.13044900529
-79.6343874242
65.5346130158
9.19357247907
-78.8581870299
65.8739785246
9.25413515913
-78.1021136539
66.1985106865
9.31229336872
-77.3662381705
66.5091959529
9.36818854422
-76.6505062026
66.8069180609
9.42194888627
-75.9547620202
67.0924707653
9.47369086509
-75.2787685762
67.3665691195
9.52352057882
-74.6222242635
67.6298594141
9.57153496929
-73.9847768981
67.8829278888
9.61782290221
-73.3660353598
68.1263083352
9.66246612121
-72.7655792599
68.3604887069
9.70554008601
-72.1829669478
68.5859168464
9.74711470558
-71.6177421211
68.803005433
9.78725497697
-71.0694392628
69.0121362483
9.82602154039
-70.5375880956
69.2136638455
9.86347116023
-70.0217172121
69.4079187021
9.89965714107
-69.5213570174
69.5952099259
9.93462968727
-69.0360420962
69.7758275774
9.96843621323
-68.5653131014
69.9500446622
10.0011216115
-68.1087182438
70.1181188421
10.0327284841
-67.6658144519
70.2802939062
10.063297343
-67.2361682573
70.4368010377
10.0928667833
-66.819356453
70.5878599077
10.1214736345
-66.4149665668
70.7336796221
10.1491530911
-66.02259718
70.8744595443
10.1759388283
-65.6418581207
71.0103900124
10.2018631024
-65.2723705549
71.1416529681
10.2269568399
-64.9137669943
71.2684225104
10.251249717
-64.565691237
71.3908653853
10.2747702295
-64.2277982534
71.509141422
10.2975457568
-63.8997540305
71.6234039241
10.3196026182
-63.581235381
71.7338000204
10.3409661258
-63.2719297275
71.8404709848
10.3616606312
-62.9715348653
71.9435525258
10.3817095695
-62.6797587114
72.0431750537
10.4011354992
-62.3963190425
72.1394639254
10.4199601404
-62.1209432255
72.232539672
10.4382044089
-61.8533679442
72.3225182103
10.4558884494
-61.5933389241
72.4095110406
10.4730316666
-61.3406106564
72.4936254323
10.4896527538
-61.0949461244
72.5749645986
10.5057697208
-60.8561165319
72.6536278617
10.5213999204
-60.6239010361
72.7297108093
10.5365600731
-60.3980864838
72.8033054429
10.5512662909
-60.1784671544
72.8745003195
10.5655341007
-59.964844564
72.943380595
10.5793784589
-59.7570269859
73.010028519
10.5928137992
-59.5548295692
73.0745230074
10.605854013
-59.35807386
73.136940128
10.6185124953
-59.1665876374
73.1973531218
10.6308021565
-58.9802046933
73.2558325104
10.6427354405
-58.7987646178
73.3124462006
10.6543243417
-58.6221125929
73.3672595838
10.6655804219
-58.4500991914
73.4203356319
10.6765148258
-58.282580183
73.4717349892
10.6871382969
-58.1194163466
73.5215160612
10.697461192
-57.9604732886
73.5697350992
10.7074934956
-57.8056212682
73.6164462824
10.7172448335
-57.6547350273
73.6617017965
10.7267244863
-57.5076936284
73.705551909
10.7359414019
-57.3643802958
73.7480450425
10.7449042082
-57.2246822643
73.789227844
10.7536212242
-57.0884906324
73.8291452529
10.7621004724
-56.9557002212
73.8678405649
10.770349689
-56.8262094377
73.9053554949
10.7783763349
-56.6999201443
73.9417302365
10.7861876056
-56.576737532
73.9770035199
10.7937904416
-56.4565699985
74.0112126669
10.8011915371
-56.3393290314
74.0443936445
10.8083973497
-56.224929095
74.0765811159
10.8154141088
-56.1132875216
74.1078084899
10.8222478245
-56.0043244069
74.1381079682
10.828904295
-55.8979625096
74.167510591
10.8353891152
-55.794127154
74.1960462809
10.8417076839
-55.6927461368
74.2237438849
10.8478652108
-55.5937496377
74.2506312148
10.853866724
-55.4970701326
74.2767350865
10.8597170764
-55.4026423109
74.3020813573
10.865420952
-55.3104029949
74.3266949618
10.8709828727
-55.2202910635
74.3505999466
10.8764072036
-55.132247378
74.3738195036
10.8816981593
-55.0462147107
74.3963760021
10.8868598091
-54.9621376763
74.4182910195
10.8918960826
-54.8799626666
74.4395853709
10.8968107747
-54.7996377862
74.4602791374
10.9016075503
-54.7211127924
74.4803916938
10.9062899495
-54.6443390356
74.4999417346
10.910861392
-54.5692694037
74.5189472994
10.9153251814
-54.495858267
74.5374257974
10.9196845095
-54.4240614265
74.5553940304
10.9239424602
-54.3538360634
74.5728682154
10.9281020138
-54.2851406904
74.5898640065
10.9321660506
-54.2179351056
74.6063965153
10.9361373542
-54.1521803475
74.6224803313
10.9400186155
-54.0878386519
74.6381295405
10.9438124358
-54.0248734102
74.6533577447
10.9475213299
-53.9632491296
74.6681780785
10.9511477296
-53.9029313949
74.6826032267
10.9546939862
-53.843886831
74.696645441
10.9581623739
-53.7860830676
74.7103165555
10.9615550921
-53.7294887049
74.7236280017
10.9648742684
-53.6740732804
74.7365908237
10.9681219608
-53.6198072373
74.7492156919
10.9713001607
-53.5666618938
74.7615129165
10.9744107949
-53.5146094134
74.7734924606
10.9774557278
-53.4636227771
74.7851639527
10.9804367639
-53.4136757555
74.796536699
10.9833556498
-53.3647428825
74.8076196945
10.9862140762
-53.3167994304
74.8184216346
10.9890136798
-53.2698213849
74.8289509254
10.9917560453
-53.2237854219
74.8392156945
10.9944427074
-53.1786688846
74.8492238006
10.997075152
-53.1344497618
74.8589828432
10.9996548186
-53.0911066668
74.8685001718
11.0021831012
-53.0486188169
74.8777828945
11.0046613506
-53.0069660141
74.8868378871
11.0070908751
-52.966128626
74.8956718006
11.0094729427
-52.9260875677
74.9042910698
11.0118087822
-52.8868242844
74.9127019203
11.0140995842
-52.848320734
74.9209103761
11.016346503
-52.8105593714
74.9289222667
11.0185506575
-52.7735231323
74.936743234
11.0207131325
-52.7371954182
74.9443787383
11.0228349797
-52.7015600818
74.9518340652
11.024917219
-52.6666014127
74.9591143314
11.0269608397
-52.632304124
74.9662244904
11.028966801
-52.5986533388
74.9731693384
11.0309360338
-52.5656345778
74.9799535197
11.0328694408
-52.533233747
74.9865815317
11.0347678981
-52.5014371256
74.99305773
11.0366322558
-52.4702313549
74.9993863334
11.038463339
-52.4396034271
75.0055714285
11.0402619482
-52.4095406748
75.0116169741
11.0420288609
-52.3800307601
75.0175268056
11.0437648316
-52.3510616659
75.0233046392
11.0454705929
-52.3226216849
75.028954076
11.0471468563
-52.2946994112
75.0344786056
11.0487943128
-52.267283731
75.0398816103
11.0504136333
-52.2403638141
75.0451663683
11.0520054698
-52.2139291054
75.0503360572
11.0535704554
-52.187969317
75.0553937578
11.0551092055
-52.1624744198
75.0603424569
11.0566223179
-52.1374346369
75.0651850503
11.0581103736
-52.1128404353
75.0699243465
11.0595739374
-52.0886825196
75.0745630688
11.0610135582
-52.0649518247
75.0791038585
11.0624297697
-52.0416395091
75.0835492777
11.0638230905
-52.018736949
75.0879018118
11.0651940254
-51.9962357317
75.0921638717
11.0665430649
-51.9741276497
75.0963377968
11.0678706862
-51.9524046949
75.1004258568
11.0691773535
-51.931059053
75.1044302544
11.0704635184
-51.9100830983
75.1083531272
11.0717296202
-51.8894693877
75.1121965498
11.0729760864
-51.8692106566
75.1159625361
11.0742033331
-51.8492998132
75.119653041
11.0754117652
-51.8297299341
75.1232699622
11.0766017768
-51.8104942596
75.1268151425
11.0777737516
-51.7915861891
75.1302903711
11.0789280633
-51.7729992769
75.1336973854
11.0800650755
-51.754727228
75.1370378729
11.0811851426
-51.7367638939
75.1403134725
11.0822886096
-51.7191032687
75.1435257761
11.0833758124
-51.7017394854
75.1466763301
11.0844470787
-51.684666812
75.1497666371
11.0855027272
-51.6678796481
75.1527981567
11.0865430688
-51.6513725211
75.1557723075
11.0875684064
-51.6351400831
75.1586904677
11.0885790352
-51.6191771076
75.161553977
11.089575243
-51.6034784863
75.1643641375
11.0905573102
-51.5880392257
75.1671222148
11.0915255103
-51.5728544448
75.1698294393
11.09248011
-51.5579193714
75.172487007
11.0934213693
-51.5432293398
75.175096081
11.0943495418
-51.528779788
75.1776577921
11.095264875
-51.5145662547
75.1801732402
11.0961676101
-186.403872941
69.5770893274
9.83213700276
-156.657235625
52.7806459341
6.61792828835
-135.99587476
53.4056646681
6.76304150241
-119.990107315
50.9305201994
7.09957776957
-107.979931089
52.3860280265
7.1681406165
-101.32452548
53.6501133406
7.28683843628
-97.705567046
54.7770468105
7.42509190489
-95.5496296444
55.6676325507
7.56899711176
-94.1178942074
56.6032282529
7.7077497212
-93.0053587786
57.4710564395
7.84106768048
-92.0233363456
58.2778872681
7.9679422556
-91.0885651937
59.0294716442
8.08818094567
-90.1669901985
59.7309092751
8.20195937419
-89.2468480475
60.386787835
8.30961106909
-88.3260658313
61.001256386
8.41152814693
-87.4064663493
61.5780682375
8.50811354737
-86.4911597193
62.1206125163
8.59975822438
-85.5834117033
62.6319415151
8.68683060246
-84.686188709
63.1147966252
8.76967219489
-83.8020072408
63.5716337686
8.8485963908
-82.932915653
64.0046484211
8.92388890344
-82.080529335
64.4157999988
8.99580909339
-81.2460838118
64.8068352995
9.06459173837
-80.4304902968
65.1793107172
9.13044900529
-79.6343874242
65.5346130158
9.19357247907
-78.8581870299
65.8739785246
9.25413515913
-78.1021136539
66.1985106865
9.31229336872
-77.3662381705
66.5091959529
9.36818854422
-76.6505062026
66.8069180609
9.42194888627
-75.9547620202
67.0924707653
9.47369086509
-75.2787685762
67.3665691195
9.52352057882
-74.6222242635
67.6298594141
9.57153496929
-73.9847768981
67.8829278888
9.61782290221
-73.3660353598
68.1263083352
9.66246612121
-72.7655792599
68.3604887069
9.70554008601
-72.1829669478
68.5859168464
9.74711470558
-71.6177421211
68.803005433
9.78725497697
-71.0694392628
69.0121362483
9.82602154039
-70.5375880956
69.2136638455
9.86347116023
-70.0217172121
69.4079187021
9.89965714107
-69.5213570174
69.5952099259
9.93462968727
-69.0360420962
69.7758275774
9.96843621323
-68.5653131014
69.9500446622
10.0011216115
-68.1087182438
70.1181188421
10.0327284841
-67.6658144519
70.2802939062
10.063297343
-67.2361682573
70.4368010377
10.0928667833
-66.819356453
70.5878599077
10.1214736345
-66.4149665668
70.7336796221
10.1491530911
-66.02259718
70.8744595443
10.1759388283
-65.6418581207
71.0103900124
10.2018631024
-65.2723705549
71.1416529681
10.2269568399
-64.9137669943
71.2684225104
10.251249717
-64.565691237
71.3908653853
10.2747702295
-64.2277982534
71.509141422
10.2975457568
-63.8997540305
71.6234039241
10.3196026182
-63.581235381
71.7338000204
10.3409661258
-63.2719297275
71.8404709848
10.3616606312
-62.9715348653
71.9435525258
10.3817095695
-62.6797587114
72.0431750537
10.4011354992
-62.3963190425
72.1394639254
10.4199601404
-62.1209432255
72.232539672
10.4382044089
-61.8533679442
72.3225182103
10.4558884494
-61.5933389241
72.4095110406
10.4730316666
-61.3406106564
72.4936254323
10.4896527538
-61.0949461244
72.5749645986
10.5057697208
-60.8561165319
72.6536278617
10.5213999204
-60.6239010361
72.7297108093
10.5365600731
-60.3980864838
72.8033054429
10.5512662909
-60.1784671544
72.8745003195
10.5655341007
-59.964844564
72.943380595
10.5793784589
-59.7570269859
73.010028519
10.5928137992
-59.5548295692
73.0745230074
10.605854013
-59.35807386
73.136940128
10.6185124953
-59.1665876374
73.1973531218
10.6308021565
-58.9802046933
73.2558325104
10.6427354405
-58.7987646178
73.3124462006
10.6543243417
-58.6221125929
73.3672595838
10.6655804219
-58.4500991914
73.4203356319
10.6765148258
-58.282580183
73.4717349892
10.6871382969
-58.1194163466
73.5215160612
10.697461192
-57.9604732886
73.5697350992
10.7074934956
-57.8056212682
73.6164462824
10.7172448335
-57.6547350273
73.6617017965
10.7267244863
-57.5076936284
73.705551909
10.7359414019
-57.3643802958
73.7480450425
10.7449042082
-57.2246822643
73.789227844
10.7536212242
-57.0884906324
73.8291452529
10.7621004724
-56.9557002212
73.8678405649
10.770349689
-56.8262094377
73.9053554949
10.7783763349
-56.6999201443
73.9417302365
10.7861876056
-56.576737532
73.9770035199
10.7937904416
-56.4565699985
74.0112126669
10.8011915371
-56.3393290314
74.0443936445
10.8083973497
-56.224929095
74.0765811159
10.8154141088
-56.1132875216
74.1078084899
10.8222478245
-56.0043244069
74.1381079682
10.828904295
-55.8979625096
74.167510591
10.8353891152
-55.794127154
74.1960462809
10.8417076839
-55.6927461368
74.2237438849
10.8478652108
-55.5937496377
74.2506312148
10.853866724
-55.4970701326
74.2767350865
10.8597170764
-55.4026423109
74.3020813573
10.865420952
-55.3104029949
74.3266949618
10.8709828727
-55.2202910635
74.3505999466
10.8764072036
-55.132247378
74.3738195036
10.8816981593
-55.0462147107
74.3963760021
10.8868598091
-54.9621376763
74.4182910195
10.8918960826
-54.8799626666
74.4395853709
10.8968107747
-54.7996377862
74.4602791374
10.9016075503
-54.7211127924
74.4803916938
10.9062899495
-54.6443390356
74.4999417346
10.910861392
-54.5692694037
74.5189472994
10.9153251814
-54.495858267
74.5374257974
10.9196845095
-54.4240614265
74.5553940304
10.9239424602
-54.3538360634
74.5728682154
10.9281020138
-54.2851406904
74.5898640065
10.9321660506
-54.2179351056
74.6063965153
10.9361373542
-54.1521803475
74.6224803313
10.9400186155
-54.0878386519
74.6381295405
10.9438124358
-54.0248734102
74.6533577447
10.9475213299
-53.9632491296
74.6681780785
10.9511477296
-53.9029313949
74.6826032267
10.9546939862
-53.843886831
74.696645441
10.9581623739
-53.7860830676
74.7103165555
10.9615550921
-53.7294887049
74.7236280017
10.9648742684
-53.6740732804
74.7365908237
10.9681219608
-53.6198072373
74.7492156919
10.9713001607
-53.5666618938
74.7615129165
10.9744107949
-53.5146094134
74.7734924606
10.9774557278
-53.4636227771
74.7851639527
10.9804367639
-53.4136757555
74.796536699
10.9833556498
-53.3647428825
74.8076196945
10.9862140762
-53.3167994304
74.8184216346
10.9890136798
-53.2698213849
74.8289509254
10.9917560453
-53.2237854219
74.8392156945
10.9944427074
-53.1786688846
74.8492238006
10.997075152
-53.1344497618
74.8589828432
10.9996548186
-53.0911066668
74.8685001718
11.0021831012
-53.0486188169
74.8777828945
11.0046613506
-53.0069660141
74.8868378871
11.0070908751
-52.966128626
74.8956718006
11.0094729427
-52.9260875677
74.9042910698
11.0118087822
-52.8868242844
74.9127019203
11.0140995842
-52.848320734
74.9209103761
11.016346503
-52.8105593714
74.9289222667
11.0185506575
-52.7735231323
74.936743234
11.0207131325
-52.7371954182
74.9443787383
11.0228349797
-52.7015600818
74.9518340652
11.024917219
-52.6666014127
74.9591143314
11.0269608397
-52.632304124
74.9662244904
11.028966801
-52.5986533388
74.9731693384
11.0309360338
-52.5656345778
74.9799535197
11.0328694408
-52.533233747
74.9865815317
11.0347678981
-52.5014371256
74.99305773
11.0366322558
-52.4702313549
74.9993863334
11.038463339
-52.4396034271
75.0055714285
11.0402619482
-52.4095406748
75.0116169741
11.0420288609
-52.3800307601
75.0175268056
11.0437648316
-52.3510616659
75.0233046392
11.0454705929
-52.3226216849
75.028954076
11.0471468563
-52.2946994112
75.0344786056
11.0487943128
-52.267283731
75.0398816103
11.0504136333
-52.2403638141
75.0451663683
11.0520054698
-52.2139291054
75.0503360572
11.0535704554
-52.187969317
75.0553937578
11.0551092055
-52.1624744198
75.0603424569
11.0566223179
-52.1374346369
75.0651850503
11.0581103736
-52.1128404353
75.0699243465
11.0595739374
-52.0886825196
75.0745630688
11.0610135582
-52.0649518247
75.0791038585
11.0624297697
-52.0416395091
75.0835492777
11.0638230905
-52.018736949
75.0879018118
11.0651940254
-51.9962357317
75.0921638717
11.0665430649
-51.9741276497
75.0963377968
11.0678706862
-51.9524046949
75.1004258568
11.0691773535
-51.931059053
75.1044302544
11.0704635184
-51.9100830983
75.1083531272
11.0717296202
-51.8894693877
75.1121965498
11.0729760864
-51.8692106566
75.1159625361
11.0742033331
-51.8492998132
75.119653041
11.0754117652
-51.8297299341
75.1232699622
11.0766017768
-51.8104942596
75.1268151425
11.0777737516
-51.7915861891
75.1302903711
11.0789280633
-51.7729992769
75.1336973854
11.0800650755
-51.754727228
75.1370378729
11.0811851426
-51.7367638939
75.1403134725
11.0822886096
-51.7191032687
75.1435257761
11.0833758124
-51.7017394854
75.1466763301
11.0844470787
-51.684666812
75.1497666371
11.0855027272
-51.6678796481
75.1527981567
11.0865430688
-51.6513725211
75.1557723075
11.0875684064
-51.6351400831
75.1586904677
11.0885790352
-51.6191771076
75.161553977
11.089575243
-51.6034784863
75.1643641375
11.0905573102
-51.5880392257
75.1671222148
11.0915255103
-51.5728544448
75.1698294393
11.09248011
-51.5579193714
75.172487007
11.0934213693
-51.5432293398
75.175096081
11.0943495418
-51.528779788
75.1776577921
11.095264875
-51.5145662547
75.1801732402
11.0961676101
