18.9757973701
121.761077206
121.364320151
120.942594617
120.501448285
120.051516677
119.60002643
119.151651433
118.709289061
118.274638355
117.848603272
117.43156716
117.02357791
116.624472356
116.233959747
115.851677816
115.47722975
115.110208632
114.750213329
114.396858148
114.049778744
113.708635124
113.373112967
113.042923639
112.717803393
112.397512207
112.081832208
111.770566129
111.463535549
111.160579261
110.861551712
110.566321418
110.274769597
109.98678888
109.702282061
109.421161073
109.143345943
108.86876395
108.59734876
108.329039697
108.06378115
107.80152199
107.542214983
107.28581622
107.032285135
106.781583595
106.533675895
106.288528381
106.046109181
105.806387988
105.569335854
105.334924998
105.103128653
104.87392095
104.647276715
104.423171439
104.201581135
103.982482296
103.765851772
103.551666691
103.339904462
103.130542682
102.9235591
102.7189316
102.516638114
102.31665665
102.11896523
101.923541882
101.730364632
101.539411467
101.350660332
101.164089129
100.979675706
100.797397804
100.61723314
100.43915932
100.263153885
100.089194292
99.9172579121
99.7473220293
99.5793638545
99.4133604977
99.2492890042
99.087126333
98.9268493587
98.7684348978
98.6118596778
98.4571003587
98.3041335456
98.1529357664
98.0034834947
97.8557531474
97.709721081
97.5653636111
97.4226569994
97.281577465
97.1421011854
97.0042043028
96.8678629173
96.7330531072
96.5997509154
96.4679323603
96.3375734359
96.2086501181
96.0811383631
95.9550141055
95.8302532774
95.7068317905
95.584725553
95.4639104569
95.3443624
95.2260572704
95.1089709497
94.9930793223
94.8783582798
94.7647837064
94.652331493
94.5409775346
94.4306977311
94.3214679889
94.2132642226
94.1060623375
93.9998382941
93.8945680093
93.7902274376
93.6867925386
93.5842392742
93.482543631
93.3816815975
93.2816291737
93.1823623808
93.083857238
92.9860897859
93.4174274675
93.4569167092
93.4969506507
93.5373470413
93.5779054395
93.6184182579
93.6586780722
93.6984823485
93.7376364684
93.7759555313
93.8132653569
93.8494029546
93.884216584
93.9175656374
93.9493202716
93.9793610192
94.0075782893
94.0338718417
94.0581502814
94.0803305167
94.1003372371
94.1181024261
94.1335648604
94.1466696539
94.1573678263
94.1656158663
94.1713753492
94.1746125761
94.1752981945
94.1734069121
94.1689171404
94.1618107418
94.1520727453
94.1396910903
94.1246564061
94.1069617615
94.0866024845
94.0635759761
94.0378814946
94.0095200232
93.9784941028
93.9448076848
93.9084660028
93.8694754413
93.8278434283
93.7835783205
93.7366893117
93.6871863269
93.6350799516
93.5803813509
93.5231021829
93.4632545434
93.4008508908
93.3359040009
93.2684269017
93.1984328158
93.1259351154
93.0509472666
92.9734827847
92.8935551875
92.8111779122
92.7263642839
92.6391274088
92.5494800841
92.457434639
92.3630027236
92.2661949466
