455.21625705
502.226592793
501.24481574
500.256015267
499.260855465
498.259696571
497.252790316
496.240348078
495.22256047
494.199603359
493.171640127
492.13882285
491.101293139
490.059182839
489.012614653
487.961702704
486.906553056
485.84726418
484.783927397
483.716627266
482.645441962
481.570443607
480.491698586
479.409267832
478.323207096
477.233567188
476.140394211
475.043729768
473.943611159
472.840071562
471.733140206
470.622842522
469.509200294
468.392231793
467.271951905
466.14837225
465.02150129
463.89134444
462.757904155
461.621180029
460.48116888
459.337864828
458.191259372
457.041341464
455.888097575
454.731511762
453.571565728
452.408238885
451.241508404
450.071349277
448.897734365
447.720634453
446.540018299
445.35585268
444.168102446
442.976730565
441.781698173
440.582964617
439.38048751
438.174222775
436.964124696
435.750145969
434.532237751
433.310349717
432.084430111
430.854425804
429.620282353
428.381944063
427.139354045
425.892454288
424.641185725
423.385488308
422.125301076
420.860562245
419.591209279
418.317178987
417.038407606
415.754830897
414.466384248
413.173002774
411.874621425
410.571175101
409.26259877
407.948827586
406.629797024
405.305443005
403.97570204
402.640511368
401.299809104
399.953534395
398.601627573
397.244030316
395.880685817
394.511538951
393.136536451
391.755627082
390.368761823
388.975894051
387.576979722
386.17197756
384.760849243
383.343559591
381.920076753
380.490372391
379.054421865
377.612204414
376.163703328
374.708906123
373.247804706
371.780395528
370.306679736
368.826663311
367.340357197
365.847777413
364.348945157
362.843886891
361.332634412
359.815224903
358.291700968
356.762110643
355.226507385
353.684950049
352.137502826
350.584235167
349.025221678
347.460541997
345.890280628
344.314526772
342.733374112
341.146920583
339.555268119
337.958522368
336.356792392
334.750190342
333.138831114
331.522831996
329.902312286
328.277392918
326.64819606
325.014844728
323.377462381
321.736172536
320.091098378
318.442362389
316.790085991
315.134389213
313.475390377
311.813205818
310.147949636
308.479733481
306.808666381
305.134854611
303.4584016
301.779407895
300.097971154
298.414186199
296.728145109
295.039937346
293.349649618
291.657367352
289.963173074
288.267147908
286.56937158
284.869922733
283.168879267
281.466318683
279.762318426
278.056956238
276.350310489
274.642460506
272.933486881
271.223471755
269.512499084
267.800654869
266.088027359
264.374707225
262.660787693
260.946364647
259.231536701
257.516405236
255.801074401
254.085651088
252.370244745
250.65496785
248.939934974
247.225263222
245.511071961
243.797482668
242.084618775
240.37260551
238.661569733
236.951639771
235.242945266
233.535617022
231.829786867
230.125587529
228.423152519
226.722616043
225.024112925
223.327778548
