-4459.81559422
148.118099138
149.15909754
150.13869369
151.059298557
151.923404839
152.73337369
153.491421567
154.199629268
154.85995255
155.474232003
156.044202009
156.571498871
157.057668183
157.504171535
157.912392613
158.283642776
158.619166134
158.920144209
159.1877002
159.422902891
159.626770255
159.800272757
159.944336402
160.059845551
160.147645511
160.208544937
160.243318054
160.252706712
160.237422299
160.198147505
160.13559744
160.050280542
159.942865205
159.813934696
159.664050761
159.493754779
159.303568845
159.093996774
158.865525054
158.618587093
158.353713426
158.071303035
157.771782182
157.455564174
157.12304709
156.774618055
156.410652597
156.031515171
155.637559669
155.235151567
154.82819628
154.407377663
153.9730103
153.5253799
153.064765448
152.591439325
152.10566756
151.607710083
151.097820968
150.576248664
150.043236213
149.499021462
148.943837258
148.377911641
147.801468023
147.214725357
146.61789831
146.011197409
145.394829201
144.76899639
144.133897975
143.489729387
142.836682605
142.174946288
141.504705882
140.826143734
140.139439202
139.444768754
138.742306068
138.032222128
137.314685316
136.589861498
135.857914115
135.119004258
134.373290754
133.620930243
132.862077248
132.096884252
131.325501767
130.548078404
129.764760935
128.975694361
128.181021974
127.380885419
126.575424752
125.764778498
124.949083708
124.128476016
123.303089692
122.473057693
121.638511717
120.799582253
119.956398633
119.109089075
118.257780737
117.402599759
116.543671314
115.681119648
114.815068128
113.945639285
113.072954857
112.19713583
111.318302482
110.436574423
109.552070634
108.664909509
107.775208895
106.883086126
105.988658067
105.092041147
104.193351399
103.292704495
102.39021578
101.486000314
100.580172898
99.6728481152
98.7641403609
97.8541638775
96.9430327864
96.0308611201
95.1177628537
94.2038519357
94.2452018254
93.318334347
45.6074868301
46.0975023762
46.6265578961
47.1848793678
47.7624715481
48.3513094956
48.9451286727
49.5390647201
50.1293590125
50.7131320166
51.2882090799
51.8529856529
52.4063222738
52.9474622077
53.4759664879
53.9916624577
54.4946028829
54.9850334275
55.4633668124
55.930162373
56.3861100293
56.8320179104
57.2688030474
57.6974846867
58.1191798817
58.5351011078
58.946555716
59.3549471002
59.761777502
60.1686524274
60.5772866877
60.9895121208
61.4072870907
61.8072048393
62.1971495128
62.5985887869
63.0138914339
63.4457990322
63.8971669064
64.3711379481
64.8711454784
65.4009518342
65.9646935587
66.566934511
67.2127285341
67.9076937467
68.6581010752
69.4709803622
70.3542483526
71.3168641428
72.3690194273
73.5223732813
74.7903445651
76.1884797696
77.7349209276
79.4510081674
81.3620663389
83.4984477884
85.8969387578
88.6026937535
91.6719565073
95.1759881866
99.2069138579
103.886744698
109.381924258
-4459.81559422
148.118099138
149.15909754
150.13869369
151.059298557
151.923404839
152.73337369
153.491421567
154.199629268
154.85995255
155.474232003
156.044202009
156.571498871
157.057668183
157.504171535
157.912392613
158.283642776
158.619166134
158.920144209
159.1877002
159.422902891
159.626770255
159.800272757
159.944336402
160.059845551
160.147645511
160.208544937
160.243318054
160.252706712
160.237422299
160.198147505
160.13559744
160.050280542
159.942865205
159.813934696
159.664050761
159.493754779
159.303568845
159.093996774
158.865525054
158.618587093
158.353713426
158.071303035
157.771782182
157.455564174
157.12304709
156.774618055
156.410652597
156.031515171
155.637559669
155.235151567
154.82819628
154.407377663
153.9730103
153.5253799
153.064765448
152.591439325
152.10566756
151.607710083
151.097820968
150.576248664
150.043236213
149.499021462
148.943837258
148.377911641
147.801468023
147.214725357
146.61789831
146.011197409
145.394829201
144.76899639
144.133897975
143.489729387
142.836682605
142.174946288
141.504705882
140.826143734
140.139439202
139.444768754
138.742306068
138.032222128
137.314685316
136.589861498
135.857914115
135.119004258
134.373290754
133.620930243
132.862077248
132.096884252
131.325501767
130.548078404
129.764760935
128.975694361
128.181021974
127.380885419
126.575424752
125.764778498
124.949083708
124.128476016
123.303089692
122.473057693
121.638511717
120.799582253
119.956398633
119.109089075
118.257780737
117.402599759
116.543671314
115.681119648
114.815068128
113.945639285
113.072954857
112.19713583
111.318302482
110.436574423
109.552070634
108.664909509
107.775208895
106.883086126
105.988658067
105.092041147
104.193351399
103.292704495
102.39021578
101.486000314
100.580172898
99.6728481152
98.7641403609
97.8541638775
96.9430327864
96.0308611201
95.1177628537
94.2038519357
94.2452018254
93.318334347
45.6074868301
46.0975023762
46.6265578961
47.1848793678
47.7624715481
48.3513094956
48.9451286727
49.5390647201
50.1293590125
50.7131320166
51.2882090799
51.8529856529
52.4063222738
52.9474622077
53.4759664879
53.9916624577
54.4946028829
54.9850334275
55.4633668124
55.930162373
56.3861100293
56.8320179104
57.2688030474
57.6974846867
58.1191798817
58.5351011078
58.946555716
59.3549471002
59.761777502
60.1686524274
60.5772866877
60.9895121208
61.4072870907
61.8072048393
62.1971495128
62.5985887869
63.0138914339
63.4457990322
63.8971669064
64.3711379481
64.8711454784
65.4009518342
65.9646935587
66.566934511
67.2127285341
67.9076937467
68.6581010752
69.4709803622
70.3542483526
71.3168641428
72.3690194273
73.5223732813
74.7903445651
76.1884797696
77.7349209276
79.4510081674
81.3620663389
83.4984477884
85.8969387578
88.6026937535
91.6719565073
95.1759881866
99.2069138579
103.886744698
109.381924258
