9.75006755504
9.76188898642
9.77443471896
9.78766141572
9.80152808132
9.81599607246
9.83102893952
9.84659226373
9.86265350733
9.87918187731
9.89614820136
9.91352481488
9.93128545788
9.94940518066
9.96786025742
9.9866281071
10.0056872206
10.0250170939
10.0445981662
10.0644117636
10.0844400458
10.1046659583
10.1250731869
10.1456461163
10.1663697911
10.1872298805
10.208212644
10.229304901
10.2504940014
10.2717677988
10.293114625
10.3145232661
10.3359829411
10.3574832807
10.379014308
10.4005664202
10.4221303715
10.4436972572
10.4652584984
10.4868058278
10.5083312762
10.5298271601
10.5512861024
10.5727014211
10.5940664937
10.615374917
10.6366205009
10.6577972611
10.678899411
10.6999213547
10.7208576799
10.7417031515
10.7624527049
10.7831014405
10.8036446177
10.8240776493
10.8443960968
10.8645956649
10.884672197
10.9046216706
10.9244401931
10.9441239973
10.9636694378
10.9830729867
11.0023312303
11.0214408654
11.040398696
11.0592016299
11.0778466756
11.0963309392
11.1146516217
11.1328060157
11.1507915033
11.168605553
11.1862457173
11.2037096303
11.2209950051
11.2380996318
11.255021375
11.2717581717
11.2883080292
11.3046690231
11.3208392952
11.3368170517
11.3526005611
11.3681881525
11.3835782138
11.39876919
11.4137595812
11.4285479414
11.4431328766
11.4575130429
11.4716871456
11.4856539373
11.4994122161
11.5129608248
11.5262986491
11.5394246159
11.5523376926
11.565036885
11.5775212364
11.5897898264
11.6018417692
11.6136762124
11.625292336
11.6366893511
11.6478664983
11.6588230471
11.6695582941
11.6800715623
11.6903621997
11.7004295782
11.7102730925
11.719892159
11.7292862145
11.7384547155
11.7473971367
11.7561129703
11.7646017245
11.7728629228
11.7808961031
11.7887008161
11.7962766248
11.8036231034
11.810739836
11.8176264159
11.8242824447
11.830707531
11.8369012896
11.8428633407
11.8485933085
11.8540908209
11.859355508
11.8645382995
11.8694832374
11.873601762
11.8770441445
11.8799026083
11.8822488313
11.8841374355
11.8856101343
11.8866988327
11.8874278764
11.8878157061
11.887876094
11.8876190846
11.887051719
11.8861786001
11.8850023387
11.8835239082
11.8817429301
11.8796579035
11.8772663935
11.8745651844
11.8715504053
11.8682176345
11.8645619851
11.8605781762
11.856260591
11.851603326
11.84660023
11.8412449369
11.8355314915
11.8294544552
11.8230075466
11.8161843061
11.808978109
11.8013821701
11.7933895467
11.7849931361
11.7761856721
11.7669597166
11.7573076492
11.747221653
11.7366936972
11.7257155163
11.7142785849
11.7023740882
11.6899928887
11.6771254858
11.6637619708
11.6498919744
11.6355046056
11.6205883816
11.6051311471
11.5891199793
11.5725410783
11.5553796381
11.5376196949
11.5192439476
11.5002335432
11.4805678197
11.4602239934
11.4391767768
11.4173979043
11.3948555374
11.3715135054
11.3473303199
11.3222578674
11.2962396271
