9.8529e-05
0.000169827362063
0.000168709856187
0.000167648002247
0.000166638820694
0.000165679564773
0.000164767687885
0.000163900824061
0.000163076771648
0.000162293478858
0.000161549030853
0.000160841638152
0.000160169626209
0.000159531426035
0.00015892556572
0.00015835066278
0.000157805417221
0.000157288605239
0.000156799073507
0.000156335733964
0.000155897559071
0.000155483577473
0.00015509287004
0.000154724566235
0.000154377840787
0.000154051910639
0.000153746032135
0.000153459498318
0.000153191636921
0.000152941807749
0.000152709400931
0.000152493834678
0.000152294554209
0.000152111029249
0.000151942753339
0.000151789242117
0.00015165003178
0.000151523712361
0.000151409897665
0.000151308735939
0.000151219864362
0.000151142933789
0.000151077608376
0.00015102356487
0.000150980491958
0.000150948089652
0.000150926068713
0.000150914150109
0.000150912064505
0.000150919551787
0.000150936360609
0.000150962247967
0.0001509969788
0.000151040325611
0.00015109206811
0.00015115199288
0.000151219893053
0.000151295568013
0.000151378823109
0.000151469469386
0.000151567323329
0.000151672206621
0.00015178394591
0.000151902372597
0.000152027322624
0.000152158636279
0.000152296158008
0.000152439736239
0.000152589223211
0.000152744474815
0.000152905350439
0.000153071712823
0.000153243427919
0.000153420364757
0.000153602395323
0.000153789394432
0.000153981239618
0.000154177811019
0.000154378991275
0.000154584665426
0.000154794720815
0.000155009046997
0.000155227535649
0.000155450080488
0.000155676577188
0.000155906923304
0.000156141018195
0.000156378762956
0.00015662006035
0.000156864814738
0.000157112932023
0.000157364319582
0.000157618886216
0.000157876542091
0.000158137198684
0.000158400768735
0.000158667166195
0.000158936306184
0.000159208104942
0.000159482479787
0.000159759349078
0.000160038632169
0.000160320249379
0.00016060412195
0.000160890172019
0.00016117832258
0.000161468497458
0.000161760621275
0.000162054619428
0.000162350418058
0.000162647944029
0.000162947124902
0.000163247888916
0.000163550164965
0.000163853882583
0.000164158971923
0.000164465363745
0.000164772989399
0.000165081780812
0.000165391670481
0.000165702591456
0.00016601447734
0.000166327262274
0.000166640880939
0.000166955268548
0.000167270360845
0.000167586094104
0.000167902405131
0.000168219231267
0.000168536510389
0.000168854180921
0.000169172181838
0.000169489516013
0.000171149098768
0.000171476995234
0.000192217475256
0.000195031333573
0.000197681632122
0.000200199948686
0.000202609799384
0.000204929209999
0.000207172302893
0.000209350347923
0.000211472482874
0.00021354622027
0.000215577811886
0.0002175725161
0.000219534797462
0.000221468477999
0.000223376853564
0.000225262784421
0.000227128766579
0.000228976988518
0.0002308093767
0.000232603211608
0.000234336978541
0.000236052497127
0.000237750905521
0.000239433212778
0.000241100297682
0.000242752929211
0.000244391772618
0.000246017396239
0.000247630276739
0.000249230802999
0.000250819278731
0.000252395923954
0.000253960875357
0.000255514185601
0.000257055821545
0.000258585661382
0.000260103490619
0.000261608996813
0.000263101762957
0.000264581259339
0.000266046833671
0.000267497699239
0.000268932920724
0.000270351397292
0.000271751842436
0.0002731327599
0.000274492414875
0.000275828799405
0.000277139590666
0.000278422100383
0.000279673213139
0.000280889310622
0.000282066177908
0.00028319888651
0.000284281647091
0.000285307621983
0.000286268683763
0.000287155100276
0.000287955117597
0.000288654398643
0.000289235253001
0.000289675557144
0.000289947201915
0.000290013793363
0.0002898271259
