11.624928
-6.80585915849
-6.85203722883
-6.89652572492
-6.93936616468
-6.98060465494
-7.02028622362
-7.05845424954
-7.09515049295
-7.13041518792
-7.16428713421
-7.19680378224
-7.2280013111
-7.25791470014
-7.28657779477
-7.31402336712
-7.34028317189
-7.36538799802
-7.38936771635
-7.41225132389
-7.43406698479
-7.4548420684
-7.47460318466
-7.49337621707
-7.51118635339
-7.52805811433
-7.5440153803
-7.55908141657
-7.57327889669
-7.58662992455
-7.59915565341
-7.61087793024
-7.62181685537
-7.63199279453
-7.64142457705
-7.65013163713
-7.65813261525
-7.66544571896
-7.67208871289
-7.67807898078
-7.68343349103
-7.68816883284
-7.69230803421
-7.69595473612
-7.69904885063
-7.70160389775
-7.70363341994
-7.70515069223
-7.706168719
-7.70670023922
-7.7067577324
-7.70635342442
-7.70549929323
-7.70420707424
-7.70248826559
-7.70035413325
-7.69781571593
-7.69488382982
-7.69156907321
-7.68788183098
-7.68383227892
-7.67943038797
-7.67468592832
-7.6696084734
-7.66420740378
-7.65849191097
-7.6524710011
-7.64615349857
-7.63954804954
-7.6326631254
-7.62550702616
-7.61808788372
-7.61041366513
-7.60249217575
-7.59433106233
-7.58593781611
-7.57731977574
-7.56848413025
-7.55943792194
-7.55018804913
-7.54074126903
-7.5311042004
-7.52128332625
-7.51128499647
-7.50111543041
-7.49078071946
-7.4802868295
-7.46963960342
-7.45884476348
-7.44790791375
-7.43683454244
-7.42563002419
-7.41429962237
-7.40284849126
-7.39128167835
-7.37960412638
-7.36782067558
-7.35593606569
-7.34395493807
-7.3318818377
-7.31972121518
-7.3074774287
-7.29515474597
-7.2827573461
-7.27028932148
-7.25775467963
-7.24515734496
-7.23250116055
-7.21978988992
-7.2070272187
-7.19421675633
-7.18136203765
-7.16846652459
-7.15553360769
-7.14256660765
-7.12956877688
-7.11654330095
-7.10349330007
-7.09042183046
-7.07733188582
-7.0642263986
-7.05110824136
-7.03798022809
-7.0248451154
-7.01170560381
-6.99856433891
-6.98542391252
-6.9722868638
-6.95915568038
-6.94603279939
-6.93292060848
-6.91982144683
-6.90673760606
-6.84303424369
-6.829757933
-6.06843782915
-5.98107461016
-5.90107930491
-5.82712238355
-5.75816379503
-5.69341042626
-5.63224769487
-5.57419026498
-5.51884827631
-5.46590385577
-5.41509441706
-5.36620053602
-5.31903698055
-5.27344596163
-5.22929197807
-5.18645782433
-5.14484146107
-5.10435353429
-5.06491538885
-5.02645746334
-4.98891798224
-4.95224188261
-4.91637992716
-4.88128796727
-4.84692632734
-4.81325928849
-4.78025465393
-4.74849852665
-4.71851202671
-4.68920516826
-4.6605550762
-4.6325412239
-4.60514557045
-4.57835219034
-4.5521472547
-4.52651897409
-4.50145756703
-4.47695525415
-4.4530062784
-4.42960695282
-4.40675573787
-4.38445335153
-4.36270291643
-4.34151014949
-4.32088360175
-4.3008349576
-4.28137940603
-4.26253610001
-4.24432872478
-4.2267862029
-4.20994357229
-4.19384308624
-4.17853560131
-4.16408234332
-4.15055717689
-4.13804955515
-4.12666840289
-4.11654730372
-4.10785154444
-4.10078786335
-4.09561823472
-4.09267985194
-4.09241495138
-4.09541687698
-4.10250422084
