74.7531633994
35.4218414256
92.2884543628
43.2129037222
91.0378091139
42.6189523508
89.8538157898
42.0565583038
88.7289155782
41.5220298888
87.660733912
41.0142333769
86.6473823238
40.5322817612
85.686787587
40.0752034121
84.7766105767
39.6419014767
83.914305925
39.2311816136
83.0971777518
38.8417782131
82.3224402996
38.4723829848
81.5872747752
38.1216717739
80.8888801147
37.7883285188
80.2245163612
37.4710657273
79.5915400351
37.1686411772
78.987431465
36.8798708236
78.4098144859
36.6036381033
77.8564692281
36.3388999777
77.3253389065
36.084690142
76.8145315976
35.8401198674
76.3223179963
35.6043769449
75.8471260815
35.3767231681
75.3875335229
35.1564907499
74.9422585516
34.9430780131
74.5101498948
34.7359446394
74.0901762552
34.5346067033
73.6814157168
34.3386316723
73.283045361
34.1476335055
72.8943312965
33.9612679495
72.5146192452
33.7792280964
72.1433257725
33.6012402471
71.7799302073
33.4270601007
71.4239672683
33.256469278
71.0750203914
33.0892721764
70.7327157305
32.9252931437
70.3967168029
32.7643739559
70.066719733
32.6063715786
69.742449051
32.4511561909
69.4236540006
32.2986094493
69.1101053065
32.1486229698
68.8015923594
32.0010970063
68.4979207718
31.8559393054
68.1989102673
31.7130641182
67.9043928635
31.572391351
67.6142113137
31.4338458379
67.3282177783
31.2973567227
67.0462726932
31.1628569332
66.768243814
31.0302827382
66.4940054074
30.8995733751
66.2234375749
30.7706707385
65.9564256857
30.6435191213
65.692859905
30.5180650001
65.4326348022
30.3942568585
65.1756490275
30.2720450422
64.9218050442
30.1513816403
64.6710089091
30.0322203895
64.4231700899
29.9145165949
64.1782013156
29.7982270662
63.9360184513
29.6833100659
63.696540393
29.5697252653
63.4596889775
29.4574337088
63.2253889044
29.3463977827
62.9935676666
29.2365811874
62.7641554861
29.1279489133
62.5370852544
29.0204672164
62.3122924744
28.9141035961
62.0897152043
28.8088267728
61.8692939996
28.704606664
61.6509718566
28.6014143612
61.4346941525
28.4992221052
61.2204085863
28.3980032601
61.0080651161
28.297732287
60.7976158966
28.1983847158
60.5890286547
28.0999393808
60.3822193235
28.0023670194
60.1771867482
27.9056530743
59.9738777404
27.8097747724
59.7722544358
27.7147125333
59.5722807989
27.6204476774
59.3739225416
27.526962386
59.1771470595
27.4342396701
58.9819233753
27.3422633426
58.7882220849
27.2510179907
58.5960153099
27.1604889509
58.4052766538
27.0706622857
58.2159811664
26.9815247625
58.0281053153
26.8930638366
57.8416269676
26.8052676367
57.656525382
26.7181249555
57.4727814023
26.631625334
57.2903767293
26.5457587088
57.1796721843
26.4939758945
57.1939639257
26.5016173074
57.2072277449
26.5087618297
57.2195144851
26.5154330557
57.2308639909
26.5216492473
57.2413208819
26.5274276753
57.2508948101
26.5327824002
57.2596429762
26.5377301625
57.2675882534
26.5422847859
57.2747601933
26.5464599978
57.2811871475
26.5502690119
57.2868963385
26.5537245562
57.2919139621
26.5568389169
57.296265276
26.5596239763
57.2999746746
26.5620912438
57.3030657534
26.5642518832
57.3055613637
26.5661167355
57.3074836589
26.5676963375
57.3088541345
26.5690009382
57.3096936623
26.5700405126
57.3100225191
26.570824773
57.3098604123
26.5713631787
57.3092265013
26.5716649447
57.3081394163
26.5717390485
57.3066172747
26.5715942366
57.3046776959
26.5712390296
57.302337814
26.5706817271
57.299614289
26.569930412
57.2965233182
26.5689929542
57.2930806451
26.5678770143
57.289301569
26.5665900469
57.2852009529
26.5651393036
57.2807932323
26.5635318362
57.2760924225
26.5617744999
57.2711121265
26.5598739557
57.2658655422
26.5578366737
57.2603654699
26.555668936
57.2546243198
26.5533768396
57.2486541187
26.5509662995
57.2424665176
26.5484430516
57.2360727994
26.5458126557
57.229483885
26.5430804989
57.222710342
26.5402517987
57.2157623908
26.5373316058
57.2086499129
26.5343248081
57.2013824576
26.5312361332
57.1939692498
26.5280701525
57.1864191975
26.5248312839
57.1787408984
26.5215237954
57.1709426484
26.5181518087
57.1630324483
26.5147193026
57.1550180112
26.5112301158
57.1469067701
26.507687951
57.1387058849
26.5040963781
57.1304222498
26.5004588375
57.1220625002
26.4967786433
57.1136330204
26.4930589873
57.10513995
26.4893029414
57.0965891909
26.4855134616
57.0879864145
26.481693391
57.0793370682
26.477845463
57.0706463822
26.4739723045
57.0619193757
26.470076439
57.0531608637
26.4661602899
57.0443754632
26.462226183
57.0355675994
26.4582763502
57.0267415115
26.4543129317
57.0179012592
26.4503379794
57.009050728
26.4463534595
57.0001936352
26.4423612551
56.9913335353
26.4383631693
56.9824738254
26.4343609274
56.9736177508
26.4303561798
56.9647684096
26.4263505042
56.9559287586
26.4223454082
56.9471016172
26.4183423319
56.938289673
26.4143426497
56.929495486
26.4103476734
56.9207214933
26.4063586532
56.9119700134
26.4023767811
56.9032432504
26.3984031922
56.8945432985
26.3944389667
56.8858721456
26.3904851326
56.8772316773
26.3865426667
56.8686236812
26.382612497
56.8600498496
26.3786955044
56.851511784
26.3747925244
56.843010998
26.3709043488
56.8345489206
26.3670317272
56.8261269001
26.363175369
56.8177462061
26.3593359443
56.8094080338
26.355514086
56.8011135061
26.3517103909
56.7928636763
26.3479254212
56.7846595316
26.3441597058
56.776501995
26.3404137416
56.7683919286
26.3366879948
56.760330135
26.332982902
56.7523173608
26.3292988717
56.7443542983
26.3256362849
56.7364415878
26.3219954967
56.7285798197
26.3183768372
56.7207695368
26.3147806122
56.7130112361
26.3112071048
56.7053053706
26.3076565758
56.6976523516
26.3041292648
56.6900525499
26.3006253912
56.6825062981
26.297145155
74.7531633994
35.4218414256
92.2884543628
43.2129037222
91.0378091139
42.6189523508
89.8538157898
42.0565583038
88.7289155782
41.5220298888
87.660733912
41.0142333769
86.6473823238
40.5322817612
85.686787587
40.0752034121
84.7766105767
39.6419014767
83.914305925
39.2311816136
83.0971777518
38.8417782131
82.3224402996
38.4723829848
81.5872747752
38.1216717739
80.8888801147
37.7883285188
80.2245163612
37.4710657273
79.5915400351
37.1686411772
78.987431465
36.8798708236
78.4098144859
36.6036381033
77.8564692281
36.3388999777
77.3253389065
36.084690142
76.8145315976
35.8401198674
76.3223179963
35.6043769449
75.8471260815
35.3767231681
75.3875335229
35.1564907499
74.9422585516
34.9430780131
74.5101498948
34.7359446394
74.0901762552
34.5346067033
73.6814157168
34.3386316723
73.283045361
34.1476335055
72.8943312965
33.9612679495
72.5146192452
33.7792280964
72.1433257725
33.6012402471
71.7799302073
33.4270601007
71.4239672683
33.256469278
71.0750203914
33.0892721764
70.7327157305
32.9252931437
70.3967168029
32.7643739559
70.066719733
32.6063715786
69.742449051
32.4511561909
69.4236540006
32.2986094493
69.1101053065
32.1486229698
68.8015923594
32.0010970063
68.4979207718
31.8559393054
68.1989102673
31.7130641182
67.9043928635
31.572391351
67.6142113137
31.4338458379
67.3282177783
31.2973567227
67.0462726932
31.1628569332
66.768243814
31.0302827382
66.4940054074
30.8995733751
66.2234375749
30.7706707385
65.9564256857
30.6435191213
65.692859905
30.5180650001
65.4326348022
30.3942568585
65.1756490275
30.2720450422
64.9218050442
30.1513816403
64.6710089091
30.0322203895
64.4231700899
29.9145165949
64.1782013156
29.7982270662
63.9360184513
29.6833100659
63.696540393
29.5697252653
63.4596889775
29.4574337088
63.2253889044
29.3463977827
62.9935676666
29.2365811874
62.7641554861
29.1279489133
62.5370852544
29.0204672164
62.3122924744
28.9141035961
62.0897152043
28.8088267728
61.8692939996
28.704606664
61.6509718566
28.6014143612
61.4346941525
28.4992221052
61.2204085863
28.3980032601
61.0080651161
28.297732287
60.7976158966
28.1983847158
60.5890286547
28.0999393808
60.3822193235
28.0023670194
60.1771867482
27.9056530743
59.9738777404
27.8097747724
59.7722544358
27.7147125333
59.5722807989
27.6204476774
59.3739225416
27.526962386
59.1771470595
27.4342396701
58.9819233753
27.3422633426
58.7882220849
27.2510179907
58.5960153099
27.1604889509
58.4052766538
27.0706622857
58.2159811664
26.9815247625
58.0281053153
26.8930638366
57.8416269676
26.8052676367
57.656525382
26.7181249555
57.4727814023
26.631625334
57.2903767293
26.5457587088
57.1796721843
26.4939758945
57.1939639257
26.5016173074
57.2072277449
26.5087618297
57.2195144851
26.5154330557
57.2308639909
26.5216492473
57.2413208819
26.5274276753
57.2508948101
26.5327824002
57.2596429762
26.5377301625
57.2675882534
26.5422847859
57.2747601933
26.5464599978
57.2811871475
26.5502690119
57.2868963385
26.5537245562
57.2919139621
26.5568389169
57.296265276
26.5596239763
57.2999746746
26.5620912438
57.3030657534
26.5642518832
57.3055613637
26.5661167355
57.3074836589
26.5676963375
57.3088541345
26.5690009382
57.3096936623
26.5700405126
57.3100225191
26.570824773
57.3098604123
26.5713631787
57.3092265013
26.5716649447
57.3081394163
26.5717390485
57.3066172747
26.5715942366
57.3046776959
26.5712390296
57.302337814
26.5706817271
57.299614289
26.569930412
57.2965233182
26.5689929542
57.2930806451
26.5678770143
57.289301569
26.5665900469
57.2852009529
26.5651393036
57.2807932323
26.5635318362
57.2760924225
26.5617744999
57.2711121265
26.5598739557
57.2658655422
26.5578366737
57.2603654699
26.555668936
57.2546243198
26.5533768396
57.2486541187
26.5509662995
57.2424665176
26.5484430516
57.2360727994
26.5458126557
57.229483885
26.5430804989
57.222710342
26.5402517987
57.2157623908
26.5373316058
57.2086499129
26.5343248081
57.2013824576
26.5312361332
57.1939692498
26.5280701525
57.1864191975
26.5248312839
57.1787408984
26.5215237954
57.1709426484
26.5181518087
57.1630324483
26.5147193026
57.1550180112
26.5112301158
57.1469067701
26.507687951
57.1387058849
26.5040963781
57.1304222498
26.5004588375
57.1220625002
26.4967786433
57.1136330204
26.4930589873
57.10513995
26.4893029414
57.0965891909
26.4855134616
57.0879864145
26.481693391
57.0793370682
26.477845463
57.0706463822
26.4739723045
57.0619193757
26.470076439
57.0531608637
26.4661602899
57.0443754632
26.462226183
57.0355675994
26.4582763502
57.0267415115
26.4543129317
57.0179012592
26.4503379794
57.009050728
26.4463534595
57.0001936352
26.4423612551
56.9913335353
26.4383631693
56.9824738254
26.4343609274
56.9736177508
26.4303561798
56.9647684096
26.4263505042
56.9559287586
26.4223454082
56.9471016172
26.4183423319
56.938289673
26.4143426497
56.929495486
26.4103476734
56.9207214933
26.4063586532
56.9119700134
26.4023767811
56.9032432504
26.3984031922
56.8945432985
26.3944389667
56.8858721456
26.3904851326
56.8772316773
26.3865426667
56.8686236812
26.382612497
56.8600498496
26.3786955044
56.851511784
26.3747925244
56.843010998
26.3709043488
56.8345489206
26.3670317272
56.8261269001
26.363175369
56.8177462061
26.3593359443
56.8094080338
26.355514086
56.8011135061
26.3517103909
56.7928636763
26.3479254212
56.7846595316
26.3441597058
56.776501995
26.3404137416
56.7683919286
26.3366879948
56.760330135
26.332982902
56.7523173608
26.3292988717
56.7443542983
26.3256362849
56.7364415878
26.3219954967
56.7285798197
26.3183768372
56.7207695368
26.3147806122
56.7130112361
26.3112071048
56.7053053706
26.3076565758
56.6976523516
26.3041292648
56.6900525499
26.3006253912
56.6825062981
26.297145155
