-441.721884558
-378.725009124
-371.433308807
-364.624567635
-358.285230054
-352.380535143
-346.873714683
-341.730484355
-336.919807547
-332.413783971
-328.187356136
-324.218000565
-320.485442392
-316.971400358
-313.65936144
-310.53438247
-307.582915755
-304.792655885
-302.152405108
-299.653440326
-297.28205682
-295.033966829
-292.900054656
-290.87310595
-288.946511544
-287.114189952
-285.370532394
-283.710357138
-282.128869604
-280.621626967
-279.184506538
-277.813677472
-276.50557537
-275.256879473
-274.064492117
-272.925520223
-271.837258576
-270.797174706
-269.802895188
-268.852193228
-267.942977372
-267.073281244
-266.241254193
-265.445152769
-264.683332928
-263.954242911
-263.256416719
-262.588468133
-261.949085225
-261.337025312
-260.751110314
-260.190222481
-259.653300449
-259.139335602
-258.647368711
-258.17648682
-257.725820372
-257.294540536
-256.881856732
-256.487014335
-256.109292533
-255.748002346
-255.402484772
-255.072109062
-254.756271115
-254.454391976
-254.165916433
-253.890311709
-253.627066235
-253.375688501
-253.135705984
-252.906664137
-252.688125447
-252.479668543
-252.280887367
-252.091390386
-251.910799858
-251.738751138
-251.574892022
-251.418882138
-251.27039236
-251.129104264
-250.994709614
-250.866909872
-250.74541574
-250.629946725
-250.520230731
-250.416003667
-250.317009086
-250.222997833
-250.13372772
-250.048963214
-249.968475145
-249.892040428
-249.819441797
-249.75046756
-249.684911361
-249.622571957
-249.563253009
-249.506762879
-249.452914445
-249.401524919
-249.352415683
-249.305412124
-249.260343487
-249.217042734
-249.175346409
-249.13509451
-249.096130375
-249.05830057
-249.02145478
-248.985445718
-248.950129031
-248.915363214
-248.881009531
-248.846931944
-248.812997044
-248.779073988
-248.74503444
-248.710752525
-248.676104775
-248.640970089
-248.605229697
-248.568767124
-248.531468159
-248.493220836
-248.453915408
-248.413444334
-248.371702261
-248.328586021
-248.283994623
-248.23782925
-248.189993264
-248.140392208
-248.088933819
-248.035528037
-247.980087022
-247.922525171
-247.862759142
-247.800707879
-247.736292638
-247.669437016
-247.600066993
-247.528110958
-247.453499756
-247.376166725
-247.296047745
-247.213081282
-247.127208439
-247.038373008
-246.946521526
-246.851603329
-246.753570615
-246.652378503
-246.5479851
-246.440351563
-246.329442172
-246.215224395
-246.097668966
-245.976749956
-245.85244485
-245.724734625
-245.593603829
-245.459040668
-245.321037079
-245.179588825
-245.034695576
-244.886360997
-244.734592839
-244.579403024
-244.420807743
-244.258827541
-244.093487413
-243.924816896
-243.752850159
-243.5776261
-243.399188436
-243.217585794
-243.032871803
-242.845105183
-242.654349832
-242.460674909
-242.264154923
-242.064869803
-241.862904982
-241.65835146
-241.451305875
-241.241870558
-241.030153592
-240.816268849
-240.600336032
-240.382480702
-240.162834292
-239.941534117
-239.718723361
-239.494551063
-239.269172077
-239.042747023
-238.81544222
-238.587429597
-441.721884558
-378.725009124
-371.433308807
-364.624567635
-358.285230054
-352.380535143
-346.873714683
-341.730484355
-336.919807547
-332.413783971
-328.187356136
-324.218000565
-320.485442392
-316.971400358
-313.65936144
-310.53438247
-307.582915755
-304.792655885
-302.152405108
-299.653440326
-297.28205682
-295.033966829
-292.900054656
-290.87310595
-288.946511544
-287.114189952
-285.370532394
-283.710357138
-282.128869604
-280.621626967
-279.184506538
-277.813677472
-276.50557537
-275.256879473
-274.064492117
-272.925520223
-271.837258576
-270.797174706
-269.802895188
-268.852193228
-267.942977372
-267.073281244
-266.241254193
-265.445152769
-264.683332928
-263.954242911
-263.256416719
-262.588468133
-261.949085225
-261.337025312
-260.751110314
-260.190222481
-259.653300449
-259.139335602
-258.647368711
-258.17648682
-257.725820372
-257.294540536
-256.881856732
-256.487014335
-256.109292533
-255.748002346
-255.402484772
-255.072109062
-254.756271115
-254.454391976
-254.165916433
-253.890311709
-253.627066235
-253.375688501
-253.135705984
-252.906664137
-252.688125447
-252.479668543
-252.280887367
-252.091390386
-251.910799858
-251.738751138
-251.574892022
-251.418882138
-251.27039236
-251.129104264
-250.994709614
-250.866909872
-250.74541574
-250.629946725
-250.520230731
-250.416003667
-250.317009086
-250.222997833
-250.13372772
-250.048963214
-249.968475145
-249.892040428
-249.819441797
-249.75046756
-249.684911361
-249.622571957
-249.563253009
-249.506762879
-249.452914445
-249.401524919
-249.352415683
-249.305412124
-249.260343487
-249.217042734
-249.175346409
-249.13509451
-249.096130375
-249.05830057
-249.02145478
-248.985445718
-248.950129031
-248.915363214
-248.881009531
-248.846931944
-248.812997044
-248.779073988
-248.74503444
-248.710752525
-248.676104775
-248.640970089
-248.605229697
-248.568767124
-248.531468159
-248.493220836
-248.453915408
-248.413444334
-248.371702261
-248.328586021
-248.283994623
-248.23782925
-248.189993264
-248.140392208
-248.088933819
-248.035528037
-247.980087022
-247.922525171
-247.862759142
-247.800707879
-247.736292638
-247.669437016
-247.600066993
-247.528110958
-247.453499756
-247.376166725
-247.296047745
-247.213081282
-247.127208439
-247.038373008
-246.946521526
-246.851603329
-246.753570615
-246.652378503
-246.5479851
-246.440351563
-246.329442172
-246.215224395
-246.097668966
-245.976749956
-245.85244485
-245.724734625
-245.593603829
-245.459040668
-245.321037079
-245.179588825
-245.034695576
-244.886360997
-244.734592839
-244.579403024
-244.420807743
-244.258827541
-244.093487413
-243.924816896
-243.752850159
-243.5776261
-243.399188436
-243.217585794
-243.032871803
-242.845105183
-242.654349832
-242.460674909
-242.264154923
-242.064869803
-241.862904982
-241.65835146
-241.451305875
-241.241870558
-241.030153592
-240.816268849
-240.600336032
-240.382480702
-240.162834292
-239.941534117
-239.718723361
-239.494551063
-239.269172077
-239.042747023
-238.81544222
-238.587429597
