0.0154302340682
0.0215141190799
0.0276274577602
0.0323467481712
0.0353403049046
0.0372574379075
0.0383688548835
0.0390724414071
0.0395980628846
0.0400611173369
0.0405144886429
0.0409800697301
0.0414652000876
0.04197070559
0.0424946934484
0.0430343030299
0.0435864870014
0.0441483405134
0.0447172231043
0.0452907881352
0.0458669731203
0.0464439753749
0.0470202238444
0.0475943516883
0.0481651713236
0.048731652361
0.0492929023476
0.0498481500338
0.0503967308425
0.0509380742346
0.0514716926982
0.051997172131
0.0525141634207
0.0530223750568
0.0535215666363
0.0540115431444
0.0544921499091
0.0549632681444
0.0554248110061
0.0558767200968
0.0563189623643
0.0567515273432
0.0571744246997
0.0575876820401
0.0579913429532
0.0583854652568
0.0587701194241
0.05914538717
0.0595113601767
0.0598681389442
0.0602158317503
0.0605545537086
0.0608844259141
0.0612055746656
0.0615181307589
0.0618222288422
0.0621180068273
0.0624056053533
0.062685167295
0.0629568373142
0.0632207614494
0.0634770867401
0.0637259608835
0.0639675319209
0.0642019479509
0.0644293568677
0.0646499061233
0.06486374251
0.0650710119637
0.065271859385
0.0654664284779
0.0656548615049
0.0658372995555
0.0660138818258
0.0661847459192
0.0663500276514
0.0665098609693
0.066664377879
0.0668137083846
0.0669579804343
0.0670973198759
0.0672318504191
0.067361693605
0.0674869687821
0.0676077930881
0.0677242814371
0.067836546512
0.0679446987616
0.0680488464016
0.0681490954195
0.0682455495836
0.0683383104544
0.0684274773993
0.0685131476102
0.0685954161227
0.0686743758384
0.0687501175486
0.0688227299593
0.0688922997186
0.0689589114448
0.0690226477558
0.0690835892996
0.0691418147855
0.0691974010163
0.0692504229205
0.0693009535859
0.0693490642928
0.0693948245477
0.0694383021175
0.0694795630635
0.0695186717752
0.0695556910052
0.0695906819022
0.0696237040456
0.069654815479
0.0696840727435
0.0697115309111
0.0697372436173
0.0697612630938
0.0697836402005
0.0698044244572
0.0698236640751
0.0698414059874
0.0698576958797
0.0698725782202
0.0698860962886
0.0698982922053
0.0699092069601
0.0699188804393
0.0699273514538
0.0699346577654
0.0699408361136
0.0699459222408
0.069949950918
0.0699529559692
0.0699549702959
0.0699560259003
0.0699561539089
0.0699553845949
0.0699537474003
0.0699512709576
0.0699479831108
0.069943910936
0.0699390807618
0.0699335181886
0.0699272481078
0.0699202947208
0.0699126815571
0.0699044314919
0.0698955667638
0.0698861089915
0.0698760791904
0.0698654977887
0.069854384643
0.0698427590537
0.0698306397799
0.0698180450537
0.0698049925945
0.0697914996229
0.0697775828738
0.0697632586097
0.0697485426333
0.0697334503001
0.0697179965302
0.0697021958199
0.0696860622538
0.0696696095153
0.0696528508974
0.069635799314
0.0696184673092
0.0696008670679
0.0695830104253
0.0695649088766
0.0695465735859
0.0695280153952
0.0695092448334
0.0694902721244
0.0694711071957
0.0694517596863
0.0694322389544
0.0694125540852
0.0693927138981
0.0693727269541
0.0693526015628
0.069332345789
0.0693119674594
0.0692914741693
0.0692708732887
0.0692501719683
0.0692293771454
0.0692084955502
0.0691875337107
0.0691664979588
0.0691453944351
0.0691242290945
0.0691030077109
0.0690817358825
0.0690604190361
0.0690390624321
0.0690176711688
