135250.8683471182
339741.31608869263
340130.49286744057
340497.31147029984
340846.8226580262
341178.91500574397
341493.48972043936
341790.59474068537
342070.40465533565
342333.1914357748
342579.33607807034
342809.2657032059
343023.470480514
343222.48324011057
343406.86864232493
343577.21380536864
343734.12022670143
343878.19685108936
344011.1953405379
344130.3000753684
344239.5320955292
344338.3395768113
344427.29683518
344506.9619454509
344577.87494360126
344640.55645695125
344695.50670601986
344743.2048275762
344784.10847420106
344818.65364956966
344847.25474379957
344870.3047364435
344888.1755388585
344901.218450785
344909.764709019
344914.1261088538
344914.5956813742
344911.44841213996
344904.9419884671
344895.3175646312
344882.80053578253
344867.60131276154
344849.9160914413
344829.9276110297
344807.8058970218
344783.7089853206
344757.7836245485
344730.165954486
344700.98215905565
344670.34909261955
344638.37487891194
344605.1594823536
344570.7952513535
344535.36743413453
344498.9546670762
344461.6294364586
344423.45851389266
344384.50336655416
344344.8205426887
344304.4620337577
344263.4756136227
344221.9051562735
344179.7909326383
344137.1698878881
344094.0758997769
344050.5400194831
344006.590695457
343962.25398155703
343917.5537302085
343872.5117715477
343827.14807932463
343781.4809244469
343735.527017019
343689.30163743533
343642.8187573775
343596.0911514867
343549.13050003484
343501.9474836173
343454.55187008524
343406.95259451785
343359.1578325786
343311.17506783374
343263.0111534431
343214.67236866045
343166.16447055445
343117.4927412365
343068.6620311209
343019.67679830047
342970.54114458023
342921.2588482376
342871.8333938944
342822.2679997965
342772.56564244226
342722.72907913954
342672.7608684922
342622.66338881286
342572.4388550713
342522.0893341181
342471.6167585037
342421.02293896006
342370.3095758252
342319.47826920275
342268.5305282702
342217.46777962946
342166.29137485294
342115.0025973846
342063.6026685581
342012.09275329125
341960.47396497364
341908.7473700515
341856.9139920446
341804.9748152417
341752.9307879544
341700.78282552655
341648.5318129419
341596.1786073117
341543.72403993615
341491.16891835607
341438.5140280119
341385.76013391244
341332.9079819571
341279.9583002944
341226.9118004429
341173.7691783703
341120.5311153438
341067.1982789092
341013.77132355643
340960.2508914441
340906.6376130576
340852.9321077774
340799.1349843422
340745.2468414146
340691.268267928
340637.1998435465
340583.0421389884
340528.7957163897
340474.46112955525
340420.0389243013
340365.5296387109
340310.9338033155
340256.2519414062
340201.4845691401
340146.6321958402
340091.6953241376
340036.6744500662
339981.57006336853
339926.382647535
339871.1126799908
339815.7606322295
339760.32696995704
339704.8121531697
339649.2166363215
339593.54086839786
339537.78529308975
339481.9503488026
339426.03646881675
339370.0440813965
339313.97360981855
339257.82547254406
339201.6000832425
339145.297850905
339088.9191799161
339032.46447011206
338975.93411694356
338919.3285114206
338862.6480403063
338805.8930861055
338749.0640271738
338692.1612377676
338635.18508814246
338578.13594456326
338521.01416942046
338463.8201212437
338406.554154827
338349.21662119747
338291.80786775786
338234.32823831483
338176.77807307633
338119.1577088076
338061.46747881855
338003.70771300455
337945.87873795745
337887.9808769606
337830.0144500457
337771.9797740917
337713.87716277747
337655.7069267162
337597.4693734658
337539.16480755503
337480.793530557
337422.3558411163
337363.852034987
337305.2824051031
337246.64724153106
337187.94683167443
337129.1814601211
337070.3514088339
337011.45695705124
336952.4983815043
336893.47595624306
