384.5023209833588
384.4268978620099
384.35142732775023
384.2759093118974
384.2003437449648
384.12473055655494
384.04906967538875
383.9733610293464
383.89760454550776
383.8218001501878
383.7459477689707
383.67004732673945
383.59409874770404
383.5181019554272
383.4420568728472
383.3659634223003
383.2898215255399
383.213631103755
383.1373920775872
383.061104367146
382.98476789202357
382.9083825713077
382.83194832359453
382.75546506699925
382.67893271916745
382.60235119728446
382.52572041808446
382.4490402978593
382.37231075246655
382.2955316973357
382.21870304747654
382.1418247174838
382.0648966215454
381.9879186734458
381.9108907865724
381.8338128739201
381.7566848480958
381.6795066213229
381.6022781054448
381.5249992119276
381.4476698517935
381.37028993582163
381.2928593744015
381.21537807753634
381.13784595483
381.06026291556907
380.9826288686839
380.90494372275117
380.82720738599625
380.7494197662952
380.6715805752724
380.5936894078817
380.5157461792713
380.4377508041429
380.35970319675823
380.2816032709444
380.2034509400999
380.1252461172013
380.04698871480724
379.9686786450652
379.890315819716
379.8119001500994
379.73343154715883
379.6549099214464
379.5763351831277
379.4977072419861
379.4190260074279
379.34029138848655
379.261503293827
379.1826616317504
379.1037663101978
379.0248172367552
378.94581431865697
378.8667574627907
378.7876465757006
378.70848156359216
378.6292623323361
378.5499887874724
378.4706608342141
378.3912783774517
378.31184132175696
378.23234957138686
378.1528030302881
378.0732016021003
377.9935451901608
377.9138336975084
377.83406702688734
377.7542450807517
377.6743677612692
377.59443497032555
377.5144466095285
377.4344025802124
377.35430278344194
377.27414712001683
377.193935490476
377.1136677951019
377.0333439339251
376.95296380672875
376.87252731305307
376.7920343522002
376.71148482323827
376.6308786250067
376.5502156561207
376.46949581497665
376.38871899975607
376.30788510843155
376.2269940387711
376.1460456883441
376.06503995452573
375.9839767345028
375.90285592527914
375.821677423681
375.74044112636244
375.6591469298114
375.57779473035527
375.49638442416665
375.4149159072695
375.33338907554537
375.2518038247391
375.170160050466
375.08845764821695
375.0066965133661
374.92487654117684
374.8429976268091
374.76105966532526
374.67906255169856
374.5970061808187
374.5148904475003
374.4327152464895
374.35048047247176
374.2681860200797
374.1858317839007
374.1034176584843
374.0209419930589
373.9384062287343
373.8557126585723
373.77296275665856
373.69015631206327
373.60729308385925
373.5243728395385
373.44139536517054
373.35836046688445
373.2752679695761
373.19211771486994
373.10890955906234
373.0256433712902
372.94231903198414
372.8589364315962
372.77549546957
372.6919960535175
372.6084380985666
372.52482152685155
372.4411462671229
372.3574122544552
372.2736194300392
372.18976774104476
372.1058571405475
372.021887587508
371.9378590468027
371.85377148929956
371.7696248919774
371.68541923808726
371.60115451735624
371.5168307262331
371.43244671934593
371.34800039161473
371.263491667157
371.17892047331196
371.0942867403193
371.0095904015373
370.9248313936028
370.8400096565903
370.7551251341898
370.6701777739077
370.58516752729395
370.5000943501964
370.4149582030486
370.3297590511947
370.24449686525577
370.159171621547
370.07378330254977
369.9883318974516
369.9028174027634
369.81723982302907
369.73159917164475
369.6458954718096
369.5601287576362
369.4742990754541
369.38840648535256
369.3024510630211
369.2164329019625
369.1303521161831
369.04420884349855
368.9580032496479
368.87173553348794
368.7854059336628
368.69901473733256
368.61256229185824
368.5260490208719
368.4394754471007
