81.67182460765015
81.75823262828465
81.83629411782091
81.90643066486564
81.96903921587123
82.02450020804588
82.0731738321367
82.11540219424191
82.1515102292291
82.18180656744306
82.20658435714094
82.22612204496204
82.2406841166155
82.25052179985151
82.25587373167168
82.25696659162953
82.25401570297382
82.24722560329437
82.23679058114234
82.22289519856712
82.2057147789959
82.18541586794225
82.16215667315046
82.13608748251319
82.10735106089928
82.076083026969
82.04241221099807
82.0064609946782
81.96834563381267
81.9281765647764
81.88605869556625
81.84209168222398
81.79637019137355
81.7489841495776
81.70001898017956
81.6495558282658
81.59767177434796
81.54444003733575
81.489930167341
81.43420822882625
81.37733697458435
81.31937601101193
81.26038195511441
81.20040858365961
81.13950697487415
81.07772564305816
81.01511066647396
80.95170580884653
80.88755263479672
80.82269061951108
80.75715668091541
80.69098758650219
80.62421655514372
80.55687569558754
80.4889954986712
80.4206049179983
80.35173144659245
80.28240118973088
80.21263893414844
80.14246821379339
80.07191137230733
80.00098962239288
79.92972310222468
79.85813092905104
79.78623125012663
79.71404129110941
79.64157740204816
79.56885510108089
79.49588911595816
79.42269342349991
79.34928128708846
79.27566529229605
79.20185738073928
79.12786888224925
79.05371054544091
78.9793925667616
78.90492461809441
78.83031587298817
78.7555750315826
78.68071034429343
78.6057296343193
78.53064031902895
78.45544943028439
78.38016363375316
78.30478924725965
78.22933225822358
78.15379834023081
78.07819286877961
78.00252093624368
77.92678736609042
77.85099672639174
77.77515334266255
77.69926131006045
77.62332450497783
77.54734659605737
77.47133105465898
77.39528116480575
77.31920003263458
77.24309059537633
77.16695562988863
77.09079776076383
77.01461946803296
76.93842309448583
76.86221085262655
76.78598483128225
76.70974700188245
76.63349922442532
76.55724325314655
76.4809807419055
76.40471324930249
76.32844224354098
76.25216910704697
76.17589514085788
76.09962156879233
76.02334954141153
75.94708013978293
75.87081437905569
75.7945532118575
75.7182975315216
75.64204817515221
75.56580592653683
75.48957151891253
75.413345637594
75.33712892246973
75.2609219703733
75.18472533733558
75.10853954072422
75.03236506127561
74.95620234502496
74.88005180513936
74.80391382365882
74.72778886821256
74.651677142532
74.57557894516707
74.49949454965616
74.42342420587168
74.34736814129784
74.27132656224397
74.19529965499659
74.1192875869131
74.04329050746038
73.96730854920062
73.89134182872728
73.81539044755361
73.73945449295601
73.66353403877467
73.58762914617333
73.51173986436054
73.435866231274
73.36000827423018
73.28416601054055
73.20833944809644
73.13252858592396
73.05673341471041
72.98095391730365
72.90519006918586
72.82944183892289
72.7537091885904
72.67799207417814
72.60229044597291
72.52660424892227
72.45093342297884
72.3752779034269
72.2996376211921
72.22401250313463
72.14840247232739
72.07280744831938
71.99722734738529
71.92166208276184
71.84611156487182
71.770575701536
71.69505439817398
71.6195475579942
71.54405508217384
71.46857687002908
71.39311281917612
71.31766282568358
71.24222678421651
71.1668045881728
71.09139612981176
71.01600130037598
70.94061999020627
70.86525208885035
70.78989748516535
70.71455606741465
70.63922772335931
70.56391234034419
70.48860980537931
70.41332000521646
70.33804282642139
70.26277815544178
70.18752587867138
70.11228588251015
70.03705805342096
69.96184227798294
69.88663844294135
69.8114464352547
69.73626614213879
69.66109745110803
69.58594025001419
