5.59e-05
4.9681144203734024e-05
4.9486250721039335e-05
4.929732640573662e-05
4.911407937728526e-05
4.893624336163143e-05
4.8763571378163235e-05
4.859583354417289e-05
4.8432815517507934e-05
4.827431715016187e-05
4.812015128642941e-05
4.797014268371411e-05
4.7824127040925436e-05
4.768195012199293e-05
4.754346696384535e-05
4.740854115926871e-05
4.7277044206580604e-05
4.7148854918877265e-05
4.7023858886487634e-05
4.6901947987243044e-05
4.6783019939450647e-05
4.6666977893442603e-05
4.655373005775094e-05
4.6443189356543285e-05
4.633527311534203e-05
4.622990277226035e-05
4.612700361242536e-05
4.602650452341783e-05
4.5928337769808486e-05
4.583243878508656e-05
4.573874587446061e-05
4.564720045998851e-05
4.555774751557388e-05
4.547033253864873e-05
4.538490578990289e-05
4.5301412462036055e-05
4.5219808585701625e-05
4.514005193548743e-05
4.506209416048236e-05
4.498589880340417e-05
4.49114237337685e-05
4.4838630880029593e-05
4.476977026978258e-05
4.4733740343697324e-05
4.469842511270454e-05
4.46638096147624e-05
4.462987964300608e-05
4.459662149647968e-05
4.456402194060614e-05
4.453206818296515e-05
4.450074785393934e-05
4.4470048987763715e-05
4.4439960005642526e-05
4.441046969933689e-05
4.438156721523309e-05
4.4353242039731804e-05
4.432548398670518e-05
4.4298283182942185e-05
4.4271630057152925e-05
4.424551532811014e-05
4.421992999320373e-05
4.4194865319691475e-05
4.417031283293705e-05
4.4146264308817726e-05
4.4122711764493565e-05
4.4099647450220206e-05
4.407706384106076e-05
4.405495363053565e-05
4.4033309722586726e-05
4.401212522574161e-05
4.3991393446505464e-05
4.3971107883200586e-05
4.3951262220710646e-05
4.393185032440651e-05
4.3912866236590374e-05
4.389430416946261e-05
4.387615850185333e-05
4.385842377486782e-05
4.384109468758679e-05
4.382416609240414e-05
4.38076329920327e-05
4.379149053568798e-05
4.3775734015465495e-05
4.376035886331254e-05
4.3745360647640036e-05
4.3730735070724067e-05
4.371647796536515e-05
4.37025852924349e-05
4.368905313845809e-05
4.3675877712719045e-05
4.366305534534587e-05
4.365058248468687e-05
4.363845569514137e-05
4.3626671655597193e-05
4.361522715660124e-05
4.360411909927907e-05
4.3593344493028926e-05
4.3582900453858684e-05
4.3572784202842084e-05
4.3562993064306386e-05
4.35535244646637e-05
4.354437593038217e-05
4.353554508721021e-05
4.3527029658217314e-05
4.35188274628471e-05
4.351093641563194e-05
4.350335452487728e-05
4.349607989142594e-05
4.3489110707917615e-05
4.3482445257379925e-05
4.347608191201194e-05
4.3470019132893785e-05
4.34642554682239e-05
4.345878955296331e-05
4.345362010769819e-05
4.3448745937738296e-05
4.34441659322509e-05
4.3439879064041735e-05
4.3435884387769974e-05
4.3432181040094964e-05
4.342876823855413e-05
4.3425645280717875e-05
4.34228115438066e-05
4.342026648412235e-05
4.341800963585135e-05
4.341604061115188e-05
4.341435909891793e-05
4.341296486475566e-05
4.3411857749982595e-05
4.3411037671233444e-05
4.3410504620006594e-05
4.341025866194503e-05
4.341029993653004e-05
4.335771625920417e-05
4.335873106222306e-05
4.341397933563983e-05
4.3673736749887044e-05
4.3902835107812764e-05
4.410720440468983e-05
4.429144806844554e-05
4.445916710265355e-05
4.4613194232962547e-05
4.4755779412319774e-05
4.488873016725893e-05
4.501351552579667e-05
4.513134277027041e-05
4.5243214468581905e-05
4.5349971270247595e-05
4.5452324381442955e-05
4.55508804914615e-05
4.564616112007224e-05
4.573861779584544e-05
4.5828644084900136e-05
4.5916585215517266e-05
4.600274584880416e-05
4.608739640689874e-05
4.617077826898122e-05
4.625310807133399e-05
4.633458129370496e-05
4.653798803732728e-05
4.677049267297866e-05
4.700397186400216e-05
4.7238651191012914e-05
4.747476803009938e-05
4.771254892476051e-05
4.7952217309738046e-05
4.819399565888339e-05
4.843810736305914e-05
4.868477859859639e-05
4.8934240223509416e-05
4.918672973781475e-05
4.944249334587255e-05
4.970178816051253e-05
4.996488459293918e-05
5.023206897725119e-05
5.050364648615683e-05
5.077994440349939e-05
5.1061315831805036e-05
5.134814392863898e-05
5.164084678595963e-05
5.1939883092809665e-05
5.2245758755460594e-05
5.255903469296963e-05
5.288033608446797e-05
5.321036342017086e-05
5.3549905810756905e-05
5.389985714764851e-05
5.4261235895477076e-05
5.4635209559117815e-05
5.502312523563557e-05
5.542654818550779e-05
5.584731112015369e-05
5.628757803176121e-05
5.674992810102154e-05
5.7237467868527735e-05
5.775398407871582e-05
5.8304156545692726e-05
5.889386220646966e-05
5.9530622489663434e-05
6.0224285163635243e-05
