27.52684419019237
27.499226316310427
27.470703153648017
27.44241015070607
27.414564178993114
27.387190375306446
27.360266091792823
27.333757286682037
27.307627887451158
27.28184218445078
27.256365421762347
27.231163921708536
27.20620508922519
27.181457385893946
27.156890296959475
27.132474297399177
27.108180818625534
27.083982216229465
27.059851738864428
27.03576349828706
27.011692440545943
26.987614318301716
26.963505664257834
26.939343765679304
26.91510663997524
26.890773011320263
26.866322288289076
26.84173454247834
26.816990488089925
26.7920714624496
26.766959407435692
26.7416368517925
26.71608689430378
26.69029318780219
26.66423992399121
26.637911819056775
26.611294100046383
26.584372491994454
26.557133205773106
26.529562926648563
26.50164880352391
26.473378438849743
26.444739879184972
26.415721606390605
26.386312529440275
26.3565019768315
26.3262796895827
26.295635814801308
26.264560899808966
26.2330458868103
26.20108210809224
26.168661281741265
26.135775507866516
26.102417265316742
26.068579408879827
26.034255166953532
25.99943813967642
25.964122297508343
25.928301980249664
25.89197189648868
25.85512712346668
25.8177631073501
25.779875663898984
25.741460979521108
25.70251561270059
25.66303649578977
25.623020937152685
25.582466623648063
25.541371623439353
25.499734389118462
25.457553761129674
25.414828971478926
25.37155964771328
25.32774581715405
25.28338791136644
25.238486770846897
25.19304364990864
25.147060221743963
25.100538583640777
25.05348126232907
25.00589121943093
24.957771856986483
24.909127023025366
24.859961017151537
24.810278596106677
24.760084979274996
24.70938585408946
24.65818738129649
24.606496200033376
24.554319432669033
24.501664689355568
24.44854007223432
24.394954179236265
24.34091610741274
24.28643545572801
24.231522327241144
24.176187330599756
24.1204415807638
24.064296698872386
24.0077648111619
23.95085854683831
23.893591034801624
23.835975899114818
23.77802725310477
23.71975969197703
23.66118828382131
23.60232855887961
23.543196496943796
23.483808512745192
23.424181439194346
23.36433250832563
23.304279329798025
23.24403986680109
23.183632409213672
23.123075543862086
23.06238812172529
23.001589221936328
22.94069811243282
22.87973420711437
22.818717019371906
22.757666111862978
22.696601042418944
22.635541305983878
22.57450627250232
22.51351512069284
22.45258676766809
22.391739794388638
22.33099236696855
22.27036215388516
22.20986623918354
22.149521031808693
22.089342171244716
22.02934442969039
21.96954161105462
21.909946447112784
21.850570491225582
21.791424010085496
21.732515874021548
21.67385344645971
21.615442473204116
21.557286972270994
21.499389125072668
21.44174916981155
21.38436529800239
21.327233555093486
21.270347746202905
21.213699348022303
21.157277427966577
21.101068571661607
21.04505681986262
20.989223615880807
20.933547764565326
20.878005403839705
20.822569989726155
20.76721229570785
20.71190042717771
20.656599851603353
20.60127344490289
20.545881554375974
20.490382078371628
20.43473056270054
20.378880314112518
20.32278252801297
20.266386434797692
20.209639459135207
20.152487393778117
20.0948745863015
20.036744137537568
19.978038110327535
19.918697747091272
19.858663694616773
19.79787623439708
19.736275516793633
19.67380179728271
19.61039567304605
19.54599831819744
19.480551715993105
19.413998886453186
19.346284107923033
19.27735313122303
19.20715338517221
19.135634172420257
19.06274685468183
18.988445026632643
18.912684677895896
18.835424342716397
18.75662523708596
18.676251383244196
18.59426972163129
18.510650210512242
18.42536591362286
18.338393074405104
18.249711186989305
18.159303045249086
18.067154790173497
17.973255946512392
17.87759945152351
17.780181676695648
17.681002443340564
17.580065032951758
