110.91672146952169
85.60311829681093
85.40545437096051
85.21257988609776
85.02127096816874
84.82865385317113
84.63299508316976
84.43326707449717
84.22887554620957
84.01949126680817
83.80494617336498
83.58516922717034
83.36014680594833
83.12989824745874
82.8944607473523
82.6538800298412
82.40820457842682
82.15748205956005
81.90175709450311
81.64106985768949
81.37545517855165
81.1049419480693
80.82955270556913
80.54930333002063
80.26420278753417
79.97425290525577
79.67944815259679
79.37977541739578
79.07521376867216
78.76573420007531
78.45129934953063
78.13186319137209
77.80737069765253
77.47775746540856
77.1429493066924
76.8028617979479
76.45739978511845
76.1064568405564
75.74991466741415
75.38764244680708
75.01949612252929
74.64531761758802
74.26493397623115
73.87815642446395
73.48477934135109
73.08457913257219
72.67731299684034
72.26271757480482
71.84050420400011
71.41036967042913
70.97197719058867
70.52496477473184
70.06894095704907
69.60348243877274
69.12813151204493
68.64239324072179
68.1457323732255
67.63756996142588
67.11727965824933
66.58418366618312
66.03754830302572
65.47657916422138
64.90041584319283
64.30812618006118
63.698700023881216
63.07104247819709
62.42396662281302
61.75618571200701
61.06630486925027
60.352780039593405
59.614033730469664
58.848266497756526
58.053591698044826
57.227877098942955
56.36891411085131
55.474299246580955
54.54145409614699
53.56762342405599
52.54987782158568
51.48512279365561
50.37011671218496
49.201500727231604
47.975844497719486
46.689712461012185
45.339756244745864
43.92283961734133
42.43620287127257
40.877673411277094
39.24592810229598
37.54081720966139
35.76370385387808
33.917914865670966
32.00913637778437
30.0458201562624
28.039500362144103
26.004953586883097
23.960119972197344
21.925710759714335
19.924457518786156
17.980012580350557
16.115582001145576
14.352437138489483
12.708551844982331
11.197455332265013
9.827616848628328
8.602310565225201
7.519979961111708
6.574980268258776
5.758541770907363
5.059794835896748
4.46672778478373
3.9669944372426453
3.5485339505676228
3.200001732031083
2.91103326305108
2.672373685307372
2.4759081149642106
2.314624368407715
2.182534003452016
2.0745712803256056
1.986483815051182
1.9147243328549464
1.8563485673784912
1.808922842498796
1.770442209824124
1.7392593827173455
1.7140238978380324
1.6936305971881995
1.6771763718391346
1.663924084260861
1.653272636600397
1.6447322421292208
1.6379056252382798
1.632465127163475
1.6281479937214558
1.6247395550829518
1.6220652651433385
1.6199832477511553
1.6183782161892821
1.6171565171290043
1.6162420938368753
1.6155731998625111
1.6150997247701964
1.6147810186039575
1.6145841224840265
1.6144823297649702
1.6144540161367293
1.6144816884744975
1.614551211567847
1.6146511794721363
1.6147724044297957
1.614907501359933
1.615050550029651
1.6151968203659326
1.6153425490890971
1.6154847580616585
1.6156211065468435
1.6157497710307607
1.6158693474544052
1.6159787716632306
1.6160772546711692
1.6161642299699
1.6162393106353448
1.616302254402318
1.616352935221772
1.6163913200931832
1.6164174501880135
1.6164314254689178
1.6164333921526743
1.6164235324904488
1.6164020564357588
1.6163691948506949
1.6163251939665408
1.6162703108674306
1.6162048098089994
1.6161289592193515
