132169.401
86536.14873603711
86443.50349896005
86351.47375236117
86260.04924411383
86169.22396752184
86078.99397029943
85989.35629068222
85900.30852808848
85811.84866537478
85723.97499084838
85636.68605996383
85549.98067294159
85463.85785890915
85378.31686284229
85293.35713383481
85208.97831410808
85125.18022852522
85041.96287451383
84959.3264123539
84877.27115580809
84795.79756308453
84714.90622811901
84634.59787216908
84554.87333571183
84475.7335706349
84397.17963271643
84319.2126743794
84241.83393771779
84165.04474778267
84088.8465061202
84013.24068455516
83938.22881920847
83863.81250474408
83789.99338883504
83716.7731668417
83644.15357669312
83572.1363939674
83500.72342715973
83429.91651313343
83359.7175127457
83290.1283066432
83221.15079121798
83152.78687472056
83085.03847352123
83017.90750851526
82951.39590166566
82885.5055726783
82820.2384358029
82755.59639675583
82691.58134975904
82628.19517469134
82565.43973434463
82503.31648879258
82441.82802315729
82380.97575242234
82320.7614454652
82261.18684188786
82202.25364978658
82143.96354362207
82086.31816217587
82029.31910658466
81972.96793844525
81917.26617798726
81862.21530230941
81807.81674367744
81754.07188787952
81700.98207263966
81648.54858608337
81596.7726652553
81545.65549468802
81495.19820501667
81445.40187164048
81396.26751342903
81347.79609146969
81299.9885078584
81252.84560452764
81206.36816211471
81160.55689886637
81115.4124695796
81070.93546457727
81027.12640871783
80983.98576043759
80941.51391082624
80899.71118273298
80858.57782990286
80818.11403614518
80778.31991452917
80739.19550661009
80700.74078168407
80662.95563607005
80625.839892421
80589.39329906151
80553.61552935393
80518.50618109132
80484.0647759168
80450.2907587715
80417.18349736815
80384.742281692
80352.96632352944
80321.85475602325
80291.40663325458
80261.62092985366
80232.49654063657
80204.03228027029
80176.22688296712
80149.0790022042
80122.58721047474
80096.74999906594
80071.56577786668
80047.0328752049
80023.14953771373
79999.9139302289
79977.32413571498
79955.37815522435
79934.0739078852
79913.40835942031
79893.38104480415
79873.98871279595
79855.22896512353
79837.09931631874
79819.5971971635
79802.71995635894
79786.46486136361
79770.82909891364
79755.80977543633
79741.40391744263
79727.60847193106
79714.42030681821
79701.83621140166
79689.85289685574
79678.46699676452
79667.67506768878
79657.4735897703
79647.85896737187
79638.82752975347
79630.37553178488
79622.49915469583
79615.19450685958
79608.45762461625
79602.28447312982
79596.67094728221
79591.61287260243
79587.10600623293
79583.14603792907
79579.72859109573
79576.84922385722
79574.50343016273
79572.68664092442
79571.39422519034
79570.62149134948
79570.3636883696
79570.61600706709
79571.37358140781
79572.63148983878
79574.38475664998
79576.62835336472
79579.35720015934
79582.56616730963
79586.25007666489
79590.40370314696
79595.02263708251
79600.09981497379
79605.63078102276
79611.610130731
79618.03242466136
79624.89218775053
79632.18390988492
79639.90204713309
79648.0410232538
79656.59523132739
79665.55903544287
79674.9267724156
79684.69275352295
79694.851266254
79705.39657606826
79716.32292816341
79727.62454924946
79739.29564932773
79751.33042347399
79763.72305362417
79776.46771036036
79789.55855469764
79802.98973986876
79816.75541310596
79830.84971741858
79845.26679336523
79860.00078081907
79875.04582072506
79890.39605684731
79906.04563750587
79921.9887173026
79938.21945883184
79954.73203437818
79971.5206275984
79988.57943518604
80005.90266851806
80023.48455528336
80041.31934108991
80059.40129105133
