142850.58624
193819.00852631257
194038.0245511278
194253.12487306376
194461.70530682028
194663.32537525563
194858.11585528753
195046.34177760384
195228.28972724578
195404.23949089544
195574.4575190833
195739.19598477206
195898.69323359057
196053.17453882346
196202.85288376638
196347.92970400312
196488.5955763222
196625.03085463887
196757.4062564779
196885.8834040545
197010.6153237852
197131.74690776804
197249.4153404234
197363.75049320149
197474.8752899692
197582.90604546585
197687.95277899146
197790.1195052865
197889.5045044081
197986.2005722226
198080.29525303683
198171.87105570335
198261.0056544942
198347.77207586658
198432.23887221015
198514.47028353432
198594.5263880374
198672.46324235588
198748.33301232784
198822.1840949576
198894.06123228554
198964.00561780756
199032.05499602837
199098.24375573243
199162.60301750322
199225.16071600027
199285.9416774868
199344.96769307155
199402.25758811543
199457.82728823228
199511.68988230362
199563.85568292718
199614.332284678
199663.12462058704
199710.2350172177
199755.6632487182
199799.4065902267
199841.45987100014
199881.81552763598
199920.46365775817
199957.39207454128
199992.58636243147
200026.02993444024
200057.7040913814
200087.58808342306
200115.65917432262
200141.89270871467
200166.26218283986
200188.7393190637
200209.29414456544
200227.89507457783
200244.50900051545
200259.10138336715
200271.63635270635
200282.07681164853
200290.38454810166
200296.5203526201
200300.44414316534
200302.11509705908
200301.4917903873
200298.53234509725
200293.19458397114
200285.43619367844
200275.2148960141
200262.48862742164
200247.2157268471
200229.35513190352
200208.8665832751
200185.71083723902
200159.8498860851
200131.24718616044
200099.86789317772
200065.67910433048
200028.65010667732
199988.75263114888
199945.9611114299
199900.2529468532
199851.60876833697
199800.0127062667
199745.4526590957
199687.9205613366
199627.4126494527
199563.92972404786
199497.47740662546
199428.06638903823
199355.71329953618
199280.43780132802
199202.26906981468
199121.23972772452
199037.389159007
198950.7630416867
198861.41348422604
198769.3991357002
198674.78526715765
198577.64382148997
198478.0534291608
198376.09938718728
198271.87359885298
198165.4744717415
198057.00677184845
197946.58143171447
197834.3153107739
197720.3309063837
197604.75601435933
197487.72333818933
197369.3700465831
197249.83727943146
197129.26960285477
197007.81441454016
196885.62130122536
196762.8413508461
196639.6264225707
196516.12837865812
196392.4982828644
196268.88557085066
196145.43719884942
196022.29677757932
195899.60369913242
195777.49226526846
195656.0908261735
195535.52093929326
195415.89655835996
195297.32326304127
195179.8975399289
195063.70612562547
194948.82542266406
194835.32099869926
194723.24717902427
194612.64674180525
194503.55072461496
194395.9783498215
194289.93707515928
194185.42277441334
194082.4200515755
193980.9026901024
193880.8342370855
193782.16872020919
193684.85149339552
193588.82020507153
193494.0058810387
193400.33270600624
193307.7248032248
193216.09953315236
193125.37417095236
193035.46610002726
192946.29432112293
192857.7809778598
192769.8528814819
192682.44301780997
192595.4920198302
192508.94959011878
192422.77585838723
192336.9426607407
192251.43472882162
192166.25077875354
192081.40449169488
191996.92537980987
191912.85953350793
191829.2702478445
191746.2385279855
191663.86347555576
191582.2625594927
191501.57177668446
191421.9457091416
191343.5574857391
191266.59967396295
191191.2800266713
191117.82727340353
191046.4867759415
190977.5211649401
190911.20994421293
190847.8490742198
190787.75054610387
190731.24195701355
190678.7161241655
190630.41032860323
190586.76323506006
190548.18481401357
190515.0580768328
190487.79388672044
