2.307208575011437
3.035497678796974
3.6691098701077025
4.042056107498105
4.177200892214894
4.1477041089474245
4.034457349307232
3.8891609698562615
3.7387101397314817
3.593028726618549
3.456619707603069
3.3306253213721884
3.214788785158276
3.1083350531758382
3.0103510804705684
2.9199418660761602
2.8362881943849683
2.7586623187208357
2.686426421937204
2.619024689198033
2.555973624064459
2.4968525052825514
2.441294689202011
2.388979953211196
2.3396278670843675
2.2929921018852393
2.2488555647331165
2.2070262491235786
2.167333700191687
2.12962600622331
2.0937672394258118
2.059635279606719
2.027119963769655
1.9961215127682355
1.9665491931869066
1.9383201786828517
1.9113585802550899
1.8855946194197482
1.860963922156833
1.8374069148396872
1.814868306230102
1.7932966420837755
1.7726439210137857
1.7528652620522827
1.7339186158731785
1.71576451292898
1.6983658428447925
1.6816876603301634
1.665697013641606
1.6503627922748039
1.635655591106744
1.621547588659276
1.6080124375325644
1.5950251653701282
1.5825620849775883
1.5706007124343853
1.5591196922173935
1.5480987285057721
1.5375185219596799
1.5273607111054197
1.5176078192985396
1.5082432034562303
1.4992510080165253
1.490616121546578
1.4823241362738142
1.4743613102633542
1.4667145320163952
1.4593712872909534
1.4523196279677728
1.445548142803652
1.4390459299303864
1.4328025709719199
1.4268081066642904
1.421053013873727
1.415528183917972
1.4102249021035296
1.4051348283994298
1.4002499791744012
1.3955627099302008
1.3910656989689119
1.386751931936789
1.3826146871916667
1.3786475219444334
1.3748442591287895
1.3711989749566325
1.3677059871192345
1.3643598435972188
1.3611553120444755
1.3580873697137068
1.3551511938932834
1.352342152826804
1.3496557970889143
1.347087851392068
1.3446342068010562
1.3422909133328742
1.3400541729214306
1.3379203327273328
1.335885878774564
1.3339474298964222
1.3321017319748374
1.3303456524572215
1.328676175136601
1.327090395181204
1.325585514400774
1.3241588367371298
1.3228077639675997
1.3215297916105104
1.32032250502225
1.3191835756763084
1.318110757531681
1.3171018839868238
1.3161548641369318
1.315267680041188
1.3144383836955982
1.3136650942264738
1.3129459952114397
1.3122793321213024
1.3116634098766715
1.3110965905139078
1.3105772909550117
1.3101039808762898
1.3096751806710956
1.30928945950218
1.3089454334391766
1.3086417636773249
1.3083771548333472
1.3081503533150456
1.3079601457608727
1.3078053575463884
1.3076848513542632
1.3075975258049906
1.307542314145413
1.3075181829923235
1.3075241311286474
1.3075591883497504
1.307622414357585
1.3077128977003658
1.3078297547558708
1.3079721287562043
1.3081391888522493
1.3083301292159637
1.3085441681788181
1.3087805474047198
1.3090385310959727
1.309317405230703
1.3096164768303549
1.3099350732559745
1.3102725415320098
1.310628247696366
1.3110015761756033
1.3113919291841636
1.3117987261465895
1.3122214031417627
1.3126594123681674
1.3131122216292932
1.313579313838344
1.3140601865413606
1.3145543514580984
1.3150613340397235
1.3155806730428405
1.3161119201189733
1.3166546394189658
1.3172084072116605
1.3177728115162473
1.3183474517476976
1.3189319383748386
1.3195258925904432
1.3201289459929098
1.3207407402790148
1.321360926947387
1.3219891670121162
1.322625130726268
1.323268497314813
1.323918954716543
1.3245761993347556
1.3252399357962847
1.325909876718553
1.3265857424843315
1.327267261023939
1.3279541676045652
1.3286462046264507
1.3293431214256983
1.3300446740833805
1.330750625240792
1.3314607439205912
1.3321748053535751
1.3328925908109233
1.3336138874416594
1.334338488115218
1.3350661912688455
1.3357968007596888
1.3365301257214328
1.337265980425263
1.338004184145063
1.338744561026653
1.3394869399609226
1.3402311544607504
1.3409770425415586
1.3417244466053626
1.342473213328235
