23.6
23.77788529211866
23.960012600042543
24.14213464385116
24.32425136890272
24.506362757931218
24.688468827800882
24.870569625299037
25.05266522319249
25.234755716579105
25.416841219504345
25.5989218618844
25.78099778665815
25.963069147210867
26.14513610503882
26.327198827647745
26.509257486673878
26.6913122562154
26.87336331083419
27.05541082701512
27.237454976323747
27.41949593044409
27.60153385722123
27.78356892064707
27.965601280302234
28.147631090906234
28.329658501964524
28.511683657501795
28.693706695871633
28.875727749633114
29.057746945485974
29.239764404256373
29.421780240926168
29.6037945646991
29.785807479098207
29.967819082088962
30.149829466223654
30.331838718802658
30.51384692204903
30.695854153293045
30.877860485163957
31.05986598578643
31.241870718979495
31.423874744456317
31.605878118022982
31.787880891775284
31.969883114292095
32.15188483082472
32.3338860834812
32.51588691140521
32.69788735094899
32.87988743583989
33.06188719734055
33.24388666440214
33.42588586381099
33.60788482032833
33.78988355682325
33.971882094398964
34.15388045251247
34.33587864908776
34.517876700622715
34.69987462228994
34.881872428031706
35.06387013064916
35.24586774188613
35.42786527250769
35.609862732373706
35.791860130507644
35.97385747516079
36.15585477387227
36.33785203352484
36.51984926039698
36.701846460211186
36.883843638178924
37.06584079904233
37.2478379471128
37.42983508630683
37.611832220179096
37.793829351953036
37.97582648454913
38.157823620610934
38.33982076252911
38.52181791246355
38.703815072363696
38.88581224398726
39.0678094289174
39.24980662857846
39.4318038442504
39.61380107708204
39.795798328103146
39.977795598235545
40.15979288830316
40.34179019904126
40.523787531104965
40.705784885076746
40.88778226147354
41.069779660753056
41.251777083319546
41.43377452952904
41.615771999694125
41.797769494088264
41.97976701294966
42.16176455648485
42.343762124871866
42.52575971826316
42.7077573367882
42.889754980555814
43.07175264965637
43.25375034416363
43.4357480641365
43.617745809620594
43.79974358064961
43.98174137724665
44.16373919942522
44.345737047190354
44.527734920539444
44.70973281946311
44.89173074394591
45.073728693966935
45.255726669500454
45.437724670516424
45.61972269698091
45.801720748856546
45.98371882610288
46.16571692867669
46.34771505653229
46.52971320962179
46.71171138789534
46.8937095913013
47.075707819786444
47.257706073296106
47.43970435177435
47.621702655164086
47.80370098340715
47.98569933644444
48.16769771421603
48.34969611666114
48.531694543718345
48.71369299532551
48.895691471419944
49.077689971938376
49.259688496817034
49.44168704599167
49.623685619397584
49.80568421696968
49.987682838642456
50.16968148435005
50.35168015402627
50.53367884760455
50.71567756501805
50.89767630619962
51.0796750710818
51.261673859596876
51.44367267167686
51.62567150725348
51.80767036625822
51.98966924862232
52.171668154276794
52.353667083152395
52.535666035179624
52.71766501028878
52.89966400840993
53.081663029472935
53.26366207340739
53.4456611401427
53.627660229608075
53.80965934173248
53.991658476444655
54.17365763367319
54.3556568133464
54.53765601539243
54.7196552397392
54.901654486314456
55.08365375504572
55.26565304586029
55.4476523586853
55.62965169344769
55.81165105007417
55.99365042849126
56.175649828625275
56.35764925040238
56.53964869374851
56.721648158589396
56.903647644850594
57.08564715245749
57.26764668133524
57.44964623140881
57.63164580260305
57.81364539484251
57.99564500805164
58.1776446421547
58.3596442970757
58.54164397273855
58.723643669066924
58.905643385984334
59.08764312341412
59.26964288127944
59.45164265950324
59.633642458008374
59.81564227671743
