22.13558148359766
21.8443828678231
21.563120326812648
21.291395812672675
21.028828857904028
20.775054978173657
20.52972511830735
20.292505257396417
20.063076016674476
19.84113224560475
19.62638258553109
19.418549014403094
19.21736637663076
19.022581902006028
18.833954717385033
18.651255354555815
18.474265257439317
18.302776291494254
18.13659025791982
17.975518414977245
17.819381008484285
17.668006813276804
17.521232687181506
17.378903138804276
17.24086991021142
17.106991575367143
16.977133154990717
16.85116574831175
16.728966182031915
16.610416676646842
16.495404530142242
16.38382181895375
16.275565115970057
16.170535225262796
16.06863693314408
15.969778775082696
15.873872817951924
15.7808344570347
15.69058222717523
15.603037627438237
15.518124958618007
15.43577117292754
15.35590573519318
15.278460494880926
15.203369568189665
15.130569229813391
15.05999781369946
14.991595621671559
14.925304839868408
14.861069462226078
14.798835220449066
14.738549519936232
14.680161381153036
14.623621385967683
14.56888162849544
14.515895670022054
14.464618497603551
14.415006480283449
14.367017351347897
14.320610157981612
14.275745237155384
14.232384187454358
14.190489842691708
14.150026254642086
14.110958646332705
14.073253413418128
14.036878094644193
14.001801351231682
13.967992946908245
13.935423728459424
13.904065606681968
13.873891537635618
13.844875504101307
13.816992497164861
13.790218497855237
13.764530458775688
13.739906285674598
13.716324818910445
13.693765814772307
13.67220992662347
13.651638685841474
13.632034482532815
13.613380546005095
13.595660924983324
13.578860467560583
13.562964800876353
13.547960310518476
13.533834119647047
13.520574067840592
13.508168689666554
13.49660719297969
13.485879436953198
13.475975909848502
13.46688770653055
13.45860650573631
13.451124547104806
13.444434607977641
13.438529979979535
13.433404445388833
13.429052253308507
13.425468095648533
13.422647082816962
13.42058471992816
13.419276881455886
13.418719786970016
13.418909976349637
13.419844284889203
13.421519818307857
13.423933927676767
13.427084184280826
13.430968354431956
13.435584374252274
13.440930324446462
13.447004405083728
13.45380491041094
13.461330203719676
13.469578692291353
13.478548802445745
13.48823895471968
13.498647539204075
13.509772891068815
13.521613266306504
13.534166817727453
13.547431571239631
13.561405402448852
13.576086013615493
13.591470911005619
13.607557382675312
13.624342476728234
13.64182298008738
13.659995397822849
13.678855933078136
13.698400467638063
13.718624543181749
13.739523343264324
13.761091676070977
13.783323957986712
13.806214198024833
13.829755983156304
13.853942464581289
13.878766344983006
13.904219875659985
13.930294816275687
13.956982458719335
13.984273605438368
14.012158562550598
14.040627133800236
14.069668615666204
14.099271793689775
14.129424940046466
14.160115812377413
14.191331653890797
14.223059194738068
14.255284654669962
14.287993746966968
14.321171683639223
14.354803181884538
14.388872471789114
14.423363305251115
14.458258966102898
14.493542281403272
14.52919563386706
14.565200975395014
14.601539841663254
14.638193367727553
14.675142293973414
14.712367018029848
14.749847575503415
14.787563673291523
14.825494709189687
14.863619792416246
14.901917764792715
14.940367222481514
14.978946538208655
15.017633883902693
15.056407253681297
15.095244487116744
15.134123292711742
15.173021271517385
15.211915940825856
15.25078475787145
15.289605143474878
15.328354505567424
15.367010262533379
15.405549866311228
15.443950825196497
15.482190726291572
15.52024725755057
15.55809822937016
15.595721595680178
15.63309547449103
15.670198167858013
15.707008181225882
15.74350424212036
15.77966531815651
15.815470634337219
15.850899689618371
15.885932272720465
15.92054847716974
15.95472871555491
