0.030944
0.06291264443547555
0.06289893888664777
0.06288500054239762
0.06287076433690211
0.06285617635851908
0.06284119426617085
0.06282578562084362
0.06280992578513367
0.06279359601379936
0.06277678190899143
0.06275947223878071
0.06274165806576162
0.06272338980752079
0.06270454786405245
0.06268518221090381
0.06266528841997103
0.06264486242326044
0.06262390043093617
0.06260239886300677
0.06258035429555925
0.06255769976485061
0.06253455853924512
0.06251086494893943
0.06248661571103022
0.062461807656304755
0.062436437675985126
0.06241050269397051
0.06238399965167335
0.06235692329883689
0.06232927715096466
0.06230105166036597
0.06227224590740011
0.062242856845537764
0.06221288142008826
0.06218231656901618
0.06215115922308714
0.06211940630576154
0.062087054733012154
0.06205410141313589
0.062020543246588254
0.06198637712584366
0.06195159993528122
0.06191620855109053
0.06188019984119238
0.0618435706651711
0.061806317874212896
0.06176843831104841
0.0617299288098978
0.061690786196415215
0.06165100728763213
0.06161058889189903
0.061569527808824465
0.06152782082921128
0.06148546473498942
0.06144245629914627
0.06139879228565319
0.061354469449389507
0.06130948453606409
0.061263834282133334
0.06121751541471771
0.06117052465151585
0.06112285870071665
0.06107451426090981
0.06102548802099505
0.060975776660089916
0.060925376847436506
0.06087428524230861
0.0608224984939157
0.060770013241308984
0.06071682611328638
0.06066293372829674
0.06060833269434492
0.060553019608896495
0.06049699105878334
0.06044024362010844
0.06038277385815293
0.06032457832728182
0.06026565357085113
0.06020599612111639
0.060145602499140215
0.06008446921470295
0.06002259276621121
0.05995996964061021
0.05989659631329478
0.059832469248022886
0.059767584896828554
0.05970193969993678
0.05963553008567918
0.05956835247041055
0.059500403258425864
0.059431678841879165
0.059362175600702595
0.05929188990252694
0.059220818102602366
0.05914895654372076
0.05907630155613895
0.0590028494575021
0.058928596552769115
0.05885353913413759
0.058777673480970835
0.05870099585972455
0.05862350252387604
0.058545189713851635
0.0584660536569571
0.05838609056730827
0.058305296645761694
0.0582236680798464
0.058141201043696814
0.0580578916979855
0.057973736189857114
0.057888730652862874
0.05780287120689545
0.05771615395812446
0.05762857499893291
0.05754013040785343
0.057450816249505855
0.05736062857453485
0.057269563419547746
0.057177616807053466
0.05708478474540165
0.05699106322872165
0.05689644823686294
0.05680093573533523
0.05670452167524875
0.05660720199325599
0.056508972611491924
0.05640982943751663
0.056309768364256774
0.05620878526994799
0.05610687601807697
0.056004036457324824
0.055900262421509486
0.055795549729529305
0.05568989418530665
0.055583291577730856
0.05547573768060255
0.055367228252577984
0.055257759037112414
0.055147325762404824
0.055035924141342535
0.054923549871445834
0.054810198634812166
0.05469586609806165
0.0545805479122817
0.054464239712971825
0.05434693711998952
0.05422863573749451
0.05410933115389468
0.05398901894179135
0.05386769465792416
0.05374535384311707
0.05362199202222351
0.05349760470407196
0.05337218738141114
0.05324573553085651
0.05311824461283446
0.052989710071528674
0.05286012733482559
0.05272949181425968
0.05259779890495908
0.0524650439855913
0.05233122241830809
0.05219632954869141
0.052060360705698895
0.051923311201608556
0.05178517633196478
0.051646011865597495
0.05150569245013042
0.05136427317842495
0.051221749424892986
0.05107811646874714
0.050933369535751054
0.05078750381758537
0.05064051448084938
0.05049239667122733
0.05034314551540158
0.050192756121914296
0.0500412235815395
0.049888542967426404
0.04973470933513693
0.04957971772263291
0.04942356315024045
0.049266240620603016
0.04910774511863033
0.04894807161144361
0.048787215048320766
0.04862517036063994
0.048461932461823655
0.048297496247281836
0.04813185659435572
0.04796500836226037
0.04779694639202817
0.047627665506451616
0.047457160510025985
0.04728542618889219
0.04711245731077924
0.04693824862494657
0.04676279486212675
0.04658603864891881
