3677.926853233614
-97.22747922666066
-94.87682900831363
-92.61552085715205
-90.42698286193797
-88.3077628069207
-86.2561886815235
-84.27070453070228
-82.34978626016164
-80.49192429335407
-78.6956226221247
-76.95939972998217
-75.28178969507378
-73.66134327180062
-72.09662892399592
-70.58623380323507
-69.128764668856
-67.72284874725514
-66.36713452851555
-65.06029249900568
-63.80101580914994
-62.588020876073344
-61.42004792109099
-60.29586144266981
-59.214250625714826
-58.1740296882649
-57.174038167211606
-56.21314114470747
-55.29022941720444
-54.404219609273035
-53.554054234476844
-52.73870170571096
-51.9571562974377
-51.208438062498885
-50.49159270595167
-49.80569141865446
-49.149830673191246
-48.52313198470514
-47.92474163927369
-47.35383039227571
-46.809593139265075
-46.29124856175077
-45.798038750150255
-45.329228806219184
-44.88410642705168
-44.46198147276455
-44.06218551973017
-43.68407140134009
-43.32701273795214
-42.990403457718514
-42.673657309912315
-42.376207372100495
-42.09750555264292
-41.8370220897284
-41.594245048095125
-41.368679814666415
-41.15984859394349
-40.96728990413852
-40.79055807498781
-40.629222747857824
-40.482868378973265
-40.35109374629901
-40.23351146077256
-40.1297474822612
-40.03944064078485
-39.96224216340345
-39.89781520711193
-39.84583439800405
-39.80598537713697
-39.77796435309213
-39.76147766167926
-39.75624133279621
-39.7619806646042
-39.77842980520921
-39.80533134191261
-39.84243589803571
-39.88950173749528
-39.946294377096855
-40.012586206630566
-40.08815611669953
-40.172789134453204
-40.26627606706031
-40.36841315305248
-40.47900172150379
-40.59784785901054
-40.724762084506835
-40.85955903192995
-41.00205714070738
-41.15207835408484
-41.30944782531991
-41.47399363175751
-41.645546496694365
-41.8239395194602
-42.009007913069055
-42.20058875018527
-42.39852071702039
-42.602643875396446
-42.81279943299812
-43.02882952187458
-43.25057698534886
-43.47788517336522
-43.71059774637912
-43.94855848795576
-44.191611126139364
-44.439599163743736
-44.69236571769929
-44.94975336757317
-45.21160401345405
-45.47775874323416
-45.74805770963215
-46.02234001685438
-46.30044361728274
-46.582205218200635
-46.8674601986834
-47.1560425369699
-47.44778474821271
-47.742517832929465
-48.04007123620144
-48.340272817731616
-48.64294883287691
-48.947923924741936
-49.25502112742013
-49.564061880392615
-49.87486605419997
-50.18725198732005
-50.50103653430245
-50.81603512512814
-51.132061835678854
-51.44892946933672
-51.76644964949172
-52.0844329229031
-52.402688873670236
-52.72102624766618
-53.793617079003134
-54.08026017578413
-24.223796001585296
-24.086932204975028
-24.339859813587477
-24.853574544642953
-25.54327979688716
-26.351386217749234
-27.237476880384193
-28.172424385640113
-29.13480236785268
-30.108604209478997
-31.081739296449854
-32.045010546218904
-32.99140033891173
-33.915560111986345
-34.81343803278722
-35.68200247716948
-36.51903336599602
-37.3229624576473
-38.09274955278379
-38.827785444931706
-39.527815069823056
-40.19287610811456
-40.82324955598783
-41.41941967358276
-41.98204136552367
-42.5099048288731
-42.96760979709508
-43.39609706721587
-43.79633942321881
-44.16940623411794
-44.51643980741948
-44.83865056282874
-45.137312935264355
-45.4137596084831
-45.66937853815534
-45.905611453103276
-46.123953796326305
-46.32595610624499
-46.5132268755945
-46.68745437528357
-46.8503414565838
-47.00372292889652
-47.149500816361375
-47.28967579697665
-47.426362201939334
-47.56180615825251
-47.6984074427362
-47.83874576319794
-47.9856123698349
-48.14204814089221
-48.31138959954457
-48.49732472825287
-48.70396098903278
-48.935908682168446
-49.19838375480119
-49.49733550895791
-49.8396065114855
-50.23313460876036
-50.68721065504942
-51.212810930348624
-51.82303113982057
-52.533660799709615
-53.36395514855263
-54.33769065728802
-55.48463720289415
