17.88683705822058
17.84728528716965
17.808836857441463
17.771462241705844
17.73513594990206
17.69983411909491
17.665534157265608
17.6322145102289
17.599854493567268
17.56843416980918
17.537934255215582
17.508336054919464
17.47962141096107
17.451772658910613
17.42477259514344
17.398604450114163
17.373251866027584
17.348698877790643
17.324929896449085
17.301929694536682
17.279683392921985
17.258176448849273
17.237394644949106
17.217324079050393
17.197951154666566
17.179262572057574
17.16124531979111
17.143886666742233
17.127174154438343
17.111095589973235
17.095639038801682
17.080792818249655
17.066545491083343
17.052885859359883
17.03980295850524
17.027286034093947
17.01532461195259
17.003908369617232
16.993027220924183
16.98267128663811
16.97283088924576
16.963496548300327
16.954658722444734
16.946308621129408
16.938437569671247
16.93103650796368
16.92409688109728
16.917610306929348
16.91156856928115
16.905963614779516
16.900787549666543
16.896032636572347
16.891691291288062
16.88775607956276
16.884219713942805
16.881075050662965
16.87831508659652
16.87593295626817
16.87392192893184
16.872275405714166
16.870986916823437
16.870050118823578
16.86945879197192
16.86920683761967
16.86928827567364
16.869697242117677
16.87042798659247
16.871474870032063
16.87283236235564
16.874495040213123
16.876457584783118
16.878714779621795
16.881261508561362
16.884092753656777
16.88720359317948
16.89058919965675
16.89424483795568
16.898165863410416
16.90234771999165
16.906785938517206
16.91147613490268
16.916414008451078
16.92159534018048
16.927015991188753
16.932671901054366
16.93855908627238
16.94467363872476
16.951011724184127
16.957569467958926
16.964343441248307
16.971329864419648
16.97852518548751
16.985925920872397
16.993528651818753
17.001330023311283
17.009326742985525
17.017515580014226
17.025893363984068
17.03445698377306
17.043203386435692
17.0521464033599
17.06124431488838
17.070517502627272
17.079962993274215
17.089577652334693
17.099358502531054
17.109302694481737
17.119407482099195
17.129670205207375
17.140088277228603
17.150659176387947
17.161380439359228
17.17224965660726
17.183264468910078
17.1944225647034
17.205721677999488
17.21715956331894
17.22873407199119
17.240442619767705
17.25228369406865
17.264255198132744
17.276355078018327
17.28858132766641
17.300931985093115
17.313405570607173
17.32599915460643
17.338711542789333
17.351540920099136
17.36448550034135
17.377543534376535
17.3907133083123
17.403993141958473
17.417381387583244
17.430876428882847
17.444476680102333
17.458180585264166
17.471986617474634
17.485893278287108
17.4998990971078
17.51400263063376
17.528202462316187
17.54249720184398
17.556885484644205
17.57136597139686
17.585937347562293
17.60059832291991
17.615347631117306
17.630184029229078
17.645106297324784
17.660113694339984
17.675204008212894
17.690376696670363
17.705630625319028
17.72096467440621
17.736377747298306
17.751868769431052
17.767436687365457
17.7830808998024
17.798799821920028
17.814592065684025
17.83045770924011
17.846395183073724
17.862403569226124
17.878481968062868
17.8946294904309
17.9108452592779
17.927128410795916
17.943478095125418
17.959893476755127
17.976373734713096
17.992918062614997
18.00952566861522
18.026195775292337
18.042927619490587
18.05972045213253
18.076573538013086
18.093486155582184
18.110457596720902
18.127487166514438
18.144574183024258
18.161717977060917
18.17891789195868
18.19617328335261
18.213483518958583
18.230847978356575
18.24826605277734
18.26573714489261
18.283260668608893
18.300836048864856
18.31846272143225
18.336140132720438
18.353867739584373
18.37164500913608
18.389471418559534
18.407346454928852
18.425269615029848
18.44324040518477
18.461258341080242
18.47932294759833
18.49743375865067
