0.028644906491327154
0.028928699725635394
0.028980145502112323
0.02898050153197695
0.02896863900699824
0.028954035047911594
0.028939007794139417
0.028924112341351223
0.028909469977918198
0.028895096119243065
0.028880981214406444
0.028867110648374623
0.028853469568303515
0.028840043985917527
0.02882682096486692
0.028813788588708943
0.028800935881704185
0.028788252724736566
0.02877572977636126
0.028763826500853195
0.028751255031761028
0.0287390702743145
0.02872708446738203
0.028715239117515386
0.028703515104893895
0.028691903570871164
0.028680398498715263
0.028668994829620487
0.028657687969825353
0.028646473648622914
0.0286353478661802
0.028624306865466274
0.028613347111626792
0.028602465274474843
0.028591658212880396
0.028580922960638834
0.028570256713611665
0.028559656817997506
0.028549120759617706
0.02853864615411618
0.028528230737984443
0.028517872360332895
0.028507568975337478
0.028497318635298596
0.02848711948425576
0.028476969752106868
0.02846686774918704
0.028456811861265502
0.02844680054492427
0.028436832323284866
0.02842690578205348
0.0284170195658575
0.02840717237484901
0.028397362961552774
0.028387590127939358
0.028377852722704617
0.02836814963873924
0.028358479810773593
0.028348842213183723
0.028339235857946732
0.028329659792733445
0.028320113099128814
0.028310594890969862
0.028301104312793132
0.028291640538383355
0.028282202769416162
0.028272790234188338
0.02826340218642928
0.028254037904188234
0.028244696688792075
0.028235377863868868
0.02822608077443276
0.02821680478602644
0.028207549283917083
0.028198313672342504
0.02818909737380444
0.028179899828405817
0.02817072049322933
0.028161558841754926
0.028152414363313706
0.028143286562575993
0.028134174959071844
0.028125079086741802
0.028115998493516182
0.028106932740921534
0.028097881403712336
0.02808884406952678
0.02807982033856522
0.028070809823290025
0.028061812148145716
0.028052826949298244
0.0280438538743923
0.028034892582325954
0.028025942743041314
0.028017004037330758
0.028008076156657586
0.027999158802990545
0.027990251688651404
0.027981354536174907
0.027972467078180414
0.027963589057254754
0.027954720225845428
0.027945860346163934
0.02793700919009841
0.02792816653913512
0.027919332184288482
0.02791050592603887
0.02790168757427798
0.02789287694826122
0.02788407387656659
0.02787527819705994
0.027866489756865835
0.027857708412343928
0.027848934029070314
0.027840166481823723
0.027831405654575626
0.02782265144048479
0.027813903741895105
0.027805162470336865
0.02779642754653096
0.027787698900395803
0.027778976471056448
0.027770260206855926
0.02776155006536816
0.02775284601341247
0.027744148027069097
0.02773545609169569
0.02772677020194436
0.02771809036177908
0.027709416584493052
0.027700748892726036
0.02769208731848104
0.027683431903140366
0.027674782697480783
0.02766613976168729
0.027657503165365693
0.02764887298755333
0.027640249316728024
0.027631632250814893
0.027623021897190802
0.027614418372686488
0.027605821803585773
0.027597232325622063
0.027588650083971673
0.027580075233244
0.02757150793746827
0.027562948370076768
0.027554396713884335
0.027545853161064074
0.027537317913119214
0.02752879118085064
0.02752027318432059
0.027511764152811796
0.027503264324782426
0.027494773947816596
0.02748629327857018
0.027477822582712273
0.027469362134861793
0.027460912218519644
0.02745247312599581
0.027444045158331966
0.027435628625219134
0.027427223844910496
0.02741883114412934
0.027410450857972217
0.027402083329806995
0.02739372891116614
0.027385387961634953
0.02737706084873486
0.027368747947801666
0.027360449641858825
0.02735216632148551
0.02734389838467976
0.02733564623671624
0.027327410289998886
0.02731919096390828
0.027310988684643545
0.027302803885058756
0.027294637004493905
0.027286488488599926
0.02727835878915805
0.027270248363893048
0.027262157676280332
0.027254087195346725
0.027246037395464558
0.027238008756139152
0.02723000176178919
0.027222016901519933
0.02721405466888888
0.027206115561663875
0.027198200081573122
0.027190308734047035
0.02718244202795175
0.02717460047531387
0.027166784591036452
0.027158994892605967
0.027151231899790056
0.02714349613432608
0.02713578811960029
0.02712810838031784
