162.93294340903296
162.27325122429286
162.81456098432946
163.3557350932015
163.89679747317305
164.43774822955143
164.97858761125127
165.51931660669743
166.05993683293696
166.60045042839198
167.1408599204029
167.68116818776627
168.2213783529073
168.76149372571123
169.30151774795823
169.84145394563703
170.38130588820272
170.92107715395966
171.46077258161802
172.00039184646292
172.5399422293678
173.0794258217344
173.61884589547515
174.1582056173394
174.6975080409677
175.23675610109842
175.77595260963173
176.31510025328657
176.85420159261872
177.39325906218912
177.93227497170014
178.47125150793465
179.0101907373545
179.54909460923167
180.0879649592022
180.62680351314515
181.16561189130368
181.70439161257707
182.2431440989203
182.78187067979894
183.32057259665612
183.85925100735147
184.3979069905442
184.93654154999155
185.47515561874368
186.01375006321877
186.55232568714402
187.09088323535417
187.62942339743998
188.16794681124227
188.7064540661889
189.2449457064737
189.783422234078
190.32188411163634
190.8603317651484
191.39876558654223
191.93718593609057
192.4755931446867
193.01398751598373
193.55236932840296
194.09073883701618
194.6290962753082
195.16744185682418
195.7057757767089
196.24409821314077
196.78240932866964
197.32070927145998
197.85899817644773
198.39727616641386
198.9355433529805
199.47379983753405
200.01204571207936
200.55028106003053
201.08850595694105
201.62672047117755
202.1649246645426
202.70311859284664
203.2413023064362
203.7794758506789
204.31763926640966
204.85579259033995
205.39393585543388
205.93206909125263
206.47019232426973
207.00830557816036
207.54640887406487
208.08450223083057
208.62258566523164
209.1606591921705
209.6987228248609
210.23677657499442
210.77482045289307
211.31285446764647
211.85087862723802
212.38889293865887
212.92689740801057
213.46489204059944
214.00287684102142
214.54085181323836
215.0788169606479
215.61677228614647
216.15471779218552
216.6926534808229
217.23057935376906
217.7684954124282
218.3064016579366
218.84429809119501
219.38218471290023
219.92006152357104
220.4579285235735
220.99578571314225
221.53363309240044
222.07147066137708
222.6092984200228
223.14711636822358
223.68492450581397
224.22272283258707
224.76051134830587
225.29829005271094
225.8360589455291
226.3738180264799
226.91156729528197
227.44930675165867
227.98703639534295
228.52475622608122
229.06246624363794
229.60016644779827
230.13785683837133
230.67553741519265
231.2132081781267
231.75086912706848
232.2885202619458
232.82616158272003
233.36379308938822
233.90141478198345
234.4390266605766
234.9766287252762
235.51422097623004
236.05180341362544
236.58937603768942
237.12693884868946
237.66449184693363
238.20203503277108
238.73956840659218
239.27709196882813
239.81460571995186
240.35210966047757
240.88960379096082
241.42708811199847
241.9645626242291
242.5020273283322
243.03948222502848
243.5769273150795
244.1143625992883
244.65178807849807
245.18920375359275
245.72660962549685
246.26400569517486
246.80139196363132
247.3387684319108
247.8761351010972
248.41349197231378
248.95083904672308
249.4881763255266
250.0255038099642
250.56282150131443
251.10012940089413
251.6374275100577
252.17471583019758
252.71199436274358
253.24926310916243
253.78652207095814
254.32377124967118
254.8610106468787
255.3982402641938
255.93546010326546
256.4726701657786
257.0098704534532
257.5470609680445
258.08424171134277
258.62141268517274
259.15857389139364
259.6957253318986
260.2328670086148
260.7699989235029
261.307121078557
261.8442334758041
262.3813361173045
262.9184290051505
263.4555121414669
263.99258552841087
264.529649168171
265.06670306296775
265.6037472150525
266.14078162670836
266.67780630024856
267.21482123801746
267.75182644238924
268.2888219157689
268.8258076605902
