-42.30884980797583
165.78435952285426
165.7460041986688
165.6912373623512
165.6203661400295
165.53369277864005
165.4315150641449
165.31412616106095
165.18181446155288
165.03486345673187
164.87355162845245
164.69815235951424
164.5089338605892
164.30615911255555
164.09008582315025
163.86096639697956
163.61904791802095
163.36457214379368
163.0977755104172
162.81888914781175
162.5281389043183
162.2257453800508
161.91192396831758
161.5868849044749
161.25083332161063
160.90396931247443
160.54648799710495
160.1785795956288
159.80042950573193
159.41221838433296
159.01412223301026
158.60631248675966
158.18895610568714
157.76221566926046
157.326249472768
156.88121162565326
156.4272521514178
155.9645170888021
155.49314859397415
155.01328504347612
154.52506113769306
154.0286080046295
153.5240533037894
153.0115213299786
152.49113311685295
151.9630065400608
151.42725641983012
150.88399462286992
150.33333016346612
149.7753693036595
149.21021565240832
148.6379702636421
148.05873173312986
147.4725962940836
146.87965791143765
146.28000837474255
145.67373738962135
145.06093266774678
144.44168001529727
143.81606341985827
143.18416513574147
142.54606576769555
141.9018443529903
141.25157844185594
140.59534417626577
139.9332163670537
139.26526856935746
138.59157315638456
137.91220139150153
137.22722349864193
136.53670873104087
135.840725438297
135.1393411317675
134.4326225483046
133.7206357123415
133.00344599633428
132.28111817957384
131.5537165053755
130.8213047366581
130.0839466429989
129.34170432051687
128.59464084193047
127.84281857237256
127.08629965088856
126.32514603654364
125.5594195530461
124.78918193188242
124.01449485396772
123.23541998981577
122.45201903824194
121.66435376361119
120.87248603163918
120.07647784376606
119.2763913701066
118.47228898099466
117.6642332771319
116.85228711835038
116.03651365100255
115.21697633398972
114.39373896343814
113.56686569603436
112.73642107103055
111.90247003093029
111.06507794086357
110.22431060666368
109.38023429165325
108.53291573215117
107.68242215170959
106.82882127409191
105.97218133499894
105.11257109255747
104.25005983657748
103.38471739659002
102.51661414867483
101.64582102109092
100.7724094987168
99.89645162631423
99.01802001062559
98.13718782131649
97.25402879077512
96.36861721278143
95.48102794005644
94.59133638070801
93.69961849358363
92.80595078254532
91.91041028968041
91.01307458746437
90.11402176988928
89.21333044257521
88.31107971188163
87.4073491730337
86.50221889728373
85.59576941812597
84.68808171658124
83.7792372055753
82.86931771342822
81.95840546647675
81.04658307085276
80.13393349343835
79.22054004202242
78.3064863446811
77.39185632840835
76.47673419702085
75.56120440836374
74.64535165084276
73.72926081931158
72.81301090938236
71.89669943667579
70.98040548385306
70.06421456561903
69.14821224692756
68.23248413065866
67.31711583676166
66.4021929769315
65.48780112720762
64.57402579952884
63.66095241268961
62.748666262901295
61.83725249406192
60.92679606779733
60.01738173332033
59.1090939971467
58.20201709270525
57.29623494987315
56.391831164478795
55.48888896779804
54.587491196085146
53.68772026016882
52.78965811514785
51.893386230221964
50.998985558688084
50.106536508139754
49.216118910896924
48.32781199470374
47.441694353723065
46.557843919859636
45.67633793444417
44.79725292030672
43.920664654269196
43.04664814008797
42.17527758187126
41.306626358001935
40.440766995589875
39.57777114548051
38.71770955784453
37.86065205837204
37.00666752509347
36.15582386585161
35.30818799644132
34.463825819440586
33.62280220374977
32.78518096485754
31.95102484584688
31.120402038602666
30.293359853918215
29.469964498816378
28.650274197409797
27.834346049275094
27.022235997832322
26.213998808844988
