0.9
1.0502284876058663
1.0507558175225773
1.051258077150494
1.0517403555563363
1.0522067679331495
1.0526606253914024
1.0531045834432586
1.0535407653893352
1.0539710137986835
1.054396227355499
1.0548179186517075
1.0552367835477015
1.0556534872446643
1.0560685525804434
1.0564823891685704
1.0568953167930295
1.0573075841450066
1.0577193837951997
1.0581308641321256
1.0585421388610408
1.058953294545832
1.0593643965841433
1.0597754939305668
1.0601866228213408
1.0605978097041946
1.0610090735365763
1.0614204275829855
1.061831880815802
1.062243439002963
1.0626551055488076
1.063066882140934
1.0634787692448182
1.063890766479585
1.0643028729010453
1.0647150872128044
1.0651274079217494
1.0655398334507804
1.0659523622188178
1.0663649926959788
1.0667774356808677
1.0671905508863682
1.0676034787537048
1.0680165031700573
1.0684296231982868
1.0688428380202073
1.0692561469307067
1.0696695493303068
1.070083044716832
1.0704966326766752
1.0709103022482755
1.0713240852330497
1.0717379496926411
1.0721519057833289
1.0725676359944982
1.0729801129393448
1.073394339534042
1.0738119781777886
1.0742230537956179
1.0746375598530806
1.0750521573531933
1.0754668464547323
1.075881627292809
1.0762965000060327
1.0767114647361908
1.0771265216272898
1.0775416708244543
1.0779569124731105
1.078372246718208
1.0787876737035482
1.0792031935712132
1.0796188064610701
1.0800345125103634
1.0804503118533708
1.080866204621126
1.0812821909412058
1.081698270937512
1.082114444730207
1.0825307124355812
1.0829470741659963
1.0833635300298599
1.0837800801316133
1.0841967245717472
1.0846134634468267
1.0850302968495393
1.0854472248687523
1.0858642475895728
1.0862813650934249
1.0866985774581273
1.0871158622582178
1.0875328088096747
1.0879502968976547
1.0883678809874646
1.0887855609992567
1.0892033368816032
1.0896212086003234
1.0900391761345583
1.0904572394737733
1.0908753986153563
1.091293653562697
1.0912609981794947
1.0916195449208188
1.0919907694773194
1.0923722881284517
1.0927621141790853
1.093158646066028
1.0935605937536155
1.0939669178062896
1.0943767804586506
1.0947895063258293
1.0952045508285226
1.095621474799135
1.096039924046227
1.0964596129003585
1.0968803109595915
1.097301832408239
1.0977240274063436
1.098146775146359
1.0985699782527547
1.0989935582637373
1.0994174519852635
1.0998416085483678
1.1002659870337688
1.1006905545540904
1.1011152847053438
1.101540156316433
1.1019651524392118
1.1023902595327653
1.10281546680451
1.1032407656779544
1.1036661493627407
1.1040916125073306
1.104517150918449
1.1049427613344613
1.1053684412423475
1.1057941887298852
1.1062200023663147
1.106645881105996
1.1070718242106714
1.1074978311866652
1.107923901734815
1.1083500357087894
1.1087762330830153
1.1092024939261174
1.1096288183797334
1.1100552066411469
1.1104816589503457
1.1109081755785486
1.1113347568196328
1.1117614029832188
1.1121881143892054
1.112614891363416
1.1130417342342045
1.1134686433298024
1.1138956189762637
1.1143226614959005
1.1147497712060996
1.1151769484184533
1.1156041934381322
1.1160315065634592
1.116458888085635
1.1168863382885843
1.1173138574489063
1.1177414458358872
1.118169103711586
1.1185968313309438
1.1190246289419457
1.1194524967857942
1.1198804350971037
1.1203084441041042
1.1207365240288527
1.1211646750874504
1.121592897490258
1.122021191442108
1.1224495571425206
1.1228779947859033
1.1233065045617627
1.1237350866548899
1.1241637412455592
1.1245924685097075
1.1250212686191101
1.1254501417415517
1.1258790880409915
1.1263081076777153
1.1267372008084884
1.1271663675866963
1.1275956081624825
1.1280249226828825
1.128454311291942
1.1288837741308426
1.1293133113380085
1.129742923049226
1.1301726093977287
1.1306023705143167
1.131032206527436
1.1314621175632709
1.1318921037458318
1.1323221651970339
1.1327523020367736
1.1331825143830039
