1774.2908618018587
1766.6666328543065
1759.0606319157773
1751.4722220811045
1743.900553655648
1736.3447565664542
1728.803988522844
1721.2774454273433
1713.7643622298028
1706.2640114626984
1698.7757013062028
1691.2987736476302
1683.8326022448978
1676.3765910132388
1668.9301724320103
1661.492806063439
1654.0639771745884
1646.6431954542966
1639.2299938175527
1631.823927290434
1624.4245719693702
1617.0315240490672
1609.6443989139323
1602.2628302882943
1594.886469441141
1587.5149844414454
1580.1480594605123
1572.7853941180576
1565.4267028690228
1558.0717144283656
1550.7201712312974
1543.3718289266371
1536.0264559011428
1528.6838328328502
1521.3437522715894
1514.0060182450118
1506.6704458885652
1499.3368610979858
1492.0051002029822
1484.6750096608675
1477.3464457690116
1470.0192743950422
1462.6933707238143
1455.3686190202254
1448.0449124070287
1440.7221526568412
1433.400249997607
1426.0791229308202
1418.7586980618564
1411.438909941805
1404.1197009202272
1396.80102100831
1389.4828277519048
1382.165086113978
1374.847768366025
1367.5308539880195
1360.2143295765009
1352.8981887604127
1345.5824321243342
1338.2670671387514
1330.9521080970437
1323.6375760588614
1316.3234987995932
1309.0099107656288
1301.6968530351255
1294.3843732840126
1287.0725257569522
1279.761371243003
1272.4509770557233
1265.1414170174585
1257.8327714475681
1250.5251271543336
1243.2185774303098
1235.9132220508623
1228.6091672756527
1221.3065258528131
1214.0054170255687
1206.7059665410432
1199.4083066610008
1192.1125761742508
1184.818920410457
1177.5274912550751
1170.238447165135
1162.9519531855876
1155.6681809659133
1148.387308776698
1141.1095215258545
1133.8350107741705
1126.5639747498549
1119.296618361728
1112.0331532107107
1104.7737975992372
1097.5187765382173
1090.2683217511471
1083.0226716749726
1075.782071457277
1068.546772949361
1061.3170346947702
1054.093121912805
1046.8753064765353
1039.6638668848339
1032.4590882279206
1025.2612621459025
1018.070686779775
1010.887666714347
1003.7125129125336
996.5455426404507
989.3870793827432
982.2374527475661
975.0969983606344
967.9660577477578
960.8449782052735
953.7341126577991
946.6338195027295
939.544462440918
932.466410292998
925.4000368008216
918.3457204135219
911.303844057739
904.2747948915897
897.2589640420155
890.2567463251922
883.2685399497619
876.2947462027129
869.3357691178253
862.3920151266966
855.463892692461
848.5518119264435
841.6561841881073
834.7774216687993
827.915936959942
821.0721426064827
814.2464506465744
807.4392721386413
800.6510166771589
793.8820918986703
787.132902979747
780.4038521287907
773.6953380737637
767.0077555481154
760.3414947773543
753.6969409688703
747.0744738077661
740.4744669615914
733.8972875969785
727.343295911266
720.8128446822494
714.3062788392284
707.8239350585027
701.3661413864286
694.9332168930571
688.5254713592492
682.1432050000004
675.7867082264969
669.4562614491801
663.1521349238154
656.8745886422419
650.6238722691364
644.400225136014
638.2038762424017
632.0350443642078
625.8939381705555
619.7807563969693
613.6956880642533
607.6389127415985
601.6106008520719
595.6109140183054
589.6400054458787
583.698020341633
577.7850963639044
571.9013641015047
566.0469475781225
560.2219647787509
554.4265281947053
548.6607453838125
542.9247195424203
537.2185500859744
531.5423332350638
525.8961626040151
520.2801297893258
514.6943249554658
509.13883741582913
503.6137562024678
498.1191706457521
492.65517091539374
487.22184857047006
481.81929709232327
476.4476124049844
471.10689338272437
465.79724234455955
460.5187655357316
455.27157359635123
450.0557820175376
444.87151158550313
439.71888881413093
434.598046366657
429.50912346711937
424.45226630226375
419.4276284145981
414.4353710872829
