6.268227644015878
8.246624954860325
8.32866838730361
8.405826889840592
8.478403040962803
8.546587433104087
8.610538104316147
8.670399798573682
8.72630903537976
8.778395634485584
8.826783339023995
8.871590198229281
8.91292887611817
8.95090692873321
8.985627061511176
9.01718737049996
9.04568156912385
9.071199201632401
9.093825844174885
9.113643294346053
9.130729749979078
9.145159977904271
9.157005473339083
9.166334610526624
9.173212785195794
9.177702549375027
9.179863739054024
9.179753595152992
9.177426878226763
9.17293597730158
9.16633101321529
9.157659936805779
9.146968622270101
9.134300955994709
9.119698921137248
9.103202678222768
9.084850641999415
9.064679554783451
9.04272455650933
9.019019251686329
8.993595773451501
8.96648484489714
8.937715837840203
8.907316829191368
8.875314655072302
8.841734962821356
8.806602261019822
8.769939967663857
8.731770456600467
8.692115102339315
8.650994323346685
8.608427623922228
8.564433634754254
8.51903015224433
8.472234176687959
8.424061949393565
8.374528988818126
8.323650125794924
8.271439537924163
8.217910783195196
8.163076832905292
8.106950103937137
8.04954249045485
7.990865395074824
7.93092975956595
7.869746095130918
7.8073245123177815
7.7436747506086805
7.678806207730316
7.61272796872858
7.545448834846812
7.476977352245622
7.4073218405992565
7.336490421601323
7.26449104741006
7.19133152906112
7.117019564872793
7.041562768866255
6.964968699220432
6.887244886778207
6.808398863617591
6.728438191698468
6.64737049159188
6.565203471295897
6.4819449551375525
6.397602912757869
6.312185488171499
6.225701028889994
6.138158115091742
6.049565588818676
5.959932583174467
5.869268551493838
5.7775832964488325
5.6848869990516375
5.591190247509232
5.496504065879468
5.400839942473242
5.304209857941532
5.20662631298158
5.108102355590177
5.008651607787568
4.908288291730062
4.807027255124348
4.704883995852121
4.6018746857087045
4.498016193155711
4.393326104983698
4.287822746777789
4.181525202076214
4.074453330109972
3.966627782010253
3.8580700153694196
3.74880230704194
3.638847764072268
3.528230332638864
3.416974804906818
3.3051068236849463
3.1926528847889326
3.0796403370180037
2.9660973796600656
2.852053057448383
2.7375372529027358
2.6225806759978645
2.5072148511138863
2.3914721012351636
2.2753855293772682
2.158988997234825
2.0423171010571144
1.9254051447723455
1.8082891103954346
1.6910056257685937
1.5735919296969885
1.4560858345556924
1.3385256864558095
1.2209503230700058
1.1033990292278346
0.9859114904013848
0.8685277442102827
0.7512881300829296
0.6342332372177166
0.5174038509943817
0.4008408979911281
0.28458538976920406
0.16867836559185562
0.053160834251348085
-0.06192628481535775
-0.17654222093342797
-0.290646411920406
-0.4041985639296333
-0.5171587111824896
-0.6294872753499438
-0.7411451243263936
-0.8520936301196822
-0.9622947255611332
-1.0717109888287528
-1.180305581665473
-1.28804247020404
-1.3948863625412722
-1.5008027816523173
-1.6057581076917222
-1.7097196165290944
-1.8126555141127114
-1.9145349662612063
-2.015328123498285
-2.1150061405670755
-2.2135411902916995
-2.3109064714912293
-2.4070762106974235
-2.502025657480082
-2.5957310732431393
-2.688169713418112
-2.7793198030495385
-2.8691605058368235
-2.9576718867680647
-3.0448348685516087
-3.1306311821195894
-3.215043311542175
-3.2980544329875983
-3.379648353327087
-3.459809434626837
-3.538522525931959
-3.615772885883903
-3.69154610414484
-3.7658280209148978
-3.8386046451719773
-3.9098620722637443
-3.979586401477881
-4.047763654207951
-4.114379693319141
-4.179420144302208
-4.24287031878513
-4.3047151409524105
-4.3649390774019645
-4.423526070949723
-4.480459478874406
-4.535722016077613
-4.58929570362075
-4.641161823087193
-4.691300877208317
-4.7396925571834085
