6.0
8.329743792821688
8.331097936860143
8.33213433831793
8.33298336339723
8.333724430441272
8.334405301365177
8.3350543548962
8.335688220255024
8.336316455974627
8.336944394870219
8.337574865479766
8.338209229673229
8.33884
8.339491238680363
8.340138727615281
8.340790142433253
8.341445110911135
8.342103253563561
8.342764207597508
8.343427637734989
8.344093240482065
8.344760744723308
8.345429910351289
8.346100525424138
8.346772405559253
8.347445387908875
8.348119330696436
8.348794110231822
8.349469618674448
8.35014576204145
8.350822458447619
8.351499636558229
8.352177234233752
8.35285519734547
8.353533478742026
8.354212037348628
8.354890837382312
8.355569847668615
8.356249041046638
8.356928393851117
8.357607885461519
8.35828749790952
8.358967215537213
8.359647024699518
8.36032691350504
8.361006871590366
8.361686889923503
8.36236696063265
8.363047076857038
8.363727232617
8.36440742270074
8.365087642565715
8.365767888252664
8.366448156310724
8.367128443732154
8.36780874789547
8.368489066515853
8.369169397601967
8.369849739418287
8.370530090452302
8.371210449385885
8.37189081507038
8.372571187164322
8.373251563353866
8.373931943660443
8.374612327447515
8.375292714140938
8.375973103233635
8.376653494282213
8.377333886900685
8.378014280753655
8.378694675549855
8.379375071036357
8.380055466993499
8.380735863230507
8.381416259581687
8.382096655903158
8.382777052070004
8.383457447973827
8.384137843520598
8.384818238628823
8.385498630639168
8.386179025431225
8.3868594193222
8.387539814959181
8.388220206408578
8.388900597326575
8.389580987612572
8.390261377191598
8.390941766009181
8.39162215402596
8.3923025412133
8.392982927550118
8.393663313020635
8.394343697612886
8.395024081317686
8.395704464127965
8.39638484603828
8.397065227044498
8.398
8.39868
8.39936
8.40004
8.40072
8.4014
8.40208
8.40276
8.40344
8.40412
8.4048
8.40548
8.40616
8.40684
8.40752
8.4082
8.40888
8.40956
8.41024
8.41092
8.4116
8.41228
8.41296
8.413640000000001
8.41432
8.415
8.41568
8.41636
8.41704
8.41772
8.4184
8.41908
8.41976
8.42044
8.42112
8.4218
8.42248
8.42316
8.42384
8.42452
8.4252
8.42588
8.42656
8.42724
8.42792
8.4286
8.42928
8.42996
8.43064
8.43132
8.432
8.43268
8.43336
8.43404
8.43472
8.4354
8.43608
8.43676
8.43744
8.43812
8.4388
8.43948
8.44016
8.44084
8.44152
8.4422
8.44288
8.44356
8.44424
8.44492
8.4456
8.44628
8.44696
8.44764
8.44832
8.449
8.44968
8.45036
8.45104
8.45172
8.4524
8.45308
8.45376
8.45444
8.45512
8.4558
8.45648
8.45716
8.457840000000001
8.45852
8.4592
8.45988
8.46056
8.46124
8.46192
8.4626
8.46328
8.46396
8.46464
8.46532
