2.6089200000000003
132.55118217230276
132.70145150309546
132.82468662315037
132.92598895569537
133.00948441848286
133.078508169364
133.13576590363022
133.1834394130928
133.22327474359292
133.25669947889395
133.28487044132402
133.30872621456194
133.3290294129822
133.34640067770516
133.36134601073744
133.37427875229787
133.38553733634146
133.39539917662918
133.40409263482582
133.4118058853772
133.41869444921903
133.42488720076113
133.43049122444683
133.4355957465913
133.44027532352004
133.4445924311477
133.44859957207873
133.45234099370927
133.45585409184702
133.45917055991777
133.46231733226904
133.46531736017656
133.46819025186554
133.4709528017255
133.47361942911633
133.47619752745462
133.47861315563574
133.48105823680604
133.48344840510555
133.48579036754157
133.48809001997958
133.49035253716247
133.4925824575306
133.49478376113828
133.49695993960262
133.4991140581011
133.5012488096668
133.50336656263576
133.50546940197063
133.5075591651218
133.51136250626044
133.51172763729582
133.51377832541823
133.5158249549483
133.51786705488436
133.51990466072013
133.52193814634555
133.52396770917915
133.52599385557411
133.5280170176342
133.5300377349394
133.5320563428099
133.53407321456564
133.53608869244587
133.53810308847702
133.54021662939832
133.54223127573613
133.544244973212
133.54625819085882
133.5482712756014
133.5502844959816
133.55229806843613
133.55431217363454
133.5563269667753
133.55834258418489
133.5603591476713
133.5623767674663
133.56439554428468
133.56641557083205
133.56843693292862
133.57045971040276
133.57248397780427
133.5745098049858
133.57653725761082
133.57856639756912
133.580597283357
133.58262997038455
133.58466451127106
133.58670095608494
133.58873935256608
133.59077974633146
133.5928221810336
133.5948666985222
133.59691333899224
133.59896214109048
133.60101314204206
133.603066377739
133.60512188283278
133.60717969082202
133.60923983411578
133.61130234410416
133.61336725121572
133.61543458497522
133.61750437404453
133.61957664628142
133.6216514287672
133.62372874784856
133.62580862917576
133.62789109772942
133.6299761778594
133.63206389329446
133.63415426718777
133.6362473221269
133.63834308015967
133.64044156281463
133.64254279112498
133.64464678563945
133.6467535664419
133.64886315317707
133.65097556504782
133.65309082084377
133.65520893895368
133.65732993737439
133.6594538337264
133.66158064526283
133.66371038888911
133.6658430811643
133.66797873831754
133.6701173762598
133.6721613440968
133.67430444130085
133.6764512055439
133.6786013964209
133.6807548745909
133.68291156206053
133.6850714174828
133.68723442138875
133.68940056732137
133.69156985654286
133.69374229485084
133.69591789068386
133.69809665399174
133.70027859554335
133.70246372653276
133.7046520583294
133.70684360235285
133.7090383699687
133.71123637245395
133.71343762096598
133.71564212652825
133.71784990002868
133.7200609522058
133.7222752936667
133.72449293486955
133.7267138861458
133.7289381576853
133.7311657595564
133.73339670169656
133.735630993929
133.73786864595655
133.7401096673645
133.74235406763827
133.74460185614646
133.7468530421672
133.74910763486767
133.75136564333422
133.75362707654563
133.75589194340574
133.7581602527227
133.76043201323054
133.76270723357868
133.76498592233898
133.76726808801607
133.76955373903456
133.7718428837599
133.77413553048746
133.77643168744726
133.77873136281084
133.7810345646916
133.78334130114712
133.78565158017886
133.7879654097379
133.79028279772655
133.7926037519973
133.79492828035598
133.79725639056983
133.79958809036012
133.80192338740795
133.80426228935707
133.80660480381414
133.80895093834957
133.81138880657565
133.81366044621032
133.8161046809597
133.81846643036013
133.8208313636361
133.82319967897578
133.8255714971151
133.82794689306172
