10.3121
12.435458971665993
12.438079934383891
12.44072352048884
12.443389236148565
12.44607654296648
12.4487849299568
12.451513919089136
12.454263063529373
12.457031945280264
12.45982017295873
12.46262737977109
12.465453221673414
12.468297375698238
12.47115953843029
12.47403942461589
12.47693676589247
12.479851309626216
12.482782817847239
12.485731066272828
12.488695843410442
12.491676949732913
12.494674196919254
12.497687407155068
12.500716412487224
12.50376105422799
12.506821182404328
12.509896632478249
12.512987295828237
12.516093045311727
12.519213776584694
12.522349335201074
12.525499674131046
12.528664631677671
12.531844139911831
12.53503812751574
12.538246466837842
12.541250856151814
12.544115634419837
12.547002726964902
12.54991196596152
12.552843195358927
12.555796268323025
12.55877104698601
12.561767402107904
12.564785212749106
12.567824365963679
12.570884756513031
12.573966286598868
12.57706886561402
12.580192409910136
12.583336842581023
12.586502093260712
12.589688097935289
12.592894798767617
12.596122143934203
12.599370087473392
12.602638589144252
12.605927614295485
12.609237133743813
12.612567123661169
12.6159175654703
12.619288445748264
12.622679756137291
12.626091493262713
12.629523658657455
12.632976258692793
12.636449304515025
12.63994281198769
12.643456801639058
12.646991298614633
12.65054633263438
12.654121937954384
12.657718153332796
12.661335021999747
12.664972591631129
12.668630914325924
12.672310046586972
12.676010049305011
12.679730987745776
12.68347293154001
12.687235954676249
12.69102013549625
12.694825556692903
12.698652305310443
12.702500472747014
12.706370154759183
12.71026145146863
12.714174467370526
12.718109311343841
12.722066096663243
12.726044941012534
12.73004596649962
12.734069299672784
12.738115071538209
12.742183417578719
12.746274477773534
12.750388396619025
12.7545253231503
12.758685410963624
12.762868818239438
12.767075707766022
12.771306246963615
12.775560607908847
12.779838967359511
12.784141506779468
12.788468412363567
12.792819875062557
12.797196090607757
12.801597259535441
12.80602358721079
12.810475283851282
12.814952564549404
12.819455649294454
12.823984762993422
12.828540135490721
12.833122001586595
12.837730601054064
12.842366178654256
12.84702898414992
12.851719272316842
12.85643730295321
12.86118334088646
12.865957655977484
12.870760523122053
12.875592222249134
12.880453038315894
12.885343261299024
12.890263186182361
12.89521311294028
12.900193346516806
12.905204196799678
12.910066587124554
12.913848045811552
12.918664353661471
12.862287730865539
12.870556883842863
12.878834824334133
12.887077724542602
12.895278564083261
12.903442590633274
12.911578875816762
12.919697144492297
12.927806589857598
12.935915487134384
12.944031133727773
12.952159917884266
12.960307430803656
12.968478585879861
12.976677730351701
12.984908744314929
12.992905812015357
12.998809424292894
13.004714750566935
13.010622755474948
13.016534177281041
13.022449646592458
13.028369779469413
13.03429514757644
13.040226288594347
13.046163715352234
13.052107923978662
13.058059401317157
13.064018631812743
13.069986104046924
13.07596231707644
13.081947786715762
13.08794305189293
13.093948681203493
13.099965279786002
13.10599349664709
13.11203403257119
13.118087648764769
13.124155176399755
13.13023752724978
13.136335705639812
13.142450821973153
13.14858410814978
13.154736935255233
13.160910833982264
13.167107518352877
13.17332891344388
13.17957718799402
13.185854792998295
13.19216450769376
13.198509494736754
13.20489336690135
13.211320268346066
13.217794974479538
13.224323015822803
13.230910833194244
13.237565974308662
13.244297345919332
13.251115541646618
13.258033274797429
13.265065959788307
13.272232508771738
13.279556448206895
13.2870675257922
13.29480409626017
