-2.982256606679026
5.028317279906365
5.328640449359398
5.615772160241062
5.890592740959491
6.153747866095562
6.405797157932055
6.647252265409965
6.878588859029452
7.100251858130289
7.312658662758161
7.516201627124557
7.711250132495728
7.898152388676997
8.077237026946792
8.248814523502547
8.413178481187126
8.570606790518752
8.721362686480527
8.865696010006362
9.003843963368759
9.136029068966787
9.26246660590955
9.383359312541012
9.498900187408305
9.609272956830457
9.714652593361068
9.815205818865001
9.91109157753566
10.002461477398471
10.08946020189428
10.172225893701464
10.25089051292848
10.32558017165837
10.396415446659192
10.463511671918262
10.526979212514728
10.586923721217392
10.64344637907688
10.69664412117807
10.74660984862111
10.793432627714948
10.837197877286995
10.877987544941396
10.91588027303347
10.950951555067217
10.983273883169092
11.012916887241255
11.039947466350993
11.06442991287286
11.086426029859938
11.10599524208666
11.123194701172702
11.138079385168323
11.150702192953602
11.161114033779334
11.169363912254164
11.175499009061262
11.179564757668025
11.181604917274402
11.181661642228631
11.179775548123857
11.175985774774578
11.170330046258943
11.162844728200655
11.153564882452871
11.142524319336063
11.129755647572074
11.115290322047803
11.099158689533217
11.081390032471036
11.06201261094814
11.041053702951531
11.01853964300668
10.99449585928879
10.968946909293077
10.941916514145232
10.91342759162755
10.883502287993162
10.852162008635464
10.819427447676981
10.785318616537733
10.749854871540139
10.713054940604138
10.674936949083468
10.635518444791265
10.594816422260411
10.552847346281581
10.509627174760285
10.465171380930917
10.419494974964964
10.372612525007874
10.32453817767737
10.275285678054768
10.22486838919852
10.173299311208282
10.120591099865905
10.066756084878843
10.011806287749517
9.955753439293504
9.89860899682807
9.840384161050956
9.781089892629101
9.720736928514906
9.659335798007618
9.596896838575605
9.533430211454922
9.468945917038223
9.403453810067623
9.336963614643748
9.269484939062858
9.201027290492663
9.131600089497105
9.061212684419083
8.989874365629811
8.917594379652312
8.844381943166303
8.770246256900387
8.69519651941725
8.619241940796496
8.542391756219528
8.464655239459328
8.38604171627817
8.306560577735343
8.226221293405706
8.145033424510139
8.063006636957512
7.9801507142976424
7.896475570583593
7.8119912631412225
7.7267080052433945
7.64063617868509
7.553786346255491
7.466169264102062
7.377795893981355
7.288677415389984
7.198825237569407
7.108251011376613
7.01696664101268
6.9249842956002325
6.8323164206003995
6.738975749058819
6.644975312669782
6.550328452647016
6.455048830388646
6.359150437923211
6.2626476081231575
6.165555024671249
6.067887731764522
5.969661143540167
5.870891053206301
5.771593641860414
5.6717854869771775
5.571483570546575
5.4707052868426755
5.369468449802364
5.267791299992695
5.165692511144562
5.063191196229747
4.960306913057311
4.857059669364689
4.753469927377804
4.649558607813862
4.545347093299343
4.44085723117522
4.336111335660362
4.231132189343235
4.125943043971434
4.020567620507868
3.9150301084210857
3.8093551641777132
3.703567908903268
3.5976939251779227
3.491759252933012
3.38579038441388
3.2798142581747385
3.17385825207094
3.067950175214622
2.962118258859758
2.8563911461837237
2.7507978809330793
2.6453678949025305
2.5401309942179426
2.4351173443955365
2.330357454152313
2.225882157944808
2.121722597216876
2.017910200340538
1.9144766612379067
1.811453916676925
1.7088741222385477
1.6067696269588847
1.5051729466556047
1.404116735954989
1.3036337590430038
1.203756859171793
1.1045189269611333
1.0059528675433296
0.9080915666091517
0.8109678554223224
