37394.235647999994
46536.94070708018
46794.33253649541
47021.946599064795
47241.75423955496
47459.67647708255
47677.30781787731
47895.10094861211
48113.20631851552
48331.69329606655
48550.60852630746
48769.991396114354
48989.878183818764
49210.30321649277
49431.29923129636
49652.89752135197
49875.12801998559
50098.01936440739
50321.59895004212
50545.89297878089
50770.92650229505
50996.72346095713
51223.306718735075
51450.69809435667
51678.91838900214
51907.98741075846
52137.92399604446
52368.746028198766
52600.47045340323
52833.11329410258
53066.68966006366
53301.21375720841
53536.69889434369
53773.15748790052
54010.60106478755
54249.040263457755
54488.48483327736
54728.94363228522
54970.4246234214
55212.934869303615
55456.48052562459
55701.066833241406
55946.69810902526
56193.3777355406
56441.10814961832
56689.890829890275
56939.72628335124
57190.61403101406
57442.55259272737
57695.53947122302
57949.571135466
58204.64300337978
58460.74942402311
58717.88365929674
58976.0378652657
59235.20307318035
59495.36917029043
59756.52488054631
60018.65774528929
60281.75410403526
60545.799075467025
60810.776538750666
61076.66911530042
61343.45815112442
61611.12369988734
61879.64450683528
62148.99799373428
62419.16024498215
62690.1059950587
62961.80861748873
63234.240115499844
63507.37111456062
63781.17085699791
64055.60719889205
64330.64660946198
64606.25417315188
64882.393594642585
65159.02720701123
65436.115983269236
65713.61955151278
65991.4962139189
66269.70296982653
66548.19554313767
66826.92841427404
67105.85485692225
67384.92697979594
67664.09577363398
67943.31116364885
68222.52206762749
68501.67645987125
68780.72144114913
69059.60331481777
69338.26766924141
69616.65946662001
69894.72313830623
70172.40268666105
70449.64179346556
70726.38393486467
71002.57250278156
71278.15093269659
71553.06283763231
71827.25214814079
72100.66325803036
72373.24117551245
72644.9316793879
72915.68147982993
73185.43838325136
73454.15146068035
73721.77121899529
73988.24977429822
74253.5410266402
74517.6008352325
74780.38719321397
75041.86040097037
75301.98323693931
75560.72112476785
75818.04229563048
76073.91794446531
76328.32237883392
76581.23315907284
76832.63122837554
77082.50103141814
77330.83062013633
77577.61174526198
77822.83993224375
78066.51454020887
78308.63880266869
78549.21984873684
78788.26870371224
79025.80026797757
79261.83327329099
79496.39021568805
79729.49726437432
79961.18414617532
80191.48400531402
80420.43323851291
80648.07130566337
80874.44051656676
81099.58579453417
81323.55441792612
81546.39574101809
81768.16089589435
81988.90247739259
82208.67421343894
82427.53062343205
82645.52666763468
82862.71739082546
83079.157563724
83294.90132594462
83510.00183443006
83724.51092147661
83938.47876656913
84151.95358629426
84364.98134658909
84577.60550150584
84789.86676251855
85001.80290217501
85213.4485955987
85424.83530296448
85635.9911956307
85846.94112808658
86057.70599943066
86268.30539310016
86478.75392392935
86689.063856376
86899.24471798632
87109.30355601745
87319.24523694914
87529.07278550253
87738.7877592937
87948.39065472622
88157.88133926055
88367.25950481495
88576.52513677096
88785.67899288658
88994.72308635962
89203.66116733347
89412.49919731372
89621.24581122589
89829.91276222648
90038.51534483607
90247.07279249969
90455.60864628214
90664.1510920483
90872.73326415494
91081.39351437251
91290.17564544117
91499.12910934244
91708.30917100793
91917.77703879283
92127.59996358927
92337.85156154862
92548.61085611765
92759.96378519824
92972.00222798927
93184.82422510177
93398.53395357392
93613.2416917006
93829.06377890005
94046.12257455106
