6.546211853770383
6.543846689466759
6.541483497753552
6.5391222795581765
6.536763035800919
6.534405767395238
6.5320504752480435
6.529697160259963
6.5273458233255806
6.524996465333665
6.522649087167384
6.520303689704501
6.5179602738175575
6.515618840374048
6.513279390236577
6.510941924263014
6.508606443306629
6.506272948216221
6.503941439836244
6.501611919006917
6.499284386564328
6.496958843340533
6.494635290163644
6.492313727857915
6.4899941572438165
6.4876765791381095
6.485360994353908
6.48304740370074
6.480735807984605
6.478426208008016
6.476118604570055
6.473812998466404
6.471509390489389
6.469207781428002
6.466908172066707
6.464610563185424
6.462314955560956
6.460021349966997
6.457729747174145
6.455440147949907
6.4531525530587
6.450866963261858
6.44858337931762
6.446301801981131
6.444022232004432
6.441744670136446
6.439469117122966
6.4371955737066395
6.434924040626947
6.432654518620179
6.430387008419416
6.4281215107544964
6.4258580263519915
6.423596555935171
6.421337100223968
6.419079659934948
6.416824235781262
6.4145708284726135
6.412319438715208
6.410070067211714
6.407822714661207
6.405577381759128
6.403334069197227
6.401092777663506
6.39885350784217
6.396616260413559
6.394381036054094
6.39214783543621
6.389916659228292
6.38768750809461
6.385460382695244
6.383235283686018
6.381012211718422
6.378791167439538
6.376572151491964
6.374355164513729
6.372140207138217
6.369927279994075
6.367716383705134
6.3655075188903165
6.363300686163548
6.361095886133661
6.358893119404305
6.356692386573845
6.354493688235264
6.352297024976065
6.350102397378163
6.347909806017784
6.345719251465354
6.343530734285394
6.341344255036402
6.339159814270746
6.336977412534547
6.334797050367557
6.3326187283030455
6.330442446867672
6.328268206581368
6.326096007957204
6.323925851501272
6.321757737712544
6.319591667082749
6.317427640096235
6.315265657229835
6.3131057189527295
6.310947825726305
6.308791978004014
6.306638176231234
6.304486420845118
6.3023367122744505
6.300189050939498
6.29804343725292
6.295899871621031
6.293758354441501
6.291618886103212
6.289481466986114
6.287346097461081
6.285212777889764
6.283081508624444
6.280952290007887
6.278825122373193
6.276700006043646
6.274576941332566
6.272455928543156
6.27033696796835
6.268220059890664
6.26610520458204
6.263992402303695
6.261881653305969
6.259772957828169
6.257666316098416
6.255561728333497
6.253459194738703
6.251358715507683
6.249260291114599
6.24716392172725
6.245069618915243
6.242977382669156
6.240887212931312
6.238799109608601
6.236713072576804
6.234629101681736
6.232547196739163
6.230467357534333
6.228389583826314
6.226313875366205
6.22424023187617
6.222168653049173
6.22009913854881
6.218031688009237
6.215966301035168
6.213902977201937
6.211841716055604
6.209782517113098
6.207725379862391
6.20567030376269
6.203617288244637
6.201566332710526
6.199517436534515
6.19747059906284
6.195425819614025
6.193383097479079
6.19134243192169
6.189303822178397
6.18726726745875
6.185232766945444
6.183200319794444
6.181169925135066
6.179141582070049
6.177115289675579
6.175091047001293
6.173068853070232
6.17104870687876
6.169030607396432
6.16701455356581
6.165000544302224
6.162988578493462
6.1609786549994
6.158970772651535
6.156964930252449
6.154961126575154
6.1529593603623365
6.150959630325464
6.148961935143755
6.146966273462979
6.144972643894067
6.142981045011503
6.1409914753514645
6.139003933409671
6.137018417638888
6.135034926446024
6.133053458188751
6.131074011171553
6.129096583641079
6.1271211737806555
6.125147779703761
6.123176399446214
6.121207030956716
6.119239672085313
6.1172743205691
6.1153109740142755
