5180772.602112
5239274.817099488
5292626.075436014
4983220.901246962
5142368.246393802
5308280.12028859
5437945.124386468
5531111.92189288
5598234.2079173485
5605620.053964057
5646756.83217658
5683264.887890041
5717222.498979007
5749732.185032849
5781369.384660064
5812434.023294005
5843082.91630302
5873398.928553266
5903426.723089399
5933191.189838196
5962706.945291865
5991983.235909881
6021026.474297594
6049841.554257834
6078432.534602642
6106802.995865417
6134956.227100996
6162895.324199969
6190623.242015241
6218142.8223242145
6245456.809131136
6272567.857321535
6299478.537834907
6326191.340997637
6352708.678906387
6379032.887304727
6405166.227206131
6431110.886384417
6456868.980800848
6482442.556005248
6507833.588528222
6533043.987275223
6558075.594937672
6582930.189406943
6607609.485216629
6632115.134995802
6656448.730945802
6680611.806341152
6704605.837047523
6728432.243062221
6752092.390075482
6775587.591057374
6798919.1078518
6822088.152796609
6845095.8903559195
6867943.43876154
6890631.871666274
6913162.219803936
6935535.472650189
6957752.5800897265
6979815.057408054
7001722.572859111
7023476.571559394
7045077.861546925
7066527.219501433
7087825.392332872
7108973.098766103
7129971.030903221
7150819.855760533
7171520.216778614
7192072.73530701
7212478.012054309
7232736.628506371
7252849.148315144
7272816.118644005
7292638.071490817
7312315.524956253
7331848.984488955
7351238.94408425
7370485.887445851
7389590.289109287
7408552.615520009
7427373.326079385
7446052.874140736
7464591.707974382
7482990.27168809
7501249.006104058
7519368.349608119
7537348.738939243
7555190.609962613
7572894.398392663
7590460.540474697
7607889.473636349
7625181.6371035855
7642337.472471592
7659357.424250671
7676241.9403721355
7692991.472659406
7709606.477269816
7726087.415103382
7742434.752178443
7758648.9599781
7774730.5157698095
7790679.902891275
7806497.611011394
7822184.136364829
7837739.981961773
7853165.6577649545
7868461.680859235
7883628.575571346
7898666.873599638
7913577.114094871
7928359.843734544
7943015.616774055
7957544.995079146
7971948.548140837
7986226.853067997
8000380.494576064
8014410.064943636
8028316.163966191
8042099.398895718
8055760.384355142
8069299.742253721
8082718.1016864395
8096016.098818092
8109194.376756763
8122253.585432685
8135194.3814398255
8148017.427895078
8160723.394280462
8173312.95627306
8185786.795566321
8198145.599709344
8210390.061905086
8222520.8808249775
8234538.760420005
8246444.409719381
8258238.542627775
8269921.877720549
8281495.1380402455
8292959.050879414
8304314.3475764375
8315561.763295579
8326702.036820836
8337735.910333794
8348664.129198275
8359487.441750644
8370206.599078387
8380822.354808946
8391335.464891095
8401746.687395567
8412056.78227905
8422266.511196181
8432376.637282968
8442387.924946524
8452301.139664425
8462117.047790037
8471836.41633823
8481460.012796031
8490988.604932295
8500422.960600413
8509763.847553937
8519012.033260757
8528168.284718875
8537233.368288407
8546208.049498018
8555093.09289542
8563889.26186327
8572597.318467086
8581218.023285905
8589752.135258878
8598200.411541954
8606563.607339485
8614842.475786092
8623037.767779157
8631150.231858095
8639180.6140673
8647129.657831294
8654998.10381703
8662786.689829495
8670496.1506817
8678127.218086869
8685680.620546045
8693157.08324237
8700557.327948904
8707882.072909253
8715132.03276863
8722307.918461641
8729410.437139649
8736440.29207271
8743398.18259135
8750284.803986914
8757100.847450191
8763847.00000492
8770523.94443556
8777132.359225841
8783672.91849468
8790146.29194883
8796553.144830815
8802894.13784607
