0.03127162732860071
0.03129950473096357
0.03132743901377002
0.031355430353361455
0.03138347892731913
0.03141158491378375
0.03143974849137306
0.03146796983916337
0.03149624913667717
0.03152458656387053
0.0315529823011198
0.031581436529207675
0.0316099494293086
0.03163852118297373
0.03166715197211539
0.03169584197899116
0.03172459138618761
0.03175340037660373
0.03178226913343401
0.031811197840151385
0.03184018668048983
0.03186923583842676
0.031898345498177244
0.03192751584428638
0.03195674706121779
0.031986039333790725
0.032015392846890076
0.03204480778555035
0.03207428433493121
0.032103822680372214
0.03213342300712047
0.03216308550064339
0.032192810346366806
0.03222259772973409
0.03225244804767752
0.03228236218965253
0.032312340305064934
0.032342382543561976
0.03237248905498598
0.03240265998932773
0.03243289549668107
0.03246319572719774
0.032493560831042864
0.032523990958350166
0.03255448625917819
0.03258504688346622
0.03261567298099067
0.032646364701321456
0.03267712219377852
0.03270794560738837
0.03273883509084081
0.03276979079244521
0.03280081286008715
0.03283190144118496
0.032863056682645615
0.03289427873082126
0.0329255677314649
0.0329569238296863
0.03298834716990754
0.03301983789581821
0.03305139615033054
0.03308302207553415
0.03311471581265057
0.03314647750198736
0.033178307282892054
0.033210205293705636
0.03324217167171571
0.03327420655310952
0.03330631007292628
0.03333848236500939
0.03337072356195825
0.03340303379507963
0.03343541319433888
0.033467861888310434
0.033500380004128284
0.03353296766743598
0.03356562500233625
0.03359835213134035
0.0336311491753169
0.033664016253440746
0.033696953483141105
0.033729960980049795
0.033763038857948846
0.033796187228718286
0.03382940620228308
0.0338626958865604
0.03389605638740653
0.033929487808563454
0.03396299081598288
0.03399656602466669
0.034030213578487734
0.03406393361960588
0.034097726288688436
0.034131591724586914
0.03416553006427237
0.034199541443177904
0.03423362599463928
0.03426778385025686
0.03430201513975387
0.034336319990982224
0.034370698529845686
0.034405150879828005
0.03443967716273115
0.034474277498226694
0.03450895200388208
0.034543700795128175
0.034578523985227115
0.03461342168524093
0.03464839400400056
0.03468344104807585
0.03471856292174598
0.034753759726970715
0.03478903156336253
0.03482437852815953
0.03485980071619949
0.03489529821989438
0.034930871129206495
0.034966519531625405
0.035002243512145745
0.035038043153246656
0.0350739185348721
0.035109869734412755
0.03514589682668878
0.03518199988393478
0.03521817897578543
0.035254434169262584
0.035290765528764714
0.03532717311605727
0.03536365699026478
0.03540021720786477
0.03543685382268341
0.03547356688589302
0.035510356446010985
0.035547223534284536
0.03558416722765445
0.035621231402395426
0.035658377119332306
0.035695603842870044
0.035732911118079726
0.03577029853000829
0.035807765684987634
0.035845312202752146
0.035882937713014075
0.03592064185396291
0.03595842427160627
0.0359962846194721
0.03603422255845573
0.03607223775671394
0.03611032988956393
0.03614849863937004
0.03618674369541331
0.036225064753744096
0.03626346151701971
0.036301933694330005
0.0363404810010134
0.0363791031584655
0.03641779989394223
0.03645657094035858
0.036495416036084
0.03653433492473487
0.036573327354964456
0.0366123930802503
0.036651531858678775
0.03669074345272664
0.03673002762903905
0.03676938415820334
0.036808812814518
0.03684831337575593
0.03688788562292117
0.03692752933999805
0.036967244313691715
0.037007030333158844
0.03704688718972731
0.03708681467660348
0.03712681258856556
0.03716688072164162
0.03720701887277052
0.03724722683944397
0.037287504419328016
0.03732785140986194
0.0373682676078327
0.03740875280892305
0.03744930680723136
0.0374899293947618
0.037530620360883664
0.03757137949175937
0.03761220656974185
0.037653101372743934
0.037694063673584764
0.037735093239322566
0.03777618983058927
0.03781735320095163
0.037858583096337925
0.03789987925459088
0.0379412414052409
0.03798266926964615
0.03802416256172939
0.038065720989676144
0.038107344259182045
0.03814903207921792
