6.358023652036708
6.354214594106462
6.350517060272409
6.346927664831462
6.343443973128534
6.340063644101443
6.336784359895328
6.333603799043404
6.330519642139052
6.327529574134354
6.324631286747061
6.321822480838954
6.319100868738467
6.316464176494523
6.313910146051271
6.31143653733499
6.309041130245651
6.306721726546923
6.304476151649552
6.302302256284189
6.300197918060766
6.298161042912533
6.296189566423788
6.294281455041114
6.292434707168819
6.290647354149813
6.288917461133934
6.28724312783616
6.285622489187702
6.284053715883337
6.28253501482873
6.281064629491752
6.2796408401620525
6.278261964123323
6.276926355742828
6.2756324064828455
6.274378544838763
6.273163236208505
6.2719849826980285
6.270842322867539
6.269733831422989
6.268658118857364
6.267613831046114
6.266599648800981
6.265614287386316
6.264656496001814
6.263725057235485
6.262818786490426
6.261936531388872
6.261077171156769
6.260239615991973
6.259422806418967
6.25862571263286
6.257847333835214
6.257086697564109
6.256342859020686
6.255614900394216
6.254901930187662
6.254203082545457
6.253517516585172
6.252844415734543
6.252182987075217
6.25153246069449
6.2508920890461175
6.250261146321249
6.249638927830361
6.249024749397022
6.248417946764201
6.247817875013727
6.247223907999488
6.246635437794808
6.246051874154419
6.245472643991363
6.244897190869103
6.24432497450905
6.243755470313698
6.243188168905453
6.242622575681261
6.242058210383051
6.241494606683998
6.240931311790561
6.2403678860602385
6.239803902634918
6.239238947089725
6.2386726170972056
6.238104522106656
6.2375342830384355
6.236961531993035
6.236385911974667
6.235807076629135
6.235224689995741
6.234638426272926
6.234047969597378
6.23345301383631
6.232853262392582
6.232248428022372
6.231638232665043
6.231022407284881
6.230400691724358
6.229772834568548
6.229138593020357
6.228497732786164
6.227850027971519
6.227195260986498
6.226533222460309
6.2258637111647745
6.2251865339462436
6.224501505665554
6.2238084491455705
6.223107195125931
6.222397582224489
6.221679456905075
6.220952673451063
6.220217093944334
6.2194725882491255
6.218719034000343
6.217956316595793
6.217184329191929
6.216402972702551
6.215612155800017
6.214811794918436
6.214001814258366
6.213182145792498
6.2123527292718155
6.211513512231751
6.210664449997796
6.209805505690079
6.208936650226406
6.208057862323245
6.207169128494183
6.206270443045327
6.205361808067192
6.20444323342258
6.203479746250798
6.2025082894926244
6.202952659281416
6.203388519665207
6.203797879136147
6.204168943878131
6.204494030196645
6.204768239359556
6.204988614400577
6.205153584041465
6.205262583005234
6.205315785028999
6.205313910461025
6.20525808472511
6.205149732380329
6.204990496645981
6.204782177496683
6.2045266835274
6.204225994179429
6.203882129863269
6.2034971281689275
6.203073024815885
6.202611838325786
6.202115557641315
6.201586132091734
6.201025463237261
6.2004353982235845
6.199817820177888
6.199176280941735
6.198512343204664
6.197827506858106
6.197123205209609
6.196400802839412
6.195661593015187
6.194906795634367
6.194137555312761
6.193354939573964
6.192559937071701
6.191753455779007
6.190936321078134
6.190109273683148
6.189272967310091
6.188427966015762
6.187574741333548
6.1867136685279505
6.185845022526078
6.1849689730321975
6.1840855787525255
6.183194780551225
6.182296393322967
6.181390096322629
6.1804754216356645
6.179551740400116
6.17861824629803
6.177673935713432
6.1767175837969965
6.175747715470749
6.17476257013149
6.173760058442715
6.172737709102982
6.171692602787522
6.170621289493317
6.169519684144428
6.168382933327156
6.16720524309039
6.165979653314556
