26.69515773386564
26.72461118510603
26.746848665343105
26.763038047734952
26.77417898166295
26.78112570933913
26.784606305382177
26.785239822949684
26.783551457624938
26.77998591096373
26.77491873950913
26.76866679422233
26.761496635398583
26.753632064758193
26.74526053220847
26.736538616924616
26.72759670905998
26.71854300261548
26.709466896647612
26.70044188964162
26.69152804064266
26.682774060680295
26.674219089124676
26.665894201815245
26.657823691018447
26.65002615140224
26.642515401161365
26.635301263091485
26.62839022670091
26.621786009282452
26.61549003117055
26.609501818113085
26.60381934173753
26.598439307432855
26.593357397563366
26.588568476736526
26.58406676483473
26.579845982661688
26.575899474325535
26.572220309862345
26.568800674051516
26.56563482921129
26.562714667259637
26.560032890965754
26.557582235259755
26.55535550054949
26.553345579713017
26.551545479800588
26.549948339269488
26.548547441450925
26.547336196681172
26.54630827043121
26.545457401438618
26.544777529914796
26.544263846711004
26.543908307181727
26.54370663426505
26.543652782913
26.54374309469991
26.543971707458116
26.54433373290072
26.544824472917124
26.545439388156595
26.546174093358548
26.54702435334893
26.54798607895201
26.549055322835912
26.550228275325956
26.55150126021503
26.55287073059488
26.554333264727816
26.55588556197467
26.55752443879156
26.559246824805527
26.561049758976736
26.56293038585314
26.564885951921916
26.566913802060554
26.569011376089552
26.57117620542762
26.573405909849633
26.57569819434686
26.578050846088534
26.58046173148347
26.582928793339985
26.585450048122258
26.588023583300924
26.590647554795655
26.593320184507284
26.59603974921655
26.59880442929682
26.601612835026774
26.604463428938537
26.60735472328799
26.610285284161648
26.61325372954132
26.61625872729207
26.61929899324569
26.622373289376203
26.62548042206004
26.541358312585782
26.458731933152162
26.377372797148514
26.297162273976713
26.21800555718789
26.139825080870345
26.0625571305115
25.986149169059143
25.910557682417416
25.835746441845547
25.761685102369274
25.6883480721273
25.615713600200436
25.54376304066508
25.472480258804534
25.401851152012572
25.331863263241143
25.26250546912894
25.19376772840066
25.12564087891091
25.058116473951415
24.991186650250388
24.924844021553287
24.85908159285204
24.79389269128044
24.72927091046042
24.665210065703
24.601704157967482
24.538747344885927
24.476333917485668
24.41445828150567
24.353114942415143
24.29229849341412
24.232003605834592
24.17222502147269
24.112957546472643
24.054196046456717
23.995935442654027
23.938170708829087
23.880896868888147
23.824108994808004
23.767802205327158
23.711971664621057
23.656612581385843
23.601720208058303
23.547289840366474
23.493316816664535
23.439796517677305
23.38672436616905
23.33409582668944
23.281906405358487
23.230151649678636
23.17882714836501
23.12792853118713
23.077451468816516
23.027391672676227
22.977744894789087
22.928506927622283
22.879673603926587
22.831240796568963
22.783204418357787
22.735560421860058
22.688304799210407
22.641433581911738
22.594942840627635
22.548828684966647
22.50308726325873
22.457714762324134
22.412707407235104
22.368061461070816
22.323773224665885
22.279839036352914
22.23625527169948
22.193018343239988
22.150124700202767
22.107570828232873
22.065353249110913
22.02346852046832
21.981913235499434
21.94068402267073
21.8997775454275
21.859190501898365
21.81891962459785
21.778961680127388
21.73931346887495
21.699971824713593
21.66093361469919
21.622195738767523
21.58375512943103
21.545608751475296
21.507753601655615
21.470186708393715
21.4329051314748
21.3959059617452
21.359186320810608
21.322743360735142
21.286574263741386
21.25067624191142
21.215046536889126
21.17968241958365
