1216.7045749948827
992.7921393560081
992.5737402941295
992.3404054888878
992.0925820576111
991.8307524745197
991.555372365792
991.2668657719673
990.9656269747204
990.6520228619279
990.3263951453629
989.9890623738468
989.6403217559943
989.2804508124077
988.9097088756192
988.5283384538934
988.1365664731017
987.7346054091498
987.3226543220143
986.9008998011252
986.469516830784
986.028669583278
985.5785121465537
985.1191891925413
984.6508365915988
984.1735819779417
983.6875452704426
983.1928391527216
982.6895695160854
982.1778358684704
981.6577317122801
981.1293442790604
980.5927573739788
980.0480477970268
979.4952882706596
978.9345470171857
978.3658879966869
977.7893711276851
977.2050524918342
976.6129845546086
976.0132182572918
975.4057957926734
974.7907603259691
974.1681519837539
973.5380083846774
972.9003623419845
972.255245081188
971.6026852899134
970.9427092069535
970.2753407108814
969.605376411005
968.9355397505084
968.2580643015075
967.572965964863
966.8802590141432
966.1799559414966
965.4720674587393
964.7566025364906
964.0335684447862
963.3029707911223
962.5648135556704
961.8190991237642
961.0658283158382
960.3050004149686
959.536613192159
958.7606629295174
957.9771444414608
957.1860510940411
956.3873748225504
955.5811061474672
954.7672341888816
953.9457466794721
953.1166299761297
952.2798690703206
951.435447597254
950.5833478439424
949.7235507562078
948.8560359447297
947.9807816901678
947.0977649474296
946.2069613491531
945.3083452084378
944.4018895208866
943.4875659660044
942.5653449080041
941.6351953960534
940.6970851640165
939.75098062972
938.796846893797
937.8346477381266
936.8643456239226
935.8859016894912
934.8992757477062
933.9044262832184
932.9013104494419
931.889884065346
930.8701016120721
929.8419162294284
928.805279712256
927.760142506734
926.706453706624
925.6441610494844
924.5732109129042
923.4935483107474
922.4051168894749
921.3078589245405
920.2017153169033
919.0866255896846
917.9625278849936
916.829358960953
915.6870541889494
914.5355475511509
913.3747716383019
912.2046576478467
911.0251353824028
909.8361332486122
908.6375782564257
907.429396018825
906.211510752041
904.9838452762967
903.7463210171157
902.4988580072311
901.2413748891366
899.9737889183336
898.6960159672916
897.407970530205
896.1095657285513
894.8007133175342
893.4813236934469
892.1513059020016
890.8105676476978
889.4590153042666
888.096553926272
889.0246027264127
887.6325527484289
1012.5224902603766
1033.3692412077792
1050.476393540164
1064.8254034823676
1077.0322493358026
1087.513392602449
1096.5662859653985
1104.4124779513998
1111.2224956026453
1117.1310902106864
1122.2470418799157
1126.6597229971887
1130.4436429538598
1133.6616870053172
1136.3674825461026
1138.6071656603935
1140.4207251716768
1141.843042458678
1142.9047078718372
1143.6326701877433
1144.050759262475
1144.180110954985
1144.0395156905745
1143.6457065928428
1143.0135992053354
1142.1564919766142
1141.0862345779078
1139.8133695458218
1138.3472515455767
1136.7084354514996
1134.9167319085595
1132.958069892756
1130.8378676469235
1128.560716780193
1126.1304194075553
1123.550012250018
1120.8217864318135
1117.9472966848161
1114.927361379149
1111.7620531108557
1108.4506793493615
1104.9917523708677
1101.3829473845142
1097.6210473787341
1093.7018727528418
1089.620193223726
1085.3696187692758
1080.9424654341203
1076.3295906029712
1071.520190734946
1066.501552395204
1061.2587444950877
1055.7742356306082
1050.0274147993205
1043.9939858268665
1037.645194378493
1030.9468296103234
1023.8579173054158
1016.3289826838433
1008.2997002650015
999.6956496877676
990.4237315861207
980.3655111015195
969.3672359315175
957.2242786518954
