7.2657
5.0289754986728
5.024620092692003
5.020290170220573
5.01597905889928
5.011683859658644
5.007403230420765
5.0031364784716805
4.998883190734342
4.994643082710893
4.990415936429219
4.986201574626361
4.9819998496923
4.977810638633498
4.973633840499341
4.969469374824289
4.9653171804969904
4.9611772148161615
4.957049452636741
4.952933885565095
4.94883052118858
4.944739382331805
4.9406605063367515
4.936593944365752
4.932539760726412
4.928498032217749
4.924468847497872
4.920452306471742
4.916448519699347
4.912457607823924
4.908479701019058
4.90451493845524
4.900563467784578
4.896625444643752
4.892701032174319
4.888790400560409
4.884893726582872
4.881011193189788
4.877142989082534
4.87328930831732
4.869450349921324
4.865626317523529
4.8618174189990695
4.858023866127497
4.854245874263637
4.85048366202155
4.846737450970401
4.8430074653422
4.839293931751016
4.835597078922981
4.8319171374374354
4.828254339477597
4.824608918591724
4.8209811094635935
4.817371147692005
4.8137792695795545
4.81020571192932
4.806650711850545
4.803114506571355
4.799597333259774
4.796099428851575
4.792621029885536
4.789162372345034
4.785723691506455
4.7823052217937665
4.778907196638776
4.775529848347741
4.772173407972655
4.768838105188725
4.765524168176111
4.762231823507153
4.7589612960375804
4.75571280880306
4.752486582919196
4.749282837486011
4.746101789496543
4.742943653748435
4.739808642760214
4.736696966689956
4.7336088332578825
4.730544447671786
4.727504012555833
4.724487727881686
4.7214957909026465
4.718528396090729
4.715585735075607
4.712667996586502
4.709775366395877
4.706908027265873
4.704066158896263
4.701249937874718
4.698459537628914
4.695695128380421
4.6929568771003956
4.690244834829724
4.68755938670511
4.684900577706175
4.682268561293615
4.679663487536457
4.677085503042623
4.674534750910952
4.672011370692549
4.669515498356751
4.667047266259196
4.664606803112071
4.662194233955233
4.659809680128466
4.657453259244866
4.655125085165148
4.65282526797273
4.650553913949773
4.648311125554142
4.64609700139717
4.643911636222009
4.641755120883054
4.639627542326067
4.637528983568936
4.6354595236832985
4.633419237777004
4.631408196976921
4.629426468412845
4.627474115202321
4.625551196435234
4.623657767160327
4.621793878371691
4.619959576996041
4.618154905881183
4.616379903784379
4.614634605362404
4.6129190411618035
4.611233237609717
4.609577217006159
4.60795099751635
4.60635459316456
4.604788013827896
4.603251265231802
4.601744348945713
4.600267262380036
4.5988199987835605
4.597402547242103
4.596014892678089
4.594657015850717
4.593328893357228
4.592030497635225
4.590761796965962
4.589522755478501
4.588313333154838
4.5871334858365005
4.585983165231463
4.584862318922907
4.5837708903784025
4.582708818960847
4.5816760399399135
4.580672484505094
4.579698079779623
4.578752748835663
4.577836410711159
4.576948980426851
4.576090369005494
4.575260483492044
4.574459226974651
4.573686498607844
4.572943440547823
4.572227478682876
4.57153970335178
4.570880007450291
4.570248274644496
4.569644382604941
4.569068204342466
4.568519608780928
4.567998461014534
4.56750462243688
4.567037950815511
4.566598300347122
4.5661855217034315
4.5657994620753115
4.56543996521637
4.565106871487074
4.564800017900489
4.564519238168118
4.564264362748233
4.56403521889461
4.563831630706771
4.563653419181596
4.563500402265876
4.56337239491039
4.563269209125058
4.563190654034867
4.563136535937822
4.56310665836317
4.563100822131062
4.563118825413157
4.563160463794723
4.563225530336968
4.563313815640898
4.563425107912057
4.5635591930260055
4.5637158545945695
4.563894874033414
4.564096030629838
