0.004385067383868799
0.004386216118343741
0.004386107855452971
0.004385964220443159
0.004385844766995224
0.004385746457848669
0.004385665280923793
0.0043855979600949105
0.004385541858844817
0.004385494874613939
0.004385455264792775
0.004385421676404053
0.004385393005962188
0.004385368365686249
0.004385347041051193
0.004385328456598616
0.00438531214841595
0.004385297741976159
0.004385295230932387
0.004385273486927515
0.004385263185065094
0.004385253874304127
0.004385245421056101
0.004385237715287233
0.004385230665830594
0.004385224196655917
0.004385218243899173
0.004385212753498961
0.0043852076793172
0.0043852029816455135
0.004385198626018463
0.0043851945822704725
0.004385190823785991
0.004385187326902672
0.004385184070435579
0.004385181035296899
0.004385178204191089
0.004385175561369379
0.004385173092431032
0.0043851707841614795
0.004385168624399335
0.004385166601926308
0.004385164706375029
0.004385162928151129
0.004385161258366546
0.0043851596887817925
0.0043851582117553954
0.00438515682019908
0.0043851555075377045
0.0043851542676729876
0.004385153094950496
0.004385151984129319
0.004385150930354072
0.004385149929128888
0.004385148976293223
0.004385148067999212
0.004385147200690494
0.004385146371082318
0.004385145576142891
0.0043851448130758554
0.004385144079303817
0.004385143372452871
0.0043851426903380895
0.004385142030949898
0.004385141392441277
0.004385140773115808
0.004385140171416445
0.004385139585915034
0.004385139015302522
0.004385138458379799
0.004385137914049178
0.004385137381306441
0.004385136859233453
0.004385136346991282
0.004385135843813813
0.0043851353490018214
0.004385134861917499
0.004385134381979343
0.004385133908657483
0.004385133441469304
0.004385132979975462
0.004385132523776157
0.004385132072507742
0.004385131625839569
0.004385131183471092
0.004385130745129243
0.004385130310565949
0.004385129879555935
0.004385129451894636
0.004385129027396357
0.004385128605892512
0.00438512818723009
0.004385127771270182
0.004385127357886705
0.004385126946965172
0.004385126538401631
0.004385126132101641
0.0043851257279794035
0.004385125325956911
0.004385124925963208
0.004385124527933721
0.00438512413180963
0.004385123737537328
0.004385123345067897
0.004385122954356657
0.0043851225653627575
0.004385122178048792
0.00438512179238047
0.004385121408326309
0.004385121025857346
0.0043851206449469155
0.0043851202655703974
0.004385119887705033
0.004385119511329728
0.004385119136424915
0.004385118762972369
0.004385118390955118
0.004385118020357284
0.0043851176511640055
0.004385117283361327
0.00438511691693612
0.0043851165518759925
0.004385116188169247
0.004385115825804787
0.004385115464772088
0.00438511510506113
0.004385114746662359
0.004385114389566649
0.004385114033765264
0.004385113679249834
0.004385113326012301
0.004385112974044928
0.00438511262334025
0.00438511227389107
0.00438511192569042
0.00438511157873157
0.004385111233007984
0.004385110888513346
0.004385110545241495
0.004385110203186466
0.004385109862342449
0.004385109522703782
0.004385109184264956
0.004385108847020596
0.004385108510965466
0.004385108176094448
0.004385107842402543
0.0043851075098848705
0.004385107178536664
0.004385106848353247
0.004385106519330069
0.004385106191462654
0.0043851058647466305
0.004385105539177716
0.004385105214751721
0.004385104891464537
0.004385104569312138
0.004385104248290576
0.004385103928395986
0.004385103609624579
0.004385103291972634
0.0043851029754365025
0.004385102660012612
0.004385102345697451
0.004385102032487573
0.0043851017203795995
0.004385101409370218
0.004385101099456169
0.00438510079063426
0.004385100482901355
0.004385100176254362
0.0043850998706902716
0.004385099566206099
0.004385099262798937
0.004385098960465908
0.004385098659204201
0.004385098359011047
0.004385098059883727
0.0043850977618195746
0.004385097464815951
0.004385097168870282
0.0043850968739800305
0.004385096580142699
0.004385096287355834
0.004385095995617018
0.004385095704923882
0.004385095415274093
0.004385095126665352
0.004385094839095395
0.004385094552562008
0.004385094267062996
0.00438509398259621
0.004385093699159523
0.004385093416750852
0.0043850931353681425
0.004385092855009371
0.0043850925756725384
0.004385092297355686
0.00438509202005688
0.00438509174377421
