0.31332
0.7855047175941926
0.8011534552727253
0.8167905681624068
0.8324151728855511
0.8480264682741544
0.8636236787294551
0.8792060456552864
0.8947728245274185
0.9103232827700346
0.9258566978764242
0.9413723556931598
0.9568695488434291
0.9723475752734209
0.9878057369082428
1.0032433384055202
1.018659685996326
1.0340540864042225
1.0494258458343513
1.0647742690253497
1.0800986583577674
1.0953983130132845
1.1106725286364747
1.1259206004300124
1.1411418034160996
1.1563354229813456
1.1715007280766017
1.1866369837858552
1.2017434470137904
1.216819368757853
1.2318639820290984
1.2468765214940987
1.2618562035257437
1.2768022363394265
1.291721050711946
1.306629024963773
1.321502354100685
1.3363400844844733
1.3511412488294379
1.3659048680335697
1.380629950705896
1.3953154927621954
1.4099604770356495
1.4245638728965269
1.4391246358800935
1.4536417073226264
1.4681140140054654
1.4825404678071186
1.4969199653634901
1.5112513877363571
1.5255336000902446
1.5397654513779215
1.5539457740347782
1.5680733836823773
1.5821470788415397
1.5961656406553462
1.6101278326224917
1.6240324003414688
1.637878071266094
1.6516635544729528
1.6653875404413239
1.6790487008462722
1.6926456883655532
1.7061771365010807
1.7196416594156816
1.7330378517859852
1.7463642886722424
1.7596195254059936
1.7728020974964729
1.7859105205567352
1.798943290250469
1.8118988822605737
1.8247757522805166
1.8375723360296334
1.8502870492934789
1.862918287990419
1.8754644282656894
1.8879238266141363
1.900294820032959
1.9125757262057301
1.9247648437190397
1.9368604523131487
1.9488608131680092
1.9607641692260798
1.9725687455533933
1.9842727497402652
1.995874372343186
2.007371787369317
2.0187692181518435
2.0300649953522334
2.041253153558668
2.0523318047389796
2.0632990470734063
2.074152960693569
2.084891610451909
2.0955130498927343
2.1060153156686625
2.116396434697596
2.1266544220186425
2.1367872827164365
2.146793029599
2.1566696117544923
2.1664150339040718
2.1760272690565663
2.185504289168662
2.194844063773623
2.204044561510054
2.213103751718825
2.2220196061086948
2.2307901004907484
2.239413216582046
2.2478869438779983
2.2562092815933394
2.2643782406717343
2.272391845862114
2.2802481378620167
2.2879451755259943
2.2954810381378272
2.302853827744797
2.3100616715518982
2.3171027243736955
2.3239751711410994
2.3306772294600577
2.337207152218808
2.34356323023996
2.349743794973335
2.355747221225116
2.361571929918412
2.367216390880097
2.3726791256482107
2.3779587102939557
2.3830537782518553
2.387963023151253
2.413452237389899
2.41806668655073
2.6963734665483394
2.7908791638761445
2.877261560813899
2.957550471770633
3.0329917064895007
3.1044079420481436
3.172373675377925
3.237308332767343
3.299529472344633
3.359284971293659
3.4167734257051983
3.4721575855137323
3.525573489970701
3.5771368486084927
3.626947600489357
3.6750932352120467
3.721651252092553
3.766691007029721
3.810275116441596
3.8524605357108825
3.8932993950880026
3.9328396526047635
3.971125607369805
4.008198305226552
4.044095860604238
4.078853712474832
4.112504827971707
4.145079863974232
4.176607294506814
4.207113509919552
4.236622892358579
4.265157870883796
4.292738958669337
4.3193847739652025
4.3451120458622565
4.369935605349269
4.393868361648752
4.416921263347463
4.439103243367195
4.460421146338562
4.48087963641462
4.500481082972119
4.519225420969464
4.537109981918538
4.55412929045531
4.570274820291495
4.585534701835079
4.599893371889608
4.613331153446748
4.6258237505155035
4.637341638938962
4.6478493289334
4.657304468152052
4.665656744833506
4.672846538032473
4.678803244738748
4.683443189703252
4.686666990346126
4.688356199338186
4.688368978956892
4.686534452236499
4.682645216503353
4.676447250004549
4.667626033252548
4.655787023619133
