37394.235647999994
46482.79438146727
46740.219774852725
46971.845064756264
47196.68236573437
47419.811832946034
47642.595063916335
47865.42501954564
48088.44110301108
48311.71495147291
48535.298825390186
48759.23829649519
48983.57564439569
49208.35082669536
49433.60180923703
49659.364722359125
49885.67396521284
50112.56229054101
50340.06087888941
50568.199405047926
50797.00609786284
51026.507794086734
51256.72998676751
51487.6968686088
51719.43137067968
51951.955196817944
52185.28885403458
52419.451679201506
52654.46186227786
52890.33646630706
53127.091444397985
53364.74165388678
53603.30086785745
53842.78178418997
54083.1960322882
54324.554177633756
54566.86572429915
54810.13911554897
55054.38173264886
55299.59989199816
55545.79884069629
55792.98275065135
56041.15471133293
56290.31672127408
56540.46967842261
56791.61336944156
57043.74645806191
57296.86647258779
57550.96979265777
57806.05163536858
58062.10604086821
58319.12585752961
58577.102726820245
58836.02706798661
59095.88806267518
59356.673639621535
59618.370459537415
59880.96390033889
60144.43804285778
60408.77565719108
60673.95818984422
60939.96575183454
61206.77710792632
61474.369667176754
61742.719474977814
62011.80120678644
62281.58816374429
62552.05227038978
62823.164074677545
63094.89275052062
63367.20610307983
63640.070577027116
63913.451268013916
64187.31193757989
64461.6150317357
64736.32170345772
65011.39183932981
65286.78409056439
65562.45590863135
65838.36358571873
66114.46230023768
66390.70616757461
66667.04829628376
66943.44084989093
67219.83511446601
67496.18157209753
67772.42998037678
68048.52945797199
68324.42857633947
68600.07545758357
68875.41787843547
69150.40338028086
69424.97938511425
69699.09331725026
69972.69273056218
70245.7254409648
70518.13966378766
70789.88415562638
71060.90836018384
71331.16255754477
71600.59801625038
71869.16714746402
72136.82366044176
72403.52271844243
72669.2210941366
72933.87732349415
73197.45185706111
73459.90720746198
73721.20809190063
73981.32156837438
74240.21716426192
74497.86699590688
74754.24587778206
75009.33141980816
75263.10411138603
75515.54739072175
75766.64769804392
76016.39451136817
76264.78036352398
76511.80083925722
76757.45455133141
77001.74309469112
77244.67097791705
77486.24553139164
77726.47679181116
77965.37736292736
78202.96225266375
78439.24868705156
78674.25590174102
78908.004912176
79140.5182638761
79371.81976462463
79601.93420073544
79830.88703993653
80058.7041237752
80285.41135280015
80511.03436810456
80735.59823312095
80959.12711981495
81181.64400365177
81403.17037186128
81623.72594963285
81843.32844889293
82061.99334426345
82279.73368066373
82496.55991678793
82712.4798083699
82927.49833473923
83141.61767166725
83354.83721291933
83567.15364226673
83778.56105698345
83989.05114307028
84198.61340162974
84407.23542497471
84614.90322021139
84821.60095418224
85027.31379303164
85232.02479086728
85435.71767513442
85638.3767844185
85839.98758696827
86040.5372115362
86240.01498367706
86438.41296071532
86635.72645870298
86831.95456492108
87027.10062983917
87221.17273291148
87414.18411717401
87606.15358825952
87797.10587418488
87987.07194304295
88176.08927653878
88364.2020981321
88551.46155535396
88737.92585665344
88923.66036386997
89108.73764211507
89293.23772383145
89477.24707294666
89660.86001861889
89844.17768445573
90027.30810736088
90210.36610115171
90393.47310146828
90576.75699809544
90760.35195956023
90944.39825460812
91129.04207502364
91314.43536409008
91500.7356547693
91688.1059214292
91876.71444865034
92066.73472032048
92258.34533186676
92451.72992809926
92647.07716874436
92844.5807233337
93044.43929670505
