0.16830039100122884
0.16830514396123958
0.16830987705578898
0.16831459084993886
0.16831928588971054
0.16832396270038286
0.16832862178754532
0.16833326363835313
0.16833788872271277
0.16834249749437488
0.16834709039194218
0.16835166783979882
0.16835623024896954
0.16836077801791402
0.16836531153326365
0.16836983117050472
0.1683743372946136
0.1683788302606474
0.16838331041429466
0.16838777809238856
0.16839223362338696
0.1683966773278207
0.1684011095187139
0.16840553050197749
0.1684099405778121
0.16841434003809602
0.16841872916938547
0.16842310825247714
0.16842747756324888
0.16843183737186518
0.16843618794357237
0.16844052953894711
0.16844486241412612
0.16844918682102236
0.16845350595992833
0.1684578232094359
0.168462138613695
0.16846645221638853
0.16847076406076955
0.16847507418968377
0.1684793826455955
0.16848368947060893
0.1684879947064901
0.16849229839468868
0.16849660057635896
0.16850090129237688
0.16850520058336177
0.168509498489693
0.16851379505152794
0.16851809030882028
0.16852238430133493
0.16852667706866595
0.16853096865025124
0.16853525908538866
0.16853954841325022
0.16854383667289766
0.16854812390329632
0.16855241014332928
0.16855669543181076
0.16856097980749968
0.168565263309114
0.16856954597534227
0.16857382784485692
0.1685781089563267
0.16858238934843
0.16858666905986613
0.16859094812936726
0.16859522659571136
0.1685995044977329
0.16860378187433533
0.16860805876450216
0.16861233520730845
0.1686166112419323
0.16862088690766605
0.16862516224392723
0.16862943729026983
0.16863371208639513
0.1686379866721625
0.1686422610876009
0.16864653537291846
0.16865080956851414
0.16865508371498772
0.16865935785315103
0.1686636320240377
0.16866790626891415
0.16867218062928938
0.1686764551469259
0.1686807298638497
0.16868500482235985
0.16868928006503975
0.1686935556347664
0.16869783157472046
0.16870210792839616
0.1687063847396108
0.1687106620525155
0.16871493991160388
0.16871921836172168
0.16872349744807616
0.1687277772162461
0.16873205771219046
0.16873633898225693
0.16874062107319224
0.1687449040321498
0.16874918790669924
0.16875347274483427
0.168757758594981
0.16876204550600618
0.16876633352722667
0.168770622708414
0.1687749130998049
0.16877920676812647
0.16878350819344987
0.16878781761539804
0.16879213527652118
0.1687964614207702
0.16880079629493974
0.16880514014826287
0.1688094932324479
0.16881385580086594
0.16881822811130195
0.1688226104226662
0.16882700299617076
0.16883140609585248
0.16883581998846214
0.16884024494336855
0.16884468123254906
0.1688491291306009
0.16885358891474658
0.16885806086483723
0.16886254526335348
0.16886704239540082
0.1688715525487037
0.16887607601359403
0.1688805945270445
0.1688851271448374
0.16888932623419012
0.16889353557446732
0.16889775520406156
0.16890198502205386
0.16890622489296603
0.16891047468404732
0.16891473427836867
0.16891900357840747
0.1689232893329135
0.16892762178378937
0.16893200079736986
0.1689364262919467
0.16894089823512998
0.1689454166355416
0.16894998153684804
0.1689545930128019
0.1689592511631002
0.1689639561099538
0.1689687079952713
0.16897350697836888
0.1689783532341337
0.16898324695157907
0.1689881883327423
0.1689931775918847
0.16899821495496278
0.16900330065934702
0.1690084349537708
0.16901361809849733
0.16901885036569833
0.16902413204004185
0.16902946341949132
0.16903484481632175
0.16904027655836298
0.1690457589904843
0.16905129247633854
0.16905687740038894
0.16906251417024745
0.1690682032193581
0.1690739450100671
0.16907974003712928
0.1690855888317089
0.16909149196594558
0.16909745005816962
0.16910346377886676
0.16910953385751457
0.16911566109043674
0.1691218463498531
0.1691280905943439
0.16913439488099424
0.16914076037955053
0.169147188388999
0.1691536803570832
0.1691602379034134
0.16916686284700086
0.1691735572392932
0.16918032340411088
0.16918716398633496
0.16919408201181693
0.16920108096186498
0.1692081648669294
0.1692153384259839
0.16922260716091472
0.16922997761959077
0.1692374576482407
0.16924505676523854
