332.2758124782117
357.9432379918548
358.0850122960506
358.1518819655245
358.15372628337815
358.1080123846372
358.02576176962236
357.9139632292422
357.7771139724065
357.6181698396132
357.43913142069823
357.24140576713506
357.0260297152478
356.7938078403662
356.54539774160446
356.2813628301347
356.0022050673715
355.7083853325043
355.40033615640397
355.0784697464669
354.7431831040855
354.3948613462083
354.0338799209186
353.6606061363424
353.2754002671158
352.87861639926876
352.4706031136729
352.0517040704005
351.6222585329868
351.1826018571185
350.73306595954523
350.27397977771403
349.80566972710903
349.3284601617132
348.84267384135586
348.34863240952103
347.84665688459893
347.3370681674605
346.8201875683666
346.29633735614766
345.76584133292124
345.2290254377133
344.6862183826274
344.1377523255682
343.5839635837602
343.0251933927622
342.46178871599545
341.89410311030923
341.3225177849088
340.74736614650084
340.1690418701928
339.587935486675
339.00444928039224
338.41899872935386
337.832014016127
337.2439416371661
336.6552461293331
336.0664119297308
335.4779453833574
334.8903769138228
334.3042633585452
333.720190507077
333.13877582226604
332.56067135858274
331.986566902882
331.417193313963
330.85332606384776
330.2957889636067
329.74545804425884
329.2033136329701
328.6702736409294
328.1474123207822
327.6358090490832
327.1367378631045
326.65145177666784
326.1812937755438
325.7276838052246
325.2921164230767
324.87615575108634
324.4814266323747
324.1096006926495
323.7623757263203
323.44144651018786
323.1484648198687
322.88498612899195
322.65240028141545
322.4518434556438
322.28408915386217
322.14941696972215
322.0474967570013
321.9770729360801
321.93599764504376
321.92091572867724
321.92714897080054
321.9485998342215
321.9777417266414
322.0057287905143
322.0226506803186
322.0179406249122
321.9809189213985
321.9014234051075
321.77041930610795
321.58069899357747
321.3270797659059
321.0067419668061
320.6191593987615
320.1658672914029
319.65008815199025
319.07628558791345
318.44971194049344
317.7759997806495
317.0608270753778
316.3096669874896
315.5276192260134
314.7193115660812
313.888856591617
313.03984838682203
312.17538575787137
311.2981113537746
310.4102574695793
309.51370213113637
308.6100046703407
307.7004635165154
306.7861507316122
305.86794912652675
304.9465833886975
304.0226467087648
303.09662332801906
302.16890748160836
301.2398192152652
300.30961752707685
299.3785112444553
298.44665156492846
297.51420191998756
296.5812566364478
295.64789846530687
294.71419171307684
293.7801854871124
292.84591637520026
291.9114106500531
290.97668608026424
290.0417534166348
289.10661761161043
288.1712788197888
287.2357332192103
286.2999736860679
285.36399034971816
284.4277710499371
283.49130171444546
282.5545666713785
281.6175489087057
280.68023029039125
279.7425917372543
278.80461337905143
277.8662746830548
276.92755456346146
275.98843147510934
275.04888349439733
274.1088883897017
273.16842368319936
272.22746670562964
271.28599464524956
270.3439845920004
269.40141357771614
268.45825861304286
267.51449672161675
266.57010497196245
265.62506050744037
264.6793405745725
263.73292254996676
262.78578396603194
261.8379025356562
260.8892561759583
259.93982303123624
258.98958149517523
258.0385102324045
