9.52557881167376
9.503657928503651
9.485396063291644
9.471352618517088
9.461403121898165
9.455081510522632
9.451788793171325
9.450910400425787
9.451877153695953
9.454192517342516
9.457440467500426
9.461282858087966
9.465451653634101
9.46973917491117
9.473988118273468
9.478082263638909
9.4819382823905
9.485498767235171
9.488726448979838
9.491599487877075
9.4941076966527
9.49624954804685
9.498029829152312
9.499457820549724
9.500545895914241
9.501308455052172
9.501761117558784
9.501920122768144
9.501801891478285
9.501422376991183
9.500798256702868
9.499944438796167
9.498875705687396
9.497606137028745
9.496149087470412
9.494517176014975
9.492722290601638
9.490775603561804
9.488687594545299
9.486468078364988
9.484126235859481
9.481670646372397
9.47910932082558
9.476449734651506
9.473698860066719
9.470861769166481
9.467946330256593
9.464958111393347
9.461902273788978
9.458783651326375
9.455606762125417
9.452375824596992
9.449094774250094
9.445767280580318
9.442396763638369
9.438986410030886
9.43553918820893
9.432057862967607
9.428545009125738
9.425003024383626
9.421434141375968
9.417840438948273
9.414223852691887
9.410586184776568
9.406929113120345
9.403254199936983
9.39956289970015
9.395856566561983
9.39213646126217
9.38840375756168
9.384659548233223
9.380904850638654
9.377140611921703
9.373367713842379
9.369586977277763
9.36579916641225
9.362004992638681
9.358205118190345
9.354400159522491
9.350590690460718
9.346777245132229
9.342960320695175
9.339140379879918
9.335317853355203
9.33149314193144
9.327666618612321
9.323838630505124
9.320009500599674
9.316179529424865
9.312348996591234
9.308518162227493
9.304687268318238
9.300856539949757
9.297026186470188
9.293196402569945
9.28936736928794
9.285539254948636
9.281712216034796
9.27788639800027
9.274061936026936
9.245507646530402
9.225959040485057
9.212897291671982
9.204209672951487
9.198471744174137
9.19472588207246
9.192327490639427
9.190842158214313
9.189976788896784
9.189533404531106
9.189378111328972
9.189420229573123
9.189598244586564
9.189870341496569
9.190208023339244
9.190591805006052
9.191008305819322
9.19144828512099
9.191905314100556
9.19237487715714
9.192853763423939
9.193339654423797
9.193830844377148
9.194326050283578
9.194824282774015
9.195324758280098
9.195826838880315
9.196329991382017
9.196833759152655
9.197337742628942
9.197841586020678
9.198344967827971
9.198847594268095
9.199349194573674
9.199849517594656
9.200348329298844
9.200845410894614
9.201340557386855
9.201833576437112
9.202324287439373
9.202812520750568
9.203298117033823
9.20378092668533
9.204260809324506
9.204737633333233
9.205211275433866
9.205681620299098
9.20614856018798
9.206611994604499
9.207071829975693
9.207527979346901
9.207980362092599
9.208428903641177
9.20887353521265
9.209314193568181
9.209750820770681
9.210183363955693
9.210611775111945
9.211036010870943
9.211456032305223
9.211871804734617
9.212283297540287
9.21269048398594
9.213093341046095
9.213491849240874
9.213885992477119
9.214275757895466
9.214661135723299
9.215042119133026
9.215418704105765
9.215790889300015
9.216158675925167
9.216522067619724
9.216881070333931
9.217235692216775
9.217585943507084
9.217931836428644
9.218273385089159
9.21861060538292
9.21894351489705
9.219272132821237
9.219596479860781
9.219916578152827
9.220232451185817
9.220544123721844
9.220851621722014
9.221154972274524
9.221454203525573
9.221749344612812
9.22204042560139
9.222327477422482
9.222610531814164
9.222889621264613
9.223164778957566
9.223436038719912
9.223703434971329
9.2239670026761
9.224226777296723
9.22448279474949
9.224735091361886
