0.022940038270034074
0.022973813452542447
0.023007497681875478
0.023041091343353942
0.023074594555175933
0.02310800738485598
0.023141329907921483
0.023174562221861907
0.023207704448567318
0.023240756733884073
0.023273719246508135
0.023306592176782628
0.023339375735539503
0.023372070153015626
0.023404675677845616
0.02343719257612729
0.02346962113055408
0.023501961639609076
0.02353421441681558
0.023566379790039612
0.023598458100840148
0.023630449703863264
0.023662354966276715
0.023694174267241776
0.02372590799741945
0.023757556558508305
0.0237891203628117
0.023820599832831968
0.02385199540088959
0.02388330750876557
0.023914536607365103
0.023945683156401113
0.023976747624096108
0.02400773048690101
0.024038632229229667
0.02406945334320801
0.024100194328436655
0.024130855691765964
0.02416143794708274
0.024191941615107602
0.024222367223202236
0.02425271530518581
0.02428298640115988
0.024313181057341038
0.02434329982590079
0.024373343264812018
0.024403311937701525
0.024433206413708133
0.024463027267345876
0.024492775078371824
0.024522450431658082
0.0245520539170676
0.024581586129333435
0.024611047667940995
0.024640439137013012
0.024669761145196884
0.02469901430555406
0.024728199235451165
0.024757316556452573
0.02478636689421418
0.024815350878378002
0.02484426914246754
0.02487312232378339
0.024901911063299104
0.024930636005556915
0.02495929779856312
0.02498789709368299
0.025016434545534795
0.025044910811882967
0.025073326553530013
0.025101682434207066
0.02512997912046278
0.025158217281550543
0.025186397589313583
0.02521452071806803
0.025242587344483498
0.025270598147461187
0.02529855380800926
0.025326455009115255
0.025354302435615476
0.025382096774061058
0.02540983871258065
0.025437528940739442
0.025465168149394403
0.02549275703054564
0.025520296277183524
0.025547786583131643
0.025575228642885233
0.02560262315144503
0.02562997080414636
0.025657272296483263
0.02568452832392761
0.025711739581742898
0.02573890676479274
0.02576603056734378
0.025793111682862968
0.02582015080380902
0.02584714862141789
0.02587410582548222
0.025901023104124603
0.025927901143564445
0.025954740627878475
0.02598154223875469
0.02600830665523965
0.026035034553479084
0.026061726606451643
0.026088383483695864
0.02611500585103014
0.026141594370265756
0.026168149698912974
0.0261946724898801
0.026221163391165588
0.02624762304554322
0.02627405209024045
0.026300451156609953
0.02632682086979454
0.02635316184838556
0.026379474704075083
0.026405760041302007
0.02643201845689239
0.026458250539694358
0.026484456870208027
0.02651063802021079
0.026536794552378572
0.026562927019903537
0.026589035966108992
0.026615121924062138
0.026641185416185487
0.02666722695386787
0.026693247037075898
0.026719246153967015
0.026745224780505263
0.02677118338008093
0.026797122403135403
0.02682304228679264
0.026848943454498654
0.0268748263156706
0.026900691265356973
0.02692653868391062
0.02695236893667623
0.02697818237369398
0.02700397932942104
0.02702976012247272
0.027055525055384808
0.027081274414398913
0.027107008469272206
0.02713272747311317
0.027158431662244655
0.027184121256095532
0.02720979645712196
0.02723545745075931
0.02726110440540527
0.027286737472434795
0.027312356786247074
0.027337962464344622
0.027363554607444215
0.02738913329961924
0.02741469860847271
0.02744025058534515
0.027465789265530578
0.027491314668549642
0.027516826798428227
0.027542325644004488
0.02756781117925714
0.027593283363653
0.027618742142511282
0.027644187447382264
0.027669619196437817
0.027695037294871147
0.027720441635303326
0.027745832098193878
0.027771208552253054
0.02779657085485334
0.027821918852437795
0.02784725238092305
0.027872571266094964
0.027897875323994837
0.027923164361294595
0.027948438175659247
0.027973696556095266
0.02799893928328363
0.028024166129896538
0.028049376860928482
0.02807457123388287
0.028099748999129898
0.028124909900119174
0.028150053673604864
0.02817518004985165
0.02820028875282153
0.02822537950034159
0.028250452004252948
0.028275505970541272
0.028300541099449034
0.028325557085570163
0.02835055361792739
0.028375530380032897
0.0284004870499328
0.02842542330023592
0.02845033879812757
0.028475233205368825
