297.17072045981723
326.701536602449
326.38356071087276
326.0575881569441
325.7238887159054
325.38267410634774
325.03412990280594
324.6784288681174
324.3157363407206
323.9462124022236
323.57001274903246
323.18728904501177
322.79818906857497
322.4028567804633
322.0014323629268
321.59405225053433
321.1808491605525
320.76195212586686
320.33748653143834
319.90757415448394
319.4723332082617
319.0318783892203
318.586320927234
318.13576863864085
317.6803259817931
317.2200941148621
316.75517095563015
316.28565124302577
315.8116266001721
315.3331855987291
314.8504138243198
314.3633939428531
313.8722057675538
313.3769263265376
312.877629930769
312.37438824225234
311.86727034232746
311.3563427999342
310.84166973973515
310.32331290998826
309.80133175006983
309.27578345756
308.7467230548021
308.2142034548771
307.6782755269045
307.13898816063084
306.59638833023695
306.05052115732406
305.50142997303436
304.9491563792683
304.39374030897096
303.8352200854539
303.27363248073755
302.70901277288925
302.1413948023449
301.5708110272007
300.99729257747236
300.42086930830425
299.84156985214287
299.25942166985635
298.6744511008171
298.08668341194027
297.49614284569185
296.9028526670681
296.3068352095594
295.70811192010626
295.10670340305995
294.5026294631594
293.895909147538
293.28656078677653
292.6746020350117
292.0600499091213
291.44292082699803
290.82323064493045
290.2009946941028
289.5762278162373
288.9489443983895
288.3191584069148
287.6868834206249
287.05213254413655
286.41491892997817
285.7752550490895
285.1331532474955
284.48862563697134
283.84168412418194
283.1923404388201
282.54060616093165
281.886492747515
281.23001155844304
280.57117388173
279.90999095816267
279.24647400531177
278.58063424093564
277.91248290578363
277.24203128581905
276.5692907338657
275.8942726906876
275.2169887055165
274.5374504560318
273.8556697678021
273.171658633198
272.4854292297814
271.7969939381814
271.10636535945883
270.4135563319707
269.7185799477333
269.0214495682985
268.32217884013744
267.620781709545
266.9172724370611
266.21166561141973
265.50397616302035
264.7942193769344
264.0824109054371
263.36856678007956
262.6527034232904
261.9348376595183
261.21498672590997
260.49316828252574
259.76940042209617
259.0437016793156
258.31609103967645
257.5865879478401
256.85521231554844
256.12198452907035
255.3869254561907
254.65005645272868
253.91139936859787
253.17097655339822
252.42881086154082
251.68492565690775
250.93934481704133
250.19209273686528
249.44319433193587
248.69267504121882
247.94056082939838
247.1868781887089
246.43165414029698
245.67491623510568
244.91669255428604
244.15701170913465
243.3959028405544
242.6333956180422
241.86952023820115
241.10430742278075
240.3377884162428
239.56999613132328
238.80096015694647
238.03071501602517
237.2592939024528
236.4867305764419
235.71305932296184
234.93831493040076
234.1625326780093
233.3857483266884
232.60799811088071
231.8293187306513
231.0497473435901
230.26932155638704
229.4880794160273
228.70605940058513
227.9233004096088
227.13984175410783
226.35572314614245
225.57098468802027
224.78566686111827
223.9998105143264
223.21345685213058
222.42664742234055
221.6394241034745
220.85182909181034
220.06390488811232
219.27569428404678
218.48724034829823
217.6985864123962
216.9097760562646
216.12085309350928
215.331861556452
214.54284568092882
213.75384989086203
212.96491878262097
212.17609710918768
211.38742976413727
210.59896176545047
209.81073823917296
209.0228044029339
208.2352055493413
207.44798702926593
206.6611942350337
205.87487258353661
205.08906749928116
204.30382439738665
203.51918866655356
202.7352041694883
201.95191943988604
201.16937778699932
200.38762439873278
199.60670430780695
198.8266623998777
198.0475434076369
