198165.917952
330115.6296466683
331675.08316982444
333218.43320915854
334768.344688124
336330.90616158355
337907.82037470065
339499.6282293263
341106.5602610512
342728.76214889734
344366.35487509426
346019.45111854625
347688.16001137014
349372.588761937
351072.84340160794
352789.02925880795
354521.25132545445
356269.61456385837
358034.2241706371
359815.18580530724
361612.6057884849
363426.5912734796
365257.25039451715
367104.6923943732
368969.02773385594
370850.3681853022
372748.8269119824
374664.5185351036
376597.5591899104
378548.0665722297
380516.15997664677
382501.9603273921
384505.59020292584
386527.1738550898
388566.83722363965
390624.7079469093
392700.91536928347
394795.59054613486
396908.86624681944
399040.8769563195
401191.758876078
403361.64992456045
405550.68973806634
407759.0196723155
409986.7828053016
412234.12394194875
414501.18962107634
416788.1281252038
419095.0894937423
421422.2255401121
423769.6898733805
426137.6379250017
428526.22698128165
430935.6162222001
433365.96676728816
435817.44172923104
438290.20627595036
440784.4277019279
443300.27550956217
445837.92150139884
448397.53988411033
450979.3073851289
453583.4033828661
456210.0100515213
458859.3125214682
461531.499056288
464226.7612475172
466945.29422822624
469687.2969065634
472452.9722204141
475242.52741437225
478056.1743401811
480894.1297818693
483756.6158067392
486643.86014342576
489556.09658813773
492493.5654402484
495456.513968289
498445.19690736115
501459.87698893395
504500.8255038339
507568.32289918844
510662.6594099017
513784.1357250834
516933.0636896883
520109.76704138436
523314.58218241396
526547.8589859474
529809.9616361076
533101.2695004684
536422.1780334451
539773.099708551
543154.4649769991
546566.723249595
550010.3438982666
553485.8172729402
556993.6557287889
560534.3946580874
564108.5935201314
567716.8368618073
571359.7353204285
575037.9265995349
578752.0764072586
582502.8793457783
586291.0597392553
590117.3723864317
593982.6032228457
597887.5698763615
601833.1220984225
605820.1420520833
609849.5444366805
613922.2764275753
618039.3174082374
622201.6784706741
626410.4016590706
630666.5589304743
634971.2508053791
639325.6046803412
643730.7727741082
648187.9296783917
652698.269484281
657263.0024554725
661883.3512200004
666560.5464530655
671295.8220248825
676090.4095893028
680945.5325912886
685862.3996742757
690842.1974719905
695886.0827734773
700995.1740550854
706170.5423787307
711413.2016622272
716724.0983346337
722104.1003975377
727553.9859218921
733074.4310194975
738665.9973382978
744329.1191413677
750064.0900407397
755871.0494687004
761749.9689810827
767700.6384988626
773722.6526060485
779815.3970331509
785978.0354660171
792209.4968295618
798508.4632041822
804873.3585395454
811302.3383352502
817793.2804606501
824343.77728627
830951.1292966981
837612.3403492259
844324.114733785
851082.8561775339
857884.6689220164
864725.3609820008
871600.4496729765
878505.1694692757
885434.4822269565
892383.0820336583
899345.4403884265
906315.7791079035
913288.1185639612
920256.2921045109
927213.9694059339
934154.6815323621
941071.8474810323
947958.8019682565
954808.8241890826
961615.1672664788
968371.0880933171
975069.8772631185
981704.8887834472
988269.5692691848
994757.4863215244
1001162.35581229
1007478.0678115597
1013698.7109193001
1019818.5947880459
1025832.2706530327
1031734.5497179034
1037520.5192773794
1043185.5564923711
1048725.3397672737
1054135.8577127804
1059413.4157100387
1064554.6401225668
1069556.4802308353
1074416.2079900797
1079131.4197304703
1083700.016203553
1088120.21987366
1092390.552159316
1096509.8282165248
1100477.1468075844
1104291.879145397
1107953.6569118635
1111462.3596412938
