69.91174403949954
69.78756689440709
69.66345729217254
69.53942484562499
69.41548127482272
69.29163843110584
69.16790752132314
69.04429886775252
68.9208218969304
68.79748521748272
68.67429672464372
68.55126370492208
68.42839293067806
68.30569074168989
68.18316311355828
68.06081571475187
67.93865395337176
67.81668301556019
67.69490789678763
67.57333342749718
67.45196429381754
67.33080505450587
67.20986015468851
67.0891339370306
66.96863065081996
66.8483544593662
66.72830944604404
66.60849961925007
66.48892891649197
66.36960120778913
66.25052029852864
66.13168993189355
66.01311379095687
65.89479550051539
65.77673862872267
65.65894668856708
65.54142313923093
65.42417138735783
65.30719478824959
65.1904966470076
65.07408021963032
64.9579487140742
64.84210529128437
64.72655306619758
64.61129510872023
64.49633444468216
64.38167405676681
64.26731688541747
64.1532658297194
64.03952374825738
63.926093459948135
63.812977744847245
63.70017934493013
63.587700964847116
63.47554527265231
63.36371490050641
63.25221244571096
63.14104047028329
63.030201502665804
62.91969803796576
62.809532538534306
62.699707434522495
62.59022512441551
62.48108797554559
62.37229832458471
62.263858478018044
62.15577071259876
62.04803727578541
61.94066038616269
61.833642233846305
61.72698498087288
61.62069076157576
61.514761682947416
61.40919982498918
61.30400724104898
61.19918595814795
61.09473797729622
60.990665273798676
60.88696979755121
60.78365347332797
60.68071820106012
60.578165856106345
60.47599828951601
60.37421732828472
60.27282477560327
60.17182241109984
60.071211991076055
59.97099524873703
59.871173894415854
59.77174961579251
59.672724078107734
59.574098924371896
59.47587577556906
59.37805623085668
59.28064186776072
59.18363424236681
59.08703488950711
58.99084532294356
58.895067035547264
58.79970149947438
58.704750166338364
58.61021446737916
58.51609581362892
58.4223955960748
58.329115185818615
58.23625593423376
58.14381917311921
58.05180621485081
57.96021835253011
57.869056860130435
57.77832299264078
57.68801798620707
57.59814305827138
57.50869940770874
57.41968821496194
57.331110642174195
57.24296783331981
57.15526091433293
57.06799099323437
56.981159160256624
56.8947664879672
56.80881403139012
56.723302828125846
56.638233898469544
56.55360824552791
56.46942685533439
56.38569069696297
56.30240072264055
56.219557867858036
56.13716305147997
56.05521717585305
55.97372112691325
55.89267577429182
55.81208197142015
55.73194055563348
55.65225234827351
55.5730181547899
55.49423876484093
55.41591495239299
55.33804747581915
55.260637077996925
55.183684486404935
55.10719041321891
55.03115555540668
54.95558059482242
54.880466198300226
54.80581301774664
54.73162169023269
54.657892838085125
54.58462706897694
54.51182497601725
54.43948713784047
54.36761411869497
54.29620646853099
54.22526472308804
54.15478940398168
54.08478101878981
54.01524006113837
53.94616701078652
53.87756233371129
53.80942648219183
53.741759894893065
53.67456299694903
53.60783620004557
53.54157990250282
53.47579448935704
53.41048033244227
53.345637790471386
53.28126720911691
53.217368921091406
53.15394324622743
53.09099049155722
53.028510951392136
52.96650490740152
52.904972628691354
52.843914371882725
52.78333038118977
52.723220888497465
52.66358611343907
52.604426263473314
52.54574153396121
52.4875321082428
52.42979815771339
52.37253984189975
52.31575730853589
52.25945069363869
52.20362012158327
52.148265705178105
52.09338754573987
52.03898573316822
51.98506034602012
51.93161145158414
51.87863910595441
51.826143354104495
51.77412422996092
51.72258175647663
51.671515945704094
51.62092679886837
51.57081430643985
51.52117844820692
