207982.23911999998
729599.7652195438
836558.925383195
861046.6973561596
927738.9243085448
978432.0690171937
1013111.3805133181
1035677.8645292275
1039469.5464644763
1049792.494009028
1058047.243412881
1065208.6800662158
1071781.0711386388
1078020.7773104508
1084057.7182398792
1089958.024046599
1095755.777431067
1101468.9454109618
1107107.3564328796
1112676.698412138
1118180.5286922606
1123621.2894225006
1129000.8239926498
1134320.6421810123
1139582.0580880912
1144786.2632307815
1149934.3662866687
1155027.4154689354
1160066.4116977109
1165052.3167746826
1169986.0587547936
1174868.535680705
1179700.6183090133
1184483.1521829867
1189216.959255701
1193902.8391923727
1198541.5704314476
1203133.9110620746
1207680.5995577732
1212182.3553983385
1216639.879602409
1221053.8551919954
1225424.9476027351
1229753.8050544744
1234041.0588906007
1238287.3238969252
1242493.198605141
1246659.2655880123
1250786.0917489964
1254874.2286119966
1258924.2126113863
1262936.5653864432
1266911.7940802295
1270850.3916434178
1274752.8371457036
1278619.5960917321
1282451.1207443562
1286247.8504525258
1290010.2119851862
1293738.619868156
1297433.4767262647
1301095.2817620598
1304724.1982464718
1308320.703627706
1311885.156382097
1315417.9048198666
1318919.2874283097
1322389.6332154507
1325829.2620495288
1329238.4849980928
1332617.6046582249
1335966.9154863826
1339286.704119678
1342577.2496932703
1345838.8241501828
1349071.6925453586
1352276.1133418998
1355452.3387009646
1358600.6147638194
1361721.181925182
1364814.2750998887
1367880.123982609
1370918.95329555
1373930.9830321698
1376916.42869229
1379875.5015046683
1382808.408648215
1385715.3534593664
1388596.5356352169
1391452.1514262115
1394282.3938223324
1397087.4527325497
1399867.5151538309
1402622.7653353205
1405353.3849349727
1408059.553167232
1410741.4469465227
1413399.241021147
1416033.1081028734
1418643.218988826
1421229.7426777459
1423792.846479516
1426332.6961201783
1428849.4558394821
1431343.2884841457
1433814.3555959768
1436262.8174935675
1438688.833350624
1441092.561268261
1443474.1583441102
1445833.780734712
1448171.5837162603
1450487.7217400998
1452782.3484834887
1455055.6168984715
1457307.679255264
1459538.6871834535
1461748.791710366
1463938.1432939228
1466106.8918550943
1468255.1868068303
1470383.1770791174
1472491.0111420203
1474578.837027716
1476646.802348239
1478695.054311911
1480723.7397369258
1482733.0050651412
1484722.9963704888
1486693.85936933
1488645.739425574
1490578.7815578023
1492493.1304416428
1494388.930412921
1496266.3254694764
1498125.4592698088
1499966.475132567
1501789.5160345146
1503594.724606971
1505382.2431317165
1507152.213536723
1508904.7773892235
1510640.0758899967
1512358.249867318
1514059.4397666508
1515743.7856450921
1517411.4271611085
1519062.5035661033
1520697.1536945389
1522315.5159544828
1523917.728317063
1525503.9283066336
1527074.2529886693
1528628.8389617873
1530167.8223432095
1531691.3387611343
1533199.5233411265
1534692.510696267
1536170.4349155887
1537633.4295522925
1539081.627614121
1540515.161550516
1541934.163242738
1543338.7639921336
1544729.0945095408
1546105.2849059699
1547467.4646796258
1548815.762706998
1550150.30723262
1551471.2258588602
1552778.6455359617
1554072.692552773
1555353.49252728
1556621.1703972118
1557875.8504113664
1559117.6561212172
1560346.710372077
1561563.135295466
1562767.0523003303
1563958.5820672568
1565137.84453942
1566304.9589157873
1567460.043645696
1568603.2164208663
1569734.59417054
1570854.2930543341
1571962.4284576825
1573059.114985265
1574144.4664584028
1575218.5959078898
1576281.6155697415
1577333.636882902
1578374.7704836985
1579405.1262025374
1580424.8130618976
1581433.9392701015
1582432.6122224533
1583420.9384959468
1584399.0238484042
1585366.9732155784
