13800.000000000002
4339867.306659896
4332234.40378183
4323671.327899703
4314354.506489433
4304426.258676634
4294001.380997173
4283172.821928578
4272015.436853898
4260589.104955866
4248942.718103937
4237115.873494076
4225140.688286205
4213043.256058383
4200844.815472221
4188562.6880370155
4176211.030787041
4163801.4431773988
4151343.4425100996
4138844.8704990987
4126312.1966736983
4113750.77474162
4101165.0471621305
4088558.7105096546
4075934.8493557675
4063296.0448552775
4050644.462987346
4037981.9264060487
4025309.9730791515
4012629.904247734
3999942.8237455185
3987249.6703218655
3974551.2442778484
3961848.2294757143
3949141.2115747705
3936430.693184211
3923717.1118862727
3911001.1102460735
3898282.447639144
3885561.689880141
3872839.0765975774
3860114.8156301016
3847389.0874477844
3834662.048888531
3821933.8363583786
3809204.56857551
3796474.3489282
3783743.267498742
3771011.402807299
3758278.823316352
3745545.5887284796
3732816.860656132
3720077.4138575364
3707342.4745317814
3694607.0632389095
3681871.2045519697
3669134.9221164016
3656398.2366552353
3643661.1681160736
3630923.732529227
3618185.9451651135
3605447.8174168477
3592709.36086135
3579970.5849663178
3567231.4978671228
3554492.106522213
3541752.1503303456
3529012.173185074
3516271.905003421
3503531.3500484936
3490790.5116592865
3478049.3924517496
3465307.9944573077
3452566.319225088
3439824.3678998267
3427082.1412828253
3414339.63988165
3401596.863951007
3388853.813527093
3376110.488457122
3363366.8884243495
3350623.0129701244
3337878.8615129017
3325134.433364617
3312389.727745446
3299644.743796255
3286899.4805899826
3274153.937141045
3261408.1124141794
3248662.005331679
3235915.614780008
3223168.939615751
3210421.9786702557
3197674.7307541654
3184927.194661468
3172179.369172435
3159431.25305688
3146682.8450764352
3133934.143986819
3121185.148539904
3108435.8574851416
3095686.269571102
3082936.3835466406
3070186.1981620295
3057435.712169664
3044684.9243251425
3031933.833387589
3019182.438120308
3006430.737291289
2993678.729673488
2980926.4140453017
2968173.78919044
2955420.8538985415
2942667.60696502
2929914.0471912343
2917160.17338455
2904405.984358478
2891651.478932503
2878896.655932128
2866141.5141890366
2853386.052540638
2840630.26983032
2827874.164907307
2815117.7366264863
2802360.9838483687
2789603.9054389014
2776846.5002695397
2764088.767216901
2751330.705162766
2738572.3129939833
2725813.794238743
2713054.733783339
2700295.3413520926
2687535.61530469
2674775.5541952015
2662015.156723689
2649254.421679059
2636493.3479052824
2623731.934280716
2610970.1797059746
2598208.0830963273
2585445.6433773027
2572682.8594820164
2559919.730349213
2547156.254922381
2534392.4321488547
2521628.2609796585
2508863.7403687695
2496098.869273123
2483333.6466523116
2470568.0714684264
2457802.1426860006
2445035.8592716632
2432269.22019433
2419502.2244247403
2406734.8709356845
2393967.158701576
2381199.086698638
2368430.653904569
2355661.8592986776
2342892.7018616027
2330123.18057521
2317353.294422748
2304583.042388401
2291812.423457591
2279041.4366164953
2266270.0808524084
2253498.3551531597
2240726.2585075297
2227953.789904774
2215180.94833486
2202407.7327881623
2189634.14225547
2176860.175728037
2164085.832197251
2151311.110654888
2138536.0100927996
2125760.5295029017
2112984.667877184
2100208.4242076054
2087431.7974860484
2074654.7867042099
2061877.3908536048
2049099.608925508
2036321.4399108386
2023542.8828001397
2010763.9365836047
1997984.6002508977
1985204.8727911636
1972424.7531929861
1959644.2404443207
1946863.3335324423
1934081.8933974158
1921300.3340184886
1908518.1007025265
1895735.6099841262
1882952.719242716
1870169.4277749714
1857385.7347487235
1844601.6392559812
