168.27521079743806
168.7523600724768
169.0731103562191
169.26108626872076
169.33633347516067
169.31586357524037
169.21411522777714
169.04334517086693
168.81395846613648
168.53478661522843
168.21333679613315
167.85597537232604
167.46811149266267
167.05433887565417
166.61855891310512
166.16408514285735
165.6937319223557
165.20988970121724
164.71458892463903
164.20955425679776
163.69625075384525
163.17592287409553
162.64962773834068
162.1182633429601
161.58259252109085
161.0432632934436
160.500826153337
159.95574874823006
159.40842835021581
158.85920244869436
158.3083577481651
157.7561378113998
157.20274958552855
156.64836881127817
156.0931448207398
155.5372044770192
154.98065555531122
154.42358961511854
153.86608444022224
153.30820611146933
152.75001076764468
152.1915461013725
151.63285262992466
151.0739647748108
150.51491177892564
149.95571848569793
149.3964060010068
148.8369922555057
148.27749248234002
147.71791962298815
147.15828467204162
146.5985969701115
146.0388644526658
145.47909386142877
144.91929092397478
144.3594605063023
143.7996067424529
143.2397331446294
142.6798426967469
142.11993793390909
141.5600210099278
141.0000937546843
140.44015772286085
139.8802142353409
139.3202644143808
138.76030921349007
138.20034944281647
137.64038579071192
137.08041884205406
136.5204490938116
135.96047696826773
135.4005028242543
134.84052696669616
134.2805496547193
133.72057110853933
133.1605915153138
132.60061103411388
132.04062980014828
131.48064792835194
130.92066551643424
130.3606826474693
129.80069939209636
129.2407158103891
128.68073195344385
128.12074786472886
127.56076358123065
127.00077913442787
126.4407945511188
125.88080985412417
125.32082506288447
124.76084019396731
124.20085526149855
123.64087027752856
123.08088525234342
122.52090019472921
121.9609151121968
121.40093001117265
120.84094489716092
120.28095977488138
119.7209746483865
119.16098952116087
118.60100439620578
118.0410192761111
117.48103416311632
116.92104905916247
116.36106396593621
115.80107888490728
115.24109381736056
114.68110876442286
114.12112372708629
113.56113870622755
113.00115370262486
112.44116871697199
111.88118374989027
111.321198801939
110.76121387362414
110.20122896540568
109.64124407770403
109.08125921090542
108.52127436536648
107.96128954141824
107.40130473936935
106.8413199595091
106.28133520210969
105.72135046742851
105.16136575570978
104.6013810671862
104.04139640208018
103.481411760605
102.92142714296583
102.36144254936055
101.80145797998038
101.24147343501073
100.68148891463149
100.12150441901774
99.56151994833996
99.00153550276457
98.4415510824541
97.88156668756763
97.32158231826091
96.76159797468661
96.20161365699455
95.64162936533194
95.08164509984336
94.52166086067108
93.96167664795509
93.4016924618333
92.84170830244157
92.28172416991389
91.72174006438236
91.16175598597744
90.60177193482788
90.04178791106091
89.48180391480226
88.92181994617619
88.36183600530566
87.80185209231232
87.24186818808631
86.68188431527116
86.12190047336348
85.56191666201143
85.0019328809638
84.44194913004019
83.88196245018452
83.32197920791924
82.76199299892015
82.20201013398089
81.64202428503634
81.08204170348185
80.52205613532699
79.96207376983497
79.40209125990717
78.84210863234837
78.28212590980215
77.72214311141818
77.16216025340665
76.60217734950102
76.04219441134522
75.48221144881859
74.92222847030884
74.36224548294213
73.80226249277683
73.24227950496709
72.68229652390102
72.12231355331745
71.56233059640485
71.00234765588482
70.44236473408306
69.88238183298931
69.32239895430816
68.76241609950229
68.20243326982899
67.64245046637114
67.08246769006362
66.5224849417156
65.96250222202951
65.40251953161713
64.84253688408732
64.28255426519854
63.722571675036555
