18.411769104081014
18.41159450856755
18.411453289149605
18.411319255330053
18.411186455276436
18.411053321002534
18.410919423939824
18.410784635072428
18.410648904044205
18.410512200953058
18.410374500987484
18.410235780356203
18.4100960151973
18.409955181274295
18.409813253880113
18.409670207795944
18.409526017264593
18.409380655967375
18.409234097001917
18.409086312859852
18.4089372754043
18.408786955847
18.408635324725015
18.40848235187704
18.408328006419225
18.40817225672044
18.408015070377104
18.40785641418733
18.40769625412455
18.40753455531045
18.407371281987288
18.40720639748948
18.407039864214486
18.406871643592897
18.40670169605785
18.406529981013474
18.406356456802648
18.406181080673772
18.40600380874676
18.40582459597799
18.405643396124404
18.40546016170657
18.40527484397081
18.405087392850188
18.404897756924605
18.404705883379687
18.404511717964642
18.404315204949
18.404116287078203
18.403914905528016
18.403710999857832
18.403504507962747
18.403295366024448
18.403083508460877
18.402868867874723
18.40265137500068
18.40243095865148
18.402207545662733
18.401981060836576
18.40175142688412
18.40151856436674
18.401282391636283
18.401042824774105
18.40079977752912
18.40055316125482
18.40030288484539
18.40004885467095
18.399790974512026
18.399529145493393
18.39926326601734
18.398993231696522
18.398718935286606
18.39844026661874
18.39815711253224
18.397869356807547
18.397576880099788
18.397279559873155
18.39697727033654
18.39666988238059
18.3963572635167
18.3960392778183
18.395715785864947
18.3953866446897
18.395051707730346
18.39471082478513
18.394363841973664
18.394010601703748
18.393650942644925
18.393284699709714
18.392911704043435
18.392531783023717
18.392144760270856
18.391750455670277
18.39134868540841
18.39093926202353
18.39052199447307
18.390096688219128
18.38966314533404
18.389221164627916
18.388770541800266
18.38831106961794
18.387842538121788
18.387364734864494
18.386877445182332
18.38638045250355
18.38587353872072
18.385356484460907
18.384829069760798
18.384291074317932
18.38374227814326
18.383182462134382
18.382611408729602
18.38202890262535
18.381434731560557
18.380828687171245
18.380210565918993
18.379580170096293
18.378937308912032
18.37828179965974
18.377613468971063
18.376932154156318
18.376237704633574
18.37552998344689
18.374808868873664
18.374074256120082
18.37332605910263
18.37256421231247
18.371788672758093
18.370999421980343
18.37019646813207
18.369379848113226
18.368549629750014
18.367705914005032
18.366848837203058
18.36597857325505
18.365095335860754
18.364199380668087
18.36329100736534
18.36237056168015
18.361438437257267
18.360495077385423
18.359540976542295
18.358576681725218
18.357602793534788
18.35661996697832
18.355628911960345
18.354630393428426
18.35362523114408
18.35261429905115
18.351598524216765
18.35057888532419
18.349556410701183
18.348532175872997
18.347507300634913
18.346482945645906
18.345460308551893
18.344440619654534
18.343425137148913
18.34241514196113
18.341411932224243
18.340416817483767
18.33943111241004
18.338456130762758
18.337493178754215
18.336543548563974
18.335608511801567
18.33468931303296
18.333787163442004
18.33290323469691
18.332038653088993
18.33119449400723
18.330371776807013
18.329571460125386
18.328794437688114
18.3280415346458
18.327313504468467
18.3266110264188
18.32593470361589
18.32528506169244
18.32466254803996
18.324067531628607
18.32350030338087
18.322961077071902
18.322449990723186
18.32196710845181
18.32151242266618
18.321085856916905
18.320687268600224
18.32031645229627
18.31997314321438
18.31965702082529
18.31936771262783
18.319104798004837
18.31886781212654
18.318655575254958
18.31846944657877
18.318307168026386
18.318168515947743
18.31805292807451
18.317959765001245
