1.6598912866380813
1.6607128900619927
1.6622460992033017
1.6644357199533883
1.6672266310741617
1.6705662490621063
1.6744054010162117
1.6786984864563927
1.683403339102209
1.6884809777430525
1.693895330924545
1.6996129714061161
1.7056028738829303
1.7118361993920246
1.7182861055356191
1.724927580033227
1.7317372946805822
1.738693476876904
1.7457757961470584
1.7529652634136068
1.7602441410836431
1.767595862309577
1.7750049580285516
1.7824569906059602
1.7899384930940423
1.7974369132760544
1.804940561802628
1.8124385638430296
1.8199208137730212
1.8273779325051838
1.8348012271390117
1.8421826526684808
1.849514775535573
1.8567907388606977
1.864004229216135
1.8711494448375063
1.878221065191673
1.885214221838147
1.8921244705356846
1.898947764556894
1.9056804291818281
1.912319137347305
1.9188608864323304
1.9253029761620406
1.9316429876132548
1.937878763304382
1.9440083883513077
1.9500301726692113
1.9559426341982278
1.9617444831286457
1.9674346070990196
1.9730120573383376
1.9784760357212403
1.983825882703384
1.9890610661023338
1.994181170687992
1.9991858885407257
2.0040750101647435
2.0088484162618014
2.013506070192486
2.018048011044402
2.0224743472830484
2.026785250946023
2.030980952343811
2.035061735231406
2.0390279324162073
2.0428799217688973
2.0466181226054454
2.050242992409853
2.053755023868832
2.0571547421911847
2.060442702686282
2.0636194885776478
2.066685709029263
2.0696419973637807
2.072489009453383
2.0752274222655043
2.0778579325470616
2.0803812556322416
2.0827981243601545
2.085109288089936
2.087315511802018
2.089417575275386
2.0914162723316614
2.0933124101377687
2.095106808559848
2.096800299561851
2.0983937266430104
2.0998879443090286
2.1012838175724657
2.102582221478344
2.1037840406514836
2.1048901688625605
2.1059015086102577
2.106818970717248
2.107643473938079
2.1083759445773063
2.109017316116481
2.109568528848808
2.1100305295205035
2.1104042709780373
2.1106907118206033
2.110890816057278
2.111005552768453
2.1110358957712068
2.1109828232883805
2.1108473176211664
2.1106303648251004
2.1103329543893823
2.1099560789194953
2.1095007338231233
2.108967916999393
2.108358628531497
2.107673870382751
2.1069146460961736
2.1060819604976735
2.1051768194029292
2.104200229328068
2.103153197204237
2.1020367300961658
2.1008518349248178
2.099599518194226
2.0982807857226047
2.0968966423778164
2.095448091817294
2.093936136232476
2.0923617760978446
2.090726009924612
2.089029834019141
2.0872742422461372
2.0854602257966643
2.083588772961031
2.081660868906585
2.079677495460445
2.0776396308971994
2.075548249731588
2.0734043225161907
2.071208815644127
2.068962691156776
2.0666669065565175
2.0643224146244936
2.061930163243376
2.059491095225137
2.0570061481438047
2.054476254173182
2.051902339929505
2.049285326319026
2.046626128390471
2.0439256551923664
2.041184809635173
2.038404488358205
2.0355855816012944
2.032728973081148
2.0298355398723578
2.0269061522930203
2.0239416737949076
2.0209429608581475
2.0179108628903513
2.014846222130145
2.0117498735550345
2.0086226447935633
2.0054653560416926
2.0022788199833457
1.9990638417150601
1.9958212186746844
1.9925517405740554
1.9892561893355938
1.9859353390327552
1.9825899558342703
1.979220797952111
1.9758286155931155
1.9724141509142101
1.9689781379811562
1.9655213027307648
1.9620443629365014
1.9585480281774255
1.9550329998103928
1.951499970945453
1.9479496264243847
1.9443826428022892
1.9407996883321899
1.9372014229525631
1.933588498277741
1.9299615575911166
1.9263212358410917
1.922668159639698
1.9190029472638355
1.9153262086590563
1.9116385454458356
1.9079405509282736
1.9042328101051529
1.900515899683305
1.8967903880932144
1.893056835506811
1.8893157938573784
1.885567806861538
1.881813410043233
1.878053130759665
1.8742874882291276
1.8705169935606785
