73.77798854521794
95.41159817124344
117.21822535559828
134.70127928958797
147.11641595959907
154.8356409430453
159.2536874199741
161.69004885818438
163.0309377691974
163.82948669989807
164.30510463631157
164.61160090850115
164.8284652210628
164.99658487804962
165.13702795708767
165.26072528908196
165.3734196922073
165.4781896846875
165.5767372568282
165.67004670122276
165.7587230672133
165.843167031805
165.92366596445885
166.00044187218626
166.07367703743319
166.14352803332505
166.2101336248672
166.27361941089887
166.33410069599523
166.39168437586443
166.44647025335004
166.49855201070267
166.54801796297716
166.59495166377192
166.63943240557978
166.68153564108115
166.72133334270418
166.7588943124984
166.79428445113953
166.8275669928041
166.85880271123548
166.88805010131142
166.91536553966347
166.94080342730993
166.96441631678667
166.98625502588283
167.0063687397648
167.0248051030079
167.04161030283407
167.05682914466465
167.07050512093798
167.0826804740081
167.0933962538257
167.10269237100454
167.11060764579628
167.11717985342244
167.12244576615544
167.12644119248688
167.12920101368
167.1307592175664
167.13114893164254
167.1304024523641
167.12855127366774
167.12562611373372
167.12165694027337
167.11667299446214
167.11070281362865
167.10377425279526
167.09591450515757
167.08715012158035
167.0775070291802
167.0670105490584
167.0556854132407
167.04355578087794
167.0306452537541
167.0169768911454
167.0025732240712
166.98745626897335
166.97164754085776
166.95516806592994
166.9380383937523
166.92027860895269
166.9019083425058
166.8829467826139
166.8634126852055
166.84332438407455
166.82269980067767
166.80155645360776
166.77991146775943
166.75778158320273
166.73518316377874
166.7121322054317
166.6886443442889
166.66473486450167
166.64041870585754
166.6157104711755
166.59062443349214
166.56517454305109
166.5393744341013
166.51323743151448
166.48677655722972
166.46000453653042
166.43293380416353
166.405576510305
166.37794452637948
166.35004945073877
166.32190261420564
166.2935150854874
166.2648976764644
166.23606094735825
166.20701521178395
166.17777054169053
166.14833677219323
166.11872350630154
166.08894011954706
166.0589957645134
166.0288993752724
165.99865967172852
165.9682851638753
165.93778415596583
165.90716475060023
165.87643485273242
165.8456021735982
165.8146742345671
165.78365837092034
165.75256173555601
165.72139130262454
165.6901538710952
165.65885606825566
165.62750435314686
165.5961050199332
165.56466420121143
165.53318787125906
165.50168184922174
165.47015180224417
165.43860324854342
165.40704156042645
165.37547196725333
165.34389955834706
165.31232928585052
165.280765967533
165.24921428954525
165.21767880912606
165.18616395725937
165.1546740412849
165.12321324746094
165.0917856434819
165.06039518095028
165.02904569780475
164.9977409207043
164.96648446736964
164.93527984888226
164.9041304719427
164.87303964108722
164.84201056086522
164.81104633797648
164.78014998337017
164.7493244143055
164.71857245637483
164.6878968454897
164.65730022983053
164.62678517176104
164.59635414970626
164.56600955999747
164.53575371868152
164.50558886329748
164.4755171546197
164.44554067836884
164.41566144689037
164.38588140080182
164.35620241060911
164.32662627829168
164.2971547388587
164.26778946187446
164.23853205295552
164.2093840552386
164.18034695082082
164.15142216217183
164.12261105351882
164.09391493220448
164.06533505001863
164.0368726045039
164.00852874023585
163.98030455007773
163.9522010764106
163.92421931233937
163.8963602028744
163.86862464609004
163.84101349425956
163.8135275549677
163.78616759220077
163.75893432741475
163.7318284405815
163.70485057121397
163.67800131937062
163.651281246639
163.62469087709945
163.59823069826885
163.57190116202463
163.54570268551024
