99.26220187873373
111.37160850860629
112.00678226279523
112.64013171725915
113.27185959803998
113.90220739864782
114.53141399419604
115.1597051006782
115.78729169990419
116.4143706266922
117.04112559909039
117.66772826947076
118.29433920021276
118.92110874878597
119.5481778664392
120.17567881861648
120.80373583532977
121.43246569898476
122.06197827630449
122.69237700020756
123.32375930680142
123.95621703204132
124.58983677207533
125.22470021083333
125.86088441801533
126.49846212027835
127.1375019481129
127.77806866062815
128.4202233502229
129.06402362891106
129.7095237978797
130.35677500169734
131.00582536843876
131.65672013686486
132.30950177168177
132.96421006779502
133.62088224439017
134.2795530295814
134.94025473630066
135.60301733003323
136.26786848894398
136.93483365688863
137.60393608975392
138.27519689552798
138.94863506846355
139.62426751766165
140.30210909036992
140.9821725902639
141.66446879094858
142.3490064449009
143.0357922880444
143.72483104013415
144.41612540110924
145.10967604355457
145.80548160140003
146.50353865497024
147.2038417124898
147.90638318813353
148.6111533767056
149.31814042502177
150.0273303000606
150.73870675394508
151.45225128580745
152.16794310059015
152.8857590648257
153.6056736594425
154.32765892963494
155.05168443183973
155.7777171778587
156.505721576167
157.23565937045123
157.96748957542076
158.70116840994126
159.43664922754382
160.17388244436805
160.9128154646053
161.65339260351627
162.39555500810556
163.13924057554868
163.88438386947755
164.63091603424547
165.3787647073071
166.12785392986763
166.87810405597332
167.62943166023607
168.38174944441124
169.13496614306675
169.88898642861625
170.64371081601274
171.399035567436
172.15485259733578
172.91104937823886
173.6675088477569
174.42410931728364
175.18072438290903
175.9372228391274
176.6934685959672
177.4493206002202
178.2046327615042
178.95925388394912
179.7130276043534
180.46579233771877
181.21738123113062
181.96762212701225
182.71633753683952
183.46334462646712
184.20845521426747
184.95147578334368
185.69220750912473
186.43044630369891
187.16598287827497
187.89860282519675
188.62808672094883
189.35421025160667
190.07674436217025
190.79545543120474
191.51010547216475
192.2204523627232
192.92625010333603
193.6272491061674
194.3231965153614
195.01383655948274
195.69891093674156
196.37815923339875
197.0513193754686
197.7181281135426
198.3783215402175
199.03163563923565
199.67780686504102
200.3165727510146
200.94767254417744
201.5708478636639
202.1858433797416
202.79240750963154
203.39029312583827
203.9792582721653
204.55906688206315
205.1294894934478
205.6903039536538
206.241296107752
206.78226046308248
207.31300082254086
207.83333087892328
208.34307476248787
208.8420675338478
209.33015561436602
209.8071971464063
210.27306227608025
210.7276333515528
211.17080503050036
211.60248429097194
212.0225903406674
212.43105442051194
212.82781949936515
213.21283978155978
213.58608047546764
213.94751671914756
214.29713311142962
214.63492278377333
214.96088643604708
215.27503127201226
215.57736984009776
215.8679187859599
216.1466975241533
216.4137268369398
216.66902740884018
216.91261830597878
217.14451540956583
217.36472981302464
217.57326619227715
217.77012115857886
217.95528160303556
218.12872304154675
218.29040796842997
218.44028422638232
218.5782833997557
218.7043192373719
218.81828604783888
218.92005744702453
219.0094845217371
219.08639466947355
219.15059016921361
219.20184686523842
219.23991290047593
219.26450749889347
219.27531979577395
219.2720077140747
219.25419688449665
219.22147960639592
219.17341384626118
219.1095222701463
219.02929130620467
218.93217023330772
218.81757029165786
218.68486381129486
218.53338335448768
218.3624208681496
218.1712268426551
217.95900947374489
217.72493382460337
