0.9
0.9790434206904081
0.9790409548007659
0.9790378551907954
0.9790353907369274
0.9790323219270366
0.979029079740384
0.9790256763152588
0.9790221229035243
0.9790184299361095
0.9790146070836243
0.9790106633125075
0.9790066069370295
0.9790024456674511
0.97899818665462
0.9789938365312585
0.9789894014501931
0.9789848871197417
0.9789818342590252
0.9789793768286259
0.9789767120323959
0.9789738539551524
0.978970815668945
0.9789676093078381
0.9789642461370933
0.9789607366171672
0.9789570904629227
0.9789533166984103
0.9789494237075563
0.9789454192810586
0.9789413106597914
0.9789371045749652
0.9789328072852986
0.9789284246114184
0.9789239619677041
0.9789194243917619
0.9789148165717145
0.9789101428714662
0.9789054073540888
0.9789006138034864
0.9788957657444539
0.978890866461255
0.978885919014827
0.9788809262587264
0.9788758908538834
0.9788708152823086
0.9788657018597449
0.978860552747445
0.9788553699630269
0.9788501553906234
0.9788452529354589
0.9788396377501503
0.9788343379214686
0.9788290126837816
0.9788236633808922
0.9788182912702148
0.9788128975283091
0.9788074832568489
0.9788020494874464
0.978796597186507
0.9787911272596449
0.9787856405557935
0.9787801378710219
0.9787746199520834
0.978769087499705
0.9787635411716568
0.9787579815855952
0.9787524093217073
0.9787468249251795
0.9787412289084826
0.9787356217535007
0.9787300039135187
0.9787243758150663
0.9787187378596316
0.9787130904252695
0.9787074338680845
0.978701768523625
0.9786960947081739
0.9786904127199567
0.978684722840269
0.9786790253345214
0.978673320453223
0.9786676084328916
0.9786618894969102
0.9786561638563223
0.9786504317105734
0.9786446932482114
0.9786389486475346
0.978633198077197
0.9786274416967792
0.9786216796573206
0.9786159121018141
0.9786101391656761
0.9786043609771795
0.9785985776578638
0.9785927893229188
0.9785869960815426
0.9785811980372792
0.9785753952883343
0.9785695879278711
0.9785637760442909
0.978557959721492
0.9785521390391165
0.978546314072782
0.9785404848942966
0.9785346515718656
0.9785288141702805
0.9785229727511036
0.9785171273728345
0.9785112780910729
0.9785054249586682
0.9784995680258635
0.9784937073404278
0.9784878429477839
0.9784819748911288
0.9784761032115445
0.9784702279481055
0.9784643491379796
0.9784584668165226
0.9784525810173682
0.9784466917725133
0.9784407991123996
0.9784349030659856
0.9784290036608234
0.9784231009231223
0.9784171948778205
0.9784112855486383
0.9784053729581395
0.9783994571277866
0.9783935380779972
0.9783876158281758
0.9783441532714338
0.9783382231317937
0.9783322900186532
0.978326353936318
0.9783204148888041
0.9783144728798518
0.9783085279130005
0.9783025799915563
0.9782966291186356
0.9782906752971361
0.9782847185297834
0.9782787588191232
0.9782727961675275
0.9782668305772109
0.9782608620502266
0.9782548905884887
0.9782489161937559
0.9782429388676668
0.9782369586117243
0.978230975427304
0.9782249893156678
0.9782190002779666
0.9782130083152428
0.9782070134284288
0.9782010156183676
0.9781950148857984
0.9781890112313791
0.9781830046556739
0.9781769951591656
0.9781709827422609
0.9781649674052847
0.9781589491484938
0.978152927972074
0.9781469038761408
0.9781408768607479
0.9781348469258886
0.9781288140714948
0.9781227782974439
0.9781167396035586
0.9781106979896105
0.9781046534553164
0.9780986060003525
0.9780925556243427
0.9780865023268729
0.9780804461074797
0.9780743869656671
0.9780683249008945
0.9780622599125857
0.9780561920001283
0.9780501211628775
0.9780440474001525
0.9780379707112443
0.978031891095409
0.9780258085518762
0.9780197230798503
0.978013634678502
0.9780075433469825
0.9780014490844138
0.9779953518898963
0.9779892517625075
0.977983148701301
0.9779770427053103
0.9779709337735487
0.9779648219050104
0.977958707098669
0.9779525893534826
0.9779464686683882
0.9779403450423105
0.9779342184741537
