47391.318
41092.63976086257
41081.99145871783
41071.50597884825
41061.119722781346
41050.806337872156
41040.55442485149
41030.35867604339
41020.21630555171
41010.12560823719
41000.085376947405
40990.0946658169
40980.152693109216
40970.25880032526
40960.412433999816
40950.61313665144
40940.860541429705
40931.15436826289
40921.49442062302
40911.88058255365
40902.312815819976
40892.791157126325
40883.315715380486
40873.886668997526
40864.50426324289
40855.16880761396
40845.88067326222
40836.64029045706
40827.44814609261
40818.30478123893
40809.21078873812
40800.16681084688
40791.17353692533
40782.231701173674
40773.342080416005
40764.50549193252
40755.72279133925
40746.99487051658
40738.32265558527
40729.707104930545
40721.14920727393
40712.649979792186
40704.21046628341
40695.83173537936
40687.514878803944
40679.261009676964
40671.07126086275
40662.94678336287
40654.888744752316
40646.89832765845
40638.97672828199
40631.12515495924
40623.34482676469
40615.63697215357
40608.00282764287
40600.44363653088
40592.96064765354
40585.555114177645
40578.228292429216
40570.98144075689
40563.81581842931
40556.73268456535
40549.73329709689
40542.81891176309
40535.99078113513
40529.25015367116
40522.59827280021
40516.036376034346
40509.565694108904
40503.18745014887
40496.90285886205
40490.71312575731
40484.61944638772
40478.62300561742
40472.724976912294
40466.92652165306
40461.2287884705
40455.63291260221
40450.140015270226
40444.7511103037
40439.46747108397
40434.29008590515
40429.22001299921
40424.2582944197
40419.40595514027
40414.6640024062
40410.033425195325
40405.5151937335
40401.110259040805
40396.81955249945
40392.64398543938
40388.58444873894
40384.64181244069
40380.81692538122
40377.11061483404
40373.52368616629
40370.05692250818
40366.71108443487
40363.48690966085
40360.38511274644
40357.40638481602
40354.551393287926
40351.820781615614
40349.21516904021
40346.73515035375
40344.38129567358
40342.15415022703
40340.05423414681
40338.082042276656
40336.2380439871
40334.522683001494
40332.93637723184
40331.479518624554
40330.15247301588
40328.9555799972
40327.88915278979
40326.95347812909
40326.14881615863
40325.47540033318
40324.933437331434
40324.52310697803
40324.24456217477
40324.09792884124
40324.083305864755
40324.20076505943
40324.450351134554
40324.832081672284
40325.345947114474
40325.99191075882
40326.769908764254
40327.67985016559
40328.721616897405
40329.895063827265
40331.20001879823
40332.63628268061
40334.20362943308
40335.90180617325
40337.730533257294
40339.68950436935
40341.77838661981
40343.99682065344
40346.34442076671
40348.82077503432
40351.42544544559
40354.157968049774
40357.017853111116
40360.006493075925
40363.11984996383
40366.35876142395
40369.72274621693
40373.211232953254
40376.8235992687
40380.55918757359
40384.41731164054
40388.397259452875
40392.49829452377
40396.719656593144
40401.06056207424
40405.520204402426
40410.09775434902
40414.79236032608
40419.60314869214
40424.52922406371
40429.56966963359
40434.723547497284
40439.989898987114
40445.36774501436
40450.85608641913
40456.453904328155
40462.160160519816
40467.9737977968
40473.893740365886
40479.91889422462
40486.048147555135
40492.28037112425
40498.614418690224
40505.049127415616
40511.58331828626
40518.21579653585
40524.94535207609
40531.77075993231
40538.69078068385
40545.704160909474
40552.8096336371
40560.0059187981
40567.29172368515
40574.66574341438
40582.12666139037
40589.67314977481
40597.30386995779
40605.01747303158
40612.81260026718
40620.68788359214
40628.6399957238
40636.67112954846
40644.77845153104
40652.960450678765
40661.215674257
40669.542689548565
40677.94006882014
