151.17211060290842
151.26698820017378
151.43237420073592
151.66230259019392
151.95146056190154
152.29506839660547
152.68879514203059
153.12869561814637
153.61116109112052
154.13287934882047
154.6908016452053
155.28211490298864
155.9042180788412
156.5547019003673
157.23133137712023
157.93203061696735
158.65486957262243
159.39805241147366
160.15990725562557
160.9388770812708
161.7335116014509
162.54245998382947
163.36446427916175
164.19835345559224
165.04303795054383
165.8975046660032
166.7608123449292
167.6320872766557
168.51051928779512
169.39535798249892
170.28590920217565
171.18153168006043
172.08163387049638
172.98567093654225
173.89314188265115
174.80358682175608
175.71658436822295
176.63174914984947
177.5487294334591
178.46720485971252
179.3868842835739
180.30750371747703
181.22882437466012
182.15063081041606
183.07272915916678
183.9949454653338
184.91712410597177
185.83912630306887
186.76082872332057
187.68212216305906
188.60291031588503
189.52310862040923
190.4426431853761
191.36144978931677
192.27947295176847
193.1966650730062
194.11298563901954
195.02840048927388
195.94288114256966
196.85640417931404
197.76895067621209
198.680505690373
199.59105778971212
200.5005986265982
201.40912255177446
202.31662626567825
203.2231085043861
204.1285697575261
205.03301201561757
205.93643854442314
206.83885368402738
207.74026267048532
208.64067147801333
209.54008667982694
210.43851532585586
211.33596483569184
212.23244290524727
213.12795742571802
214.02251641355767
214.9161279502765
215.80880013098195
216.7005410206711
217.59135861737792
218.4812608213627
219.3702554096077
220.2583500149603
221.14555210932747
222.03186899039292
222.9173077713815
223.80187537345032
224.6855785203321
225.56842373490093
226.4504173373691
227.3315654448584
228.2118739721233
229.0913486332293
229.96999494401663
230.84781822520333
231.72482360599858
232.6010160281186
233.47640025011117
234.35098085190853
235.22476223954223
236.09774864996223
236.96994415591286
237.8413526708261
238.7119779536991
239.5818236139298
240.45089311608882
241.31918978460982
242.18671680838588
243.05347724526086
243.91947402640832
244.78470996059218
245.6491877383067
246.51290993579195
247.37587901892576
248.23809734699128
249.09956717632178
249.96029066382417
250.8202698703839
251.67950676415288
252.53800322372518
253.39576104120192
254.2527819251495
255.10906750345455
255.96461932607895
256.81943886771825
257.6735275303669
258.5268866457941
259.37951747793267
260.23142122518556
261.0825990226512
261.9330519442727
262.7827810049124
263.63178716235524
264.4800713192434
265.3276343249454
266.174476977361
267.0206000246653
267.86600416699457
268.71069005807425
269.5546583067937
270.3979094787279
271.24044409760853
272.08226264674636
272.9233655704071
273.7637532751417
274.60342613107304
275.44238447314063
276.2806286023048
277.1181587867115
277.9549752628199
278.7910782364928
279.62646788405215
280.4611443533011
281.29510776451207
282.1283582113841
282.96089576196897
283.7927204595679
284.62383232359934
285.4542313504398
286.28391751423646
287.1128907676955
287.94115104284396
288.7686982517681
289.59553228732807
290.4216530238498
291.24706031779476
292.0717540084086
292.89573391834915
293.71899985429405
294.5415516075294
295.36338895451973
296.1845116574589
297.00491946480497
297.824612111796
298.6435893209512
299.4618508025547
300.2793962551243
301.0962253658652
301.91233781110884
302.7277332567377
303.54241135859627
304.3563717628889
305.1696141065646
305.9821380176888
306.7939431158039
307.6050290122774
308.4153953106383
309.22504160690335
310.0339674898913
310.8421725415278
311.6496563371396
312.4564184457388
313.2624584302977
314.0677758480148
314.8723702505706
315.67624118437647
316.4793881908133
