6.1491
19.575942253291736
22.987545058418053
25.84715158913084
27.67853248668711
28.702878536653476
29.236484030706478
29.50991460260309
29.633098475843877
29.715872236553512
29.7663564707459
29.80083234448492
29.827098586207455
29.8489058090287
29.868079110024507
29.885525883210747
29.901713503948812
29.91689612951781
29.93122282269705
29.944789433574805
29.957663739487323
29.969897810157192
29.981534230874654
29.992609345657698
30.003155034925022
30.013199757626698
30.02276921262401
30.031886793877433
30.040573926904457
30.048850331547975
30.05673423520772
30.06424255023757
30.07139102385428
30.078194366060067
30.084666359491436
30.090819954158057
30.096667349423196
30.10222006514991
30.107489003616518
30.11248450355439
30.117216387454004
30.12169400311451
30.12592626026579
30.12992166296895
30.13368833839497
30.137234062491466
30.140566282970237
30.143692139982544
30.14661848479412
30.14935189672324
30.151898698566374
30.154264970701302
30.1564565640297
30.158479111896217
30.160338041101596
30.162038582110196
30.163585778537687
30.164984495993068
30.16623943033801
30.167355115442778
30.168335930290336
30.16918610609929
30.169909732492066
30.170510763615336
30.17099302385104
30.171360213215326
30.171615912466578
30.17176358794445
30.171806596157463
30.171748188136725
30.171591513570483
30.171339624733854
30.170995480226136
30.170561948527656
30.17004181138703
30.169437767048166
30.168752433327114
30.167988350546732
30.16714798433713
30.16623372830944
30.16524790660974
30.164192776359872
30.163070529990467
30.161883297472635
30.160633148453094
30.15932209429783
30.157952090049143
30.15652503630005
30.155042780990733
30.15350712113054
30.151919804449157
30.150282530980927
30.14859695458469
30.146864684403422
30.14508728626525
30.14326628402987
30.141403160881932
30.139499360574742
30.13755628862563
30.13557531346659
30.133557767550414
30.1315049484162
30.129418119714835
30.127298512196916
30.125147324664145
30.12296572488662
30.12075485048711
30.118515809793397
30.116249682660943
30.113957521259714
30.111640350895087
30.109299170599275
30.106934954025952
30.104548650038478
30.102141183397816
30.099713455407073
30.09726634453495
30.09480070701824
30.092317377445312
30.089817169320256
30.08730087560899
30.08476926926825
30.08222310375797
30.07966311353722
30.077090014545337
30.07450450466768
30.071907264187903
30.069298956225655
30.066680227162088
30.06405170705187
30.06141401002375
30.058767734668855
30.05611346441792
30.053451767907713
30.050783199336845
30.048108298811627
30.04542759268178
30.04274159386754
30.04005080217677
30.03735570461409
30.034656775681057
30.03195447766853
30.029249260940837
30.026541564212827
30.02383181481898
30.021120428975753
30.01840781203713
30.01569435874338
30.01298045346331
30.0102664704305
30.007552773973355
30.004839718739458
30.002127649914282
29.999416903434227
29.99670780619458
29.994000676252362
29.991295823023922
29.98859354747825
29.98589414232465
29.98319789219731
29.980505073833818
29.977815956250815
29.975130800914716
29.972449861908522
29.969773386094825
29.967101613275226
29.964434776345428
29.96177310144741
29.9591168081176
29.956466109432284
29.95382121214869
29.951182316844182
29.948549618051246
29.94592330438957
29.943303558696076
29.94069055815102
29.938084474401645
29.93548547368325
29.932893716937542
29.930309359928263
29.927732553354385
29.925163442960972
29.92260216964717
29.92004886957259
29.9175036742609
29.914966710701048
29.912438101446952
29.909917964714314
29.90740641447629
29.904903560555997
29.902409508717952
29.899924360757453
29.89744821458754
29.894981164324957
29.892523300373565
29.890074709506333
29.887635474945846
29.885205676442755
29.882785390352645
29.88037468971181
