0.011119725220826222
0.011528934484104034
0.011939177931254765
0.012350257299461756
0.012761981941212691
0.01317416809059462
0.013586638578791747
0.013999222597234632
0.014411755479442156
0.014824078495570828
0.015236038657978925
0.015647488536736285
0.016058286084179738
0.016468294467719233
0.016877381910186035
0.01728542153708954
0.017692291230216668
0.018097873487065857
0.018502055285661085
0.0189047279543367
0.019305787046126177
0.019705132217424003
0.02010266711062359
0.020498299240462512
0.02089193988383377
0.021283503972844203
0.02167290999092365
0.022060079871805718
0.022444938901219885
0.022827415621148664
0.02320744144970225
0.023584951747160195
0.02395988398355777
0.024332179068360157
0.024701779968505692
0.02506863312295925
0.02543268737408068
0.02579389414838507
0.02615220733678475
0.026507583272746875
0.02685998061910882
0.02720936030876599
0.027555697703594822
0.027899125107659024
0.028239604943398902
0.028577101049778016
0.028911579308423252
0.02924300741356798
0.029571354818945936
0.029896592685703553
0.030218693831207684
0.030537632678727777
0.030853385207980526
0.031165928906531224
0.0314752427220426
0.03178130701536596
0.03208410351446733
0.03238361526918433
0.03267982660680663
0.03297272308847616
0.03326229146640185
0.03354851964188342
0.03383139662414074
0.034110912489942906
0.034387058344033244
0.03465982628034556
0.034929209344006215
0.035195201494118915
0.03545779756732546
0.035716993242139304
0.03597278500404581
0.036225170111364495
0.036474146561868356
0.036719713060153855
0.03696186898575718
0.03720061436201015
0.03743594982563086
0.03766787659704127
0.03789639645140812
0.03812151169039853
0.03834322511464465
0.038561539996911254
0.03877646005595878
0.03898798943109477
0.039196132657407214
0.039400894641672644
0.03960228063893095
0.03980029622972017
0.03999494729796407
0.0401862400095035
0.04037418079126604
0.04055877631106404
0.040740033458015155
0.04091795932357604
0.041092561183182635
0.041263846478488284
0.04143182280019245
0.04159649787145167
0.041757879531865605
0.04191597572202942
0.04207079446864542
0.042222343870186606
0.042370632083103016
0.04251566730856512
0.04265745777973523
0.04279601174956058
0.04293133747908018
0.04306344322623826
0.04319233723519802
0.04331802772614755
0.04344052288559207
0.043559830857125684
0.043675959732675976
0.04378891754421514
0.043898712255931935
0.04400535175685834
0.044108843853944854
0.04420919626557949
0.04430641661554512
0.04440051242740955
0.04449149111934381
0.04457935999936475
0.044664126260995946
0.04474579697934461
0.04482437910758915
0.04489987947387473
0.04497230477861291
0.045041661592182494
0.04510795635302858
0.04517119536615769
0.04523138480202574
0.045288530695818
0.04534263894711809
0.045392770206170954
0.045439928249541336
0.045671824745412946
0.04589209064049756
0.0461010302611561
0.04629881883797664
0.04648559032095452
0.04666146563001113
0.046826563385972686
0.046981004036710086
0.04712491120945442
0.04725841186244428
0.047381635930052485
0.04749471577735415
0.047597785608310766
0.047690980891189144
0.04777443782645203
0.04784829286410797
0.04791268226905364
0.04796774172931021
0.048013606000778496
0.04805040858198322
0.04807828141261718
0.04809735459021791
0.04810775609986168
0.04810961155225619
0.048103371665602905
0.04808921134174547
0.04806722333695937
0.04803749737600418
0.04800011993643181
0.04795517392577953
0.04790273837518085
0.047842888108404785
0.047775693384858584
0.04770121951200041
0.04761952642212205
0.047530668207831465
0.0474346926097775
0.04733164044919784
0.04722154499668443
0.047104431267117636
0.046980315228953434
0.04684920291387881
0.04671108941018819
0.04656595771993775
0.04641377745584154
0.04625450334875834
0.04608807353017554
0.045914407545933775
0.04573340404699669
0.045544938089613116
0.04534885795970186
0.04514498141324942
0.04493309119387526
0.04471292964747316
0.04448419219757647
0.04424651936721504
0.04399948692348466
0.04374259356419423
0.043475245336865365
0.043196735638256566
0.04290621911876417
0.04260267699077919
0.042284869896568406
0.041951272219156864
0.04159997770094737
