12.17293
-1.136567516660064
-1.134869314972865
-1.133236748385231
-1.1316677947367038
-1.130160852058576
-1.1287145029779444
-1.127327427403094
-1.1259983672066713
-1.1247261115716105
-1.123509490642567
-1.1223473725204496
-1.1212386616044436
-1.1201822974792304
-1.1191772540250686
-1.1182225386215383
-1.1173171913933755
-1.116460284477979
-1.115650921306788
-1.1148882358976393
-1.1141713921572685
-1.1134995831938275
-1.11287203063964
-1.1122879839844217
-1.1117467199192916
-1.1112475416917829
-1.1107897784721474
-1.110372784731064
-1.1099959396290082
-1.1096586464173506
-1.1093603318512821
-1.1091004456146922
-1.108878459756985
-1.1086938681418774
-1.1085461859081884
-1.1084349489425813
-1.1083597133641983
-1.1083200550211614
-1.1083155689988162
-1.1083458691396681
-1.1084105875748533
-1.1085093742670677
-1.1086418965647653
-1.108807838767545
-1.109006901702504
-1.1092388023114443
-1.1095032732487227
-1.1098000624895963
-1.1101289329488537
-1.110489662109549
-1.110882041661655
-1.1113058771504132
-1.1117609876341992
-1.1122472053516939
-1.112764375398125
-1.1133123554104218
-1.1138910152610282
-1.11450023676019
-1.1151399133664734
-1.115809949905351
-1.1165102622955951
-1.1172407772833055
-1.1180014321833331
-1.1187921746279137
-1.119612962322309
-1.1204637628072032
-1.1213445532277246
-1.122255320108834
-1.1231960591368835
-1.124166774947224
-1.1251674809175403
-1.126198198966832
-1.127258959359814
-1.1283498005165307
-1.129470768827032
-1.1306219184709096
-1.1318033112415458
-1.13301501637485
-1.1342571103823822
-1.1355296809261923
-1.1368328105678456
-1.138166600682322
-1.1395311552859004
-1.1409265849016292
-1.1423530064113268
-1.1438105429132475
-1.1452993235836513
-1.1468194835416814
-1.1483711637172156
-1.1499545107214146
-1.1515696767198893
-1.1532168193082866
-1.1548961013901635
-1.1566076910570922
-1.1583517614707683
-1.1601284907471032
-1.161938061842141
-1.163780662439702
-1.165656484840634
-1.1675657258535845
-1.1695085866872064
-1.1714852728436638
-1.173495994013361
-1.1755409639708334
-1.1776204004716562
-1.1797345251503484
-1.181883563419131
-1.1840677443675112
-1.186287300662604
-1.1885424684500874
-1.19083348725577
-1.1931605998876744
-1.1955240523385833
-1.197924093688995
-1.2003609760104113
-1.2028349542689194
-1.2053462862290385
-1.2078952323577248
-1.2104820557285367
-1.2131070219259183
-1.2157703989495483
-1.2184724571186958
-1.2212134689766143
-1.2239937091948736
-1.2268134544776392
-1.2296729834658868
-1.2325725766414874
-1.2355125162311922
-1.23849308611048
-1.2415145717072196
-1.2445772599052358
-1.2476814389476467
-1.2508273983400773
-1.254015428753678
-1.2572458219279825
-1.2605188705736006
-1.2638348682747524
-1.2671941093916639
-1.2705968889628199
-1.274043502607095
-1.2775342464258048
-1.2810694169046728
-1.2846493108157064
-1.2882742251191044
-1.2919444568651157
-1.2956603030959504
-1.2994220172137951
-1.3032299849654407
-1.3070844556303836
-1.3109857262438371
-1.3149340927257438
-1.3189298501741762
-1.32297329290377
-1.3270647144039525
-1.3312044072653046
-1.3353926630932085
-1.3396297724165867
-1.3439160245949775
-1.3482517077253549
-1.3526371085492628
-1.3570725123605498
-1.3615582029138518
-1.3660944623339408
-1.370681571026032
-1.3753198075870552
-1.3800094487180565
-1.3847507691377106
-1.389544041497084
-1.3943895362956722
-1.3992875217987955
-1.4042382639564426
-1.4092420263235839
-1.4142990699821054
-1.419409653464348
-1.4245740326783884
-1.4297924608350954
-1.4350651883770533
-1.4403924629094258
-1.4457745291328157
-1.4512116287781796
-1.4567040005439347
-1.4622518800352242
-1.4678554997055084
-1.4735150888004587
-1.4792308733043216
-1.4850030758886978
-1.49083191586394
-1.4967176091330612
-1.5026603681484103
-1.5086604018709955
-1.5147179157326425
-1.5208331116009315
-1.527006187747119
-1.5332373951196212
-1.5395268100340724
-1.5458746799440677
-1.5522811874193638
-1.5587465119695851
-1.5652708296151538
-1.571854312737202
