-56.5851380984
-54.1930455804
-53.9591656327
-53.7303252025
-53.5052522541
-53.2836964446
-53.0655279551
-52.8506324733
-52.6388991311
-52.4302190911
-52.2244853795
-52.0215928628
-51.8214382425
-51.6239200517
-51.428938652
-51.2363962297
-51.046196793
-50.8582461668
-50.6724519884
-50.4887237019
-50.3069725511
-50.1271115729
-49.9490555881
-49.7727211927
-49.5980267469
-49.4248923641
-49.2532398984
-49.0829929309
-48.9140767559
-48.746418365
-48.5799464312
-48.4145912921
-48.2502849319
-48.0869609628
-47.9245546063
-47.7630026733
-47.6022435435
-47.4422171454
-47.2828649345
-47.1241298727
-46.9659564057
-46.8082904419
-46.6510793299
-46.4942718369
-46.3378181262
-46.1816697351
-46.0257795534
-45.8701018011
-45.7145920072
-45.559206988
-45.4039048259
-45.2486448492
-45.093387611
-44.9380948697
-44.782729569
-44.627255819
-44.4716388776
-44.315845132
-44.1598420815
-44.0035983201
-43.8470835202
-43.6902684164
-43.5331247903
-43.3756254559
-43.217744245
-43.0594559939
-42.9007365306
-42.741562662
-42.5819121627
-42.4217637634
-42.2610971404
-42.099892906
-41.9381325987
-41.7757986746
-41.6128744991
-41.4493443391
-41.2851933559
-41.1204075984
-40.954973997
-40.7888803577
-40.6221153569
-40.4546685366
-40.2865302997
-40.117691906
-39.9481454684
-39.7778839494
-39.606901158
-39.4351917467
-39.2627512086
-39.0895758753
-38.9156629139
-38.7410103253
-38.5656169417
-38.3894824245
-38.2126072619
-38.0349927673
-37.8566410762
-37.6775551445
-37.4977387457
-37.3171964679
-37.1359337111
-36.9539566837
-36.7712723992
-36.5878886716
-36.4038141117
-36.2190581216
-36.0336308899
-35.8475433854
-35.6608073507
-35.4734352951
-35.2854404871
-35.0968369457
-34.907639431
-34.7178634347
-34.5275251691
-34.3366415557
-34.1452302123
-33.9533094402
-33.7608982097
-33.5680161448
-33.3746835073
-33.1809211795
-32.9867506462
-32.7921939754
-32.5972737984
-32.4020132886
-32.2064361394
-32.0105665409
-31.8144291562
-31.6180490954
-31.4214518907
-31.2246634684
-31.0277101213
-31.2019012826
-31.001079619
-32.8266058213
-32.8698847111
-32.9025441974
-32.9255306064
-32.9395884569
-32.9453663655
-32.9434413177
-32.9343315312
-32.9185058652
-32.8963911536
-32.8683780156
-32.8348255059
-32.7960648689
-32.7524025942
-32.7041229253
-32.6514899358
-32.5947492607
-32.5341295522
-32.4698437132
-32.4020899488
-32.3310526709
-32.2569032792
-32.1798008399
-32.0998926783
-32.0173148964
-31.9321928267
-31.8446414277
-31.7547656283
-31.6626606232
-31.5684121232
-31.468148133
-31.3593751533
-31.2481167281
-31.1344260873
-31.0183481929
-30.8999165872
-30.7791552624
-30.6560778341
-30.5306871593
-30.4029748633
-30.2729207529
-30.140492098
-30.0056427579
-29.8683121262
-29.7284238601
-29.5858843536
-29.4405809021
-29.2923794977
-29.1411221727
-28.9866237933
-28.8286681749
-28.6670033551
-28.5013358126
-28.331323355
-28.1565663072
-27.9765965109
-27.7908634679
-27.5987167117
-27.3993831257
-27.1919373871
-26.9752628892
-26.747999216
-26.508470191
-26.2545831285
-25.9836840979
