1.4987861787
1.52122248319
1.52047027205
1.51770511957
1.51380564724
1.51089644972
1.50890735366
1.50756249673
1.50657310719
1.50587709454
1.50535090707
1.5049376403
1.50460410281
1.50432969828
1.50410096543
1.50390861736
1.50374591141
1.50360773486
1.50349007669
1.50338970995
1.50330399146
1.50323072868
1.50316808672
1.50311452033
1.50306872221
1.50302958255
1.50299615679
1.50296763922
1.50294334143
1.50292267436
1.50290513325
1.50289028514
1.50287775821
1.50286723287
1.50285843413
1.50285112519
1.50284510196
1.50284018838
1.50283623249
1.50283310297
1.50283068629
1.50282888423
1.50282761172
1.50282679506
1.50282637034
1.50282628209
1.50282648217
1.50282692874
1.50282758542
1.50282842058
1.50282940669
1.50283051977
1.50283173896
1.50283304606
1.50283442521
1.50283586259
1.50283734618
1.50283886546
1.5028404113
1.50284197572
1.50284355181
1.50284513352
1.50284671562
1.50284829357
1.50284986342
1.50285142179
1.50285296574
1.50285449275
1.50285600066
1.50285748765
1.50285895216
1.50286039289
1.50286180875
1.50286319884
1.50286456246
1.50286589902
1.50286720808
1.50286848933
1.50286974254
1.50287096758
1.5028721644
1.50287333303
1.50287447355
1.50287558609
1.50287667082
1.50287772799
1.50287875784
1.50287976066
1.50288073678
1.50288168653
1.50288261027
1.50288350838
1.50288438125
1.50288522927
1.50288605287
1.50288685246
1.50288762846
1.50288838129
1.50288911141
1.50288981922
1.50289050517
1.5028911697
1.50289181323
1.50289243619
1.50289303901
1.50289362211
1.50289418592
1.50289473085
1.50289525732
1.50289576572
1.50289625646
1.50289672994
1.50289718655
1.50289762668
1.50289805069
1.50289845897
1.50289885187
1.50289922977
1.50289959302
1.50289994195
1.50290027692
1.50290059825
1.50290090628
1.50290120133
1.5029014837
1.50290175372
1.50290201169
1.50290225789
1.50290249262
1.50290271617
1.50290292881
1.50290313082
1.50290332246
1.50290350398
1.50290367566
1.50290383772
1.50290399043
1.50290413401
1.50290426869
1.50290439472
1.50290451229
1.50290462165
1.50290472298
1.50290481651
1.50290490243
1.50290498094
1.50290505223
1.5029051165
1.50290517392
1.50290522467
1.50290526892
1.50290530686
1.50290533863
1.50290536442
1.50290538436
1.50290539863
1.50290540736
1.50290541071
1.50290540881
1.50290540181
1.50290538985
1.50290537305
1.50290535155
1.50290532547
1.50290529493
1.50290526005
1.50290522095
1.50290517775
1.50290513055
1.50290507946
1.50290502459
1.50290496604
1.5029049039
1.50290483828
1.50290476927
1.50290469696
1.50290462143
1.50290454279
1.50290446111
1.50290437647
1.50290428895
1.50290419864
1.50290410561
1.50290400992
1.50290391167
1.5029038109
1.50290370769
1.50290360211
1.50290349422
1.50290338409
1.50290327176
1.50290315731
1.50290304079
1.50290292224
1.50290280174
1.50290267933
1.50290255505
1.50290242897
1.50290230112
1.50290217155
