1.49495054681
1.49502199262
1.4951019937
1.49518955337
1.49528249749
1.49537921997
1.49547854088
1.49557958526
1.4956816976
1.49578438155
1.49588725613
1.49599002716
1.49609246563
1.49619439081
1.4962956589
1.49639615471
1.49649578545
1.49659447611
1.49669216596
1.49678880583
1.49688435603
1.49697878471
1.49707206652
1.49716418162
1.49725511478
1.49734485468
1.49743339336
1.49752072572
1.49760684915
1.49769176305
1.49777546877
1.49785796919
1.49793926857
1.49801937234
1.49809828698
1.49817600819
1.49825257137
1.49832796826
1.49840220904
1.49847530388
1.49854726328
1.49861809811
1.49868770581
1.49875624902
1.49882383955
1.49889032977
1.49895574118
1.49902008973
1.49908339028
1.49914565696
1.49920690345
1.49926714308
1.49932638895
1.49938465401
1.4994419511
1.49949829295
1.49955369223
1.49960816154
1.49966171343
1.49971436036
1.49976611475
1.49981698896
1.49986699526
1.49991614587
1.49996445291
1.50001192845
1.50005858445
1.50010443279
1.50014948525
1.50019375355
1.50023724927
1.50027998392
1.50032196888
1.50036321546
1.50040373483
1.50044353808
1.50048263616
1.50052103994
1.50055876015
1.50059580742
1.50063219226
1.50066792506
1.50070301611
1.50073747555
1.50077131345
1.5008045397
1.50083716413
1.50086919641
1.5009005707
1.50093147241
1.50096180066
1.50099156952
1.50102078958
1.50104947083
1.50107762282
1.50110525477
1.50113237564
1.50115899414
1.50118511884
1.5012107581
1.50124656071
1.50126770618
1.50128975307
1.5013120228
1.50133431092
1.50135648232
1.5013784457
1.50140014004
1.50142152522
1.5014425756
1.5014632755
1.50148361612
1.50150359342
1.50152320657
1.50154245699
1.50156134758
1.50157986655
1.50159803948
1.50161557129
1.50163286395
1.50164988397
1.50166661744
1.50168305656
1.50169919766
1.50171533628
1.5017307661
1.50174594364
1.50176085101
1.50177548508
1.50178984538
1.50180393307
1.50181775049
1.50183130072
1.50184458732
1.50185761419
1.50187038545
1.5018829053
1.50189517801
1.50190720786
1.50191899914
1.50193055609
1.50194188291
1.50195298375
1.50196386271
1.50197452382
1.50198497105
1.50199520832
1.50200523946
1.50201506827
1.50202500636
1.50203435416
1.50204354494
1.50205256435
1.50206141067
1.50207008382
1.50207858476
1.50208691511
1.50209536882
1.5021035587
1.50211123406
1.50211911039
1.50212675741
1.5021342075
1.5021414764
1.50214857571
1.50215551428
1.50216229906
1.50216893565
1.50217542869
1.50218178219
1.50218799966
1.50219408428
1.50220003899
1.50220586652
1.50221156948
1.50221715036
1.50222261157
1.50222795544
1.50223318422
1.50223830014
1.50224330536
1.50224820198
1.50225299208
1.5022576777
1.50226226082
1.50226674339
1.50227112733
1.50227541453
1.50227960683
1.50228370603
1.50228771393
1.50229163225
1.50229546273
1.50229920703
1.5023028668
1.50230644368
1.50230993924
1.50231335505
1.50231669263
1.5023199535
