0.0247003645608
0.0244999656729
0.024310773511
0.0241321110218
0.0239633534247
0.0238039243539
0.0236532913357
0.0235109616481
0.0233764786293
0.0232494183896
0.0231293868778
0.0230160172576
0.0229089675573
0.0228079185589
0.0227125719003
0.0226226483638
0.0225378863314
0.0224580403879
0.0223828800553
0.0223121886438
0.022245762209
0.0221834086011
0.0221249465996
0.0220702051228
0.0220190225057
0.0219712458385
0.0219267303613
0.021885338903
0.0218469413814
0.0218114143288
0.0217786404614
0.02174850827
0.0217209116735
0.0216957496541
0.0216729259621
0.0216523488233
0.0216339306573
0.0216175456038
0.0216030866593
0.0215904828926
0.0215796663491
0.0215705719023
0.021563137099
0.0215573020173
0.0215530091324
0.0215502031927
0.0215488311026
0.0215488418137
0.0215501862225
0.0215528170749
0.0215566888762
0.0215617578068
0.0215679816436
0.0215753196855
0.0215837326838
0.0215931827765
0.021603633427
0.0216150493658
0.0216273965359
0.0216406420417
0.0216547541001
0.0216697019953
0.0216854560352
0.0217019875113
0.0217192686599
0.0217372726261
0.0217559734294
0.0217753459316
0.0217953658061
0.0218160095087
0.0218372542507
0.0218590779729
0.0218814593205
0.0219043776208
0.0219278128603
0.0219517456644
0.0219761572772
0.0220010295429
0.0220263448882
0.0220520863048
0.0220782373338
0.02210478205
0.0221317050477
0.0221589914268
0.0221866267793
0.0222145971773
0.0222428891606
0.0222714897254
0.0223003863138
0.0223295668028
0.022359019495
0.0223887331088
0.0224186967696
0.0224489000009
0.0224793327162
0.022509985211
0.0225408481552
0.022571912586
0.0226031699006
0.0226346118496
0.0226662305306
0.0226980183818
0.0227299681762
0.0227620730157
0.0227943263253
0.0228267218481
0.0228592536397
0.0228919160633
0.0229247037844
0.0229576117667
0.0229906352667
0.0230237698295
0.0230570112842
0.0230903557396
0.02312379958
0.0231573394608
0.0231909723045
0.0232246952964
0.0232585058809
0.0232924017573
0.0233263808759
0.023360441434
0.0233945818721
0.0234288008699
0.0234630973423
0.0234974704359
0.0235319195245
0.0235664442057
0.0236010442966
0.0236357198296
0.0236704710491
0.0237052984064
0.0237401883923
0.0237763517285
0.0238125274973
0.0237623809888
0.0237172714903
0.0236770206761
0.0236414715983
0.023610473363
0.0235838798105
0.0235615495209
0.0235433458745
0.0235291370589
0.0235187960271
0.0235122004207
0.0235092324668
0.0235097788596
0.0235137306307
0.0235209830156
0.0235314353182
0.0235449907783
0.0235615564433
0.0235810430468
0.0236033648959
0.0236283948262
0.0236559578979
0.0236859874397
0.0237184195681
0.023753193177
0.0237902499295
0.0238295342639
0.023870993413
0.0239145774411
0.0239602392986
0.0240079348983
0.0240576232138
0.0241092664032
0.0241628299608
0.0242182829003
0.0242755979733
0.0243347519271
0.0243957258084
0.024458505317
0.02452308122
0.0245894498328
0.0246576135788
0.0247275816409
0.02479937072
0.0248730059196
0.0249485217806
0.0250259634941
0.0251053883286
0.0251868673162
0.0252704872547
0.0253563530962
0.0254445908149
0.0255353508733
0.0256288124417
0.0257251885782
0.0258247326471
0.0259277463514
0.0260345899046
0.0261456950778
0.026261582182
0.0263828825495
0.0265103688742
0.0266449970944
0.0267879657732
0.0269408030282
