31.6967300301
31.307502073
30.9267344705
30.5542269652
30.189765739
29.833133328
29.4841146292
29.1425004034
28.808089175
28.4806881153
28.160113293
27.8461895392
27.5387500885
27.2376361002
26.9426961236
26.6537855507
26.3707660807
26.0935052106
25.8218757599
25.5557554343
25.295026427
25.0395750587
24.7892914526
24.5440692436
24.3038053172
24.068399577
23.8377547368
23.6117761353
23.3903715711
23.1734511553
22.9609271797
22.7527140001
22.5487279303
22.3488871489
22.1531116141
21.9613229882
21.7734445686
21.5894012263
21.4091193492
21.2325267914
21.0595528261
20.8901281033
20.7241846097
20.5616556333
20.4024757289
20.2465806872
20.0939075053
19.9443943595
19.7979805789
19.6546066215
19.5142140503
19.3767455117
19.2421447139
19.110356407
18.9813263629
18.855001357
18.7313291496
18.6102584679
18.4917389896
18.3757213255
18.2621570032
18.1509984513
18.0421989836
17.9357127841
17.8314948913
17.729501184
17.6296883667
17.532013955
17.436436262
17.342914384
17.2514081874
17.1618782947
17.0742860717
16.9885936144
16.9047637359
16.8227599539
16.7425464781
16.664088198
16.5873506707
16.5123001087
16.4389033684
16.3671279382
16.2969419269
16.2283140527
16.1612136318
16.0956105673
16.0314753387
15.9687789908
15.9074931233
15.8475898806
15.7890419412
15.7318225082
15.6759052986
15.6212645344
15.5678749323
15.5157116948
15.4647505004
15.4149674949
15.3663392821
15.3188429152
15.2724558877
15.2271561256
15.182921978
15.1397322098
15.0975659931
15.0564028991
15.0162228908
14.9770063147
14.9387338938
14.9013867198
14.8649462461
14.8293942804
14.7947129779
14.7608848345
14.7278926796
14.6957196702
14.6643492836
14.6337653118
14.6039518546
14.574893314
14.5465743878
14.5189800641
14.492095615
14.4659065915
14.4403988176
14.415558385
14.3913716479
14.3678252172
14.3449059563
14.3226009754
14.3008976266
14.2797834997
14.2592464166
14.2387724186
14.218799843
14.1993199276
14.1803242139
14.1618045159
14.1437528921
14.126161621
14.1090231787
14.0923302192
14.076075557
14.0602521513
14.0448530921
14.0298715879
14.0153009547
14.0011346067
13.9873660472
13.9739888616
13.9609967107
13.948383325
13.9361424998
13.9242680908
13.9127540107
13.9015942259
13.8907827538
13.8803136609
13.8701810607
13.8603791123
13.8509020193
13.8417440289
13.8328994312
13.8243625586
13.816127786
13.8081895299
13.8005422492
13.7931804446
13.7860986596
13.77929148
13.7727535348
13.7664794964
13.7604640811
13.7547020496
13.7491882076
13.7439174062
13.7388845424
13.7340845598
13.7295124491
13.7251632486
13.7210320449
13.7171139728
13.7134042169
13.7098980109
13.7065906388
13.7034774351
13.7005537852
13.6978151258
13.6952569453
13.6928747839
13.6906642345
13.688620942
13.6867406045
13.6850189729
13.6834518514
13.6820350975
13.6807646221
13.6796363899
13.6786464191
13.6777907816
