9.3940736
9.41535900214
9.43656419415
9.45769058335
9.47873956362
9.49971250586
9.52061075778
9.54143564473
9.56218847044
9.58287051786
9.60348304984
9.62402730987
9.6445045227
9.66491589494
9.68526261569
9.70554585705
9.72576677468
9.74592650825
9.76602618198
9.78606690506
9.80604977212
9.82597586361
9.84584624626
9.86566197355
9.88542408572
9.90513361058
9.92479156359
9.94439894833
9.96395675681
9.98346596987
10.0029275572
10.0223424782
10.0417116817
10.0610361065
10.0803168897
10.0995556416
10.1187532242
10.1379104925
10.1570282938
10.1761074684
10.1951488494
10.214153263
10.2331215288
10.25205446
10.2709528634
10.2898175399
10.3086492846
10.3274488868
10.3462171305
10.3649547943
10.3836626519
10.4023414722
10.4209920191
10.4396150524
10.4582113275
10.4767815957
10.4953266042
10.5138470969
10.5323438138
10.5508174918
10.5692688645
10.5876986626
10.606107614
10.6244964439
10.6428658752
10.6612166284
10.679549422
10.6978649727
10.7161639953
10.7344472031
10.752715308
10.7709690207
10.7892090508
10.807436107
10.8256508973
10.8438541291
10.8620465095
10.8802287451
10.8984015426
10.9165656087
10.9347216501
10.952870374
10.9710124881
10.9891487004
11.0072797201
11.0254062568
11.0435290214
11.0616487256
11.0797666475
11.0978840133
11.1160015722
11.1341200755
11.1522402767
11.1703629313
11.1884887971
11.2066186344
11.2247532056
11.2428932758
11.2610396127
11.2791929864
11.2973541721
11.3155239425
11.3337030764
11.3518923544
11.3700925602
11.3883044801
11.4065289031
11.4247666207
11.4430184271
11.4612851191
11.4795674959
11.497866359
11.5161825122
11.5345167616
11.5528699151
11.5712427827
11.5896361759
11.6080509079
11.626487793
11.6449476469
11.6634312859
11.6819395271
11.7004731877
11.7190330853
11.7376200367
11.7562348585
11.7748783661
11.7935513734
11.8122546928
11.8309891342
11.849755505
11.8685546091
11.8873872471
11.9124780759
11.9375874684
11.9644764759
11.993860584
12.0256951174
12.0599379798
12.0965497381
12.1354929527
12.17673171
12.2202312981
12.265957979
12.3138788291
12.3639616267
12.4161747721
12.4704872312
12.5268684948
12.5852885499
12.6457178587
12.708127343
12.7724883733
12.8387727596
12.9069527452
12.9770010015
13.0488906235
13.1225951263
13.1980884425
13.2753449193
13.3543393167
13.435046806
13.5174429681
13.6015037929
13.687205679
13.7745254337
13.8634402734
13.9539278254
14.0459661293
14.13953364
14.2346092314
14.3311722009
14.4292022749
14.528679616
14.6295848313
14.7318989827
14.8356035983
14.9406806869
15.0471127546
15.1548828242
15.2639744585
15.374371787
15.4860595385
15.5990230781
15.7132484526
15.8287224434
15.9454326295
16.0633674641
16.1825163658
16.30286983
16.4244195639
16.5471586539
16.6710817723
16.7961854373
16.9224683421
17.0499317775
17.1785801837
17.3084218812
17.4394700603
17.5717441525
