10.907
26.09133958
26.1179700501
26.142601462
26.1653483641
26.1863353171
26.2056808659
26.2235019055
26.2399000907
26.2549756319
26.2688209995
26.2815226374
26.2931613211
26.3038124914
26.3135465668
26.3224292369
26.3305217398
26.3378811245
26.3445605007
26.350609276
26.3560733824
26.360995492
26.3654152226
26.369369333
26.3728919099
26.3760145443
26.3787664993
26.3811748688
26.383264728
26.3850592741
26.3865799604
26.3878466206
26.3888775871
26.3896898004
26.3902989122
26.3907193814
26.3909645634
26.3910467938
26.3909774656
26.3907671013
26.3904254198
26.3899613979
26.3893833282
26.3886988718
26.3879151074
26.3870385767
26.3860753263
26.3850309462
26.3839106054
26.3827190852
26.3814608089
26.3801398703
26.3787600589
26.3773248839
26.3758375961
26.3743012077
26.372718511
26.3710920952
26.3694243625
26.3677175419
26.3659737032
26.3641947685
26.3623825239
26.3605386298
26.3586646303
26.356761962
26.3548319621
26.3528758759
26.3508948638
26.3488900072
26.3468623146
26.3448127271
26.342742123
26.3406513227
26.3385410927
26.3364121495
26.3342651635
26.3321007618
26.3299195315
26.3277220229
26.3255087513
26.3232802002
26.3210368233
26.3187790461
26.3165072686
26.3142218666
26.3119231932
26.3096115809
26.3072873423
26.3049507722
26.302602148
26.3002417314
26.2978697693
26.2954864947
26.2930921276
26.290686876
26.2882709364
26.2858444949
26.2834077276
26.2809608012
26.2785038739
26.2760370956
26.2735606085
26.2710745479
26.2685790421
26.2660742133
26.2635601776
26.2610370457
26.2585049231
26.2559639101
26.2534141029
26.2508555929
26.2482884677
26.2457128111
26.2431287032
26.2405362207
26.2379354371
26.2353264232
26.2327092465
26.2300839723
26.2274506631
26.2248093792
26.2221601786
26.2195031173
26.2168382493
26.2141656267
26.2114853
26.2087973178
26.2061017274
26.2033985745
26.2006879034
26.1979697572
26.1952441777
26.1925112056
26.1897708805
26.1870232408
26.1842683243
26.1815061674
26.1787367454
26.1759602148
26.1731765489
26.1703857812
26.1675879445
26.1647830709
26.1619711919
26.1591523386
26.1563265412
26.1534938299
26.1506542338
26.1478077821
26.1449545032
26.1420944253
26.1392275762
26.1363539831
26.1334736733
26.1305866733
26.1276930096
26.1247927084
26.1218857955
26.1189723518
26.116052292
26.1131256967
26.1101925908
26.1072529992
26.1043069463
26.1013544566
26.0983955544
26.0954302636
26.0924586083
26.0894806122
26.086496299
26.0835056922
26.0805088154
26.0775056918
26.0744963447
26.0714807972
26.0684590725
26.0654311936
26.0623971833
26.0593570644
26.05631086
26.0532585925
26.0502002848
26.0471359595
26.0440656392
26.0409893464
26.0379071037
26.0348189335
26.0317248583
26.0286249005
26.0255190826
26.0224074269
26.0192899558
26.0161666916
26.0130376567
26.0099028734
26.0067623639
26.0036161508
26.0004642561
25.9973067022
