6.18418501632
6.16576584962
6.15499147142
6.1501385039
6.14853707115
6.14816902077
6.14792700537
6.14731689972
6.14620583716
6.14458863837
6.1425201199
6.14007285693
6.13731929929
6.13432500466
6.13114676427
6.12783272852
6.12442326649
6.12095201211
6.11744687624
6.11393094739
6.11042326458
6.10693946931
6.10349235181
6.10009230776
6.09674772035
6.09346528029
6.09025025453
6.08710671236
6.08403771594
6.0810454813
6.07813151441
6.07529672652
6.07254153181
6.06986593025
6.06726957797
6.06475184687
6.06231187527
6.05994861095
6.0576608475
6.05544725534
6.05330640778
6.05123680328
6.0492368841
6.04730505216
6.04543968233
6.04363913362
6.0419017586
6.04022591123
6.03860995342
6.03705226041
6.03555122529
6.03410526265
6.03271281152
6.03137233782
6.03008233618
6.02884133147
6.02764787986
6.02650056967
6.02539802187
6.02433889046
6.02332186259
6.02234565856
6.02140903168
6.02051076803
6.01964968614
6.01882463658
6.01803450148
6.01727819401
6.01655465787
6.01586286662
6.01520182317
6.01457055906
6.01396813387
6.01339363454
6.01284617474
6.0123248942
6.01182895804
6.01135755611
6.0109099024
6.01048523441
6.01008281219
6.00970191827
6.00934185656
6.00900195232
6.00868155068
6.00838001688
6.00809673531
6.00783110906
6.00758255934
6.00735052496
6.00713446182
6.00693384239
6.00674815525
6.00657690456
6.00641960964
6.0062758045
6.00614503738
6.00602687036
6.0059208789
6.00582665147
6.00574378914
6.00567190517
6.0056106247
6.00555958435
6.00551843185
6.00548682575
6.00546443507
6.00545093894
6.00544602637
6.00544939587
6.00546075522
6.00547982113
6.00550631901
6.0055399827
6.00558055419
6.00562778337
6.00568142782
6.00574125255
6.00580702976
6.00587853865
6.0059555652
6.00603790193
6.00612534776
6.00621770776
6.00631479297
6.00641642026
6.0065224121
6.00663259642
6.00674680644
6.00686488049
6.00698666189
6.00711199877
6.00724074392
6.00737275468
6.00750789277
6.00764602418
6.00778701902
6.00793075142
6.00807709939
6.00822594471
6.0083771728
6.00853067266
6.00868633669
6.00884406066
6.00900374354
6.00916528746
6.00932859761
6.00949358209
6.0096601519
6.00982822081
6.00999770529
6.0101685244
6.01034059979
6.01051385551
6.01068821805
6.0108636162
6.011039981
6.01121724567
6.01139534554
6.01157421802
6.01175380251
6.01193404031
6.01211487466
6.01229625056
6.01247811483
6.01266041598
6.01284310419
6.01302613127
6.01320945059
6.01339301705
6.01357678703
6.01376071833
6.01394477017
6.0141289031
6.014313079
6.01449726103
6.01468141356
6.01486550219
6.01504949367
6.0152333559
6.01541705786
6.0156005696
6.01578386223
6.01596690783
6.01614967948
6.01633215121
6.01651429796
6.01669609557
6.01687752074
6.01705855102
6.01723916478
6.01741934117
6.01759906013
6.01777830235
6.01795704921
6.01813528284
6.01831298604
6.01849014226
6.0186667356
