-33.2563456279
-29.1571360705
-29.204367392
-29.2513735132
-29.2981658712
-29.3447563313
-29.3911560213
-29.4373752572
-29.4834235941
-29.5293098856
-29.5750423399
-29.6206285692
-29.6660756363
-29.7113900951
-29.7565780286
-29.8016450827
-29.8465964977
-29.8914371363
-29.9361715096
-29.9808038007
-30.0253378867
-30.069777358
-30.1141255372
-30.158385495
-30.2025600661
-30.2466518633
-30.2906632901
-30.334596553
-30.3784536725
-30.4222364928
-30.465946686
-30.5095857867
-30.5531551444
-30.5966559979
-30.6400894231
-30.683456417
-30.7267577978
-30.7699942671
-30.8131664602
-30.8562748421
-30.8993198171
-30.942301673
-30.9852065478
-31.0278545366
-31.0704458881
-31.1129802617
-31.1554572348
-31.1978763152
-31.2402369406
-31.28253848
-31.3247802346
-31.366961439
-31.4090812619
-31.4511388068
-31.4931331131
-31.5350631561
-31.576927848
-31.6187260377
-31.6604565117
-31.7021179937
-31.7437091451
-31.7852285651
-31.8266747903
-31.868046295
-31.9093414907
-31.9505587264
-31.9916962877
-32.0327523969
-32.0737252125
-32.1146128287
-32.1554132752
-32.1961245163
-32.2367444505
-32.2772709103
-32.3177016608
-32.3580343997
-32.3982667562
-32.4383962904
-32.4784204929
-32.5183367831
-32.5581425093
-32.5978349475
-32.6374113004
-32.6768686968
-32.7162041904
-32.755414759
-32.7944973039
-32.8334486482
-32.8722655366
-32.910944634
-32.9494825244
-32.9878757105
-33.0261206119
-33.0642135648
-33.1021508205
-33.1399285447
-33.1775428162
-33.2149896263
-33.2522648773
-33.289364382
-33.3262838622
-33.3630189483
-33.3995651779
-33.4359179949
-33.4720727488
-33.5080246936
-33.5437689869
-33.5793006894
-33.6146147634
-33.6497060728
-33.6845693815
-33.7191993535
-33.7535905516
-33.7877374371
-33.8216343691
-33.855275604
-33.8886552951
-33.9217674918
-33.95460614
-33.9871650812
-34.0194380523
-34.0514186859
-34.08310051
-34.1144769482
-34.1455413195
-34.1762868391
-34.2067066183
-34.2367936654
-34.2665408857
-34.2959410831
-34.3249869601
-34.3536711195
-34.3819860649
-34.6588910723
-34.6863492451
-39.0259425084
-39.3712049408
-39.6974370054
-40.0068391429
-40.3011875967
-40.5819460116
-40.850335985
-41.1073881365
-41.3539803561
-41.5908669235
-41.8187009613
-42.0380519426
-42.2494194848
-42.4532443152
-42.6499170628
-42.8397853557
-43.0231595888
-43.2003176335
-43.3715086983
-43.5369565021
-43.6968618828
-43.8514049392
-44.0007467825
-44.145030954
-44.2843845586
-44.418919148
-44.5487313816
-44.6739034865
-44.793589977
-44.8984841539
-44.9982161321
-45.0927929374
-45.1822053308
-45.2664270436
-45.3454142083
-45.4191040208
-45.4874132879
-45.5502366987
-45.6074447736
-45.6588814409
-45.7043611823
-45.7436656725
-45.7765398222
-45.8026871112
-45.8217640687
-45.8333737246
-45.8370578056
-45.8322873917
-45.8184516668
-45.7948442881
-45.7606467558
-45.7149079636
-45.6565188357
-45.5841805668
-45.4963644271
-45.3912602883
-45.2667098267
-45.1201185472
-44.9483379537
-44.7475046951
-44.5128161148
-44.2382090153
-43.9158860223
-43.5355921082
-43.0834611955
