26.1818791623
18.9986449796
19.0886746388
18.8987818783
19.1559379956
19.3064149988
19.3951539057
19.4516114587
19.5088259256
19.540910079
19.5667762178
19.5886615083
19.6077978842
19.6248959854
19.6403908875
19.6545677648
19.6676269142
19.6797179901
19.6909584866
19.701444073
19.7112546492
19.7204581044
19.729112802
19.7372693293
19.7449717994
19.752258864
19.7591645269
19.7657188118
19.77194832
19.7778767
19.7835250458
19.7889122356
19.7940552227
19.7989692828
19.8036682276
19.808164588
19.8124697709
19.8165941956
19.8205474107
19.8243381948
19.8279746447
19.8314642503
19.8348139611
19.8380302425
19.8411191264
19.8440862539
19.8469369131
19.849676073
19.8523084117
19.8548383428
19.8572700374
19.8596074443
19.8618543077
19.8640141832
19.866090451
19.8680863296
19.8700048861
19.8718490466
19.8736216059
19.8753252348
19.8769624883
19.8785358122
19.8800475495
19.881499946
19.8828951553
19.8842352444
19.8855221972
19.8867579195
19.8879442425
19.8890829262
19.8901756631
19.8912240811
19.8922297465
19.8931941669
19.8941187935
19.8950050237
19.8958542036
19.8966676297
19.8974465513
19.8981921672
19.8989056486
19.899588109
19.9002406272
19.9008642436
19.9014599616
19.9020287491
19.90257154
19.9030892353
19.9035827043
19.9040527863
19.9045002912
19.9049260006
19.9053306695
19.9057150264
19.9060797751
19.9064255949
19.906753142
19.9070630503
19.9073559317
19.9076323778
19.9078929596
19.9081382291
19.9083687195
19.9085849461
19.9087874066
19.9089765823
19.909152938
19.9093169233
19.9094689724
19.9096095052
19.9097389276
19.9098576318
19.9099659972
19.9100643905
19.9101531661
19.9102326669
19.9103032244
19.9103651589
19.9104187805
19.9104643888
19.9105022737
19.9105327155
19.9105559852
19.910572345
19.9105820486
19.9105853412
19.9105824599
19.9105736344
19.9105590866
19.9105390311
19.9105136757
19.9104832213
19.9104478622
19.9104077865
19.910363176
19.9103142067
19.9102610487
19.9102038669
19.9101428204
19.9100780634
19.910009745
19.9099380094
19.9098629961
19.9097848402
19.9097036723
19.9096196186
19.9095328013
19.9094433388
19.9093513453
19.9092569316
19.9091602045
19.9090612677
19.9089602212
19.9088571619
19.9087521836
19.9086453767
19.9085368289
19.9084266249
19.9083148468
19.9082015738
19.9080868824
19.9079708469
19.9078535389
19.9077350275
19.9076153799
19.9074946608
19.9073729328
19.9072502562
19.9071266898
19.9070022898
19.9068771111
19.9067512062
19.9066246263
19.9064974205
19.9063696365
19.9062413203
19.9061125162
19.905983267
19.9058536143
19.9057235979
19.9055932565
19.9054626273
19.9053317462
19.9052006479
19.9050693659
19.9049379325
19.9048063787
19.9046747347
19.9045430293
19.9044112906
19.9042795452
19.9041478193
19.9040161377
19.9038845245
19.9037530028
19.9036215949
19.9034903223
19.9033592056
19.9032282647
19.9030975187
