0.01266
0.00569546791152
0.00460412470751
0.00176672949005
-0.00677568871133
-0.0158676730253
-0.0219853364226
0.0322257250986
0.0336053366656
0.0342891763434
0.0346299773211
0.0348043481282
0.0348980087189
0.0349521099085
0.0349863805049
0.03501032259
0.0350285583595
0.0350433741839
0.0350559316746
0.0350668458083
0.0350764621367
0.0350849905313
0.0350925702694
0.0350993021029
0.0351052643544
0.0351105212228
0.0351151272483
0.0351191298521
0.0351225708879
0.0351254876677
0.0351279136928
0.0351298792105
0.0351314116572
0.0351325360223
0.0351332751546
0.0351336500226
0.035133679937
0.0351333827431
0.0351327749859
0.0351318720543
0.0351306883047
0.0351292371693
0.0351275312496
0.0351255823985
0.0351234017907
0.0351209999858
0.0351183869821
0.0351155722645
0.035112564847
0.0351093733091
0.0351060058291
0.0351024702132
0.0350987739212
0.0350949240898
0.0350909275537
0.0350867908638
0.0350825203045
0.0350781219089
0.0350736014729
0.0350689645677
0.0350642165515
0.0350593625806
0.0350544076189
0.0350493564471
0.0350442136715
0.0350389837316
0.0350336709076
0.0350282793274
0.0350228129729
0.0350172756859
0.0350116711745
0.0350060030176
0.0350002746708
0.0349944894705
0.0349886506391
0.0349827612888
0.03497682446
0.0349708429893
0.0349648197167
0.0349587573538
0.0349526585209
0.0349465257501
0.0349403614884
0.034934168101
0.0349279478738
0.0349217030159
0.0349154356629
0.0349091478785
0.0349028416576
0.0348965189282
0.0348901815539
0.0348838313355
0.0348774700135
0.03487109927
0.0348647207304
0.0348583359651
0.0348519464918
0.0348455537764
0.0348391592353
0.0348327642367
0.0348263701018
0.0348199781069
0.0348135894841
0.0348072054233
0.0348008270729
0.0347944555416
0.0347880918993
0.0347817371783
0.0347753923745
0.0347690584486
0.034762736327
0.0347564269029
0.0347501310373
0.03474384956
0.0347375832703
0.0347313329385
0.034725099306
0.0347188830867
0.0347126849676
0.0347065056098
0.0347003456491
0.0346942056965
0.0346880863396
0.0346819881426
0.0346759116476
0.0346698573747
0.0346638258231
0.0346578174714
0.0346518327784
0.0346458721837
0.034639936108
0.0346340249542
0.0346281391071
0.034622278935
0.0346164447892
0.0346106370051
0.0346048559025
0.0345991017859
0.0345933749454
0.0345876756567
0.0345820041816
0.0345763607688
0.0345707456537
0.0345651590592
0.034559601196
0.0345540722631
0.0345485724476
0.034543101926
0.0345376608635
0.0345322494151
0.0345268677256
0.0345215159301
0.0345161941539
0.0345109025133
0.0345056411154
0.034500410059
0.0344952094341
0.0344900393229
0.0344848997996
0.0344797909307
0.0344747127753
0.0344696653857
0.0344646488068
0.0344596630771
0.0344547082287
0.0344497842871
0.0344448912722
0.0344400291976
0.0344351980715
0.0344303978966
0.0344256286703
0.0344208903848
0.0344161830276
0.0344115065813
0.0344068610238
0.0344022463288
0.0343976624654
0.034393109399
0.0343885870907
0.0343840954979
0.0343796345741
0.0343752042697
0.0343708045312
0.0343664353021
0.0343620965226
0.0343577881299
0.0343535100583
0.0343492622392
0.0343450446013
0.0343408570709
0.0343366995717
0.0343325720248
0.0343284743495
0.0343244064624
0.0343203682785
0.0343163597104
0.034312380669
0.0343084310635
0.0343045108011
0.0343006197876
