1.384e-05
0.000516004186955
0.000514905130453
0.000513810750135
0.000512720348927
0.000511633437608
0.000510552430215
0.000509468782806
0.000508390600045
0.000507314925612
0.000506241820724
0.000505171044577
0.000504102592273
0.000503036419089
0.000501972490666
0.000500910780507
0.000499851267942
0.00049879393677
0.000497738774167
0.0004966852943
0.000495634432192
0.000494585715927
0.000493539138847
0.000492494695588
0.000491452381677
0.000490412193274
0.000489374126996
0.000488338179787
0.000487304348831
0.000486272631484
0.000485243025223
0.000484215527607
0.000483190626057
0.000482167342061
0.000481146157684
0.000480127071488
0.000479110081532
0.000478095185741
0.000477082381824
0.000476071667409
0.000475063040061
0.00047405649728
0.00047305203652
0.000472049655185
0.000471049350633
0.000470051120176
0.000469054961081
0.00046806087057
0.000467068845824
0.000466078883977
0.000465090982125
0.00046410513732
0.000463121346575
0.000462139606865
0.000461159915127
0.00046018226826
0.00045920666313
0.000458233096565
0.000457261565365
0.000456292066294
0.000455324596088
0.000454359151453
0.000453395729065
0.000452434325576
0.00045147493761
0.000450517561766
0.00044956219462
0.000448608832725
0.000447657472613
0.000446708110794
0.000445760743759
0.000444815367981
0.000443871979913
0.000442930575993
0.000441991152643
0.000441053706268
0.00044011823326
0.000439184729997
0.000438253192845
0.000437323618157
0.000436396002273
0.000435470341526
0.000434546632236
0.000433624870714
0.000432705053264
0.000431787176181
0.00043087123575
0.000429957228254
0.000429045149964
0.00042813499715
0.000427226766074
0.000426320452992
0.000425416054159
0.000424513565823
0.000423612984229
0.000422714305621
0.000421817526238
0.000420922642317
0.000420029650095
0.000419138545804
0.000418249325677
0.000417361985948
0.000416476522846
0.000415592932603
0.00041471121145
0.000413831355619
0.000412953361341
0.000412077224851
0.000411202942382
0.00041033051017
0.000409459924453
0.00040859118147
0.000407724277461
0.000406859208672
0.000405995971349
0.000405134561739
0.000404274976097
0.000403417210675
0.000402561261734
0.000401707125535
0.000400854798343
0.000400004276428
0.000399155556063
0.000398308633524
0.000397463505095
0.000396620167059
0.000395778615708
0.000394938847336
0.000394100858242
0.000393264644732
0.000392430203114
0.000391597529702
0.000390766620815
0.000389937472779
0.000389110081922
0.000388284444581
0.000387460557095
0.00038663841581
0.000385818017079
0.000384999357258
0.000384182432711
0.000383367239807
0.00038255377492
0.00038174203443
0.000380932014726
0.000380123712198
0.000379317123247
0.000378512244276
0.000377709071698
0.000376907601928
0.00037610783139
0.000375309756515
0.000374513373738
0.000373718679502
0.000372925670256
0.000372134342454
0.000371344692559
0.000370556345494
0.000369770038723
0.000368985400801
0.000368202427495
0.000367421114922
0.000366641459383
0.000365863368082
0.000365087103997
0.00036431230961
0.000363539335019
0.000362767823185
0.000361998123982
0.000361229880736
0.000360463443047
0.000359698543466
0.000358935265715
0.000358173606544
0.000357413562627
0.000356655130597
0.000355898307074
0.000355143088671
0.000354389472003
0.000353637453687
0.000352887030346
0.00035213819861
0.000351390955114
0.0003506452965
0.000349901219417
0.00034915872052
0.000348417796472
0.000347678443941
0.000346940659602
0.00034620444014
0.000345469782242
0.000344736682606
0.000344005137932
0.000343275144932
0.000342546700322
0.000341819800824
0.000341094443167
0.000340370934842
0.000339648668124
0.000338927916782
