2.38611403459
2.41431689653
2.43956921054
2.46194513295
2.4815238064
2.49840104677
2.51268905163
2.52451399897
2.53401320889
2.5413322359
2.54662204184
2.5500363477
2.5517292353
2.55185304516
2.55055659506
2.54798372449
2.54427215482
2.53955264358
2.53394840341
2.52757475248
2.52053896095
2.51294025938
2.50486997656
2.49641177746
2.48764197571
2.47862989825
2.46943828409
2.46012370177
2.45073697375
2.44132359825
2.43192416162
2.42257473591
2.41330725826
2.40414988961
2.3951273515
2.38626124039
2.37757031957
2.36907078901
2.36077653404
2.35269935379
2.34484917054
2.33723422109
2.32986123143
2.32273557595
2.31586142222
2.30924186274
2.30287903436
2.29677422683
2.29092798101
2.28534017791
2.28001011925
2.27493660024
2.27011797548
2.26555221828
2.2612369743
2.2571696098
2.25334725515
2.24976684385
2.24642514762
2.24331880789
2.2404443639
2.23779827786
2.23537695735
2.23317677526
2.23119408744
2.22942524836
2.22786662483
2.22651460812
2.22536562449
2.22441614441
2.22366269047
2.22310184421
2.22273025194
2.22254462971
2.22254176738
2.22271853208
2.22307187098
2.22359881358
2.22429647346
2.22516204968
2.22619282776
2.22738618051
2.22873956844
2.23025054021
2.23191673273
2.23373587135
2.2357057699
2.23782433078
2.24008954504
2.24249949261
2.24505234251
2.24774635339
2.25057987405
2.25355134432
2.25658061883
2.25959055467
2.26257765972
2.26553905315
2.26847240029
2.27137578991
2.27424771757
2.27708702733
2.27989286757
2.28266465327
2.28540203116
2.28810484911
2.29077312876
2.29340704123
2.29600688548
2.2985730691
2.30110609127
2.30360652759
2.30607501671
2.30851224846
2.31091895341
2.31329589359
2.31564385444
2.31796363764
2.32025605495
2.32252192269
2.32476205711
2.32697727027
2.32916836653
2.33133613956
2.3334813698
2.3356048223
2.33770724491
2.33978936688
2.34185189761
2.34389552574
2.34592091843
2.34792872085
2.34991955582
2.35189402362
2.35385270192
2.35579614581
2.35772488798
2.35963943891
2.36154028722
2.36342789998
2.36530272319
2.3671651822
2.3690156822
2.3708546088
2.3726823285
2.37449918936
2.37630552147
2.37810163763
2.37988783388
2.38166439014
2.38343157078
2.38518962521
2.38693878848
2.38867928184
2.39041131335
2.39213507836
2.39385076014
2.39555853035
2.39725854962
2.39895096801
2.40063592551
2.40231355256
2.40398397046
2.40564729186
2.40730362116
2.40895305497
2.41059568249
2.41223158589
2.41386084073
2.41548351625
2.41709967581
2.41870937713
2.42031267268
2.42190960996
2.42350023178
2.42508457658
2.42666267866
2.42823456845
2.42980027279
2.4313598151
2.43291321567
2.43446049183
2.43600165818
2.43753672676
2.43906570726
2.44058860717
2.44210543199
2.44361618534
2.44512086914
2.44661948374
2.44811202807
2.44959849976
2.45107889526
2.45255320998
2.45402143834
2.45548357396
2.45693960968
2.45838953769
2.45983334962
2.4612710366
