62.1907711102
62.1327596772
62.1019227184
62.0964420877
62.1145169051
62.1544526422
62.2146762686
62.2937332704
62.3902794386
62.5030713815
62.6309571604
62.772867569
62.9278082273
63.09485252
63.2731353381
63.4618475616
63.6602312086
63.8675751744
64.0832114935
64.3065120555
64.5368857183
64.7737757648
65.0166576562
65.2650370414
65.5184479849
65.7764513821
66.0386335342
66.3046048582
66.5739987103
66.8464703059
67.1216957199
67.3993709531
67.6792110551
67.9609492927
68.2443363565
68.5291395997
68.8151423026
69.1021429595
69.3899545856
69.6784040392
69.9673313601
70.2565891216
70.5460417954
70.8355651306
71.1250455459
71.4143795344
71.7034730845
71.9922411143
72.2806069226
72.5685016559
72.8558637929
73.1426386465
73.4287778856
73.7142390741
73.9989852317
74.2829844129
74.5662093074
74.8486368599
75.1302479111
75.4110268584
75.6909613368
75.9700419192
76.2482618366
76.5256167168
76.802104341
77.0777244186
77.3524783788
77.6263691783
77.8994011249
78.1715797152
78.4429114867
78.7134038833
78.9830651326
79.2519041349
79.5199303636
79.787153775
80.0535847274
80.3192339096
80.5841122764
80.8482309917
81.1116013787
81.3742348756
81.6361429971
81.8973373006
82.1578293574
82.4176307278
82.6767529395
82.9352074697
83.1930057297
83.4501590526
83.7066786828
83.9625757677
84.2178613512
84.4725463687
84.726641643
84.9801578826
85.2331056792
85.4854955076
85.7373377257
85.9886425746
86.2394201805
86.4896805555
86.7394335996
86.9886891034
87.2374567498
87.4857461167
87.7335666796
87.9809278147
88.2278388008
88.4743088231
88.720346975
88.9659622615
89.2111636017
89.4559598315
89.7003597061
89.9443719029
90.1880050233
90.431267596
90.6741680786
90.9167148603
91.1589162637
91.4007805473
91.6423159073
91.8835304796
92.1244323414
92.3650295135
92.6053299617
92.8453415983
93.0850722841
93.3245298296
93.5637219964
93.802656499
94.0413410055
94.2797831394
94.5179904808
94.755970567
94.9937308945
95.2312789191
95.4686220578
95.7057676892
95.9427231546
96.179495759
96.4160927719
96.6525214281
96.8887889283
97.1249024404
97.3608690996
97.5966960094
97.8323902424
98.0679588404
98.3034088157
98.5387471513
98.7739808014
99.0091166919
99.2441617215
99.4791227613
99.7140066559
99.9488202236
100.183570257
100.418263523
100.652906764
100.887506697
101.122070016
101.356603389
101.591113463
101.82560686
102.060090179
102.294569996
102.529052867
102.763545323
102.998053875
103.232585011
103.467145198
103.701740882
103.936378488
104.17106442
104.405805062
104.640606776
104.875475906
105.110418774
105.345441682
105.580550915
105.815752734
106.051053384
106.28645909
106.521976055
106.757610466
106.99336849
107.229256275
107.46527995
107.701445625
107.937759391
108.174227321
108.410855471
108.647649875
108.884616551
109.121761499
109.3590907
109.596610116
109.834325691
