4.78951963887
4.84233450687
4.89576728407
4.949801065
5.00441916046
5.0596048299
5.11534121608
5.17161130879
5.22839791108
5.28568360361
5.34345070686
5.40168124156
5.46035688772
5.51945894304
5.57896828121
5.6388653108
5.69912993529
5.75974151484
5.8206788302
5.88192004936
5.94344269711
6.00522362799
6.06723900281
6.12946426906
6.19187414523
6.25444260934
6.31714289179
6.37994747252
6.44282808263
6.50575571054
6.56870061263
6.63163232849
6.69451970067
6.757330899
6.82003344937
6.88259426705
6.94497969424
7.00715554204
7.06908713652
7.13073936881
7.19207674911
7.25306346435
7.31366343939
7.37384040142
7.43355794738
7.49277961415
7.55146895109
7.6095895948
7.66710534548
7.72398024491
7.78017865529
7.83566533877
7.89040553733
7.94436505232
7.99751032358
8.04980850748
8.10122755361
8.15173627958
8.20130444372
8.24990281505
8.29750324041
8.34407870813
8.38960340812
8.43405278799
8.47740360487
8.51963397275
8.56072340515
8.60065285276
8.63940473617
8.67696297332
8.71331300172
8.74844179542
8.78233787658
8.81499132188
8.84639376364
8.87653838582
8.90541991507
8.93303460692
8.95938022732
8.98445602973
9.00826272801
9.03080246531
9.0520787793
9.07209656394
9.09086202818
9.10838265169
9.12466713826
9.13972536678
9.15356834041
9.16620813411
9.17765784086
9.18793151681
9.19704412574
9.20501148306
9.21193079591
9.21789594565
9.2229263313
9.22704176326
9.23026238829
9.23260867551
9.23410134278
9.23476131535
9.23460968004
9.23366764132
9.23195647925
9.22949750933
9.22631204437
9.2224213584
9.21784665255
9.21260902303
9.20672943108
9.20022867497
9.19312736393
9.18544589407
9.1772044262
9.16842286542
9.15912084263
9.14931769767
9.13903246422
9.12828385626
9.11709025608
9.10546970381
9.09343988828
9.08101813931
9.06822142116
9.05506632728
9.04156907611
9.02774550796
9.01361108291
8.99918087955
8.98446959472
8.96949154388
8.95426066237
8.93879050722
8.92309425972
8.90718472841
8.89107435274
8.87477520706
8.85829900519
8.8416571052
8.82486051468
8.80791989623
8.79084557323
8.77364753586
8.75633544729
8.73891865005
8.72140617256
8.70380673575
8.68612875974
8.66838037068
8.65056940751
8.63270342888
8.61478971995
8.59683529929
8.57884692569
8.56083110494
8.54279409663
8.52474192079
8.50668036454
8.48861498863
8.47055113389
8.45249392761
8.43444828982
8.41641893941
8.39841040024
8.38042700707
8.36247291137
8.34455208707
8.32666833612
8.30882529396
8.29102643491
8.27327507735
8.25557438882
8.23792739101
8.22033696464
8.2028058541
8.18533667216
8.16793190436
8.15059391341
8.13332494345
8.11612712412
8.0990024746
8.08195290751
8.06498023265
8.0480861607
8.03127230674
8.01454019375
7.99789125591
7.98132684187
7.96484821787
7.94845657082
7.9321530112
7.91593857596
7.89981423125
7.88378087513
7.86783934012
7.85199039574
7.8362347509
7.82057305625
7.80500590647
