0.0306000465988
0.0306264203982
0.030652846714
0.0306793257155
0.0307058575729
0.030732442457
0.0307590805391
0.0307857719908
0.0308125169843
0.0308393156921
0.0308661682874
0.0308930749435
0.0309200358345
0.0309470511346
0.0309741210187
0.031001245662
0.0310284252401
0.0310556599289
0.031082949905
0.0311102953451
0.0311376964265
0.0311651533266
0.0311926662234
0.0312202352952
0.0312478607206
0.0312755426786
0.0313032813482
0.031331076909
0.0313589295409
0.0313868394239
0.0314148067385
0.0314428316651
0.0314709143848
0.0314990550784
0.0315272544631
0.0315555132914
0.0315838317128
0.0316122098777
0.0316406479365
0.0316691460406
0.0316977043415
0.0317263229914
0.0317550021427
0.0317837419483
0.0318125425614
0.0318414041355
0.0318703268242
0.0318993107816
0.0319283561617
0.0319574631189
0.0319866318075
0.0320158623822
0.0320451549974
0.0320745098078
0.0321039269679
0.0321334066323
0.0321629489554
0.0321925540916
0.0322222221951
0.0322519534199
0.0322817479199
0.0323116058486
0.0323415273592
0.0323715126049
0.0324015617382
0.0324316749114
0.0324618522763
0.0324920939842
0.0325224001861
0.0325527710323
0.0325832066727
0.0326137072563
0.0326442729318
0.032674903847
0.0327056001492
0.0327363619846
0.032767189499
0.0327980828372
0.032829042143
0.0328600675594
0.0328911592286
0.0329223172916
0.0329535418884
0.032984833158
0.0330161912383
0.0330476162659
0.0330791083763
0.0331106677037
0.033142294381
0.03317398854
0.0332057503107
0.033237579822
0.0332694772011
0.033301442574
0.0333334760647
0.033365577796
0.0333977478887
0.0334299864622
0.0334622936339
0.0334946695195
0.0335271142328
0.0335596278857
0.0335922105882
0.0336248624483
0.0336575835718
0.0336903740626
0.0337232340223
0.0337561635503
0.0337891627438
0.0338222316978
0.0338553709258
0.0338885814475
0.0339218633977
0.0339552169095
0.0339886421138
0.03402213914
0.0340557081158
0.0340893491667
0.0341230624163
0.0341568479869
0.034190705998
0.0342246365675
0.0342586398112
0.0342927158428
0.0343268647738
0.0343610867139
0.0343953817704
0.0344297500484
0.0344641916509
0.0344987066787
0.03453329523
0.0345679574012
0.0346026932859
0.0346375039949
0.0346723886169
0.034707467218
0.0347426209013
0.0347778491756
0.0348131515673
0.0348485276149
0.0348839768667
0.0349194988779
0.0349550932091
0.0349907594251
0.035026497094
0.0350623057862
0.0350981914871
0.0351341546822
0.0351701950974
0.0352063124601
0.0352425064996
0.0352787769471
0.0353151235353
0.0353515459984
0.035388044072
0.0354246174931
0.0354612660001
0.0354979893323
0.0355347872305
0.0355716594363
0.0356086056922
0.0356456257415
0.0356827193286
0.0357198861979
0.0357571260948
0.0357944387646
0.0358318239532
0.035869281406
0.0359068108686
0.035944412086
0.0359820848026
0.0360198287622
0.036057643707
0.0360955293784
0.0361334855155
0.0361715118559
0.0362096081345
0.0362477740835
0.0362860094319
0.0363243139052
0.0363626872245
0.0364011291065
0.0364396392626
0.0364782173984
0.0365168632131
0.0365555763989
0.0365943566402
0.0366332036131
0.0366721169847
0.0367110964125
0.036750141544
0.0367892520163
0.0368284274565
0.036867667482
0.0369069717021
0.0369463397208
0.0369857711417
0.0370252655764
0.0370648226583
0.0371044420657
