15.22273
10.4310081905
10.4047510246
10.3784979526
10.3522571435
10.3260336855
10.2998313424
10.2736532512
10.2475022025
10.2213807537
10.1952912782
10.1692359873
10.1432169431
10.117236066
10.0912951413
10.0653958252
10.0395396495
10.0137280271
9.98796225701
9.96224352872
9.93657292731
9.91095143782
9.88537994964
9.85985926087
9.83439008247
9.80897304231
9.78360868904
9.75829749595
9.73303986459
9.70783612832
9.68268655577
9.65759135408
9.63255067214
9.60756460364
9.58263319004
9.55775642341
9.53293424918
9.50816656877
9.48345324213
9.45879409018
9.43418889717
9.40963741289
9.38513935484
9.36069441033
9.33630223843
9.31196247191
9.28767471902
9.2634385653
9.23925357522
9.21511929377
9.19103524807
9.16700094879
9.14301589156
9.11907956626
9.0951914275
9.07135094074
9.04755755464
9.02381070903
9.00010983601
8.97645436102
8.95284370389
8.92927727975
8.90575450001
8.8822747732
8.85883750585
8.8354421033
8.81208797049
8.78877451271
8.76550113634
8.74226724951
8.71907226282
8.69591558996
8.67279664833
8.64971485966
8.62666965056
8.6036604531
8.58068670535
8.55774785188
8.53484334427
8.51197264162
8.48913521099
8.46633052787
8.44355807659
8.42081735082
8.39810785389
8.37542909925
8.35278061086
8.33016192353
8.3075725833
8.28501214783
8.26248018669
8.23997628171
8.21750002733
8.19505103088
8.17262891292
8.15023330749
8.12786386243
8.10552023965
8.08320211539
8.06090918049
8.03864114063
8.01639771659
7.99417864445
7.97198367585
7.94981257819
7.92766513482
7.90554114529
7.88344042546
7.86136280775
7.83930814128
7.81727629204
7.79526714303
7.77328059441
7.75131656363
7.72937498557
7.70745581261
7.6855590334
7.66368457933
7.64183250337
7.62000282323
7.59819557796
7.57641082596
7.55464864423
7.53290912801
7.51119239073
7.48949856389
7.46782779708
7.4461802579
7.42455613198
7.4029556229
7.38137895211
7.35982635893
7.33829810038
7.31679445114
7.29531570342
7.27386216685
7.25243416833
7.2310320519
7.20965617855
7.18830692606
7.16698468884
7.14568987769
7.12442291958
7.10318425747
7.08197435003
7.06079367142
7.03964271098
7.018521973
6.99743197638
6.9763732544
6.95534635432
6.93435183712
6.91339027712
6.89246226168
6.87156839078
6.85070927668
6.82988554356
6.80909782707
6.788346774
6.76763304179
6.7469572982
6.72632019105
6.70572248019
6.68516481162
6.66464789378
6.64417244081
6.62373917346
6.60334881919
6.58300211189
6.56269979159
6.5424426039
6.5222312996
6.50206663414
6.48194936712
6.4618802618
6.44186008461
6.42188960463
6.40196959308
6.38210082282
6.36228406782
6.3425201027
6.32280970217
6.30315364054
6.28355269126
6.26400762634
6.24451921592
6.22508822774
6.20571542667
6.18640157419
6.16714742797
6.14795374133
6.12882126281
6.10975073569
6.09074289753
6.07179847976
6.05291820717
6.03410279755
6.01535296122
5.9966694006
5.97805280986
