79.3929995898
78.8902931278
78.3872237556
77.8838508894
77.380224864
76.8763944233
76.3724076012
75.8683118213
75.3641539096
74.8599800977
74.3558360258
73.851766746
73.3478167274
72.8440298608
72.3404494651
71.8371182939
71.3340785433
70.83137186
70.3290393496
69.8271215866
69.3256586241
68.8246900039
68.3242547675
67.8243914671
67.3251381772
66.8265325064
66.3286116095
65.8314121995
65.3349705602
64.8393225589
64.3445036586
63.8505489309
63.357493069
62.8653703997
62.3742148967
61.8840601926
61.3949395916
60.9068860816
60.4199323466
59.9341107782
59.4494534875
58.9659923166
58.4837588496
58.0027844236
57.5231001393
57.0447368712
56.5677252776
56.0920958102
55.6178787234
55.1451040829
54.6738017743
54.2040015114
53.7357328434
53.2690251626
52.8039077109
52.3404095864
51.8785597489
51.4183870262
50.9599201182
50.5031876023
50.0482179369
49.5950394654
49.1436804192
48.6941689206
48.2465329846
47.8008005211
47.3569993359
46.9151571314
46.4753015072
46.0374599592
45.6016598797
45.1679285555
44.7362931666
44.3067807837
43.8794183658
43.4542327565
43.031250681
42.6104987411
42.1920034111
41.7757910323
41.3618878075
40.9503197946
40.5411129001
40.1342928719
39.7298852916
39.3279155665
38.9284089209
38.5313903872
38.1368847962
37.7449167673
37.355510698
36.9686907529
36.5844808529
36.2029046626
35.8239855794
35.4477467197
35.0742109069
34.7034006577
34.3353381686
33.9700453016
33.6075435704
33.2478541252
32.8909977381
32.5369947875
32.1858652431
31.8376286497
31.4923041116
31.149910276
30.8104653173
30.47398692
30.1404922625
29.8099980001
29.4825202486
29.1580745673
28.8366759421
28.5183387691
28.2030768375
27.890903313
27.5818307215
27.2758709328
26.9730351443
26.6733338649
26.3767768998
26.083373335
25.7931315221
25.5060590639
25.2221628003
24.9414487942
24.6639223189
24.3895878448
24.1184490276
23.8505086967
23.5857688447
23.3239697805
23.0653742228
22.7179058571
22.3798906045
22.0511651934
21.7315649389
21.420923198
21.119072051
20.8258429503
20.5410672493
20.2645766304
19.9962034593
19.7357810812
19.4831440756
19.2381284781
19.0005719781
18.7703140987
18.5471963617
18.3310624435
18.1217583223
17.9191324205
17.7230357428
17.5333220119
17.3498478024
17.1724726754
17.001059312
16.8354736495
16.6755850191
16.5212662872
16.3723940004
16.2288485361
16.0905142599
15.9573042398
15.829149447
15.7059469141
15.5875982078
15.4740096522
15.3650925869
15.2607636351
15.1609450005
15.0655647949
14.9745574014
14.8878638807
14.8054324267
14.7272188817
14.6531873214
14.5833107224
14.5175717285
14.4559635339
14.3984909071
14.3451713821
14.2960366535
14.2511342172
14.2105293106
14.174307221
14.1425760481
14.1154700314
14.0931535882
14.07582625
14.0637287514
14.057150611
14.0564396711
14.0620142479
14.0743788174
14.0941445847
14.1220569473
14.1590329446
