38.5824948763
58.0331652431
58.0189265585
57.9933716526
57.9589629104
57.9175142908
57.8703938027
57.8186542917
57.7631208136
57.7044503705
57.6431735747
57.5797242555
57.5144609104
57.4476824997
57.3796403044
57.3105469554
57.2405834458
57.1699045928
57.0986434
57.0269145688
56.9548173406
56.8824378156
56.8098508745
56.7371217966
56.6643075826
56.591458101
56.5186170224
56.4458226481
56.373108603
56.3005044182
56.2280360635
56.1557263751
56.0835954384
56.0116609319
55.9399383958
55.8684414966
55.7971822452
55.7261711765
55.6554175359
55.58492941
55.5147138714
55.444777076
55.3751243644
55.3057603644
55.2366890619
55.1679138647
55.0994376559
55.0312628792
54.9633915528
54.8958253279
54.8285655264
54.7616131715
54.694968995
54.6286335282
54.5626070665
54.4968896979
54.431481344
54.3663817601
54.3015905666
54.2371072434
54.1729311544
54.1090615559
54.0454976103
53.9822383811
53.9192828615
53.8566299688
53.7942785543
53.7322274093
53.6704752712
53.6090208279
53.547862723
53.4869995595
53.4264299046
53.366152292
53.3061652228
53.2464671819
53.1870566201
53.1279319705
53.0690916471
53.0105340477
52.9522575548
52.8942605387
52.8365413585
52.7790983637
52.7219298962
52.665034291
52.6084098783
52.5520549842
52.4959679317
52.4401470423
52.3845906367
52.3292970356
52.2742645608
52.2194915359
52.1649762872
52.1107171443
52.0567124407
52.0029605147
51.9494597097
51.8962083749
51.843204866
51.7904475451
51.737934782
51.685664954
51.6336364464
51.5818476532
51.5302969772
51.4789828301
51.4279036333
51.377057818
51.3264438252
51.2760601064
51.2259051234
51.175977349
51.1262752665
51.0767973741
51.0275421706
50.9785081767
50.9296939213
50.8810979447
50.8327187992
50.7845550488
50.7366052694
50.688868049
50.6413419878
50.5940256977
50.5469178032
50.5000169407
50.4533217589
50.4068309187
50.3605430932
50.3144569677
50.2685712396
45.9284290092
45.8993759259
45.869672586
45.8393845531
45.8085738431
45.7772989133
45.7456147208
45.7135728252
45.6812215177
45.6486059674
45.6157683747
45.5827481283
45.5495819605
45.516304101
45.4829464285
45.4495385948
45.4161081898
45.3826808511
45.3492803926
45.3159289204
45.2826469428
45.2494534739
45.2163661316
45.1834012288
45.1505738599
45.1178979818
45.0853864902
45.0530512901
45.0209033637
44.9889528317
44.9572090133
44.9256804797
44.8943751066
44.8633001215
44.8324621486
44.801867251
44.7715209696
44.7414283598
44.7115940254
44.6820221501
44.6527165276
44.6236805884
44.5949174257
44.5664298187
44.5382202545
44.510290948
44.4826438605
44.4552807161
44.428203017
44.4014120573
44.3749089341
44.3486945582
44.3227696619
44.2971348056
44.2717903809
44.2467366121
44.2219735533
44.1975010815
44.1733188836
44.1494264354
44.1258229693
44.1025074252
44.079478376
44.0567339133
44.0342714679
44.0120875161
