570679.68
20771.0004466
20734.5610139
20697.5422785
20660.8547641
20624.6801519
20589.0621156
20554.0163773
20519.5500401
20485.6651994
20452.3610101
20419.633941
20387.4782293
20355.8862891
20324.8490821
20294.3564514
20264.3974169
20234.9604328
20206.0336096
20177.6049008
20149.6622591
20122.1937635
20095.1877212
20068.6327477
20042.5178267
20016.832354
19991.5661676
19966.7095658
19942.2533153
19918.1886528
19894.5072788
19871.2013479
19848.2634544
19825.6866161
19803.4642552
19781.5901789
19760.0585586
19738.8639091
19718.0010684
19697.4651766
19677.2516567
19657.3561953
19637.7747244
19618.5034041
19599.5386061
19580.8768984
19562.5150305
19544.4499202
19526.6786406
19509.1984087
19492.006574
19475.1006091
19458.4780995
19442.1367356
19426.0743044
19410.2886826
19394.7778291
19379.5397796
19364.5726402
19349.8745828
19335.4438398
19321.2786999
19307.3775039
19293.7386414
19280.3605466
19267.2416961
19254.3806054
19241.7758263
19229.4259447
19217.3295785
19205.485375
19193.8920096
19182.5481837
19171.4526235
19160.6040779
19150.0013178
19139.6431345
19129.5283387
19119.6557592
19110.0242423
19100.6326505
19091.4798619
19082.5647694
19073.8862797
19065.4433133
19057.2348028
19049.2596934
19041.5169417
19034.0055153
19026.7243925
19019.6725617
19012.8490209
19006.2527777
18999.8828482
18993.7382575
18987.8180388
18982.1212331
18976.6468894
18971.3940637
18966.3618194
18961.5492266
18956.955362
18952.5793089
18948.4201565
18944.4770003
18940.7489411
18937.2350859
18933.9345466
18930.8464406
18927.9698904
18925.3040233
18922.8479716
18920.6008719
18918.5618656
18916.7300985
18915.1047204
18913.6848854
18912.4697516
18911.4584811
18910.6502396
18910.0441968
18909.6395256
18909.4354029
18909.4310086
18909.6255262
18910.0181425
18910.6080474
18911.3944339
18912.3764979
18913.5534387
18914.9244582
18916.4887612
18918.2455553
18920.194051
18922.3334612
18924.6630017
18927.1818908
18929.8893494
18932.7892087
18935.8712228
18939.1394779
18942.5932121
18946.2316584
18950.0540523
18954.0596313
18958.2476356
18962.6173074
18967.1678911
18971.8986334
18976.8087834
18981.8975921
18987.1643128
18992.6082009
18998.2285141
19004.024512
19009.9954567
19016.1406121
19022.4592444
19028.9506218
19035.6146304
19042.4495452
19049.4550214
19056.6303358
19063.9747673
19071.4875971
19079.1681084
19087.0155866
19095.0293194
19103.2085964
19111.5527097
19120.0609535
19128.7326241
19137.5670202
19146.5634427
19155.7211948
19165.0395819
19174.5179119
19184.1554948
19193.9516431
19203.9056715
19214.0168974
19224.2846404
19234.7082225
19245.2869682
19256.0202047
19266.9072613
19277.9474703
19289.1401661
19300.484686
19311.9803699
19323.6265602
19335.4226019
19347.3678431
19359.4616341
19371.7033283
19384.0922817
19396.6278532
19409.3094045
19422.1363002
19435.1079078
