-91.6864868608
-51.8830277374
-51.810629686
-51.7162634141
-51.6053696524
-51.4799984377
-51.341200451
-51.1897212261
-51.0261878298
-50.8511613264
-50.6651537018
-50.4686351386
-50.2620384632
-50.0457625877
-49.820175457
-49.5856166596
-49.342399767
-49.0908144415
-48.8311283364
-48.5635888142
-48.2884245017
-48.0058466979
-47.7160506526
-47.4192167256
-47.1155114418
-46.8050884503
-46.4880893974
-46.1646447232
-45.8348743864
-45.4988885269
-45.1567880701
-44.8086652781
-44.4546042549
-44.0946814061
-43.7289658602
-43.3575198528
-42.9803990783
-42.5976530105
-42.2093251952
-41.8154535172
-41.4160704438
-41.0112032461
-40.6008741995
-40.1851007671
-39.7638957636
-39.3372675048
-38.9052199409
-38.4677527767
-38.0248615779
-37.5765378657
-37.1227691996
-36.6635392498
-36.1988278588
-35.7286110944
-35.2528612926
-34.7715470927
-34.2846334643
-33.792081726
-33.2938495574
-32.7898910039
-32.2801564751
-31.7645927365
-31.2431428952
-30.7157463805
-30.1823389181
-29.6428524994
-29.0972153459
-28.545351869
-27.9871826242
-27.4226242623
-26.8515894757
-26.2739869409
-25.6897212576
-25.0986928841
-24.5007980701
-23.8959287859
-23.2839726497
-22.6648128526
-22.0383280812
-21.4043924395
-20.7628753688
-20.1136415678
-19.4565509117
-18.7914583724
-18.1182139386
-17.4366625384
-16.7466439633
-16.0479927957
-15.3405383393
-14.6241045546
-13.8985099998
-13.1635677776
-12.4190854905
-11.6648652038
-10.900703419
-10.1263910589
-9.34171346438
-8.54645040704
-7.7403761164
-6.92325932577
-6.09486333741
-5.25494610949
-4.40326036676
-3.53955373716
-2.66356891689
-1.77504388654
-0.8737120366
0.0406973581756
0.968459047175
1.90985135181
2.86515579815
3.83465668082
4.81864057697
5.81739580757
6.83121184307
7.86037865088
8.90518598201
9.96592259441
11.0428754108
12.136328609
13.2465626435
14.373853196
15.5184700556
16.6806759267
17.8607251661
19.0588624499
20.2753213714
21.5103229726
22.764074213
24.0367663793
25.3285734418
26.6396503621
27.9701313622
29.3201281596
30.6897281816
32.0789927657
33.487955361
34.9166197395
36.3649582346
37.832910018
39.3203794316
40.8272343896
42.3533048664
43.898381488
45.4622142402
47.0445113131
48.6449380941
50.2631163262
51.8986234449
53.5509921045
55.2197099073
56.9042193425
58.6039179426
60.3181586628
62.0462504842
63.7874592428
65.5410086798
67.3060817089
69.0818218927
70.8673351168
72.6616911498
74.4639268497
76.2730466167
78.0880258387
79.9078130425
81.7313324107
83.5574863657
85.3851581948
87.2132146924
89.0405087941
90.8658821786
92.6881678112
94.5061924065
96.3187787878
98.1247481189
99.9229219907
101.712124342
103.491183194
105.258932193
107.014211928
108.755871031
110.482767038
112.193766997
113.88774783
115.563596431
117.220209176
118.856492777
120.471361633
122.063738161
123.632551228
125.176734638
126.695225371
128.186961553
129.650880182
131.085881793
132.491030033
133.865053048
135.206952595
136.515608423
137.789888527
