87.6761335004
86.45852476
85.7130271515
85.3474779072
85.2381733274
85.2730480448
85.382145631
85.5283791013
85.6932619851
85.8675387135
86.0467621662
86.2287796211
86.4125234404
86.5974384849
86.7832125971
86.9696499126
87.1566112693
87.3439861307
87.5316793288
87.7196047825
87.9076825032
88.0958371488
88.2839973034
88.4720950973
88.6600659828
88.8478485809
89.0353845587
89.2226185195
89.4094978981
89.5959728579
89.7819961883
89.9675232037
90.1525116433
90.3369215724
90.5207152858
90.7038572136
90.8863138291
91.0680535602
91.2490467033
91.42926534
91.6086832571
91.7872758698
91.9650201474
92.1418945425
92.3178789231
92.4929545068
92.6671037987
92.8403105318
93.0125596093
93.1838370502
93.354129937
93.5234263659
93.6917153985
93.8589870167
94.0252320789
94.1904422784
94.3546101036
94.5177288001
94.6797923342
94.8407953586
95.000733179
95.1596017226
95.317397508
95.4741176164
95.6297596638
95.784321775
95.9378025585
96.0902010821
96.2415168505
96.3917497833
96.5409001937
96.6889687691
96.8359565516
96.98186492
97.1266955725
97.2704505096
97.4131320192
97.5547426598
97.6952852473
97.8347628409
97.9731787297
98.1105364202
98.2468396241
98.3820922468
98.5162983764
98.6494622732
98.7815883594
98.91268121
99.0427455429
99.1717862109
99.2998081926
99.426816585
99.5528165955
99.6778135346
99.8018128091
99.9248199153
100.046840433
100.167880018
100.2879444
100.407039371
100.525170786
100.642344554
100.758566636
100.873843039
100.988179809
101.101583034
101.214058831
101.325613349
101.436252763
101.54598327
101.654811087
101.762742446
101.869783593
101.975940784
102.081220283
102.185628357
102.289171279
102.391855319
102.493686746
102.594671825
102.694816816
102.794127968
102.892611521
102.990273706
103.087120736
103.183158814
103.278394122
103.372832828
103.466481079
103.559345001
103.651430701
103.742744259
103.833291737
103.923079167
104.012112558
104.100397892
104.187941123
104.274748178
104.360824954
104.446177318
104.530811107
104.614732128
104.697946156
104.780458933
104.86227617
104.943403543
105.023846697
105.103611242
105.182702753
105.261126771
105.338888804
105.415994322
105.492448762
105.568257524
105.643425973
105.717959437
105.791863208
105.865142545
105.937802665
106.009848752
106.081285954
106.15211938
106.222354103
106.291995161
106.361047554
106.429516243
106.497406157
106.564722184
106.631469177
106.697651952
106.76327529
106.828343932
106.892862586
106.956835922
107.020268573
107.083165137
107.145530175
107.207368214
107.268683742
107.329481214
107.389765047
107.449539625
107.508809295
107.56757837
107.625851127
107.683631808
107.740924621
107.797733741
107.854063306
107.90991742
107.965300156
108.02021555
108.074667607
108.128660296
108.182197555
108.235283288
108.287921367
108.34011563
108.391869885
108.443187906
