146.19221952
135.562346832
134.005649362
132.463070685
130.9335958
129.41668211
127.911846222
126.418607917
124.936487959
123.465013563
122.003724264
120.552176974
119.109950002
117.67664602
116.251894021
114.835350396
113.426699228
112.02565196
110.631946568
109.24534636
107.865638544
106.492632624
105.126158756
103.766066088
102.41222116
101.064506398
99.722818711
98.3870682341
97.0571771939
95.7330789207
94.4147169917
93.1020445012
91.7950234478
90.4936242274
89.1978252192
87.9076124538
86.6229793491
85.3439265042
84.0704615377
82.8025989617
81.5403600804
80.2837729048
79.0328720755
77.7876987864
76.548300703
75.3147318698
74.087052603
72.8653293638
71.6496346101
70.4400466245
69.2366493162
68.0395319979
66.8487891349
65.6645200693
64.4868287184
63.3158232492
62.1516157313
60.9943217692
59.8440601172
58.7009522793
57.5651220974
56.4366953296
55.3157992238
54.2025620878
53.0971128604
51.9995806871
50.9100945018
49.8287826203
48.7557723464
47.6911895949
46.6351585337
45.5878012481
44.5492374286
43.5195840869
42.4989552986
41.4874619781
40.4852116843
39.492308461
38.5088527115
37.5349411088
36.5706665438
35.61611811
34.671381127
33.7365372029
32.8116643359
31.8968370564
30.9921266084
30.0976011729
29.213326132
28.339364376
27.4757766526
26.6226219613
25.7799579927
24.9478416151
24.5509280719
24.5576415144
24.5641572602
24.5704741428
24.5766052444
24.5825425797
24.5882923982
24.5938575239
24.5992409093
24.604445599
24.6094746984
24.6143313784
24.6190188639
24.6235404243
24.6278993634
24.6320990109
24.6361427148
24.6400338331
24.6437757279
24.6473717581
24.6508252747
24.6541396143
24.6573180951
24.6603640122
24.6632806334
24.6660711957
24.6687389016
24.6712869168
24.6737183669
24.6760363352
24.6782438606
24.6803439357
24.6823395054
24.6842334649
24.6860286592
24.6877278817
24.6893338734
24.6908493225
24.6922768634
24.693619077
24.69487849
24.6960575748
24.6971587498
24.6981843795
24.6991367743
24.7000181912
24.7008308341
24.7015768542
24.7022583505
24.7028773703
24.70343591
24.7039359157
24.7043792837
24.7047678616
24.7051034487
24.7053877973
24.7056226129
24.7058095554
24.7059502401
24.7060462381
24.7060990777
24.7061102449
24.7060811844
24.7060133006
24.7059079583
24.705766484
24.705590166
24.7053802562
24.7051379703
24.7048644889
24.7045609586
24.7042284922
24.7038681704
24.7034810419
24.7030681245
24.702630406
24.7021688447
24.7016843706
24.7011778856
24.7006502649
24.7001023572
24.6995349854
24.698948948
24.6983450187
24.6977239482
24.697086464
24.6964332713
24.6957650541
24.6950824748
24.6943861759
24.6936767798
24.6929548897
24.6922210901
24.6914759474
24.6907200102
24.6899538101
24.6891778621
24.6883926649
24.6875987016
24.6867964401
24.6859863335
24.6851688205
24.6843443261
24.6835132616
24.6826760253
24.6818330025
