0.0
0.0
0.0
0.0
0.0
0.0
0.0
0.0
0.0
0.0
0.0
0.0
0.0
0.0
0.0
0.0
0.0
0.0
0.0
0.0
0.0
0.0
0.0
0.0
0.0
0.0
0.0
0.0
0.0
0.0
0.0
0.0
0.0
0.0
0.0
0.0
0.0
0.0
0.0
0.0
0.0
0.0
0.0
0.0
0.0
0.0
0.0
0.0
0.0
0.0
0.0
0.0
0.0
0.0
0.0
0.0
0.0
0.0
0.0
0.0
0.0
0.0
0.0
0.0
0.0
0.0
0.0
0.0
0.0
0.0
0.0
0.0
0.0
0.0
0.0
0.0
0.0
0.0
0.0
0.0
0.0
0.0
0.0
0.0
0.0
0.0
0.0
0.0
0.0
0.0
0.0
0.0
0.0
0.0
0.0
0.0
0.0
0.0
0.0
0.0
0.0
0.0
0.0
0.0
0.0
0.0
0.0
0.0
0.0
0.0
0.0
0.0
0.0
0.0
0.0
0.0
0.0
0.0
0.0
0.0
0.0
0.0
0.0
0.0
0.0
0.0
0.0
0.0
0.0
0.0
0.0
0.0
0.0
0.0
12.3266379832
29.7130656569
45.7655198502
60.7063708175
74.6755520502
87.7878500859
100.138563606
111.807667623
122.862931162
133.362286533
143.355654066
152.886364726
161.992281691
170.706693755
179.059033787
187.075461591
194.779340653
202.191631045
209.331215548
216.215172116
222.859002936
229.273417141
235.466853147
241.458673246
247.259804642
252.880319367
258.3295281
263.61605697
268.747916739
273.732563003
278.576949188
283.287573325
287.870519487
292.331494597
296.675861243
300.908667012
305.034670791
309.058366427
312.984004063
316.815609442
320.557001422
324.211807917
327.783480442
331.275307449
334.690426556
338.031835841
341.302404269
344.50488138
347.641906299
350.716016152
353.729653941
356.685175923
359.58485852
362.430904771
365.225450292
367.970568699
370.668276346
373.320536181
375.929260338
378.496310876
381.023497672
383.512571834
385.96521187
388.382997809
390.767364691
393.11951935
