860.578572183
660.354274194
547.199629251
454.176965924
387.319059156
345.028604067
320.705171661
307.211655638
299.59913079
294.996439156
292.043461284
289.941541346
288.285724098
286.871522196
285.59537249
284.404360145
283.271017676
282.180717203
281.125355415
280.100180704
279.102191662
278.129323603
277.180031731
276.253074878
275.347401257
274.462086491
273.596298699
272.749277804
271.92032246
271.108781182
270.314045912
269.535547042
268.7727494
268.025148883
267.292269586
266.573661295
265.868897297
265.177572433
264.49930138
263.833717104
263.180469487
262.539224086
261.909661024
261.291473983
260.684369296
260.088065124
259.502290709
258.926785694
258.361299498
257.805590753
257.259426777
256.7225831
256.194843021
255.6759972
255.165843286
254.664185563
254.170834631
253.685607101
253.20832532
252.738817101
252.276915487
251.822458517
251.375289008
250.935254362
250.502206366
250.07600102
249.656498364
249.243562321
248.837060546
248.436864281
248.042848225
247.654890398
247.272872028
246.896677429
246.526193895
246.161311593
245.801923464
245.44792513
245.099214802
244.755693191
244.417263538
244.083831109
243.755303744
243.431591378
243.112606069
242.798261941
242.488475081
242.183163561
241.882247294
241.585648023
241.293289253
241.00509621
240.720995778
240.440916463
240.164788339
239.892543008
239.624113556
239.359434513
239.09844181
238.841072745
238.587265946
238.33696133
238.090100078
237.846624593
237.606478473
237.369606478
237.135954503
236.905469546
236.678099681
236.453794032
236.232502746
236.014176967
235.798768814
235.586231353
235.376518579
235.169585391
234.96538757
234.763881757
234.565025438
234.368776918
234.175095304
233.983940488
233.795273129
233.609054632
233.425247133
233.243813485
233.064717236
232.88792262
232.713394537
232.54109854
232.371000821
232.203068194
232.037268087
231.873568524
231.711938113
231.552346033
231.394762025
231.239156377
231.085499911
230.933763977
230.783920436
230.635941652
230.489800484
230.345470269
230.20292482
230.06213841
229.923085766
229.785742057
229.650082889
229.516084293
229.383722715
229.252975012
229.12381844
228.996230649
228.870189672
228.745673921
228.622662175
228.501133577
228.381067623
228.262444161
228.145243376
228.029445791
227.915032253
227.801983936
227.690282327
227.57990922
227.470846717
227.363077215
227.256583404
227.151348261
227.047355042
226.944587281
226.843028782
226.742663613
226.643476106
226.545450844
226.448572664
226.35282665
226.258198124
226.164672648
226.072236017
225.980874253
225.890573603
225.801320534
225.713101731
225.625904089
225.539714712
225.454520909
225.370310192
225.287070266
225.204789033
225.123454586
225.043055203
224.963579346
224.885015658
224.807352959
224.730580243
224.654686675
224.579661589
224.505494483
