76.0175794618
75.67991076
75.3487773748
75.0240003379
74.7054011726
74.3928060359
74.0860479929
73.7849681301
73.4894159442
73.1992492839
72.9143340286
72.6345436202
72.3597585266
72.0898656819
71.8247579344
71.5643335201
71.3084955703
71.0571516584
70.8102133868
70.5675960136
70.329218117
70.0950012953
69.8648698983
69.6387507891
69.4165731322
69.1982682056
68.9837692335
68.7730112394
68.5659309143
68.3624665014
68.1625576929
67.9661455391
67.7731723671
67.5835817095
67.3973182399
67.2143277161
67.0345569295
66.8579536592
66.6844666316
66.514045484
66.3466407312
66.182203736
66.0206866822
65.8620425504
65.7062250951
65.5531888248
65.4028889827
65.2552815299
65.1103231287
64.9679711282
64.8281835498
64.6909190745
64.55613703
64.4237973795
64.2938607102
64.1662882228
64.0410417211
63.9180836025
63.7973768483
63.6788850146
63.5625722236
63.4484031547
63.3363430364
63.2263576375
63.11841326
63.0124767302
62.9085153918
62.8064970976
62.7063902025
62.608163556
62.5117864947
62.4172288354
62.324460868
62.2334533481
62.1441774907
62.0566049629
61.9707078774
61.8864587856
61.8038306711
61.7227969433
61.6433314308
61.5654083748
61.4890024232
61.4140886241
61.3406424197
61.2686396399
61.1980564969
61.1288695784
61.0610558427
60.9945926117
60.9294575662
60.8656287396
60.8030845124
60.7418036067
60.6817650809
60.6229483239
60.5653330502
60.5088992942
60.4536274055
60.3994980434
60.346492172
60.2945910552
60.2437762519
60.194029611
60.1453332668
60.0976696341
60.051021404
60.0053715389
59.9607032681
59.9170000838
59.8742457363
59.8324242298
59.7915198185
59.7515170021
59.712400522
59.6741553571
59.6367667202
59.6002200536
59.5645010258
59.5295955276
59.4954896681
59.4621697716
59.4296223738
59.3978342184
59.3667922534
59.336483628
59.3068956893
59.2780159789
59.2498322298
59.2223323632
59.1955044854
59.1693368849
59.1438180291
59.1189216303
59.0945931263
59.0708241835
59.0476067131
59.0249328442
59.0027949006
58.9811853788
58.96009693
58.9395223428
58.9194545291
58.8998865104
58.8808114067
58.862222426
58.8441128557
58.8264760542
58.8093054446
58.7925945085
58.7763367809
58.7605258457
58.7451553321
58.7302189112
58.7157102937
58.7016232273
58.6879514952
58.6746889146
58.6618293359
58.6493666412
58.6372947448
58.625607592
58.6142991596
58.6033634556
58.5927945196
58.5825864232
58.5727332704
58.5632291979
58.5540683761
58.5452450097
58.5367533382
58.528587637
58.520742218
58.5132114303
58.5059896613
58.4990713377
58.4924509256
58.4861229322
58.480081906
58.4743224379
58.468839162
58.4636267563
58.4586799433
58.453993491
58.4495622134
58.4453809713
58.4414446726
58.4377482734
58.4342867783
58.4310552407
58.4280487639
58.4252625009
58.4226916553
58.4203314817
58.4181772856
58.4162244245
58.4144683075
58.4129043958
58.4115282031
58.410335296
