1.74783882081
1.75331174834
1.75877986732
1.76424342818
1.76970267986
1.77515786799
1.78060923484
1.78605701942
1.79150145764
1.79694278241
1.80238122377
1.80781700901
1.81325036272
1.81868150695
1.82411066129
1.82953804291
1.8349638667
1.84038834533
1.84581168931
1.85123410709
1.85665580511
1.86207698787
1.867497858
1.87291861635
1.87833946195
1.88376059219
1.88918220281
1.89460448796
1.90002764026
1.9054518509
1.91087730959
1.9163042047
1.92173272326
1.92716305104
1.93259541217
1.93803012179
1.94346735333
1.94890727947
1.954350072
1.95979590189
1.96524493932
1.9706973537
1.9761533137
1.98161298734
1.98707654193
1.99254414419
1.99801596022
2.00349215559
2.00897289532
2.01445834394
2.01994866553
2.02544402373
2.0309445818
2.03645050262
2.04196194876
2.04747908249
2.0530020658
2.05853106048
2.06406622808
2.06960773002
2.07515572758
2.08071038193
2.08627185417
2.09184030536
2.09741589658
2.10299878891
2.1085891435
2.11418712159
2.11979288453
2.12540659384
2.13102841121
2.13665849856
2.14229701803
2.14794413206
2.15360000338
2.15926479505
2.16493867051
2.17062179358
2.1763143285
2.18201643996
2.18772829313
2.19345005368
2.1991818878
2.20492396225
2.21067644437
2.21643950208
2.22221330395
2.22799801919
2.23379393273
2.23960131993
2.24542035978
2.2512512321
2.25709411766
2.2629491981
2.26881665599
2.27469667489
2.28058943925
2.28649513457
2.2924139473
2.29834606494
2.30429167639
2.31025097064
2.31622413828
2.32221137087
2.32821286101
2.33422880232
2.34025938947
2.34630481814
2.35236528503
2.35844098785
2.36453212533
2.37063889713
2.37676150391
2.38290014726
2.38905502968
2.39522635454
2.40141432609
2.40761914936
2.41384103019
2.42008017514
2.42633679143
2.43261108695
2.43890327014
2.44521354996
2.45154213582
2.45788923749
2.46425506507
2.47063982886
2.4770437393
2.48346700688
2.48990984203
2.49637245504
2.50285505593
2.51066997508
2.51850445802
2.52674265977
2.53552498731
2.54484359807
2.55469116024
2.56506087764
2.57594634993
2.58734147509
2.59924038161
2.61163738105
2.62452693485
2.6379036309
2.65176216708
2.66609733967
2.68090403505
2.69617722394
2.71191195729
2.72810336327
2.74474664525
2.76183708023
2.77937001778
2.79734087923
2.81574515707
2.83457841452
2.85383628525
2.87351447313
2.89360875212
2.91411496622
2.93502902954
2.95634692638
2.97806471151
3.00017851045
3.02268451997
3.04557900862
3.0688583175
3.09251886113
3.11655712856
3.14096968466
3.16575317165
3.19090431093
3.21641990521
3.242296841
3.26853209147
3.29512271991
3.32206588359
3.34935883835
3.37699894397
3.40498367039
3.43331060503
3.46197746135
3.49098208896
3.52032248566
3.5499968116
3.58000340635
3.61034080938
3.64100778482
3.67200335166
3.70332682092
3.73497784169
3.7669564588
3.79926318601
3.83189909987
3.86486596219
3.89816638231
3.93180403686
3.96578397425
