321.168985919
335.32322396
335.971099008
336.565693446
337.129795529
337.676551859
338.215037336
338.752014666
339.292659749
339.84096301
340.39999976
340.97212974
341.559149868
342.16241293
342.782920542
343.421396318
344.078343704
344.754091847
345.448832092
346.162865116
346.895557513
347.64742779
348.418193978
349.207684193
350.015704774
350.842041873
351.686466191
352.548737631
353.428609251
354.32583047
355.240149641
356.171316099
357.119081766
358.083202413
359.063438627
360.059556554
361.071328433
362.098532998
363.140955732
364.198389035
365.270632302
366.357491937
367.458781311
368.574320681
369.703937078
370.847464162
372.004742064
373.17561721
374.359942134
375.557575283
376.768380825
377.992228437
379.228993114
380.47855496
381.740798989
383.015614932
384.302897038
385.602543885
386.914458193
388.238546642
389.574719697
390.922891428
392.282979348
393.654904244
395.038590021
396.433963546
397.840954493
399.259495202
400.689520535
402.130967731
403.58377628
405.047887783
406.523245829
408.009795866
409.50748508
411.016262276
412.536077756
414.06688321
415.6086316
417.161277047
418.724774726
420.299080756
421.884152092
423.479946425
425.086422074
426.703537881
428.331253115
429.969527366
431.618320444
433.277592278
434.947302815
436.62741192
438.317879274
440.018664273
441.729725921
443.451022737
445.182512643
446.92415286
448.675899809
450.437708997
452.209534913
453.991330916
455.783049126
457.584640309
459.396053765
461.217237206
463.048136643
464.888696262
466.738858297
468.598562911
470.467748061
472.346349369
474.234299986
476.131530457
478.037968579
479.953539253
481.878164345
483.811762526
485.754249124
487.705535963
489.665531202
491.634139165
493.611260177
495.596790386
497.590621583
499.592641022
501.602731231
503.62076982
505.646629284
507.680176804
509.721274034
511.7697769
513.825535373
515.888393258
517.958187961
520.034750259
522.117904065
524.207466189
526.303246084
528.405045604
530.512658738
532.625871353
534.744460929
536.868196281
538.996837287
541.130134603
543.267829382
545.409652976
547.555326644
549.704561255
551.85705698
554.012502988
556.17057713
558.330945634
560.493262779
562.657170579
564.822298466
566.988262958
569.154667342
571.321101348
573.487140822
575.652347403
577.816268203
579.978435483
582.138366339
584.295562387
586.449509454
588.59967728
590.745519217
592.886471947
595.021955203
597.151371502
599.274105896
601.389525726
603.496980405
605.595801208
607.685301086
609.764774501
611.833497286
613.890726525
615.935700467
617.967638466
619.985740955
621.989189455
623.97714662
625.948756325
627.903143791
629.839415762
631.756660726
633.653949184
635.53033398
637.384850677
639.216517999
641.024338329
642.80729827
644.564369271
646.294508321
647.99665871
649.669750853
651.312703195
