74.4968162027
97.3987576
120.458448139
138.638659888
151.267037749
158.844186108
163.000052219
165.172831928
166.325742947
166.911358743
167.207836199
167.356982003
167.430234867
167.463507227
167.4749273
167.47373462
167.464715096
167.450410803
167.432223404
167.410967365
167.387148946
167.361108042
167.333091116
167.303289317
167.271858862
167.238932305
167.204625041
167.169039281
167.132266641
167.094389938
167.055484523
167.015619302
166.974857566
166.933257673
166.890873621
166.847755532
166.803950072
166.759500813
166.71444854
166.668831527
166.622685773
166.576045208
166.528941879
166.481406106
166.433466627
166.385150719
166.336484315
166.2874921
166.238197598
166.188623253
166.138790501
166.088719833
166.038430852
165.987942328
165.937272244
165.886437839
165.83545565
165.784341547
165.733110769
165.681777951
165.630357157
165.578861903
165.527305187
165.475699504
165.424056878
165.372388874
165.320706618
165.269020821
165.217341788
165.165679439
165.114043322
165.062442629
165.010886206
164.959382569
164.907939916
164.856566136
164.805268823
164.754055284
164.702932552
164.651907393
164.600986315
164.550175578
164.499481205
164.448908984
164.39846448
164.348153041
164.297979808
164.247949716
164.198067506
164.148337729
164.098764752
164.049352764
164.000105784
163.951027662
163.902122088
163.853392596
163.804842567
163.756475237
163.7082937
163.660300912
163.612499695
163.564892742
163.517482622
163.470271781
163.423262549
163.37645714
163.329857659
163.283466103
163.237284366
163.191314241
163.145557421
163.100015509
163.054690012
163.00958235
162.964693857
162.920025782
162.875579294
162.831355484
162.787355364
162.743579874
162.700029884
162.656706193
162.613609531
162.570740565
162.528099898
162.485688073
162.443505572
162.401552819
162.359830185
162.318337984
162.277076479
162.236045882
162.195246357
162.154678018
162.114340937
162.074235136
162.034360598
161.994717263
161.95530503
161.91612376
161.877173274
161.838453358
161.799963763
161.761704204
161.723674364
161.685873894
161.648302413
161.610959512
161.57384475
161.53695766
161.500297749
161.463864495
161.427657353
161.391675754
161.355919104
161.320386788
161.285078166
161.249992582
161.215129356
161.180487789
161.146067164
161.111866746
161.077885782
161.044123503
161.010579123
160.977251841
160.944140842
160.911245295
160.878564357
160.846097171
160.813842868
160.781800566
160.749969372
160.718348383
160.686936684
160.655733351
160.624737449
160.593948037
160.563364161
160.532984863
160.502809174
160.472836119
160.443064715
160.413493974
160.3841229
160.354950493
160.325975745
160.297197644
160.268615173
160.24022731
160.212033031
160.184031304
160.156221096
160.12860137
160.101171086
160.073929201
160.046874669
160.020006443
159.993323471
159.966824702
