6.14592475062
6.15013247499
6.15419214903
6.15811030956
6.16189309481
6.16554625959
6.16907520512
6.17248500785
6.17578044569
6.17896602158
6.18204598484
6.18502435043
6.18790491643
6.19069127992
6.1933868514
6.19599486798
6.19851840532
6.20096038868
6.20332360288
6.2056107016
6.20782421577
6.2099665614
6.21204004669
6.21404687867
6.21598916926
6.21786894096
6.21968813199
6.22144860115
6.22315213231
6.22480043854
6.226395166
6.22793789886
6.22943015711
6.23087340821
6.23226906413
6.23361848565
6.2349229848
6.23618382734
6.23740223488
6.23857938703
6.23971642278
6.2408144449
6.24187451731
6.24289766991
6.24388489938
6.24483717037
6.24575541693
6.24664054386
6.24749342782
6.24831491857
6.24910634343
6.24986927595
6.25060441403
6.2513124372
6.25199400544
6.25264976033
6.25328032564
6.253886308
6.25446829741
6.25502686786
6.25556257782
6.25607597071
6.25656757546
6.25703790689
6.25748746615
6.2579167412
6.25832620709
6.25871632646
6.25908754981
6.25944031586
6.25977505193
6.26009217419
6.26039208799
6.26067518816
6.26094185925
6.26119247585
6.26142740277
6.26164699535
6.26185159966
6.26204155273
6.26221718278
6.2623788094
6.26252674377
6.26266128883
6.2627827395
6.26289138282
6.26298749815
6.26307135731
6.26314322475
6.2632033577
6.26325200633
6.26328941387
6.26331581676
6.26333144476
6.26333652113
6.26333126269
6.26331587999
6.26329057738
6.26325555316
6.26321099967
6.26315710337
6.26309404498
6.26302199957
6.26294113663
6.26285162017
6.26275360882
6.2626472559
6.26253270951
6.26241011259
6.26227960304
6.26214131375
6.26199537268
6.26184190295
6.2616810229
6.26151284614
6.2613374816
6.26115503365
6.26096560209
6.26076928226
6.26056616506
6.26035633701
6.26013988031
6.25991687289
6.25968738845
6.25945149651
6.25920926245
6.25896074755
6.25870600905
6.25844510018
6.25817807019
6.25790496438
6.25762582417
6.25734068711
6.2570373858
6.25672866519
6.25828774682
6.25973705607
6.26108039842
6.26232105579
6.26346205335
6.26450621454
6.2654561873
6.26631446277
6.26708338994
6.26776518754
6.26836195364
6.26887567373
6.2693082274
6.26966139192
6.26993685542
6.27013620826
6.270260955
6.27031251517
6.27029222567
6.27020134278
6.27004104375
6.26981242801
6.26951651799
6.26915425966
6.26872652262
6.26823409988
6.26767770728
6.26705798249
6.26637548361
6.26563068737
6.26482398684
6.2639556886
6.26302600943
6.2620350723
6.26098346644
6.25987302748
6.25870344274
6.25747428523
6.25618500517
6.25483491983
6.25342320213
6.2519488675
6.25041075872
6.24880752841
6.24713761871
6.24539923765
6.24359033161
6.24170855299
6.23975122211
6.23771528215
6.23559724538
6.23339312872
6.23109837588
6.22870776244
6.22621527923
6.22361398746
6.22089583666
6.21805143306
6.21506974029
6.21193768643
6.2086396375
6.20515667626
6.20146558711
6.19753738041
