39761.28
31213.3545339
31195.1108236
31177.734493
31161.1043583
31145.1819046
31129.9376921
31115.3448235
31101.3775292
31088.011026
31075.2214728
31062.9859392
31051.2823751
31040.0895823
31029.3871862
31019.1556089
31009.3760422
31000.0304224
30991.1014049
30982.5723397
30974.427248
30966.6507989
30959.2282873
30952.1456115
30945.3892527
30938.9462541
30932.804201
30926.9512014
30921.3758672
30916.0672963
30911.0150543
30906.2091582
30901.6400593
30897.2986271
30893.1761345
30889.264242
30885.5549835
30882.0407528
30878.7142892
30875.5686651
30872.5972733
30869.7938146
30867.1522864
30864.6669712
30862.3324258
30860.1434707
30858.0951804
30856.1828731
30854.4021017
30852.7486447
30851.2184975
30849.8078641
30848.5131492
30847.3309501
30846.2580495
30845.2914086
30844.4281595
30843.6655995
30843.001184
30842.4325206
30841.9573633
30841.5736067
30841.2792807
30841.0725448
30840.9516837
30840.9151015
30840.961318
30841.0889633
30841.2967737
30841.5835877
30841.9483413
30842.3900647
30842.9078779
30843.5009871
30844.1686812
30844.9103282
30845.7253719
30846.6133281
30847.573782
30848.6063846
30849.7108497
30850.8869508
30852.1345183
30853.4534366
30854.8436409
30856.3051148
30857.8378874
30859.4420305
30861.1176559
30862.8649129
30864.6839854
30866.5750896
30868.5384714
30870.5744034
30872.6831831
30874.8651295
30877.1205815
30879.4498946
30881.8534389
30884.3315964
30886.8847587
30889.5133243
30892.2176963
30894.9982799
30897.8554801
30900.7896988
30903.801333
30906.8907721
30910.0583952
30913.3045692
30916.6296462
30920.0339611
30923.5178293
30927.0815444
30930.7253759
30934.449567
30938.2543323
30942.1398557
30946.106288
30950.1537454
30954.2823065
30958.4920114
30962.7828589
30967.1548052
30971.6077615
30976.1415932
30980.7561174
30985.4511016
30990.2262627
30995.0812648
31000.015719
31005.0291811
31010.1211516
30871.996843
30877.2285621
30761.7142335
30774.4447418
30786.0440013
30796.6570314
30806.4045993
30815.3918972
30823.7110208
30831.4426612
30838.6575504
30845.417729
30851.777656
30857.7851784
30863.4823782
30868.9063115
30874.0896541
30879.0612659
30883.8466849
30888.4685607
30892.9470348
30897.3000756
30901.5437739
30905.6926043
30909.759657
30913.7568443
30917.6950844
30921.5844677
30925.4344052
30929.2537649
30933.0509953
30936.8342409
30940.8643442
30945.3087189
30949.7919066
30954.3204753
30958.901171
30963.5412328
30968.2483524
30973.0308012
30977.8975476
30982.858379
30987.9240376
30993.1063723
30998.4185125
31003.875067
31009.492356
31015.2886812
31021.284646
31027.5035348
31033.9717678
31040.7194489
31047.781031
31055.1961295
31063.0105252
31071.2774101
31080.0589489
31089.428255
31099.4719167
31110.293263
31122.0166401
31134.7930878
31148.8079943
31164.2915998
31181.5337029
31200.9047252
31222.8867009
