180.503889687
270.755834531
114.7567776
172.1351664
114.185359497
171.278039245
113.623074766
170.434612149
113.070019285
169.605028928
112.526262794
168.789394191
111.991857156
167.987785733
111.466840015
167.200260023
110.95123633
166.426854495
110.445059136
165.667588704
109.948310042
164.922465063
109.460979645
164.191469468
108.983047926
163.474571888
108.51448464
162.771726961
108.055249728
162.082874592
107.605293722
161.407940582
107.164558173
160.746837259
106.732976077
160.099464116
106.310472311
159.465708467
105.896964066
158.845446099
105.492361286
158.238541929
105.096567106
157.644850659
104.709478285
157.064217427
104.330985636
156.496478454
103.960974456
155.941461684
103.599324939
155.398987409
103.245912593
154.868868889
102.900608637
154.350912955
102.5632804
153.844920601
102.233791701
153.350687551
101.912003217
152.868004826
101.597772849
152.396659274
101.290956063
151.936434094
100.991406228
151.487109341
100.698974934
151.0484624
100.413512302
150.620268453
100.134867277
150.202300916
99.8628879089
149.794331863
99.5974216151
149.396132423
99.3383154379
149.007473157
99.0854162805
148.628124421
98.8385711333
148.2578567
98.5976272856
147.896440928
98.3624325241
147.543648786
98.1328353194
147.199252979
97.9086849988
146.863027498
97.6898319077
146.534747861
97.4761275585
146.214191338
97.2674247687
145.901137153
97.0635777866
145.59536668
96.8644424078
145.296663612
96.6698760799
145.00481412
96.4797379985
144.719606998
96.2938891928
144.440833789
96.1121926026
144.168288904
95.9345131467
143.90176972
95.7607177825
143.641076674
95.5906755586
143.386013338
95.4242576596
143.136386489
95.2613374436
142.892006165
95.1017904739
142.652685711
94.9454945439
142.418241816
94.7923296963
142.188494544
94.6421782373
141.963267356
94.4949247448
141.742387117
94.3504560729
141.525684109
94.2086613516
141.312992027
94.0694319819
141.104147973
93.932661628
140.898992442
93.7982462058
140.697369309
93.6660838675
140.499125801
93.5360749843
140.304112477
93.4081221261
140.112183189
93.282130038
139.923195057
93.1580056163
139.737008424
93.0356578806
139.553486821
92.9149979457
139.372496919
92.7959389912
139.193908487
92.6783962298
139.017594345
92.5622868745
138.843430312
92.447530105
138.671295158
92.3340470325
138.501070549
92.2217606648
138.332640997
92.1105958697
138.165893805
92.0004793391
138.000719009
91.8913396151
137.837009423
91.7831068002
137.6746602
91.6757128976
137.513569346
91.5690915238
137.353637286
91.4631779328
137.194766899
91.3579089796
137.036863469
91.2532230829
136.879834624
91.1490601884
136.723590283
91.0453617323
136.568042598
90.9420706056
136.413105908
90.8391311182
136.258696677
90.7364889636
136.104733445
90.6340911846
135.951136777
90.5318861389
135.797829208
90.4298234655
135.644735198
90.3278540522
135.491781078
90.2259300027
135.338895004
90.1240046052
135.186006908
90.0220323018
135.033048453
89.9199686574
134.879952986
89.8177703308
134.726655496
89.7153950454
134.573092568
89.6128015614
134.419202342
89.5099496478
134.264924472
89.4068000566
134.110200085
89.3033144959
133.954971744
89.1994556054
133.799183408
89.0951869315
133.642780397
88.990472904
133.485709356
88.8852788125
133.327918219
88.7795707851
133.169356178
88.6733157658
133.009973649
88.5664814947
132.849722242
88.4590364872
132.688554731
88.3509493114
132.526423967
88.2421913559
132.363287034
88.1327326948
132.199099042
88.0225447466
132.03381712
87.9115996242
131.867399436
87.7998701137
131.699805171
87.6873296569
131.530994485
87.5739523368
131.360928505
87.4597128624
131.189569294
87.3445865564
131.016879835
87.2285493414
130.842824012
87.1115777287
130.667366593
86.9936488064
130.49047321
86.8747402286
130.312110343
86.7548302049
130.132245307
86.6338974911
129.950846237
86.5119213795
129.767882069
86.3888816906
129.583322536
86.2647587648
129.397138147
86.1395334546
129.209300182
86.0131871178
129.019780677
85.8857016106
128.828552416
85.7570592814
128.635588922
85.6272429655
128.440864448
85.496235979
128.244353969
85.3640221149
128.046033172
85.230585638
127.845878457
85.095911983
127.643867974
84.9599849666
127.43997745
84.8227909071
127.234186361
84.6843159336
127.0264739
84.5445466237
126.816819936
84.4034700052
126.605205008
84.2610735571
126.391610336
84.117345208
126.176017812
83.9722733357
125.958410004
83.8258467663
125.738770149
83.6780547734
125.51708216
83.528887078
125.293330617
83.3783338482
125.067500772
83.2263856998
124.83957855
83.0730336959
124.609550544
82.9182693484
124.377404023
82.7620846182
124.143126927
82.6044719164
123.906707875
82.4454241056
123.668136158
82.2849345009
123.427401751
82.1229968718
123.184495308
81.9596054436
122.939408165
81.7947548992
122.692132349
81.6284403812
122.442660572
81.4606574934
122.19098624
81.2914023035
121.937103455
81.1206713447
121.681007017
80.9484616182
121.422692427
80.7747705955
121.162155893
80.5995962205
120.899394331
80.4229369121
120.634405368
80.244791566
120.367187349
80.0651595578
120.097739337
79.8840407447
119.826061117
79.701435468
119.552153202
79.5173445554
119.276016833
79.3317693231
118.997653985
79.144711578
118.717067367
78.9561736196
118.434260429
78.7661582424
118.149237364
78.5746687371
117.862003106
78.3817088928
117.572563339
78.1872829984
117.280924498
77.9913958444
116.987093767
77.7940527239
116.691079086
77.5952594336
116.39288915
77.3950222754
116.092533413
77.1933480566
115.790022085
76.990244091
115.485366136
76.7857181988
115.178577298
76.5797787072
114.869668061
76.3724344504
114.558651676
76.1636947687
114.245542153
75.953569509
113.930354263
180.503889687
270.755834531
114.7567776
172.1351664
114.185359497
171.278039245
113.623074766
170.434612149
113.070019285
169.605028928
112.526262794
168.789394191
111.991857156
167.987785733
111.466840015
167.200260023
110.95123633
166.426854495
110.445059136
165.667588704
109.948310042
164.922465063
109.460979645
164.191469468
108.983047926
163.474571888
108.51448464
162.771726961
108.055249728
162.082874592
107.605293722
161.407940582
107.164558173
160.746837259
106.732976077
160.099464116
106.310472311
159.465708467
105.896964066
158.845446099
105.492361286
158.238541929
105.096567106
157.644850659
104.709478285
157.064217427
104.330985636
156.496478454
103.960974456
155.941461684
103.599324939
155.398987409
103.245912593
154.868868889
102.900608637
154.350912955
102.5632804
153.844920601
102.233791701
153.350687551
101.912003217
152.868004826
101.597772849
152.396659274
101.290956063
151.936434094
100.991406228
151.487109341
100.698974934
151.0484624
100.413512302
150.620268453
100.134867277
150.202300916
99.8628879089
149.794331863
99.5974216151
149.396132423
99.3383154379
149.007473157
99.0854162805
148.628124421
98.8385711333
148.2578567
98.5976272856
147.896440928
98.3624325241
147.543648786
98.1328353194
147.199252979
97.9086849988
146.863027498
97.6898319077
146.534747861
97.4761275585
146.214191338
97.2674247687
145.901137153
97.0635777866
145.59536668
96.8644424078
145.296663612
96.6698760799
145.00481412
96.4797379985
144.719606998
96.2938891928
144.440833789
96.1121926026
144.168288904
95.9345131467
143.90176972
95.7607177825
143.641076674
95.5906755586
143.386013338
95.4242576596
143.136386489
95.2613374436
142.892006165
95.1017904739
142.652685711
94.9454945439
142.418241816
94.7923296963
142.188494544
94.6421782373
141.963267356
94.4949247448
141.742387117
94.3504560729
141.525684109
94.2086613516
141.312992027
94.0694319819
141.104147973
93.932661628
140.898992442
93.7982462058
140.697369309
93.6660838675
140.499125801
93.5360749843
140.304112477
93.4081221261
140.112183189
93.282130038
139.923195057
93.1580056163
139.737008424
93.0356578806
139.553486821
92.9149979457
139.372496919
92.7959389912
139.193908487
92.6783962298
139.017594345
92.5622868745
138.843430312
92.447530105
138.671295158
92.3340470325
138.501070549
92.2217606648
138.332640997
92.1105958697
138.165893805
92.0004793391
138.000719009
91.8913396151
137.837009423
91.7831068002
137.6746602
91.6757128976
137.513569346
91.5690915238
137.353637286
91.4631779328
137.194766899
91.3579089796
137.036863469
91.2532230829
136.879834624
91.1490601884
136.723590283
91.0453617323
136.568042598
90.9420706056
136.413105908
90.8391311182
136.258696677
90.7364889636
136.104733445
90.6340911846
135.951136777
90.5318861389
135.797829208
90.4298234655
135.644735198
90.3278540522
135.491781078
90.2259300027
135.338895004
90.1240046052
135.186006908
90.0220323018
135.033048453
89.9199686574
134.879952986
89.8177703308
134.726655496
89.7153950454
134.573092568
89.6128015614
134.419202342
89.5099496478
134.264924472
89.4068000566
134.110200085
89.3033144959
133.954971744
89.1994556054
133.799183408
89.0951869315
133.642780397
88.990472904
133.485709356
88.8852788125
133.327918219
88.7795707851
133.169356178
88.6733157658
133.009973649
88.5664814947
132.849722242
88.4590364872
132.688554731
88.3509493114
132.526423967
88.2421913559
132.363287034
88.1327326948
132.199099042
88.0225447466
132.03381712
87.9115996242
131.867399436
87.7998701137
131.699805171
87.6873296569
131.530994485
87.5739523368
131.360928505
87.4597128624
131.189569294
87.3445865564
131.016879835
87.2285493414
130.842824012
87.1115777287
130.667366593
86.9936488064
130.49047321
86.8747402286
130.312110343
86.7548302049
130.132245307
86.6338974911
129.950846237
86.5119213795
129.767882069
86.3888816906
129.583322536
86.2647587648
129.397138147
86.1395334546
129.209300182
86.0131871178
129.019780677
85.8857016106
128.828552416
85.7570592814
128.635588922
85.6272429655
128.440864448
85.496235979
128.244353969
85.3640221149
128.046033172
85.230585638
127.845878457
85.095911983
127.643867974
84.9599849666
127.43997745
84.8227909071
127.234186361
84.6843159336
127.0264739
84.5445466237
126.816819936
84.4034700052
126.605205008
84.2610735571
126.391610336
84.117345208
126.176017812
83.9722733357
125.958410004
83.8258467663
125.738770149
83.6780547734
125.51708216
83.528887078
125.293330617
83.3783338482
125.067500772
83.2263856998
124.83957855
83.0730336959
124.609550544
82.9182693484
124.377404023
82.7620846182
124.143126927
82.6044719164
123.906707875
82.4454241056
123.668136158
82.2849345009
123.427401751
82.1229968718
123.184495308
81.9596054436
122.939408165
81.7947548992
122.692132349
81.6284403812
122.442660572
81.4606574934
122.19098624
81.2914023035
121.937103455
81.1206713447
121.681007017
80.9484616182
121.422692427
80.7747705955
121.162155893
80.5995962205
120.899394331
80.4229369121
120.634405368
80.244791566
120.367187349
80.0651595578
120.097739337
79.8840407447
119.826061117
79.701435468
119.552153202
79.5173445554
119.276016833
79.3317693231
118.997653985
79.144711578
118.717067367
78.9561736196
118.434260429
78.7661582424
118.149237364
78.5746687371
117.862003106
78.3817088928
117.572563339
78.1872829984
117.280924498
77.9913958444
116.987093767
77.7940527239
116.691079086
77.5952594336
116.39288915
77.3950222754
116.092533413
77.1933480566
115.790022085
76.990244091
115.485366136
76.7857181988
115.178577298
76.5797787072
114.869668061
76.3724344504
114.558651676
76.1636947687
114.245542153
75.953569509
113.930354263
