11.7626814742
12.0618566562
12.3595759535
12.6558213331
12.9505758445
13.24382359
13.5355496495
13.8257400066
14.1143814822
14.4014616732
14.6869688975
14.9708921437
15.2532210248
15.5339457361
15.8130570167
16.0905461139
16.3664047503
16.6406250939
16.9131997297
17.1841216346
17.4533841527
17.7209809735
17.9869061114
18.2511538866
18.5137189055
18.7745960467
19.0337804438
19.2912674711
19.5470527301
19.801132037
20.0535014103
20.3041570598
20.5530953766
20.8003129224
21.0458064209
21.2895727491
21.5316089287
21.7719121189
22.0104796091
22.2473088119
22.4823972568
22.7157425843
22.9473425403
23.1771949703
23.4052978151
23.6316491054
23.8562469578
24.0790895704
24.3001752187
24.5195022524
24.7370690912
24.9528742221
25.1669161959
25.3791936246
25.5897051783
25.7984495829
26.0054256177
26.2106321127
26.4140679471
26.6157320469
26.8156233831
27.0137409699
27.2100838633
27.4046511593
27.5974419928
27.7884555358
27.9776909968
28.1651476192
28.3508246806
28.5347214915
28.7168373947
28.8971717645
29.0757240059
29.2524935538
29.4274798727
29.6006824563
29.7721008266
29.9417345338
30.109583156
30.2756462988
30.4399235954
30.6024147058
30.7631193175
30.9220371449
31.0791679295
31.2345114398
31.3880674717
31.5398358482
31.6898164201
31.8380090657
31.9844136915
32.1290302323
32.2718586515
32.4128989419
32.5521511253
32.6896152541
32.8252914109
32.9591797094
33.091280295
33.2215933454
33.3501190715
33.4768577175
33.6018095624
33.7249749201
33.8463541408
33.9659476114
34.0837557567
34.1997790401
34.3140179649
34.4264730749
34.5371449556
34.6460342355
34.7531415868
34.8584677269
34.9620134195
35.0637794757
35.1637667554
35.2619761685
35.3584086765
35.4530652934
35.5459470877
35.6370551832
35.726390761
35.8139550611
35.8997493833
35.9837750896
36.0660336054
36.146526421
36.225255094
36.3022212505
36.3774265868
36.4508728718
36.5225619483
36.5924957354
36.6606762299
36.7314475953
36.8008854252
36.8689558821
36.9356301874
37.0008837049
37.0646952117
37.1270463355
37.1879211183
37.2473056712
37.3051878987
37.3615572752
37.4164046619
37.469722155
37.521502959
37.5717412798
37.6204322341
37.667571772
37.7131566098
37.7571841785
37.7996525508
37.8405604311
37.8799070951
37.9176923621
37.953916565
37.9885805253
38.02168553
38.0532333122
38.0832260342
38.1116662722
38.1385570046
38.1639016016
38.1877038163
38.2099677793
38.2306979941
38.2498993349
38.2675770466
38.2837367471
38.2983844315
38.3115264802
38.3231696681
38.3333211787
38.3419886209
38.3491800508
38.3549039982
38.3591694984
38.3619861323
38.3633640735
38.3633141463
38.3618478956
38.3589776721
38.3547167364
38.3490793864
38.3420811158
38.3337378303
38.3240020487
38.3128807092
38.3003817579
38.2865143266
38.2712889641
38.2547179382
38.2368156379
38.2175991248
38.1970889095
38.1753100909
38.1522941156
