-125.12450032
-109.711487449
-92.8860060176
-82.563124275
-72.0443154847
-66.4157278861
-63.4616927522
-61.7181255509
-60.6607091683
-59.9005164086
-59.2857204909
-58.7479140623
-58.2559725976
-57.7953533248
-57.3589134778
-56.9428470792
-56.5448824059
-56.1634776601
-55.797458552
-55.4458524029
-55.1078102038
-54.782568403
-54.4694288906
-54.167747501
-53.8769266437
-53.5964100473
-53.3256786703
-53.0642473237
-52.8116617743
-52.5674962033
-52.3313509471
-52.1028504721
-51.8816415495
-51.667391604
-51.4597872158
-51.2585327572
-51.0633491498
-50.8739727295
-50.6901542072
-50.5116577151
-50.3382599317
-50.1697492757
-50.0059251632
-49.8465973217
-49.6915851567
-49.5407171637
-49.3938303841
-49.2507698999
-49.1113883633
-48.9755455597
-48.8431079997
-48.7139485393
-48.5879460245
-48.4649849598
-48.3449551974
-48.2277516469
-48.1132740027
-48.0014264883
-47.8921176172
-47.7852599672
-47.6807699689
-47.5785677067
-47.478576732
-47.3807238859
-47.2849391342
-47.1911554102
-47.0993084673
-47.0093367399
-46.9211812114
-46.8347852909
-46.7500946951
-46.6670573378
-46.5856232254
-46.5057443571
-46.4273746316
-46.3504697579
-46.2749871716
-46.2008859547
-46.1281267605
-46.0566717418
-45.986484483
-45.9175299358
-45.8497743578
-45.7831852548
-45.7177313253
-45.6533824086
-45.5901094345
-45.5278843767
-45.4666802072
-45.4064708538
-45.3472311594
-45.2889368434
-45.2315644647
-45.1750913867
-45.1194957438
-45.0647564095
-45.0108529664
-44.9577656768
-44.9054754555
-44.8539638432
-44.8032129818
-44.7532055901
-44.703924941
-44.6553548399
-44.6074796036
-44.5602840407
-44.5137534322
-44.4678735136
-44.4226304577
-44.3780108574
-44.3340017105
-44.2905904041
-44.2477647
-44.2055127212
-44.1638229382
-44.1226841564
-44.0820856039
-44.0420165188
-44.002466741
-43.9634262985
-43.9248854979
-43.8868349149
-43.8492653844
-43.8121679917
-43.775534064
-43.7393551614
-43.7036230696
-43.6683297918
-43.6334675414
-43.5990287347
-43.5650059847
-43.5313920937
-43.4981800477
-43.46536301
-43.4329343157
-43.4008874655
-43.3692161212
-43.3379140997
-43.3069753684
-43.2763940407
-43.2461643708
-43.2162807496
-43.1867377005
-43.1575298751
-43.1286520495
-43.10009912
-43.0718660999
-43.043948116
-43.0163404047
-42.989038309
-42.9620372756
-42.9353328514
-42.9089206807
-42.8827965023
-42.8569561471
-42.831395535
-42.8061106726
-42.7810976504
-42.7563526412
-42.7318718968
-42.7076517464
-42.6836885945
-42.6599789183
-42.6365192663
-42.6133062559
-42.5903365719
-42.5676069644
-42.5451142471
-42.5228552958
-42.5008270466
-42.4790264942
-42.4574506907
-42.4360967438
-42.4149618155
-42.3940431208
-42.3733379262
-42.3528435483
-42.332557353
-42.3124767537
-42.2925992105
-42.2729222288
-42.2534433586
-42.2341601928
-42.2150703668
-42.1961715569
-42.1774614799
-42.1589378916
-42.1405985863
-42.1224413955
-42.1044641876
-42.0866648663
-42.0690413705
-42.0515916732
-42.0343137804
-42.0172057311
-42.0002655958
-41.9834914764
-41.966881505
-41.9504338436
-41.9341466834
-125.12450032
-109.711487449
-92.8860060176
-82.563124275
-72.0443154847
-66.4157278861
-63.4616927522
-61.7181255509
-60.6607091683
-59.9005164086
-59.2857204909
-58.7479140623
-58.2559725976
-57.7953533248
-57.3589134778
-56.9428470792
-56.5448824059
-56.1634776601
-55.797458552
-55.4458524029
-55.1078102038
-54.782568403
-54.4694288906
-54.167747501
-53.8769266437
-53.5964100473
-53.3256786703
-53.0642473237
-52.8116617743
-52.5674962033
-52.3313509471
-52.1028504721
-51.8816415495
-51.667391604
-51.4597872158
-51.2585327572
-51.0633491498
-50.8739727295
-50.6901542072
-50.5116577151
-50.3382599317
-50.1697492757
-50.0059251632
-49.8465973217
-49.6915851567
-49.5407171637
-49.3938303841
-49.2507698999
-49.1113883633
-48.9755455597
-48.8431079997
-48.7139485393
-48.5879460245
-48.4649849598
-48.3449551974
-48.2277516469
-48.1132740027
-48.0014264883
-47.8921176172
-47.7852599672
-47.6807699689
-47.5785677067
-47.478576732
-47.3807238859
-47.2849391342
-47.1911554102
-47.0993084673
-47.0093367399
-46.9211812114
-46.8347852909
-46.7500946951
-46.6670573378
-46.5856232254
-46.5057443571
-46.4273746316
-46.3504697579
-46.2749871716
-46.2008859547
-46.1281267605
-46.0566717418
-45.986484483
-45.9175299358
-45.8497743578
-45.7831852548
-45.7177313253
-45.6533824086
-45.5901094345
-45.5278843767
-45.4666802072
-45.4064708538
-45.3472311594
-45.2889368434
-45.2315644647
-45.1750913867
-45.1194957438
-45.0647564095
-45.0108529664
-44.9577656768
-44.9054754555
-44.8539638432
-44.8032129818
-44.7532055901
-44.703924941
-44.6553548399
-44.6074796036
-44.5602840407
-44.5137534322
-44.4678735136
-44.4226304577
-44.3780108574
-44.3340017105
-44.2905904041
-44.2477647
-44.2055127212
-44.1638229382
-44.1226841564
-44.0820856039
-44.0420165188
-44.002466741
-43.9634262985
-43.9248854979
-43.8868349149
-43.8492653844
-43.8121679917
-43.775534064
-43.7393551614
-43.7036230696
-43.6683297918
-43.6334675414
-43.5990287347
-43.5650059847
-43.5313920937
-43.4981800477
-43.46536301
-43.4329343157
-43.4008874655
-43.3692161212
-43.3379140997
-43.3069753684
-43.2763940407
-43.2461643708
-43.2162807496
-43.1867377005
-43.1575298751
-43.1286520495
-43.10009912
-43.0718660999
-43.043948116
-43.0163404047
-42.989038309
-42.9620372756
-42.9353328514
-42.9089206807
-42.8827965023
-42.8569561471
-42.831395535
-42.8061106726
-42.7810976504
-42.7563526412
-42.7318718968
-42.7076517464
-42.6836885945
-42.6599789183
-42.6365192663
-42.6133062559
-42.5903365719
-42.5676069644
-42.5451142471
-42.5228552958
-42.5008270466
-42.4790264942
-42.4574506907
-42.4360967438
-42.4149618155
-42.3940431208
-42.3733379262
-42.3528435483
-42.332557353
-42.3124767537
-42.2925992105
-42.2729222288
-42.2534433586
-42.2341601928
-42.2150703668
-42.1961715569
-42.1774614799
-42.1589378916
-42.1405985863
-42.1224413955
-42.1044641876
-42.0866648663
-42.0690413705
-42.0515916732
-42.0343137804
-42.0172057311
-42.0002655958
-41.9834914764
-41.966881505
-41.9504338436
-41.9341466834
