-74.7531633994
-35.4218414256
-74.2880007642
-34.597381875
-73.2118132564
-34.0900015137
-72.1984410987
-33.6122695895
-71.2431593063
-33.161932125
-70.3429518643
-32.7375628327
-69.4949787176
-32.3378222338
-68.6963984269
-31.9613712703
-67.9443830936
-31.6068778225
-67.2361549505
-31.2730337836
-66.5690194116
-30.9585705267
-65.9403909542
-30.6622710154
-65.347811687
-30.3829784807
-64.7889632211
-30.1196019556
-64.261672724
-29.8711190786
-63.7639141357
-29.6365766275
-63.2938055376
-29.4150892486
-62.8496036079
-29.2058368201
-62.4296960063
-29.0080608453
-62.0325924144
-28.821060218
-61.6569148357
-28.6441866421
-61.30138764
-28.4768399339
-60.9648277235
-28.3184633825
-60.6461350627
-28.1685392963
-60.344283851
-28.0265848267
-60.0583143417
-27.892148125
-59.7873254633
-27.7648048651
-59.530468233
-27.6441551422
-59.2869399565
-27.5298207428
-59.0559791851
-27.4214427723
-58.8368613808
-27.3186796161
-58.6288952308
-27.2212052071
-58.4314195494
-27.1287075703
-58.2438007006
-27.0408876131
-58.0654304776
-26.9574581302
-57.8957243771
-26.8781429962
-57.7341202101
-26.802676515
-57.5800769956
-26.730802904
-57.4330740892
-26.6622758888
-57.2926105028
-26.5968583874
-57.1582043779
-26.5343222676
-57.0293925785
-26.4744481605
-56.9057303757
-26.4170253167
-56.7867911987
-26.3618514955
-56.6721664328
-26.3087328738
-56.5614652466
-26.2574839712
-56.4543144334
-26.20792758
-56.3503582293
-26.1598946853
-56.2492582679
-26.1132244485
-56.1506932362
-26.0677640509
-56.0543587992
-26.0233686634
-55.959967384
-25.9799013494
-55.8672478452
-25.9372329125
-55.7759453535
-25.8952418486
-55.6858210033
-25.8538141661
-55.5966515222
-25.8128432529
-55.508229689
-25.7722300765
-55.4203608748
-25.7318815649
-55.33286735
-25.6917126296
-55.2455846869
-25.6516444812
-55.1583621289
-25.6116048049
-55.0710621331
-25.571527548
-54.9835598962
-25.5313526999
-54.895742866
-25.4910260637
-54.8075102403
-25.450499023
-54.718772456
-25.4097283031
-54.6294506711
-25.3686757284
-54.5394762415
-25.3273079774
-54.4487901945
-25.2855963361
-54.3573427028
-25.2435164505
-54.2650925591
-25.2010480803
-54.1720066562
-25.1581748534
-54.078059471
-25.1148840238
-53.9832325577
-25.0711662321
-53.8875140497
-25.0270152707
-53.7908981732
-24.9824278536
-53.6933847725
-24.9374033925
-53.5949788499
-24.8919437787
-53.4956901202
-24.8460531721
-53.3955325813
-24.7997377976
-53.2945241017
-24.7530057494
-53.1926860256
-24.7058668031
-53.0900427955
-24.6583322366
-52.9866215944
-24.6104146595
-52.8824520058
-24.562127851
-52.777565693
-24.5134866073
-52.6719960963
-24.4645065966
-52.5657781518
-24.415204225
-52.4589480263
-24.3655965093
-52.3515428698
-24.3157009587
-52.2436005892
-24.2655354659
-52.1351596367
-24.2151182058
-52.0262588164
-24.1644675421
-51.9169371071
-24.1136019422
-51.8072335009
-24.0625398989
-51.697186857
-24.0112998604
-51.5868357698
-23.9599001656
-51.4762184512
-23.9083589872
-51.3653726252
-23.8566942808
-51.2543354361
-23.8049237396
-51.1431433668
-23.7530647543
-51.0318321694
-23.7011343793
-50.976095628
-23.675373282
-50.9797375347
-23.6775736097
-50.9819423617
-23.6790804524
-50.982777149
-23.679925808
-50.9823041855
-23.6801393987
-50.9805830466
-23.6797496708
-50.9776712887
-23.678784122
-50.9736244625
-23.6772693079
-50.9684961847
-23.6752308737
-50.9623382196
-23.6726935923
-50.9552003748
-23.6696813138
-50.9471310155
-23.6662172058
-50.9381765354
-23.662323505
-50.9283817549
-23.658021703
-50.9177898896
-23.6533325308
-50.9064425967
-23.6482759804
-50.8943800197
-23.6428713249
-50.8816408323
-23.6371371389
-50.86826228
-23.631091318
-50.854280222
-23.6247510977
-50.8397291705
-23.618133072
-50.8246423309
-23.6112532118
-50.8090516392
-23.6041268828
-50.7929878003
-23.5967688627
-50.7764803247
-23.5891933591
-50.7595575642
-23.5814140258
-50.742246748
-23.5734439797
-50.7245740166
-23.5652958174
-50.7065644565
-23.5569816307
-50.6882421331
-23.5485130226
-50.6696301239
-23.5399011231
-50.6507505497
-23.5311566036
-50.6316246066
-23.5222896924
-50.6122725964
-23.5133101889
-50.5927139565
-23.5042274778
-50.5729672894
-23.4950505434
-50.5530503909
-23.4857879827
-50.5329802784
-23.4764480189
-50.512773218
-23.4670385146
-50.4924447511
-23.4575669841
-50.4720097199
-23.4480406058
-50.4514822931
-23.4384662346
-50.4308759901
-23.4288504129
-50.4102037048
-23.4191993827
-50.3894777289
-23.4095190963
-50.3687097741
-23.3998152268
-50.3479109944
-23.3900931793
-50.3270920067
-23.3803581002
-50.3062629119
-23.3706148876
-50.2854333142
-23.3608682007
-50.264612341
-23.3511224689
-50.2438086609
-23.3413819007
-50.2230305024
-23.3316504927
-50.202285671
-23.3219320377
-50.181581566
-23.3122301329
-50.1609251972
-23.3025481876
-50.1403232003
-23.2928894309
-50.1197818522
-23.2832569191
-50.099307086
-23.2736535426
-50.0789045047
-23.2640820325
-50.0585793953
-23.2545449679
-50.0383367416
-23.2450447813
-50.0181812375
-23.2355837654
-49.9981172984
-23.2261640788
-49.9781490738
-23.2167877516
-49.9582804582
-23.2074566907
-49.9385151023
-23.1981726856
-49.9188564232
-23.1889374128
-49.8993076149
-23.1797524412
-49.8798716579
-23.1706192365
-49.8605513284
-23.1615391659
-49.8413492077
-23.1525135022
-49.8222676903
-23.1435434281
-49.803308993
-23.1346300405
-49.7844751621
-23.1257743536
-49.7657680816
-23.1169773034
-49.7471894803
-23.1082397508
-49.7287409393
-23.0995624852
-49.7104238981
-23.0909462277
-49.692239662
-23.082391634
-49.6741894075
-23.073899298
-49.6562741889
-23.0654697543
-49.6384949441
-23.0571034808
-49.6208524996
-23.0488009021
-49.6033475764
-23.040562391
-49.5859807946
-23.0323882719
-49.5687526787
-23.0242788228
-49.5516636621
-23.0162342772
-49.5347140914
-23.008254827
-49.5179042311
-23.0003406239
-49.5012342672
-22.9924917816
-49.4847043118
-22.9847083781
-49.4683144061
-22.9769904568
-49.4520645247
-22.9693380287
-49.4359545788
-22.9617510742
-49.4199844194
-22.9542295443
-49.4041538406
-22.9467733623
-49.3884625827
-22.9393824253
-74.7531633994
-35.4218414256
-74.2880007642
-34.597381875
-73.2118132564
-34.0900015137
-72.1984410987
-33.6122695895
-71.2431593063
-33.161932125
-70.3429518643
-32.7375628327
-69.4949787176
-32.3378222338
-68.6963984269
-31.9613712703
-67.9443830936
-31.6068778225
-67.2361549505
-31.2730337836
-66.5690194116
-30.9585705267
-65.9403909542
-30.6622710154
-65.347811687
-30.3829784807
-64.7889632211
-30.1196019556
-64.261672724
-29.8711190786
-63.7639141357
-29.6365766275
-63.2938055376
-29.4150892486
-62.8496036079
-29.2058368201
-62.4296960063
-29.0080608453
-62.0325924144
-28.821060218
-61.6569148357
-28.6441866421
-61.30138764
-28.4768399339
-60.9648277235
-28.3184633825
-60.6461350627
-28.1685392963
-60.344283851
-28.0265848267
-60.0583143417
-27.892148125
-59.7873254633
-27.7648048651
-59.530468233
-27.6441551422
-59.2869399565
-27.5298207428
-59.0559791851
-27.4214427723
-58.8368613808
-27.3186796161
-58.6288952308
-27.2212052071
-58.4314195494
-27.1287075703
-58.2438007006
-27.0408876131
-58.0654304776
-26.9574581302
-57.8957243771
-26.8781429962
-57.7341202101
-26.802676515
-57.5800769956
-26.730802904
-57.4330740892
-26.6622758888
-57.2926105028
-26.5968583874
-57.1582043779
-26.5343222676
-57.0293925785
-26.4744481605
-56.9057303757
-26.4170253167
-56.7867911987
-26.3618514955
-56.6721664328
-26.3087328738
-56.5614652466
-26.2574839712
-56.4543144334
-26.20792758
-56.3503582293
-26.1598946853
-56.2492582679
-26.1132244485
-56.1506932362
-26.0677640509
-56.0543587992
-26.0233686634
-55.959967384
-25.9799013494
-55.8672478452
-25.9372329125
-55.7759453535
-25.8952418486
-55.6858210033
-25.8538141661
-55.5966515222
-25.8128432529
-55.508229689
-25.7722300765
-55.4203608748
-25.7318815649
-55.33286735
-25.6917126296
-55.2455846869
-25.6516444812
-55.1583621289
-25.6116048049
-55.0710621331
-25.571527548
-54.9835598962
-25.5313526999
-54.895742866
-25.4910260637
-54.8075102403
-25.450499023
-54.718772456
-25.4097283031
-54.6294506711
-25.3686757284
-54.5394762415
-25.3273079774
-54.4487901945
-25.2855963361
-54.3573427028
-25.2435164505
-54.2650925591
-25.2010480803
-54.1720066562
-25.1581748534
-54.078059471
-25.1148840238
-53.9832325577
-25.0711662321
-53.8875140497
-25.0270152707
-53.7908981732
-24.9824278536
-53.6933847725
-24.9374033925
-53.5949788499
-24.8919437787
-53.4956901202
-24.8460531721
-53.3955325813
-24.7997377976
-53.2945241017
-24.7530057494
-53.1926860256
-24.7058668031
-53.0900427955
-24.6583322366
-52.9866215944
-24.6104146595
-52.8824520058
-24.562127851
-52.777565693
-24.5134866073
-52.6719960963
-24.4645065966
-52.5657781518
-24.415204225
-52.4589480263
-24.3655965093
-52.3515428698
-24.3157009587
-52.2436005892
-24.2655354659
-52.1351596367
-24.2151182058
-52.0262588164
-24.1644675421
-51.9169371071
-24.1136019422
-51.8072335009
-24.0625398989
-51.697186857
-24.0112998604
-51.5868357698
-23.9599001656
-51.4762184512
-23.9083589872
-51.3653726252
-23.8566942808
-51.2543354361
-23.8049237396
-51.1431433668
-23.7530647543
-51.0318321694
-23.7011343793
-50.976095628
-23.675373282
-50.9797375347
-23.6775736097
-50.9819423617
-23.6790804524
-50.982777149
-23.679925808
-50.9823041855
-23.6801393987
-50.9805830466
-23.6797496708
-50.9776712887
-23.678784122
-50.9736244625
-23.6772693079
-50.9684961847
-23.6752308737
-50.9623382196
-23.6726935923
-50.9552003748
-23.6696813138
-50.9471310155
-23.6662172058
-50.9381765354
-23.662323505
-50.9283817549
-23.658021703
-50.9177898896
-23.6533325308
-50.9064425967
-23.6482759804
-50.8943800197
-23.6428713249
-50.8816408323
-23.6371371389
-50.86826228
-23.631091318
-50.854280222
-23.6247510977
-50.8397291705
-23.618133072
-50.8246423309
-23.6112532118
-50.8090516392
-23.6041268828
-50.7929878003
-23.5967688627
-50.7764803247
-23.5891933591
-50.7595575642
-23.5814140258
-50.742246748
-23.5734439797
-50.7245740166
-23.5652958174
-50.7065644565
-23.5569816307
-50.6882421331
-23.5485130226
-50.6696301239
-23.5399011231
-50.6507505497
-23.5311566036
-50.6316246066
-23.5222896924
-50.6122725964
-23.5133101889
-50.5927139565
-23.5042274778
-50.5729672894
-23.4950505434
-50.5530503909
-23.4857879827
-50.5329802784
-23.4764480189
-50.512773218
-23.4670385146
-50.4924447511
-23.4575669841
-50.4720097199
-23.4480406058
-50.4514822931
-23.4384662346
-50.4308759901
-23.4288504129
-50.4102037048
-23.4191993827
-50.3894777289
-23.4095190963
-50.3687097741
-23.3998152268
-50.3479109944
-23.3900931793
-50.3270920067
-23.3803581002
-50.3062629119
-23.3706148876
-50.2854333142
-23.3608682007
-50.264612341
-23.3511224689
-50.2438086609
-23.3413819007
-50.2230305024
-23.3316504927
-50.202285671
-23.3219320377
-50.181581566
-23.3122301329
-50.1609251972
-23.3025481876
-50.1403232003
-23.2928894309
-50.1197818522
-23.2832569191
-50.099307086
-23.2736535426
-50.0789045047
-23.2640820325
-50.0585793953
-23.2545449679
-50.0383367416
-23.2450447813
-50.0181812375
-23.2355837654
-49.9981172984
-23.2261640788
-49.9781490738
-23.2167877516
-49.9582804582
-23.2074566907
-49.9385151023
-23.1981726856
-49.9188564232
-23.1889374128
-49.8993076149
-23.1797524412
-49.8798716579
-23.1706192365
-49.8605513284
-23.1615391659
-49.8413492077
-23.1525135022
-49.8222676903
-23.1435434281
-49.803308993
-23.1346300405
-49.7844751621
-23.1257743536
-49.7657680816
-23.1169773034
-49.7471894803
-23.1082397508
-49.7287409393
-23.0995624852
-49.7104238981
-23.0909462277
-49.692239662
-23.082391634
-49.6741894075
-23.073899298
-49.6562741889
-23.0654697543
-49.6384949441
-23.0571034808
-49.6208524996
-23.0488009021
-49.6033475764
-23.040562391
-49.5859807946
-23.0323882719
-49.5687526787
-23.0242788228
-49.5516636621
-23.0162342772
-49.5347140914
-23.008254827
-49.5179042311
-23.0003406239
-49.5012342672
-22.9924917816
-49.4847043118
-22.9847083781
-49.4683144061
-22.9769904568
-49.4520645247
-22.9693380287
-49.4359545788
-22.9617510742
-49.4199844194
-22.9542295443
-49.4041538406
-22.9467733623
-49.3884625827
-22.9393824253
