935887.944
1088634.20443
1126329.08456
1033990.75082
1094407.0835
1145492.80681
1183532.34376
1195468.46563
1216578.74793
1235037.034
1252075.624
1268318.96636
1284076.88813
1299503.53531
1314677.25821
1329639.57502
1344413.96977
1359014.94654
1373452.40794
1387733.79125
1401865.12599
1415851.56983
1429697.6896
1443407.61625
1456985.13609
1470433.74882
1483756.70766
1496957.04903
1510037.616
1523001.07746
1535849.94434
1548586.58364
1561213.23059
1573731.99946
1586144.89312
1598453.81159
1610660.55968
1622766.85389
1634774.32868
1646684.54207
1658498.98081
1670219.06507
1681846.15267
1693381.54308
1704826.48095
1716182.1595
1727449.72355
1738630.27237
1749724.86231
1760734.50928
1771660.191
1782502.84913
1793263.3913
1803942.69293
1814541.599
1825060.92572
1835501.46205
1845863.97114
1856149.19176
1866357.83955
1876490.6083
1886548.17103
1896531.18117
1906440.27357
1916276.06547
1926039.15746
1935730.13436
1945349.56606
1954898.00832
1964376.00354
1973784.08144
1983122.75982
1992392.54513
2001593.93314
2010727.40949
2019793.4503
2028792.52262
2037725.08501
2046591.58795
2055392.47436
2064128.17996
2072799.1337
2081405.75818
2089948.46997
2098427.67996
2106843.79372
2115197.21176
2123488.32987
2131717.53936
2139885.22735
2147991.77698
2156037.56768
2164022.97536
2171948.37265
2179814.12905
2187620.61114
2195368.18275
2203057.20512
2210688.03703
2218261.03499
2225776.5533
2233234.94425
2240636.55817
2247981.74358
2255270.84728
2262504.21443
2269682.18864
2276805.11207
2283873.32545
2290887.16823
2297846.97857
2304753.09341
2311605.84856
2318405.57871
2325152.61749
2331847.54403
2338490.19582
2345081.15107
2351620.73949
2358109.28987
2364547.13011
2370934.58726
2377271.98749
2383559.65614
2389797.9177
2395987.09585
2402127.51346
2408219.49255
2414263.35436
2420259.4193
2426208.00696
2432109.43613
2437964.02475
2443772.08997
2449533.94807
2455249.91452
2460920.30391
2466545.42999
2472125.60564
2477661.14283
2483152.35269
2488599.54538
2494003.0302
2499363.11549
2504680.10864
2509954.31609
2515186.0433
2520375.59476
2525523.27393
2530629.38327
2535694.22419
2540718.09708
2545701.30123
2550644.13488
2555546.89517
2560409.87811
2565233.37862
2570017.69044
2574763.10621
2579469.91735
2584138.41412
2588768.88559
2593361.61961
2597916.90281
2602435.02057
2606916.25704
2611360.89509
2615769.21632
2620141.50105
2624478.02828
2628779.07572
2633044.91974
2637275.83539
2641472.09635
2645633.97499
2649761.74228
2653855.66782
2657916.01983
2661943.06516
2665937.06922
2669898.29605
2673827.00825
2677723.46702
2681587.93209
2685420.6618
2689221.91302
2692991.94118
2696731.00026
2700439.34277
2704117.21977
2707764.88085
2711382.57413
2714970.54623
2718529.04233
2722058.30611
2725558.57977
2729030.10401
2732473.11806
2735887.85965
2739274.56504
