0.0043665
0.00438573134384
0.00438873055079
0.00438936865578
0.00438946165844
0.0043894305917
0.00438937141748
0.00438930597574
0.004389239213
0.0043891722234
0.00438910522319
0.00438903822991
0.00438897121743
0.00438890415135
0.00438883699703
0.00438876972124
0.00438870229257
0.00438863468133
0.00438856685956
0.00438849880088
0.00438843048044
0.00438836187488
0.00438829296222
0.00438822372182
0.00438815413435
0.00438808418175
0.00438801384714
0.00438794311486
0.0043878719704
0.00438780040039
0.00438772839256
0.00438765593577
0.00438758301997
0.00438750963618
0.00438743577651
0.00438736143416
0.00438728660342
0.00438721127964
0.0043871354593
0.00438705913996
0.00438698232033
0.00438690500022
0.00438682718062
0.00438674886367
0.00438667005273
0.00438659075236
0.00438651096835
0.00438643070777
0.00438634997901
0.00438626879174
0.00438618715702
0.0043861050873
0.00438602259644
0.00438593969979
0.00438585641415
0.00438577275791
0.00438568875099
0.00438560441494
0.00438551977297
0.00438543484996
0.00438534967253
0.00438526426909
0.00438517866985
0.00438509290686
0.00438500701409
0.00438492102742
0.00438483498473
0.0043847489259
0.00438466289284
0.00438457692958
0.00438449108224
0.00438440539912
0.00438431993069
0.00438423472962
0.00438414985083
0.00438406535151
0.00438398129112
0.00438389773141
0.00438381473646
0.00438373237265
0.00438365070868
0.00438356981557
0.00438348976664
0.00438341063753
0.00438333250611
0.00438325545254
0.00438317955914
0.00438310491044
0.00438303159303
0.00438295969557
0.00438288930867
0.00438282052484
0.00438275343834
0.00438268814513
0.00438262474268
0.00438256332988
0.00438250400685
0.00438244687477
0.00438239203572
0.00438233959243
0.00438228964806
0.00438224230597
0.00438219766943
0.00438215584132
0.00438211692385
0.00438208101818
0.00438204822408
0.00438201863954
0.00438199236035
0.0043819694797
0.00438195008767
0.00438193427081
0.00438192211159
0.0043819136879
0.00438190907252
0.00438190833257
0.00438191152892
0.00438191871564
0.0043819299394
0.00438194523892
0.00438196464439
0.00438198817688
0.00438201584783
0.00438204765852
0.0043820835996
0.0043821236506
0.00438216777959
0.00438221594279
0.00438226808434
0.00438232413606
0.00438238401735
0.00438244763515
0.00438251488401
0.00438258564625
0.00438265979221
0.00438273718068
0.00438281765931
0.00438290106528
0.00438298722594
0.00438307595965
0.00438316707666
0.00438326038014
0.00438335566718
0.00438345272999
0.00438355135704
0.00438365133432
0.00438375244657
0.00438385447857
0.00438395721633
0.0043840604484
0.00438416396699
0.0043842675691
0.00438437105765
0.00438447424237
0.00438457694078
0.00438467897891
0.004384780192
0.0043848804251
0.00438497953352
0.00438507738313
0.00438517385115
0.00438526882385
0.00438536220087
0.00438545389255
0.00438554381812
0.00438563190867
0.00438571810524
0.00438580235868
0.00438588462918
0.00438596488808
0.00438604310855
0.00438611927792
0.00438619338893
0.004386265441
0.00438633543969
0.00438640339619
0.00438646932671
0.00438653325202
0.00438659519686
0.00438665518944
0.00438671326101
0.00438676944537
0.00438682377844
0.00438687629787
0.00438692704266
0.00438697605283
0.00438702336907
0.00438706903251
0.00438711308437
0.00438715556579
0.00438719651759
0.00438723598005
0.00438727399278
0.00438731059454
0.0043873458231
0.00438737971513
0.00438741230609
0.00438744363014
0.00438747372005
0.00438750260716
