4.2403
17.3498166896
17.373445906
17.3965215468
17.4190296376
17.4409657027
17.4623293421
17.4831218697
17.5033454202
17.5230026097
17.5420964041
17.5606300628
17.578607111
17.5960313232
17.6129067092
17.6292375022
17.6450281472
17.6602832895
17.6750077627
17.6892065778
17.702884911
17.7160480926
17.7287015958
17.7408510248
17.7525021042
17.7636606678
17.7743326475
17.7845240634
17.7942410129
17.8034896608
17.8122762295
17.8206069894
17.8284882498
17.8359263499
17.8429276504
17.8494985251
17.8556453531
17.8613745112
17.8666923668
17.871605271
17.8761195525
17.8802415107
17.8839774109
17.8873334779
17.8903158919
17.8929307829
17.8951842272
17.8970822423
17.8986307842
17.899835743
17.9007029406
17.901238127
17.9014469787
17.9013350953
17.9009079985
17.9001711295
17.8991298478
17.89778943
17.8961550682
17.8942318695
17.8920248554
17.8895389605
17.8867790331
17.8837498344
17.8804560384
17.8769022325
17.8730929172
17.8690325066
17.8647253292
17.8601756279
17.8553875611
17.8503652033
17.8451125458
17.8396334979
17.8339318879
17.8280114635
17.821875894
17.8155287702
17.8089736067
17.8022138424
17.7952528419
17.7880938971
17.7807402282
17.7731949849
17.7654612482
17.7575420313
17.7494402812
17.7411588798
17.7327006458
17.7240683354
17.715264644
17.7062922075
17.6971536036
17.6878513532
17.6783879214
17.6687657194
17.6589871049
17.6490543843
17.6389698133
17.6287355981
17.6183538971
17.6078268215
17.5971564369
17.5863447402
17.575393755
17.5643053936
17.5530815492
17.5417240743
17.5302347822
17.5186154477
17.5068678079
17.4949935632
17.4829943786
17.4708718838
17.4586276745
17.4462633133
17.4337803301
17.4211802232
17.4084644598
17.3956344768
17.3826916816
17.3696374525
17.3564731394
17.3432000647
17.3298195233
17.3163327837
17.3027410884
17.2890456543
17.275247673
17.2613483119
17.2473487139
17.2332499985
17.2190532617
17.2047595766
17.1903699938
17.1758855416
17.1613072267
17.1466360339
17.131872927
17.1170188488
17.1020747214
17.0870414462
17.0719199048
17.0567109584
17.0414154488
17.0260341978
17.0105680082
16.9950176631
16.9793839269
16.9636675447
16.947869243
16.9319897296
16.9160296935
16.8999898053
16.8838707173
16.8676730633
16.851397459
16.8350445017
16.8186147708
16.8021088273
16.7855272145
16.7688704575
16.7521390633
16.7353335212
16.7184543023
16.70150186
16.6844766297
16.6673790288
16.6502094568
16.6329682954
16.6156559083
16.5982726413
16.5808188223
16.5632947611
16.5457007499
16.5280370625
16.510303955
16.4925016656
16.4746304143
16.456690403
16.438681816
16.4206048193
16.4024595608
16.3842461705
16.3659647606
16.3476154248
16.3291982391
16.3107132616
16.2921605321
16.2735400726
16.2548518872
16.2360959619
16.2172722652
16.1983807473
16.1794213409
16.1603939608
16.1412985044
16.1221348512
16.1029028633
16.0836023852
