1780.02
75204.722823
77195.929406
78729.2124603
79890.9005407
80758.6753946
81398.3953638
81863.7221494
82197.1689274
82431.7514783
82592.7444576
82697.5033217
82765.7401294
82802.9631725
82818.8768222
82819.4094754
82808.9375342
82790.6809826
82767.0007739
82739.6211681
82709.7956311
82678.4301324
82645.9602904
82613.4848235
82580.7069316
82548.1341846
82515.8234198
82483.8717261
82452.3378924
82421.2533692
82390.6303071
82360.4674365
82330.7543532
82301.4746299
82272.6080618
82244.1322762
82216.0238745
82188.2592328
82160.815052
82133.6687267
82106.7985827
82080.1840194
82053.805586
82027.6450089
82001.6851872
81975.9101651
81950.3050904
81924.8561634
81899.5505804
81874.3764755
81849.3228616
81824.3795724
81799.5372059
81774.7870713
81750.1211371
81725.5319836
81701.0127574
81676.5571293
81652.1592548
81627.8137375
81603.5155951
81579.2602279
81555.0433896
81530.8611601
81506.709921
81482.5863317
81458.4873087
81434.4100057
81410.3517953
81386.3102523
81362.283138
81338.2683861
81314.2640893
81290.268487
81266.2799545
81242.2969918
81218.3182149
81194.342346
81170.3682063
81146.3947076
81122.4213028
81098.5210818
81074.5434069
81050.563094
81026.5792686
81002.5970282
80978.6040037
80954.6054485
80930.600838
80906.5896799
80882.5715208
80858.5459462
80834.5125759
80810.47106
80786.4210766
80762.3623292
80738.2945443
80714.21747
80690.1308741
80666.0345427
80481.3691971
80498.7255434
80514.4537551
80527.5894822
80537.674482
80544.5570057
80548.2651423
80548.9284904
80546.729988
80541.8765679
80534.5815641
80525.0544385
80513.4950266
80500.0906827
80485.0149184
80468.4272709
80450.4736527
80431.2870474
80410.9883665
80389.6873679
80367.483577
80344.4671762
80320.7198451
80296.3155423
80271.3212251
80245.7975094
80219.7992699
80193.376187
80166.573241
80139.4311605
80111.986828
80084.2736773
80056.3218846
80028.1589015
79999.809551
79971.2963199
79942.639591
79913.8578035
79884.967674
79855.9843438
79826.9215253
79797.791635
79768.605913
79739.3745313
79710.1066921
79680.8107162
79651.4941237
79622.1637061
79592.8255929
79563.4853106
79534.147837
79504.8176504
79475.498774
79446.1948163
79416.9090076
79387.6442338
79358.4030662
79329.1877891
79300.0004253
79270.8427585
79241.7163542
79212.6225786
79183.562616
79154.5374846
79125.5480506
79096.5950415
79067.6790583
79038.8005862
79009.9600049
78981.1575974
78952.3935589
78923.6680042
78894.980975
78866.3324463
78837.7223321
78809.1504916
78780.6167333
78752.1208204
78723.6624746
78695.2413804
78666.8571881
78638.509518
78610.1979626
78581.9220899
78553.681446
78525.4755572
78497.3039325
78469.1660657
78441.0614369
78412.9895145
78384.9497569
78356.9416137
78328.9645274
78301.0179343
78273.1012659
78245.21395
78217.3554115
78189.5250735
78161.7223578
78133.9466864
