247.053066091
278.710596812
279.085930876
279.449216869
279.813367581
280.183821682
280.563747106
280.955312715
281.360079421
281.779173356
282.213391417
282.663276748
283.129175954
283.611283371
284.10967559
284.624338508
285.155188592
285.70208962
286.264865896
286.843312684
287.437204448
288.046301367
288.67035447
289.309109678
289.962310973
290.629702874
291.311032355
292.006050315
292.714512698
293.436181319
294.170824466
294.91821732
295.678142225
296.450388848
297.234754241
298.031042833
298.839066368
299.658643794
300.489601121
301.331771256
302.184993813
303.049114916
303.923986992
304.809468555
305.705423991
306.611723344
307.528242096
308.454860961
309.391465672
310.33794678
311.294199453
312.260123287
313.235622115
314.220603829
315.214980201
316.218666719
317.231582421
318.253649742
319.284794355
320.324945036
321.374033517
322.431994354
323.498764798
324.574284668
325.658496237
326.751344111
327.852775121
328.962738216
330.081184359
331.208066429
332.343339128
333.486958881
334.638883755
335.799073371
336.967488816
338.144092568
339.328848415
340.521721379
341.722677643
342.931684481
344.148710185
345.373723998
346.60669605
347.847597291
349.096399428
350.353074862
351.61759663
352.889938342
354.170074124
355.457978558
356.753626628
358.05699366
359.368055269
360.686787302
362.013165781
363.347166852
364.688766728
366.037941636
367.394667761
368.758921192
370.130677869
371.509913527
372.896603643
374.290723376
375.692247517
377.101150431
378.517405997
379.940987557
381.371867851
382.810018965
384.255412266
385.708018344
387.167806949
388.634746931
390.108806171
391.589951523
393.078148742
394.573362417
396.075555903
397.584691252
399.100729137
400.62362878
402.153347875
403.689842511
405.233067093
406.782974261
408.339514804
409.902637574
411.472289403
413.048415007
414.630956895
416.219855278
417.815047964
419.416470266
421.024054892
422.637731846
424.257428315
425.88306856
427.514573803
429.151862109
430.794848266
432.443443666
434.097556172
435.757089996
437.421945565
439.092019385
440.767203902
442.447387365
444.132453676
445.822282246
447.516747843
449.21572044
450.919065053
452.626641588
454.338304674
456.053903498
457.773281637
459.496276888
461.222721091
462.952439958
464.685252891
466.420972803
468.159405938
469.900351683
471.643602387
473.388943174
475.136151755
476.884998243
478.635244964
480.386646268
482.138948348
483.891889051
485.645197694
487.398594885
489.151792344
490.904492725
492.656389449
494.407166532
496.156498428
497.904049872
499.649475732
501.392420865
503.132519991
504.869397565
506.602667666
508.331933899
510.056789305
511.776816285
513.491586546
515.200661051
516.903589998
518.599912808
520.289161851
521.970847805
523.644477405
525.309555258
526.96556367
528.611978444
530.248265194
531.873879523
247.053066091
278.710596812
279.085930876
279.449216869
279.813367581
280.183821682
280.563747106
280.955312715
281.360079421
281.779173356
282.213391417
282.663276748
283.129175954
283.611283371
284.10967559
284.624338508
285.155188592
285.70208962
286.264865896
286.843312684
287.437204448
288.046301367
288.67035447
289.309109678
289.962310973
290.629702874
291.311032355
292.006050315
292.714512698
293.436181319
294.170824466
294.91821732
295.678142225
296.450388848
297.234754241
298.031042833
298.839066368
299.658643794
300.489601121
301.331771256
302.184993813
303.049114916
303.923986992
304.809468555
305.705423991
306.611723344
307.528242096
308.454860961
309.391465672
310.33794678
311.294199453
312.260123287
313.235622115
314.220603829
315.214980201
316.218666719
317.231582421
318.253649742
319.284794355
320.324945036
321.374033517
322.431994354
323.498764798
324.574284668
325.658496237
326.751344111
327.852775121
328.962738216
330.081184359
331.208066429
332.343339128
333.486958881
334.638883755
335.799073371
336.967488816
338.144092568
339.328848415
340.521721379
341.722677643
342.931684481
344.148710185
345.373723998
346.60669605
347.847597291
349.096399428
350.353074862
351.61759663
352.889938342
354.170074124
355.457978558
356.753626628
358.05699366
359.368055269
360.686787302
362.013165781
363.347166852
364.688766728
366.037941636
367.394667761
368.758921192
370.130677869
371.509913527
372.896603643
374.290723376
375.692247517
377.101150431
378.517405997
379.940987557
381.371867851
382.810018965
384.255412266
385.708018344
387.167806949
388.634746931
390.108806171
391.589951523
393.078148742
394.573362417
396.075555903
397.584691252
399.100729137
400.62362878
402.153347875
403.689842511
405.233067093
406.782974261
408.339514804
409.902637574
411.472289403
413.048415007
414.630956895
416.219855278
417.815047964
419.416470266
421.024054892
422.637731846
424.257428315
425.88306856
427.514573803
429.151862109
430.794848266
432.443443666
434.097556172
435.757089996
437.421945565
439.092019385
440.767203902
442.447387365
444.132453676
445.822282246
447.516747843
449.21572044
450.919065053
452.626641588
454.338304674
456.053903498
457.773281637
459.496276888
461.222721091
462.952439958
464.685252891
466.420972803
468.159405938
469.900351683
471.643602387
473.388943174
475.136151755
476.884998243
478.635244964
480.386646268
482.138948348
483.891889051
485.645197694
487.398594885
489.151792344
490.904492725
492.656389449
494.407166532
496.156498428
497.904049872
499.649475732
501.392420865
503.132519991
504.869397565
506.602667666
508.331933899
510.056789305
511.776816285
513.491586546
515.200661051
516.903589998
518.599912808
520.289161851
521.970847805
523.644477405
525.309555258
526.96556367
528.611978444
530.248265194
531.873879523
