7.12366373335
7.11750634729
7.11108253844
7.10463940441
7.0982014061
7.09177015979
7.08534501263
7.07892515135
7.07250981086
7.06609828851
7.05968993928
7.05328416991
7.04688043352
7.04047822498
7.03407707677
7.02767655536
7.02127625808
7.01487581022
7.00847486258
7.00207308924
6.99567018555
6.98926586648
6.98285986464
6.97645192942
6.97004182532
6.96362933094
6.95721423784
6.9507963497
6.94437548139
6.93795145823
6.93152411526
6.92509329663
6.91865885126
6.91222065072
6.90577855261
6.89933243497
6.89288217978
6.88642767501
6.87996881451
6.87350549765
6.86703762912
6.86056511858
6.85408788042
6.84760583357
6.84111890125
6.83462701075
6.82813009329
6.82162808384
6.81512092094
6.80860854655
6.80209090593
6.79556794753
6.78903962281
6.7825058862
6.77596669495
6.76942200905
6.76287179114
6.75631600644
6.74975462263
6.74318760983
6.73661494052
6.73003658946
6.72345253363
6.7168627522
6.71026722648
6.70366593984
6.69705887771
6.69044602752
6.68382737866
6.67720292246
6.67057265215
6.66393656284
6.65729465149
6.65064691688
6.64399335962
6.6373339821
6.63066878847
6.62399778467
6.61732097839
6.61063837902
6.60394999774
6.59725584742
6.59055594266
6.58385029978
6.57713893682
6.57042187355
6.56369913144
6.55697073369
6.55023670524
6.54349707276
6.53675186465
6.53000111108
6.52324484397
6.51648309701
6.50971590567
6.50294330725
6.49616534081
6.48938204729
6.48259346942
6.47579965185
6.46900064105
6.46219648544
6.45538723533
6.44857294297
6.44175366257
6.43492945034
6.42810036447
6.42126646519
6.41442781478
6.40758447757
6.40073652003
6.39388401072
6.38702702033
6.38016562176
6.37329989006
6.36642990251
6.35955573863
6.35267748018
6.34579521122
6.33890901808
6.33201898942
6.32512521625
6.31822779189
6.31132681206
6.30442237483
6.29751458067
6.29060353245
6.28368933542
6.27677209724
6.26985192798
6.26292894009
6.25600324843
6.24907497023
6.24214422509
6.23521113494
6.2299380222
6.22300669446
6.21592392202
6.20882823315
6.20173294648
6.19463982525
6.18754948368
6.18046235752
6.17337880836
6.16629914515
6.15922363536
6.15215251298
6.14508598485
6.13802423536
6.13096743035
6.12391572
6.1168692412
6.10982811937
6.10279246991
6.09576239932
6.08873800607
6.0817193813
6.07470660932
6.06769976795
6.06069892889
6.05370473629
6.04672001345
6.0397412207
6.03276809466
6.02580065827
6.0188389534
6.0118830173
6.00493288042
5.99798856605
5.99105009011
5.98411746097
5.97719067915
5.97026973697
5.96335461818
5.95644529742
5.94954173965
5.94264389934
5.9357517195
5.92886513056
5.92198404875
5.91510837428
5.90823798886
5.90137275259
5.89451249997
5.88765703472
5.88080612303
5.8739594847
5.86711678137
5.86027760082
5.85344143561
5.84660765379
5.83977545804
5.83294382766
5.82611143447
5.81927651807
5.81243669538
5.80558866023
5.79872768966
5.79184679176
5.78493513868
