18.3152341542
20.3201484894
21.8040206571
22.8477748836
23.642801186
24.292873058
24.8605829952
25.3784065108
25.8603764254
26.3159658635
26.749567814
27.1636924708
27.5599590283
27.9395488019
28.3034133067
28.6523713884
28.9871559705
29.3084377124
29.6168379138
29.9129362748
30.1972760871
30.4703680598
30.732693356
30.984706125
31.2268356824
31.4594884227
31.6830495181
31.8978844393
32.1043403246
32.3027472182
32.4934191947
32.6766553826
32.8527408999
33.02194771
33.184535409
33.3407519489
33.4908343061
33.6350090984
33.7734931575
33.9064940593
34.0342106179
34.1568333456
34.2745448811
34.3875203909
34.4959279439
34.5999288624
34.6996780521
34.7953243108
34.8870106197
34.9748744172
35.059047856
35.1396580474
35.2168272896
35.2906732852
35.3613093457
35.4288445855
35.4933841049
35.5550291646
35.6138773497
35.6700227265
35.7235559905
35.774564607
35.8231329456
35.8693424066
35.9132715424
35.9549961726
35.9945894933
36.032122182
36.0676624966
36.1012763705
36.1330275028
36.162977445
36.1911856831
36.2177097163
36.2426051323
36.2659256788
36.2877233327
36.3080483652
36.326949405
36.3444734984
36.3606661665
36.3755714609
36.3892320162
36.4016891004
36.4129826639
36.4231513857
36.4322327181
36.4402629295
36.4472771457
36.4533093889
36.4583926161
36.4625587552
36.4658387398
36.4682625434
36.4698592111
36.4706568911
36.4706828641
36.4699635727
36.4685246484
36.4663909387
36.4635865326
36.4601347851
36.4560583414
36.4513791591
36.4461185313
36.4402971068
36.4339349114
36.4270513672
36.4196653121
36.4117950178
36.4034582075
36.3946720738
36.3854532941
36.3758180475
36.3657820297
36.3553604682
36.3445681362
36.333419367
36.321928067
36.3101077292
36.2979714452
36.2855319174
36.272801471
36.2597920652
36.2465153041
36.232982447
36.2192044192
36.2051918218
36.1909549409
36.1765037573
36.1618479552
36.1469969311
36.1319598024
36.1167454149
36.1013623515
36.0858189394
36.0701232574
36.0542831435
36.0383062016
36.0221998082
36.0059711193
35.9896270761
35.9731744117
35.956619657
35.9399691459
35.9232290219
35.9064052426
35.8895035855
35.8725296527
35.8554888764
35.8383865232
35.8212276992
35.804017354
35.7867602857
35.7694611445
35.7521244377
35.7347545326
35.7173556616
35.699931925
35.6824872952
35.6650256202
35.647550627
35.630065925
35.612575009
35.595081263
35.5775879628
35.5600982789
35.5426152798
35.5251419348
35.5076811163
35.490235603
35.4728080822
35.4554011523
35.4380173254
35.4206590298
35.403328612
35.3860283391
35.3687604009
35.3515269124
35.3343299154
35.3171713807
35.30005321
35.2829772382
35.2659452345
35.2489589048
35.2320198933
35.2151297842
35.1982901033
35.1815023195
35.1647678466
35.1480880449
35.1314642222
35.1148976358
35.0983894937
35.0819409556
35.0655531349
35.0492270996
35.0329638734
35.0167644374
35.0006297309
