0.28872
0.205597382331
0.216640077944
0.227698085577
0.238769178325
0.249851821943
0.260944614597
0.272046223589
0.283155352953
0.294270726064
0.305391075514
0.316515136368
0.327641640823
0.338769313289
0.349896865417
0.361022990778
0.372146359058
0.383265609644
0.394379344485
0.405486120113
0.416584438687
0.427672737897
0.438749379526
0.449812636446
0.460860677767
0.471891551795
0.482903166413
0.493893266382
0.50485940698
0.515798923266
0.526708894101
0.537586099845
0.54842697246
0.559227536382
0.569983338217
0.580689362823
0.591339932763
0.601928587435
0.612447937288
0.622889487488
0.633243424137
0.643498354693
0.653640992643
0.663655774884
0.673524399129
0.683225299539
0.692732868975
0.70201686801
0.711041459126
0.719764342397
0.728135948719
0.736098966941
0.743588669875
0.750534845359
0.75686661468
0.762521929691
0.76746368776
0.771703257965
0.775328334366
0.778524742829
0.781574495297
0.784814733809
0.788562669754
0.7930395725
0.798333181435
0.804411331751
0.811166984215
0.81846553347
0.826177377701
0.834193499812
0.842429241875
0.8508220336
0.859327029358
0.867912673817
0.876556979867
0.885244678033
0.893965142306
0.902710926288
0.911476749511
0.920258803799
0.929054282106
0.937861059993
0.946677597744
0.955502320908
0.964334131668
0.97317232535
0.982015939164
0.990864229604
0.999716518151
1.00857217776
1.01743062348
1.02629130592
1.03515370661
1.04401733466
1.05288172432
1.06174643313
1.07061104045
1.07947514634
1.08833837056
1.09720035179
1.10606074684
1.1149192301
1.12377549284
1.13262924274
1.14148020334
1.15032811355
1.15917272719
1.16801381257
1.17685115201
1.18568454148
1.19451379018
1.20333872018
1.21215916603
1.22097497442
1.22978600384
1.23859212424
1.24739321671
1.25618917316
1.26497989605
1.27376529807
1.28254530185
1.2913198397
1.30008885336
1.30885229369
1.31761012046
1.3263623021
1.33510881542
1.34384964545
1.35258478514
1.36131423517
1.37003800376
1.3787561064
1.38746856571
1.39617541118
1.40487667904
1.413572412
1.42226265911
1.43094747556
1.43962692253
1.44830106695
1.45696998141
1.46563374394
1.47429243787
1.48294615164
1.49159497871
1.50023901731
1.50887837039
1.5175131454
1.52614345418
1.53476941281
1.54339114147
1.5520087643
1.56062240929
1.5692322081
1.577838296
1.58644081168
1.59503989716
1.60363569766
1.61222836147
1.62081803985
1.62940488693
1.63798905954
1.64657071713
1.65515002171
1.66372713763
1.67230223159
1.68087547245
1.68944703119
1.69801708076
1.70658579601
1.71515335358
1.72371993181
1.73228571065
1.74085087154
1.74941559737
1.75798007234
