611.58977616
708.016080078
705.948708963
703.881016121
701.813626888
699.747103707
697.681963124
695.618687052
693.557726986
691.499505604
689.444417445
687.392829301
685.345080544
683.301483491
681.262323811
679.227861007
677.198328951
675.173936482
673.154868051
671.141284423
669.13332341
667.13110065
665.134710412
663.144226429
661.159702753
659.181174626
657.208659366
655.242157254
653.281652433
651.327113803
649.378495912
647.435739846
645.498774098
643.567515439
641.641869766
639.721732932
637.806991562
635.897523845
633.993200306
632.093884554
630.199434003
628.309700575
626.424531365
624.543769295
622.667253725
620.79482105
618.926305262
617.06153849
615.200351507
613.342574215
611.488036106
609.636566689
607.787995899
605.942154477
604.098874327
602.257988852
600.419333263
598.582744867
596.748063336
594.915130951
593.083792831
591.253897142
589.425295283
587.59784206
585.77139584
583.945818693
582.120976512
580.296739128
578.472980401
576.649578307
574.826415008
573.003376909
571.180354709
569.357243439
567.533942488
565.710355627
563.886391014
562.061961202
560.236983131
558.411378119
556.585071843
554.757994313
552.930079847
551.101267032
549.271498685
547.440721813
545.60888756
543.775951157
541.941871869
540.106612935
538.270141505
536.432428579
534.593448941
532.753181091
530.911607172
529.068712902
527.224487499
525.378923609
523.532017228
521.683767626
519.83417727
517.983251748
516.130999689
514.277432683
512.422565206
510.566414535
508.709000675
506.850346275
504.990476551
503.129419207
501.267204357
499.403864444
497.539434164
495.67395039
493.807452094
491.939980267
490.07157785
488.202289656
486.332162294
484.461244097
482.589585052
480.717236725
478.844252535
476.970686312
475.09659428
473.222033629
471.347062781
469.471741331
467.596129977
465.720290459
463.844285497
461.968178727
460.092034644
458.215918539
456.339896446
454.46403508
452.588401785
450.713064478
448.838091599
446.963552054
445.089515168
443.216050637
441.343228474
439.471118969
437.599792639
435.729320188
433.859772458
431.991220392
430.123734993
428.257387282
426.392248267
424.528388895
422.66588003
420.804792409
418.945196613
417.087163036
415.230761853
413.376062993
411.52313611
409.672050556
407.822875357
405.975679189
404.130530352
402.287496752
400.446645878
398.608044785
396.771760071
394.937857867
393.106403812
391.277463046
389.45110019
387.627379338
385.806364041
383.988117297
382.172701542
380.360178642
378.550609882
376.744055959
374.940576979
373.140232447
371.343081266
369.549181731
367.758591526
365.971367724
364.187566779
362.407244535
360.630456216
358.857256433
357.087699179
355.321837837
353.559725178
351.801413363
350.046953951
348.296397894
346.549795551
344.807196684
343.068650468
341.334205493
339.603909772
337.877810744
611.58977616
708.016080078
705.948708963
703.881016121
701.813626888
699.747103707
697.681963124
695.618687052
693.557726986
691.499505604
689.444417445
687.392829301
685.345080544
683.301483491
681.262323811
679.227861007
677.198328951
675.173936482
673.154868051
671.141284423
669.13332341
667.13110065
665.134710412
663.144226429
661.159702753
659.181174626
657.208659366
655.242157254
653.281652433
651.327113803
649.378495912
647.435739846
645.498774098
643.567515439
641.641869766
639.721732932
637.806991562
635.897523845
633.993200306
632.093884554
630.199434003
628.309700575
626.424531365
624.543769295
622.667253725
620.79482105
618.926305262
617.06153849
615.200351507
613.342574215
611.488036106
609.636566689
607.787995899
605.942154477
604.098874327
602.257988852
600.419333263
598.582744867
596.748063336
594.915130951
593.083792831
591.253897142
589.425295283
587.59784206
585.77139584
583.945818693
582.120976512
580.296739128
578.472980401
576.649578307
574.826415008
573.003376909
571.180354709
569.357243439
567.533942488
565.710355627
563.886391014
562.061961202
560.236983131
558.411378119
556.585071843
554.757994313
552.930079847
551.101267032
549.271498685
547.440721813
545.60888756
543.775951157
541.941871869
540.106612935
538.270141505
536.432428579
534.593448941
532.753181091
530.911607172
529.068712902
527.224487499
525.378923609
523.532017228
521.683767626
519.83417727
517.983251748
516.130999689
514.277432683
512.422565206
510.566414535
508.709000675
506.850346275
504.990476551
503.129419207
501.267204357
499.403864444
497.539434164
495.67395039
493.807452094
491.939980267
490.07157785
488.202289656
486.332162294
484.461244097
482.589585052
480.717236725
478.844252535
476.970686312
475.09659428
473.222033629
471.347062781
469.471741331
467.596129977
465.720290459
463.844285497
461.968178727
460.092034644
458.215918539
456.339896446
454.46403508
452.588401785
450.713064478
448.838091599
446.963552054
445.089515168
443.216050637
441.343228474
439.471118969
437.599792639
435.729320188
433.859772458
431.991220392
430.123734993
428.257387282
426.392248267
424.528388895
422.66588003
420.804792409
418.945196613
417.087163036
415.230761853
413.376062993
411.52313611
409.672050556
407.822875357
405.975679189
404.130530352
402.287496752
400.446645878
398.608044785
396.771760071
394.937857867
393.106403812
391.277463046
389.45110019
387.627379338
385.806364041
383.988117297
382.172701542
380.360178642
378.550609882
376.744055959
374.940576979
373.140232447
371.343081266
369.549181731
367.758591526
365.971367724
364.187566779
362.407244535
360.630456216
358.857256433
357.087699179
355.321837837
353.559725178
351.801413363
350.046953951
348.296397894
346.549795551
344.807196684
343.068650468
341.334205493
339.603909772
337.877810744
