6632113.95354
348668.745282
347558.178898
346446.907853
345353.243779
344279.800159
343226.61991
342193.327491
341179.482681
340184.64003
339208.359899
338250.211358
337309.773508
336386.636374
335480.401542
334590.682624
333717.105564
332859.30881
332016.943382
331189.672839
330377.173169
329579.132616
328795.25145
328025.241694
327268.826817
326525.741401
325795.730788
325078.550713
324373.966924
323681.754804
323001.698989
322333.592984
321677.238789
321032.446529
320399.034092
319776.826774
319165.656941
318565.363696
317975.792558
317396.795159
316828.228944
316269.956896
315721.847259
315183.773282
314655.612976
314137.248879
313628.567832
313129.460681
312639.822516
312159.551603
311688.55008
311226.723349
310773.980004
310330.231674
309895.39288
309469.380904
309052.115649
308643.519527
308243.51734
307852.036171
307469.005279
307094.356007
306728.021686
306369.937553
306020.040661
305678.26981
305344.56547
305018.869714
304701.126147
304391.279853
304089.277329
303795.066433
303508.596333
303229.817452
302958.681429
302695.141067
302439.150294
302190.664125
301949.638618
301716.030845
301489.798853
301270.901632
301059.299086
300854.952001
300657.822018
300467.871608
300285.064042
300109.363373
299940.734406
299779.142681
299624.55445
299476.936656
299336.256914
299202.483495
299075.585305
298955.531868
298842.293315
298735.84036
298636.144294
298543.176963
298456.910759
298377.318607
298304.373947
298238.050729
298178.323396
298125.166877
298078.556571
298038.468341
298004.878502
297977.763812
297957.101462
297942.869067
297935.044659
297933.606677
297938.533959
297949.805735
297967.401618
297991.3016
298021.486041
298057.935667
298100.631557
298149.555144
298204.807924
298266.125482
298333.616918
298407.265207
298487.053447
298572.965052
298664.983749
298763.093573
298867.278862
298977.524251
299093.814673
299216.135349
299344.471787
299478.809778
299619.135392
299765.434974
299917.695142
300075.902783
300240.045048
300410.120948
300586.101498
300767.979656
300955.743609
301149.381798
301348.882908
301554.235874
301765.429876
301982.454335
302205.298913
302433.95351
302668.408263
302908.653544
303154.679956
303406.478336
303664.039748
303927.355486
304196.41707
304471.216246
304751.744984
305037.995476
305329.960137
305627.631602
305931.002727
306240.066585
306554.816467
306875.245883
307201.348558
307533.118432
307870.549661
308213.636616
308562.373881
308916.756252
309276.77874
309642.436567
310013.725169
310390.640193
310773.177496
311161.333148
311555.103431
311954.484836
312359.474067
312770.068038
313186.263873
313608.058908
314035.450691
314468.436979
314907.015743
315351.185162
315800.943629
316256.289749
316717.222337
317183.740423
317655.843249
318133.530267
318616.801148
319105.655772
319600.094235
320100.116849
