428.201712
199.844904613
156.021676816
1.17647036023
-347.173210125
-668.663309094
-867.156669558
1230.44366922
1284.2821287
1318.46190448
1343.53169894
1364.3627368
1383.15887313
1400.91311035
1418.07523669
1434.85181899
1451.34016459
1467.5881381
1483.62095698
1499.45326343
1515.09460966
1530.55198178
1545.83098351
1560.93640739
1575.8725225
1590.64322814
1605.25214235
1619.70265739
1633.99797731
1648.14114533
1662.13506465
1675.98251492
1689.68616554
1703.24858655
1716.67225766
1729.95957572
1743.11286103
1756.13436259
1769.02626262
1781.7906803
1794.42967504
1806.9452493
1819.33935104
1831.6138758
1843.77066871
1855.81152611
1867.73819721
1879.55238547
1891.25574998
1902.84990673
1914.33642986
1925.71685278
1936.99266934
1948.16533492
1959.23626754
1970.20684885
1981.07842528
1991.85230896
2002.52977879
2013.11208143
2023.60043227
2033.99601638
2044.29998951
2054.51347896
2064.63758455
2074.67337947
2084.6219112
2094.48420234
2104.26125149
2113.95403399
2123.56350283
2133.09058931
2142.53620388
2151.90123686
2161.1865591
2170.39302273
2179.52146182
2188.57269298
2197.54751605
2206.44671465
2215.2710568
2224.02129546
2232.6981691
2241.30240218
2249.83470569
2258.29577763
2266.68630346
2275.00695655
2283.25839863
2291.44128018
2299.55624085
2307.60390982
2315.58490617
2323.49983925
2331.34930899
2339.13390623
2346.85421304
2354.51080301
2362.10424152
2369.63508605
2377.10388637
2384.51118486
2391.85751673
2399.1434102
2406.36938678
2413.53596144
2420.64364284
2427.69293347
2434.6843299
2441.61832289
2448.49539759
2455.31603371
2462.08070562
2468.78988256
2475.44402874
2482.04360348
2488.5893116
2495.08110135
2501.51966953
2507.90545709
2514.23890071
2520.52043283
2526.75048181
2532.92947195
2539.05782367
2545.1359535
2551.16427421
2557.14319488
2563.073121
2568.95445447
2574.78759374
2580.57293384
2586.31086642
2592.00177989
2597.64605936
2603.2440868
2608.79624102
2614.30289778
2619.76442976
2625.18120668
2630.55359531
2635.88195951
2641.16666028
2646.40805579
2651.60650142
2656.7623498
2661.87595084
2666.94765177
2671.97779716
2676.96672896
2681.91478651
2686.82230661
2691.68962351
2696.51706893
2701.30497214
2706.05365992
2710.76345662
2715.43468418
2720.06766214
2724.66270768
2729.22013561
2733.74025844
2738.22338635
2742.66982723
2747.07988672
2751.45386818
2755.79207275
2760.09479936
2764.36234472
2768.59500338
2772.79306771
2776.95682792
2781.08657211
2785.18258624
2789.24515417
2793.27455768
2797.27107645
2801.23498814
2805.16656832
2809.06609055
2812.93382638
2816.77004533
2820.57501494
2824.34900079
2828.09226646
2831.80507361
2835.48768192
2839.14034919
2842.76333128
2846.35688214
2849.92125386
2853.45669661
2856.96345874
2860.44178673
2863.89192519
2867.31411695
2870.708603
2874.07562251
2877.41541288
2880.72820972
