5.36289
5.57599115109
5.38621421419
4.98819989859
4.97590226623
4.9848690458
5.00365432454
5.00183859586
5.02304524861
5.04471432275
5.06610876278
5.08692604461
5.10705716666
5.12647659865
5.14519372028
5.16323160289
5.18061788403
5.19738093149
5.21354830327
5.22914619295
5.24419928958
5.2587308048
5.27276256123
5.28631509774
5.29940777387
5.31205886668
5.32428565847
5.33610451539
5.34753095773
5.35857972276
5.36926482117
5.37959958775
5.38959672726
5.39926835582
5.40862603862
5.41768082418
5.42644327574
5.43492349992
5.44313117312
5.45107556581
5.45876556488
5.46620969445
5.47341613502
5.48039274134
5.48714705899
5.49368633994
5.5000175569
5.50614741695
5.51208237414
5.51782864141
5.52339220177
5.52877881878
5.53399404648
5.53904323867
5.54393155779
5.54866398317
5.55324531897
5.55768020156
5.56197310664
5.56612835591
5.5701501234
5.57404244154
5.57780920685
5.58145418543
5.58498101811
5.58839322539
5.59169421216
5.59488727216
5.59797559225
5.60096225649
5.60385025002
5.60664246279
5.60934169307
5.61195065088
5.61447196121
5.6169081671
5.61926173263
5.62153504574
5.62373042098
5.62585010205
5.62789626434
5.6298710173
5.63177640675
5.63361441705
5.63538697322
5.63709594297
5.63874313861
5.64033031896
5.64185919111
5.64333141214
5.6447485908
5.64611228907
5.64742402368
5.64868526763
5.64989745156
5.65106196512
5.65218015831
5.65325334268
5.65428279262
5.65526974647
5.65621540767
5.65712094587
5.65798749794
5.658816169
5.6596080334
5.66036413564
5.6610854913
5.6617730879
5.66242788577
5.66305081881
5.66364279535
5.66420469886
5.66473738871
5.66524170087
5.6657184545
5.666168429
5.66659240009
5.66699111679
5.66736530795
5.66771568281
5.66804293158
5.66834772595
5.66863071967
5.66889254902
5.6691338333
5.66935517535
5.66955716195
5.66974036433
5.66990533857
5.67005262602
5.67018275373
5.67029623482
5.67039356887
5.67047524232
5.67054172878
5.67059348941
5.67063097327
5.67065461762
5.67066484827
5.67066207984
5.67064671611
5.67061915032
5.67057976538
5.67052893422
5.67046702002
5.67039437649
5.67031134809
5.6702182703
5.67011546986
5.67000326498
5.66988196557
5.66975187349
5.6696132827
5.66946647953
5.66931174282
5.66914934417
5.66897954809
5.66880261219
5.66861878739
5.66842831802
5.6682314421
5.66802839139
5.66781939162
5.66760466262
5.66738441849
5.66715886773
5.66692821337
5.66669265315
5.66645237962
5.66620758027
5.6659584377
5.66570512969
5.66544782937
5.66518670531
5.66492192162
5.66465363812
5.66438201038
5.66410718988
5.66382932409
5.66354855657
5.66326502707
5.66297887162
5.66269022265
5.66239920905
5.66210595627
5.66181058641
5.66151321829
5.66121396755
5.66091294673
5.66061026531
5.66030602984
5.66000034399
5.6596933086
5.65938502179
5.65907557899
5.65876507305
5.65845359424
5.6581412304
5.65782806693
5.65751418686
