-186.716302937
69.5770893274
9.83213700276
-138.574467358
58.6565845607
7.38132697248
-121.862445579
58.9091221929
7.48955712848
-110.506622539
55.6233645222
7.89546582466
-101.760543229
56.5041920834
7.84913827454
-97.3574918275
57.1503317365
7.86160949094
-95.2927101982
57.6504971113
7.89989074987
-94.2622810369
57.9225992287
7.94992326411
-93.7817739287
58.2663921159
7.99833426296
-93.5068949894
58.5692575229
8.04579249145
-93.2998059453
58.8393189725
8.09114607714
-93.1015626263
59.0820887176
8.13402605139
-92.8894156381
59.3016215456
8.17440226401
-92.656711656
59.5010751322
8.21238461121
-92.4036120077
59.6830056012
8.24813375776
-92.1328825279
59.8495345945
8.28182148642
-91.8480311371
60.0024515475
8.31361379664
-91.5525215324
60.1432814685
8.34366438844
-91.2494735101
60.2733331956
8.37211281882
-90.9415781875
60.3937357898
8.3990846893
-90.6311037704
60.5054671535
8.42469264936
-90.3199356862
60.6093771844
8.4490376638
-90.0096263105
60.7062068556
8.47221030049
-89.7014438858
60.7966041293
8.49429193769
-89.3964167192
60.8811373299
8.51535585507
-89.0953715988
60.9603064399
8.53546820214
-88.7989665577
61.0345526754
8.55468884983
-88.5077185575
61.1042666229
8.57307213565
-88.2220267757
61.1697951671
8.59066751442
-87.9421921575
61.2314473994
8.60752012559
-87.668433825
61.2894996627
8.62367128792
-87.4009028484
61.3441998648
8.63915893067
-87.1396938108
61.3957711707
8.65401796972
-86.8848545227
61.444415166
8.66828063573
-86.6363941886
61.4903145715
8.68197676071
-86.3942902727
61.5336355741
8.69513402856
-86.1584942739
61.5745298319
8.70777819426
-85.9289365828
61.6131362
8.7199332759
-85.7055305663
61.6495822194
8.73162172318
-85.4881760024
61.6839854022
8.74286456547
-85.2767619654
61.7164543435
8.75368154207
-85.0711692488
61.7470896841
8.76409121718
-84.8712723976
61.7759849473
8.77411108143
-84.6769414102
61.8032272657
8.78375764181
-84.4880431609
61.8288980147
8.7930465015
-84.3044425874
61.8530733664
8.80199243089
-84.126003678
61.8758247743
8.81060943099
-83.9525902901
61.8972193984
8.81891079009
-83.7840668266
61.9173204797
8.82690913463
-83.6202987906
61.9361876707
8.83461647495
-83.4611532392
61.953877328
8.84204424658
-83.3064991493
61.9704427713
8.84920334758
-83.1562077125
61.9859345148
8.85610417244
-83.0101525665
62.0004004738
8.86275664297
-82.8682099763
62.0138861493
8.86917023642
-82.7302589699
62.0264347941
8.87535401132
-82.5961814388
62.038087563
8.88131663114
-82.4658622064
62.0488836483
8.88706638608
-82.3391890709
62.0588604025
8.89261121324
-82.2160528269
62.0680534506
8.89795871519
-82.0963472682
62.0764967923
8.90311617728
-81.9799691764
62.0842228955
8.90809058371
-81.8668182964
62.0912627827
8.9128886325
-81.7567973027
62.0976461097
8.91751674945
-81.6498117563
62.1034012391
8.92198110127
-81.5457700561
62.1085553084
8.92628760781
-81.4445833842
62.1131342923
8.9304419536
-81.3461656473
62.1171630616
8.93444959867
-81.2504334153
62.1206654379
8.93831578879
-81.1573058568
62.1236642442
8.94204556504
-81.0667046739
62.1261813532
8.94564377297
-80.9785540352
62.128237732
8.94911507117
-80.8927805083
62.1298534838
8.95246393942
-80.8093129929
62.131047888
8.9556946864
-80.728082653
62.1318394376
8.95881145701
-80.6490228505
62.132245874
8.96181823936
-80.5720690791
62.1322842208
8.96471887131
-80.497158899
62.1319708153
8.96751704681
-80.4242318729
62.1313213378
8.97021632186
-80.3532295034
62.130350841
8.97282012017
-80.2840951712
62.1290737757
8.97533173866
-80.216774075
62.1275040172
8.97775435253
-80.1512131728
62.1256548893
8.98009102028
-80.0873611245
62.1235391874
8.98234468838
-80.0251682364
62.1211692004
8.98451819574
-79.9645864067
62.1185567318
8.98661427804
-79.9055690732
62.1157131196
8.98863557182
-79.8480711618
62.1126492554
8.99058461838
-79.7920490368
62.1093756027
8.99246386755
-79.7374604532
62.1059022138
8.99427568127
-79.6842645098
62.102238747
8.99602233698
-79.632421604
62.0983944819
8.99770603097
-79.5818933882
62.094378335
8.99932888147
-79.5326427273
62.0901988738
9.00089293166
-79.4846336582
62.0858643308
9.00240015258
-79.4378313497
62.0813826169
9.00385244585
-79.3922020646
62.0767613338
9.00525164635
-79.3477131226
62.0720077862
9.00659952474
-79.3043328648
62.0671289939
9.00789778986
-79.2620306187
62.062131702
9.0091480911
-79.2207766656
62.0570223927
9.01035202064
-79.1805422076
62.0518072946
9.01151111553
-79.1412993373
62.0464923929
9.0126268598
-79.1030210073
62.0410834389
9.01370068642
-79.0656810014
62.0355859588
9.01473397918
-79.0292539068
62.0300052626
9.01572807452
-78.993715087
62.0243464519
9.01668426324
-78.9590406557
62.0186144284
9.01760379223
-78.9252074519
62.0128139015
9.01848786602
-78.8921930156
62.0069493951
9.01933764837
-78.8599755642
62.0010252553
9.0201542637
-78.8285339704
61.9950456567
9.02093879858
-78.7978477401
61.989014609
9.02169230303
-78.7678969913
61.9829359635
9.02241579189
-78.7386624377
61.9768133672
9.02311024509
-78.7101253556
61.9706504747
9.02377661263
-78.6822675844
61.9644506448
9.02441581026
-78.655071496
61.9582171518
9.02502872413
-78.6285199801
61.951953139
9.02561621106
-78.6025964274
61.9456616236
9.02617909955
-78.5772847134
61.9393455014
9.02671819078
-78.5525691824
61.9330075517
9.02723425957
-78.5284346322
61.9266504409
9.02772805531
-78.5048663
61.9202767276
9.02820030284
-78.4818498475
61.9138888657
9.0286517033
-78.4593713477
61.9074892091
9.029082935
-78.4374172718
61.901080015
9.02949465413
-78.4159744759
61.8946634474
9.0298874956
-78.3950301894
61.8882415807
9.03026207374
-78.3745720026
61.8818164033
9.030618983
-78.3545878557
61.8753898201
9.03095879865
-78.3350660271
61.8689636562
9.03128207744
-78.3159951237
61.8625396597
9.03158935819
-78.2973640697
61.8561195042
9.03188116247
-78.279162097
61.8497047922
9.03215799512
-78.2613787357
61.8432970569
9.03242034485
-78.2440038048
61.8368977656
9.03266868476
-78.2270274029
61.8305083214
9.0329034729
-78.2104399001
61.8241300662
9.03312515275
-78.1942319291
61.8177642823
9.03333415372
-78.1783943777
61.8114121953
9.0335308916
-78.1629183802
61.8050749754
9.03371576905
-78.1477953108
61.7987537403
9.03388917598
-78.1330167756
61.7924495563
9.03405149004
-78.1185746058
61.7861634409
9.03420307698
-78.1044608512
61.7798963641
9.03434429106
-78.0906677731
61.7736492505
9.0344754754
-78.0771878382
61.7674229805
9.0345969624
-78.0640137125
61.7612183925
9.03470907404
-78.0511382553
61.7550362841
9.03481212225
-78.0385545136
61.7488774137
9.03490640921
-78.0262557161
61.742742502
9.03499222771
-78.0142352686
61.7366322332
9.03506986141
-78.0024867479
61.7305472564
9.03513958516
-77.9910038975
61.7244881873
9.03520166528
-77.9797806226
61.7184556089
9.03525635984
-77.9688109849
61.7124500728
9.03530391891
-77.9580891987
61.7064721007
9.03534458482
-77.9476096263
61.7005221853
9.03537859243
-77.9373667734
61.6946007912
9.03540616934
-77.9273552854
61.6887083564
9.03542753613
-77.9175699433
61.6828452927
9.03544290661
-77.9080056598
61.6770119873
9.03545248798
-77.8986574756
61.6712088032
9.03545648108
-77.8895205555
61.6654360804
9.03545508059
-77.8805901855
61.6596941368
9.03544847521
-77.8718617688
61.6539832688
9.03543684786
-77.8633308228
61.6483037522
9.03542037584
-77.8549929761
61.6426558432
9.03539923103
-77.8468439648
61.6370397789
9.03537358005
-77.8388796304
61.6314557779
9.03534358442
-77.8310959159
61.6259040414
9.03530940074
-77.823488864
61.6203847536
9.0352711808
-77.8160546135
61.6148980824
9.03522907177
-77.8087893973
61.6094441801
9.03518321633
-77.8016895396
61.6040231839
9.03513375281
-77.7947514533
61.5986352165
9.03508081531
-77.7879716378
61.5932803866
9.03502453385
-77.7813466767
61.5879587898
9.03496503448
-77.7748732354
61.5826705086
9.03490243941
-77.7685480588
61.5774156134
9.03483686714
-77.7623679697
61.5721941624
9.03476843254
-77.7563298661
61.5670062027
9.03469724699
-77.7504307195
61.5618517705
9.03462341848
-77.7446675732
61.5567308914
9.03454705171
-77.7390375399
61.5516435808
9.03446824817
-77.7335378004
61.5465898447
9.03438710629
-77.7281656013
61.5415696797
9.03430372146
-77.7229182538
61.5365830735
9.03421818621
-77.7177931318
61.5316300053
9.0341305902
-77.7127876701
61.5267104462
9.03404102039
-77.7078993632
61.5218243594
9.03394956106
-77.7031257636
61.5169717006
9.03385629392
-77.69846448
61.5121524184
9.0337612982
-77.6939131766
61.5073664544
9.03366465069
-77.689469571
61.5026137437
9.03356642584
-77.6851314332
61.4978942151
9.0334666958
-77.6808965841
61.4932077913
9.03336553054
-77.6767628945
61.4885543895
9.03326299785
-77.6727282835
61.483933921
9.03315916347
-186.716302937
69.5770893274
9.83213700276
-138.574467358
58.6565845607
7.38132697248
-121.862445579
58.9091221929
7.48955712848
-110.506622539
55.6233645222
7.89546582466
-101.760543229
56.5041920834
7.84913827454
-97.3574918275
57.1503317365
7.86160949094
-95.2927101982
57.6504971113
7.89989074987
-94.2622810369
57.9225992287
7.94992326411
-93.7817739287
58.2663921159
7.99833426296
-93.5068949894
58.5692575229
8.04579249145
-93.2998059453
58.8393189725
8.09114607714
-93.1015626263
59.0820887176
8.13402605139
-92.8894156381
59.3016215456
8.17440226401
-92.656711656
59.5010751322
8.21238461121
-92.4036120077
59.6830056012
8.24813375776
-92.1328825279
59.8495345945
8.28182148642
-91.8480311371
60.0024515475
8.31361379664
-91.5525215324
60.1432814685
8.34366438844
-91.2494735101
60.2733331956
8.37211281882
-90.9415781875
60.3937357898
8.3990846893
-90.6311037704
60.5054671535
8.42469264936
-90.3199356862
60.6093771844
8.4490376638
-90.0096263105
60.7062068556
8.47221030049
-89.7014438858
60.7966041293
8.49429193769
-89.3964167192
60.8811373299
8.51535585507
-89.0953715988
60.9603064399
8.53546820214
-88.7989665577
61.0345526754
8.55468884983
-88.5077185575
61.1042666229
8.57307213565
-88.2220267757
61.1697951671
8.59066751442
-87.9421921575
61.2314473994
8.60752012559
-87.668433825
61.2894996627
8.62367128792
-87.4009028484
61.3441998648
8.63915893067
-87.1396938108
61.3957711707
8.65401796972
-86.8848545227
61.444415166
8.66828063573
-86.6363941886
61.4903145715
8.68197676071
-86.3942902727
61.5336355741
8.69513402856
-86.1584942739
61.5745298319
8.70777819426
-85.9289365828
61.6131362
8.7199332759
-85.7055305663
61.6495822194
8.73162172318
-85.4881760024
61.6839854022
8.74286456547
-85.2767619654
61.7164543435
8.75368154207
-85.0711692488
61.7470896841
8.76409121718
-84.8712723976
61.7759849473
8.77411108143
-84.6769414102
61.8032272657
8.78375764181
-84.4880431609
61.8288980147
8.7930465015
-84.3044425874
61.8530733664
8.80199243089
-84.126003678
61.8758247743
8.81060943099
-83.9525902901
61.8972193984
8.81891079009
-83.7840668266
61.9173204797
8.82690913463
-83.6202987906
61.9361876707
8.83461647495
-83.4611532392
61.953877328
8.84204424658
-83.3064991493
61.9704427713
8.84920334758
-83.1562077125
61.9859345148
8.85610417244
-83.0101525665
62.0004004738
8.86275664297
-82.8682099763
62.0138861493
8.86917023642
-82.7302589699
62.0264347941
8.87535401132
-82.5961814388
62.038087563
8.88131663114
-82.4658622064
62.0488836483
8.88706638608
-82.3391890709
62.0588604025
8.89261121324
-82.2160528269
62.0680534506
8.89795871519
-82.0963472682
62.0764967923
8.90311617728
-81.9799691764
62.0842228955
8.90809058371
-81.8668182964
62.0912627827
8.9128886325
-81.7567973027
62.0976461097
8.91751674945
-81.6498117563
62.1034012391
8.92198110127
-81.5457700561
62.1085553084
8.92628760781
-81.4445833842
62.1131342923
8.9304419536
-81.3461656473
62.1171630616
8.93444959867
-81.2504334153
62.1206654379
8.93831578879
-81.1573058568
62.1236642442
8.94204556504
-81.0667046739
62.1261813532
8.94564377297
-80.9785540352
62.128237732
8.94911507117
-80.8927805083
62.1298534838
8.95246393942
-80.8093129929
62.131047888
8.9556946864
-80.728082653
62.1318394376
8.95881145701
-80.6490228505
62.132245874
8.96181823936
-80.5720690791
62.1322842208
8.96471887131
-80.497158899
62.1319708153
8.96751704681
-80.4242318729
62.1313213378
8.97021632186
-80.3532295034
62.130350841
8.97282012017
-80.2840951712
62.1290737757
8.97533173866
-80.216774075
62.1275040172
8.97775435253
-80.1512131728
62.1256548893
8.98009102028
-80.0873611245
62.1235391874
8.98234468838
-80.0251682364
62.1211692004
8.98451819574
-79.9645864067
62.1185567318
8.98661427804
-79.9055690732
62.1157131196
8.98863557182
-79.8480711618
62.1126492554
8.99058461838
-79.7920490368
62.1093756027
8.99246386755
-79.7374604532
62.1059022138
8.99427568127
-79.6842645098
62.102238747
8.99602233698
-79.632421604
62.0983944819
8.99770603097
-79.5818933882
62.094378335
8.99932888147
-79.5326427273
62.0901988738
9.00089293166
-79.4846336582
62.0858643308
9.00240015258
-79.4378313497
62.0813826169
9.00385244585
-79.3922020646
62.0767613338
9.00525164635
-79.3477131226
62.0720077862
9.00659952474
-79.3043328648
62.0671289939
9.00789778986
-79.2620306187
62.062131702
9.0091480911
-79.2207766656
62.0570223927
9.01035202064
-79.1805422076
62.0518072946
9.01151111553
-79.1412993373
62.0464923929
9.0126268598
-79.1030210073
62.0410834389
9.01370068642
-79.0656810014
62.0355859588
9.01473397918
-79.0292539068
62.0300052626
9.01572807452
-78.993715087
62.0243464519
9.01668426324
-78.9590406557
62.0186144284
9.01760379223
-78.9252074519
62.0128139015
9.01848786602
-78.8921930156
62.0069493951
9.01933764837
-78.8599755642
62.0010252553
9.0201542637
-78.8285339704
61.9950456567
9.02093879858
-78.7978477401
61.989014609
9.02169230303
-78.7678969913
61.9829359635
9.02241579189
-78.7386624377
61.9768133672
9.02311024509
-78.7101253556
61.9706504747
9.02377661263
-78.6822675844
61.9644506448
9.02441581026
-78.655071496
61.9582171518
9.02502872413
-78.6285199801
61.951953139
9.02561621106
-78.6025964274
61.9456616236
9.02617909955
-78.5772847134
61.9393455014
9.02671819078
-78.5525691824
61.9330075517
9.02723425957
-78.5284346322
61.9266504409
9.02772805531
-78.5048663
61.9202767276
9.02820030284
-78.4818498475
61.9138888657
9.0286517033
-78.4593713477
61.9074892091
9.029082935
-78.4374172718
61.901080015
9.02949465413
-78.4159744759
61.8946634474
9.0298874956
-78.3950301894
61.8882415807
9.03026207374
-78.3745720026
61.8818164033
9.030618983
-78.3545878557
61.8753898201
9.03095879865
-78.3350660271
61.8689636562
9.03128207744
-78.3159951237
61.8625396597
9.03158935819
-78.2973640697
61.8561195042
9.03188116247
-78.279162097
61.8497047922
9.03215799512
-78.2613787357
61.8432970569
9.03242034485
-78.2440038048
61.8368977656
9.03266868476
-78.2270274029
61.8305083214
9.0329034729
-78.2104399001
61.8241300662
9.03312515275
-78.1942319291
61.8177642823
9.03333415372
-78.1783943777
61.8114121953
9.0335308916
-78.1629183802
61.8050749754
9.03371576905
-78.1477953108
61.7987537403
9.03388917598
-78.1330167756
61.7924495563
9.03405149004
-78.1185746058
61.7861634409
9.03420307698
-78.1044608512
61.7798963641
9.03434429106
-78.0906677731
61.7736492505
9.0344754754
-78.0771878382
61.7674229805
9.0345969624
-78.0640137125
61.7612183925
9.03470907404
-78.0511382553
61.7550362841
9.03481212225
-78.0385545136
61.7488774137
9.03490640921
-78.0262557161
61.742742502
9.03499222771
-78.0142352686
61.7366322332
9.03506986141
-78.0024867479
61.7305472564
9.03513958516
-77.9910038975
61.7244881873
9.03520166528
-77.9797806226
61.7184556089
9.03525635984
-77.9688109849
61.7124500728
9.03530391891
-77.9580891987
61.7064721007
9.03534458482
-77.9476096263
61.7005221853
9.03537859243
-77.9373667734
61.6946007912
9.03540616934
-77.9273552854
61.6887083564
9.03542753613
-77.9175699433
61.6828452927
9.03544290661
-77.9080056598
61.6770119873
9.03545248798
-77.8986574756
61.6712088032
9.03545648108
-77.8895205555
61.6654360804
9.03545508059
-77.8805901855
61.6596941368
9.03544847521
-77.8718617688
61.6539832688
9.03543684786
-77.8633308228
61.6483037522
9.03542037584
-77.8549929761
61.6426558432
9.03539923103
-77.8468439648
61.6370397789
9.03537358005
-77.8388796304
61.6314557779
9.03534358442
-77.8310959159
61.6259040414
9.03530940074
-77.823488864
61.6203847536
9.0352711808
-77.8160546135
61.6148980824
9.03522907177
-77.8087893973
61.6094441801
9.03518321633
-77.8016895396
61.6040231839
9.03513375281
-77.7947514533
61.5986352165
9.03508081531
-77.7879716378
61.5932803866
9.03502453385
-77.7813466767
61.5879587898
9.03496503448
-77.7748732354
61.5826705086
9.03490243941
-77.7685480588
61.5774156134
9.03483686714
-77.7623679697
61.5721941624
9.03476843254
-77.7563298661
61.5670062027
9.03469724699
-77.7504307195
61.5618517705
9.03462341848
-77.7446675732
61.5567308914
9.03454705171
-77.7390375399
61.5516435808
9.03446824817
-77.7335378004
61.5465898447
9.03438710629
-77.7281656013
61.5415696797
9.03430372146
-77.7229182538
61.5365830735
9.03421818621
-77.7177931318
61.5316300053
9.0341305902
-77.7127876701
61.5267104462
9.03404102039
-77.7078993632
61.5218243594
9.03394956106
-77.7031257636
61.5169717006
9.03385629392
-77.69846448
61.5121524184
9.0337612982
-77.6939131766
61.5073664544
9.03366465069
-77.689469571
61.5026137437
9.03356642584
-77.6851314332
61.4978942151
9.0334666958
-77.6808965841
61.4932077913
9.03336553054
-77.6767628945
61.4885543895
9.03326299785
-77.6727282835
61.483933921
9.03315916347
