153.17216
142.083332997
145.462245817
148.347398654
152.047806063
153.832655042
154.686652528
155.55336901
155.851546607
156.042527345
156.180058203
156.289639613
156.383481275
156.467517553
156.544708398
156.616596403
156.684043122
156.74757822
156.807565623
156.86428294
156.917959712
156.96879607
157.016972035
157.062652351
157.105989164
157.147123657
157.18618717
157.223302055
157.258582386
157.29213458
157.324057966
157.354445296
157.383383229
157.410952768
157.437229671
157.462284834
157.486184638
157.508991277
157.530763054
157.551554661
157.571417434
157.590399589
157.608546438
157.625900593
157.642502147
157.65838885
157.673596264
157.688157911
157.702105406
157.715468583
157.728275613
157.740553107
157.752326219
157.763618735
157.774453162
157.784850802
157.794831832
157.80441537
157.813619534
157.822461512
157.830957606
157.83912329
157.846973259
157.854521469
157.861781184
157.868765011
157.875484939
157.881952374
157.888178171
157.89417266
157.899945682
157.905506607
157.910864365
157.916027468
157.92100403
157.92580179
157.930428131
157.934890095
157.939194407
157.943347484
157.947355455
157.951224173
157.954959232
157.958565975
157.96204951
157.965414719
157.96866627
157.97180863
157.974846067
157.977782668
157.980622344
157.983368834
157.986025722
157.988596436
157.99108426
157.993492337
157.995823679
157.998081172
158.000267578
158.002385547
158.004437616
158.006426218
158.008353685
158.010222251
158.012034061
158.013791168
158.015495543
158.017149076
158.018753579
158.020310792
158.021822382
158.023289949
158.024715028
158.026099093
158.027443459
158.028749678
158.030018954
158.031252535
158.032451621
158.033617363
158.034750865
158.035853187
158.036925347
158.037968322
158.03898305
158.039970432
158.040931331
158.041866577
158.042776967
158.043663265
158.044526206
158.045366494
158.046184806
158.046981791
158.047758073
158.048514249
158.049250896
158.049968563
158.05066778
158.051349054
158.052012875
158.052659708
158.053290003
158.053904191
158.054502685
158.055085881
158.05565416
158.056207886
158.056747409
158.057273065
158.057785174
158.058284047
158.058769978
158.05924325
158.059704135
158.060152894
158.060589774
158.061015016
158.061428847
158.061831487
158.062223144
158.062604019
158.062974304
158.063334182
158.063683828
158.064023411
158.064353089
158.064673017
158.064983339
158.065284196
158.06557572
158.065858038
158.066131271
158.066395535
158.066650938
158.066897585
158.067135575
158.067365003
158.067585958
158.067798525
158.068002785
158.068198814
158.068386685
158.068566465
158.06873822
158.06890201
158.069057893
158.069205922
158.069346149
158.069478621
158.069603383
158.069720476
158.069829939
158.069931808
158.070026116
158.070112896
158.070192174
158.070263977
158.070328329
158.070385251
