0.0
0.0
0.0
0.0
0.0
0.0
0.0
0.0
0.0
0.0
0.0
0.0
0.0
0.0
0.0
0.0
0.0
0.0
0.0
0.0
0.0
0.0
0.0
0.0
0.0
0.0
0.0
0.0
0.0
0.0
0.0
0.0
0.0
0.0
0.0
0.0
0.0
0.0
0.0
0.0
0.0
0.0
0.0
0.0
0.0
0.0
0.0
0.0
0.0
0.0
0.0
0.0
0.0
0.0
0.0
0.0
0.0
0.0
0.0
0.0
0.0
0.0
0.0
0.0
0.0
0.0
0.0
0.0
0.0
0.0
0.0
0.0
0.0
0.0
0.0
0.0
0.0
0.0
0.0
0.0
0.0
0.0
0.0
0.0
0.0
0.0
0.0
0.0
0.0
0.0
0.0
0.0
0.0
0.0
0.0
0.0
0.0
0.0
0.0
0.0
-662.191329315
-516.876646469
-404.92459645
-318.64938509
-252.152175687
-200.898511016
-161.398566007
-130.964067035
-107.522801481
-89.4766555545
-75.5927163572
-64.9195895168
-56.7230069084
-50.4362272493
-45.6218020256
-41.9420858458
-39.136481919
-37.0038793192
-35.3890946713
-34.1724038288
-33.2614586621
-32.5850452727
-32.088264087
-31.7288080705
-31.4740884265
-31.2990160566
-31.1842882438
-31.1150655124
-31.0799508493
-31.0702014491
-31.0791203642
-31.101587015
-31.1336949116
-31.1724721423
-31.2156657564
-31.2615754654
-31.3089254109
-31.3567653108
-31.4043942752
-31.4513021163
-31.497124153
-31.5416064262
-31.5845789435
-31.6259351155
-31.665615965
-31.7035980161
-31.7398840172
-31.7744958488
-31.8074691105
-31.838849004
-31.8686872084
-31.8970395221
-31.9239640901
-31.9495200819
-31.9737667142
-31.9967625367
-32.0185649188
-32.0392296897
-32.0588108939
-32.0773606347
-32.0949289831
-32.1115639359
-32.1273114103
-32.1422152646
-32.1563173385
-32.1696575063
-32.1822737393
-32.1942021745
-32.2054771861
-32.216131459
-32.2261960628
-32.2357005244
-32.2446728999
-32.253139844
-32.2611266827
-32.268657459
-32.2757550234
-32.2824410762
-32.2887362284
-32.2946600562
-32.3002311533
-32.3054671802
-32.3103849116
-32.3150002809
-32.3193284229
-32.3233837142
-32.3271798117
-32.3307296886
-32.3340456695
-32.3371394629
-32.3400221923
-32.3427044261
-32.3451962052
-32.3475070699
-32.349646085
-32.3516218638
-32.3534425908
-32.3551160435
-32.3566496125
-32.3580503212
0.0
0.0
0.0
0.0
0.0
0.0
0.0
0.0
0.0
0.0
0.0
0.0
0.0
0.0
0.0
0.0
0.0
0.0
0.0
0.0
0.0
0.0
0.0
0.0
0.0
0.0
0.0
0.0
0.0
0.0
0.0
0.0
0.0
0.0
0.0
0.0
0.0
0.0
0.0
0.0
0.0
0.0
0.0
0.0
0.0
0.0
0.0
0.0
0.0
0.0
0.0
0.0
0.0
0.0
0.0
0.0
0.0
0.0
0.0
0.0
0.0
0.0
0.0
0.0
0.0
0.0
0.0
0.0
0.0
0.0
0.0
0.0
0.0
0.0
0.0
0.0
0.0
0.0
0.0
0.0
0.0
0.0
0.0
0.0
0.0
0.0
0.0
0.0
0.0
0.0
0.0
0.0
0.0
0.0
0.0
0.0
0.0
0.0
0.0
0.0
-662.191329315
-516.876646469
-404.92459645
-318.64938509
-252.152175687
-200.898511016
-161.398566007
-130.964067035
-107.522801481
-89.4766555545
-75.5927163572
-64.9195895168
-56.7230069084
-50.4362272493
-45.6218020256
-41.9420858458
-39.136481919
-37.0038793192
-35.3890946713
-34.1724038288
-33.2614586621
-32.5850452727
-32.088264087
-31.7288080705
-31.4740884265
-31.2990160566
-31.1842882438
-31.1150655124
-31.0799508493
-31.0702014491
-31.0791203642
-31.101587015
-31.1336949116
-31.1724721423
-31.2156657564
-31.2615754654
-31.3089254109
-31.3567653108
-31.4043942752
-31.4513021163
-31.497124153
-31.5416064262
-31.5845789435
-31.6259351155
-31.665615965
-31.7035980161
-31.7398840172
-31.7744958488
-31.8074691105
-31.838849004
-31.8686872084
-31.8970395221
-31.9239640901
-31.9495200819
-31.9737667142
-31.9967625367
-32.0185649188
-32.0392296897
-32.0588108939
-32.0773606347
-32.0949289831
-32.1115639359
-32.1273114103
-32.1422152646
-32.1563173385
-32.1696575063
-32.1822737393
-32.1942021745
-32.2054771861
-32.216131459
-32.2261960628
-32.2357005244
-32.2446728999
-32.253139844
-32.2611266827
-32.268657459
-32.2757550234
-32.2824410762
-32.2887362284
-32.2946600562
-32.3002311533
-32.3054671802
-32.3103849116
-32.3150002809
-32.3193284229
-32.3233837142
-32.3271798117
-32.3307296886
-32.3340456695
-32.3371394629
-32.3400221923
-32.3427044261
-32.3451962052
-32.3475070699
-32.349646085
-32.3516218638
-32.3534425908
-32.3551160435
-32.3566496125
-32.3580503212
