51.2977390759
28.7155590757
28.733707521
28.7524883169
28.7719913434
28.7922132267
28.8131315445
28.8347207519
28.8569556806
28.8798122564
28.9032675929
28.9272999507
28.9518886701
28.9770141038
29.0026575516
29.0288012015
29.0554280739
29.0825219707
29.1100674277
29.1380496712
29.1664545765
29.1952686311
29.2244788989
29.2540729881
29.2840390208
29.314365605
29.3450418081
29.3760571333
29.4074014962
29.4390652042
29.4710389369
29.503313728
29.5358809481
29.5687322891
29.6018597501
29.6352556232
29.6689124814
29.7028231671
29.7369807814
29.7713786743
29.8060104356
29.8408698872
29.875951075
29.9112482631
29.9467559268
29.9824687482
30.0183816109
30.0544895966
30.0907879811
30.1272722322
30.1639380069
30.2007811507
30.2377976959
30.2749838621
30.3123360557
30.3498508716
30.3875250944
30.4253557006
30.4633398614
30.5014749467
30.5397585284
30.578188386
30.6167625117
30.6554791172
30.69433664
30.7333337519
30.7724693673
30.8117426525
30.8511530364
30.8907002215
30.9303841959
30.9702052467
31.0101639742
31.0502613068
31.0904985175
31.1308772416
31.171399495
31.2120676948
31.25288468
31.2938537345
31.3349786117
31.3762635595
31.4177133482
31.4593332997
31.5011293175
31.5431079203
31.5852762761
31.627642239
31.670214388
31.7130020678
31.7560154327
31.7992654916
31.8427641572
31.8865242962
31.9305597837
31.9748855597
32.0195176888
32.0644734232
32.109771269
32.1554310554
32.2014740085
32.2479228281
32.2948017679
32.3421367212
32.3899553091
32.4382869739
32.4871630768
32.536617
32.5866842534
32.6374025867
32.6888121055
32.7409553934
32.793877639
32.8476267676
32.9022535792
32.9578118914
33.0143586878
33.0719542725
33.1306624292
33.1905505873
33.2516899918
33.3141558806
33.3780276659
33.4433891212
33.5103285743
33.5789391042
33.6493187435
33.7215706855
33.7958034946
33.8721313222
33.9506741245
34.0315578847
34.1149148373
34.2008836942
34.2896098736
34.3812457287
34.4759507773
34.5738919313
34.6752437251
34.7801885425
34.8889168409
35.0016273728
35.1185274035
35.2398329238
35.3657688581
35.4965692656
35.6324775356
35.7737465745
35.9206389854
36.0734272378
36.2323938284
36.3978314309
36.5700430342
36.7493420687
36.9360525186
37.1305090197
37.3330569411
37.5440524481
37.7638625461
37.9928651018
38.231448838
38.4800133018
38.7389687981
39.0087357006
39.2897479787
39.5824434512
39.8872767792
40.2047088469
40.5352106565
40.8792621298
41.2373515563
41.6099749401
41.9976352315
42.4008414317
42.8201075344
43.2559514106
43.7088933172
44.1794544143
44.668154973
45.1755123716
45.7020388448
46.2482389609
46.8146068098
47.4016228803
48.0097529102
48.6394350649
49.2910889957
49.9651026469
50.6618294087
51.3815827453
52.1246304042
52.891188202
53.6814133905
54.4953976112
55.3331594555
56.1946366548
57.0796779371
57.9880345959
58.91935183
59.8731599274
51.2977390759
28.7155590757
28.733707521
28.7524883169
28.7719913434
28.7922132267
28.8131315445
28.8347207519
28.8569556806
28.8798122564
28.9032675929
28.9272999507
28.9518886701
28.9770141038
29.0026575516
29.0288012015
29.0554280739
29.0825219707
29.1100674277
29.1380496712
29.1664545765
29.1952686311
29.2244788989
29.2540729881
29.2840390208
29.314365605
29.3450418081
29.3760571333
29.4074014962
29.4390652042
29.4710389369
29.503313728
29.5358809481
29.5687322891
29.6018597501
29.6352556232
29.6689124814
29.7028231671
29.7369807814
29.7713786743
29.8060104356
29.8408698872
29.875951075
29.9112482631
29.9467559268
29.9824687482
30.0183816109
30.0544895966
30.0907879811
30.1272722322
30.1639380069
30.2007811507
30.2377976959
30.2749838621
30.3123360557
30.3498508716
30.3875250944
30.4253557006
30.4633398614
30.5014749467
30.5397585284
30.578188386
30.6167625117
30.6554791172
30.69433664
30.7333337519
30.7724693673
30.8117426525
30.8511530364
30.8907002215
30.9303841959
30.9702052467
31.0101639742
31.0502613068
31.0904985175
31.1308772416
31.171399495
31.2120676948
31.25288468
31.2938537345
31.3349786117
31.3762635595
31.4177133482
31.4593332997
31.5011293175
31.5431079203
31.5852762761
31.627642239
31.670214388
31.7130020678
31.7560154327
31.7992654916
31.8427641572
31.8865242962
31.9305597837
31.9748855597
32.0195176888
32.0644734232
32.109771269
32.1554310554
32.2014740085
32.2479228281
32.2948017679
32.3421367212
32.3899553091
32.4382869739
32.4871630768
32.536617
32.5866842534
32.6374025867
32.6888121055
32.7409553934
32.793877639
32.8476267676
32.9022535792
32.9578118914
33.0143586878
33.0719542725
33.1306624292
33.1905505873
33.2516899918
33.3141558806
33.3780276659
33.4433891212
33.5103285743
33.5789391042
33.6493187435
33.7215706855
33.7958034946
33.8721313222
33.9506741245
34.0315578847
34.1149148373
34.2008836942
34.2896098736
34.3812457287
34.4759507773
34.5738919313
34.6752437251
34.7801885425
34.8889168409
35.0016273728
35.1185274035
35.2398329238
35.3657688581
35.4965692656
35.6324775356
35.7737465745
35.9206389854
36.0734272378
36.2323938284
36.3978314309
36.5700430342
36.7493420687
36.9360525186
37.1305090197
37.3330569411
37.5440524481
37.7638625461
37.9928651018
38.231448838
38.4800133018
38.7389687981
39.0087357006
39.2897479787
39.5824434512
39.8872767792
40.2047088469
40.5352106565
40.8792621298
41.2373515563
41.6099749401
41.9976352315
42.4008414317
42.8201075344
43.2559514106
43.7088933172
44.1794544143
44.668154973
45.1755123716
45.7020388448
46.2482389609
46.8146068098
47.4016228803
48.0097529102
48.6394350649
49.2910889957
49.9651026469
50.6618294087
51.3815827453
52.1246304042
52.891188202
53.6814133905
54.4953976112
55.3331594555
56.1946366548
57.0796779371
57.9880345959
58.91935183
59.8731599274
