-352.137066122
-501.592762075
-500.931080401
-500.230077735
-499.55937476
-498.932280086
-498.349491752
-497.809017698
-497.308389255
-496.845147202
-496.41694131
-496.021543968
-495.656845287
-495.320844752
-495.011642728
-494.727432505
-494.466492971
-494.227181887
-494.00792971
-493.807233915
-493.623653752
-493.455805423
-493.302357607
-493.162027329
-493.033576119
-492.915806444
-492.807558391
-492.707706564
-492.615157199
-492.528845444
-492.44773283
-492.370804877
-492.297068849
-492.225551638
-492.15529776
-492.085367457
-492.014834904
-491.942786493
-491.868319212
-491.790539083
-491.708559682
-491.621500712
-491.528486635
-491.42864536
-491.321106971
-491.205002505
-491.07946277
-490.943617194
-490.796592713
-490.637512693
-490.465495871
-490.279655332
-490.079097511
-489.862921212
-489.630216655
-489.380064548
-489.111535167
-488.823687477
-488.51556825
-488.186211226
-487.834636279
-487.459848613
-487.060837983
-486.63657793
-486.186025057
-485.708118322
-485.201778368
-484.665906889
-484.099386025
-483.501077813
-482.869823667
-482.20444393
-481.503737464
-480.766481313
-479.99143044
-479.177317532
-478.322852903
-477.426724482
-476.487597919
-475.504116794
-474.474902975
-473.398557095
-472.273659205
-471.098769589
-469.872429765
-468.593163696
-467.259479223
-465.869869733
-464.422816101
-462.916788907
-461.350250965
-459.721660172
-458.029472728
-456.272146711
-454.448146074
-452.555945057
-450.594033056
-448.560919964
-446.455142016
-444.275268145
-442.019906887
-439.687713836
-437.277399668
-434.787738742
-432.21757829
-429.565848175
-426.831571229
-424.013874134
-421.111998837
-418.125314444
-415.053329561
-411.895705004
-408.652266815
-405.32301948
-401.908159263
-398.408087504
-394.823423775
-391.155018704
-387.403966329
-383.571615761
-379.65958198
-375.669755544
-371.604310975
-367.465713611
-363.256724689
-358.980404417
-354.640112837
-350.239508256
-345.782543057
-341.273456744
-336.716766074
-332.117252203
-327.479944786
-322.810103049
-318.113193887
-313.394867103
-308.660927975
-303.917307377
-299.170029747
-294.425179266
-289.688864621
-284.967182811
-280.266182445
-275.591827046
-270.949958839
-266.346263543
-261.786236639
-257.275151582
-252.818030379
-248.419616901
-244.084353266
-239.81635953
-235.619416891
-231.496954528
-227.452040105
-223.487373956
-219.60528684
-215.807741136
-212.096338805
-208.472314147
-204.936565025
-201.48965794
-198.131833401
-194.863032026
-191.682909988
-188.5908581
-185.586023877
-182.667323169
-179.833474247
-177.083009298
-174.414297153
-171.82556323
-169.314908864
-166.88032989
-164.519734335
-162.230959169
-160.011786011
-157.859955769
-155.773182151
-153.749164223
-151.785597559
-149.880184633
-148.030644
-146.234718509
-144.490182557
-142.794848434
-141.146571821
-139.543256491
-137.982858283
-136.463388393
-134.982916056
-133.539570665
-132.13154339
-130.757088345
-129.414523353
-128.102230361
-126.81865555
-125.562309172
-124.331765166
-123.125660576
-352.137066122
-501.592762075
-500.931080401
-500.230077735
-499.55937476
-498.932280086
-498.349491752
-497.809017698
-497.308389255
-496.845147202
-496.41694131
-496.021543968
-495.656845287
-495.320844752
-495.011642728
-494.727432505
-494.466492971
-494.227181887
-494.00792971
-493.807233915
-493.623653752
-493.455805423
-493.302357607
-493.162027329
-493.033576119
-492.915806444
-492.807558391
-492.707706564
-492.615157199
-492.528845444
-492.44773283
-492.370804877
-492.297068849
-492.225551638
-492.15529776
-492.085367457
-492.014834904
-491.942786493
-491.868319212
-491.790539083
-491.708559682
-491.621500712
-491.528486635
-491.42864536
-491.321106971
-491.205002505
-491.07946277
-490.943617194
-490.796592713
-490.637512693
-490.465495871
-490.279655332
-490.079097511
-489.862921212
-489.630216655
-489.380064548
-489.111535167
-488.823687477
-488.51556825
-488.186211226
-487.834636279
-487.459848613
-487.060837983
-486.63657793
-486.186025057
-485.708118322
-485.201778368
-484.665906889
-484.099386025
-483.501077813
-482.869823667
-482.20444393
-481.503737464
-480.766481313
-479.99143044
-479.177317532
-478.322852903
-477.426724482
-476.487597919
-475.504116794
-474.474902975
-473.398557095
-472.273659205
-471.098769589
-469.872429765
-468.593163696
-467.259479223
-465.869869733
-464.422816101
-462.916788907
-461.350250965
-459.721660172
-458.029472728
-456.272146711
-454.448146074
-452.555945057
-450.594033056
-448.560919964
-446.455142016
-444.275268145
-442.019906887
-439.687713836
-437.277399668
-434.787738742
-432.21757829
-429.565848175
-426.831571229
-424.013874134
-421.111998837
-418.125314444
-415.053329561
-411.895705004
-408.652266815
-405.32301948
-401.908159263
-398.408087504
-394.823423775
-391.155018704
-387.403966329
-383.571615761
-379.65958198
-375.669755544
-371.604310975
-367.465713611
-363.256724689
-358.980404417
-354.640112837
-350.239508256
-345.782543057
-341.273456744
-336.716766074
-332.117252203
-327.479944786
-322.810103049
-318.113193887
-313.394867103
-308.660927975
-303.917307377
-299.170029747
-294.425179266
-289.688864621
-284.967182811
-280.266182445
-275.591827046
-270.949958839
-266.346263543
-261.786236639
-257.275151582
-252.818030379
-248.419616901
-244.084353266
-239.81635953
-235.619416891
-231.496954528
-227.452040105
-223.487373956
-219.60528684
-215.807741136
-212.096338805
-208.472314147
-204.936565025
-201.48965794
-198.131833401
-194.863032026
-191.682909988
-188.5908581
-185.586023877
-182.667323169
-179.833474247
-177.083009298
-174.414297153
-171.82556323
-169.314908864
-166.88032989
-164.519734335
-162.230959169
-160.011786011
-157.859955769
-155.773182151
-153.749164223
-151.785597559
-149.880184633
-148.030644
-146.234718509
-144.490182557
-142.794848434
-141.146571821
-139.543256491
-137.982858283
-136.463388393
-134.982916056
-133.539570665
-132.13154339
-130.757088345
-129.414523353
-128.102230361
-126.81865555
-125.562309172
-124.331765166
-123.125660576
