0.0658934745692
0.0685510844415
0.0699122120204
0.0702388901948
0.0700445070989
0.06969491779
0.0693725530552
0.0691432586163
0.0690228106621
0.0690045197244
0.0690745491503
0.0692180690331
0.0694214893979
0.0696730778399
0.0699629572139
0.0702828965415
0.070626058747
0.0709867647418
0.0713602912571
0.0717427037228
0.0721307200795
0.0725216002216
0.0729130561174
0.0733031784384
0.0736903763471
0.0740733278037
0.0744509383245
0.0748223065725
0.075186695509
0.0755435081017
0.0758922667883
0.0762325960555
0.0765642076132
0.0768868877458
0.0772004864917
0.0775049083703
0.0778001044171
0.0780860653345
0.0783628155901
0.0786304083275
0.0788889209708
0.0791384514261
0.0793791147949
0.0796110405286
0.0798343699644
0.0800492541883
0.0802558521842
0.0804543292274
0.0806448554925
0.0808276048464
0.0810027538016
0.0811704806109
0.0813309644822
0.0814843849019
0.081630921049
0.0817707512918
0.0819040527551
0.0820310009491
0.0821517694532
0.0822665296472
0.0823754504845
0.082478698302
0.082576436662
0.0826688262225
0.082756024633
0.0828381864508
0.0829154630782
0.0829880027152
0.0830559503276
0.0831194476283
0.0831786330692
0.0832336418442
0.0832846058999
0.083331653954
0.0833749115214
0.0834145009443
0.0834505414284
0.0834831490834
0.0835124369661
0.0835385151278
0.0835614906631
0.083581467762
0.083598547763
0.0836128292074
0.0836244078955
0.0836333769431
0.0836398268385
0.0836438455002
0.0836455183344
0.0836449282929
0.0836421559305
0.0836372794622
0.0836303748202
0.0836215157101
0.0836107736668
0.0835982181094
0.0835839163959
0.0835679338762
0.0835503339455
0.0835311780955
0.0835105259658
0.0834884353938
0.0834649624633
0.083440161553
0.0834140853836
0.0833867850632
0.0833583101331
0.0833287086112
0.0832980270353
0.0832663105048
0.0832336027223
0.0831999460326
0.0831653814626
0.0831299487587
0.0830936864234
0.0830566317545
0.0830188208748
0.0829802887707
0.0829410693238
0.0829011953439
0.0828606985999
0.0828196098511
0.0827779588767
0.0827357745047
0.0826930846405
0.0826499162938
0.0826062956056
0.0825622478742
0.0825177975797
0.0824729684094
0.0824277832805
0.0823822643638
0.0823364331061
0.0822903102516
0.082243915863
0.0821972693424
0.0821503894506
0.0821032943271
0.0820560015081
0.0820085279451
0.0819608900227
0.0819131035751
0.0818651839035
0.0818171457916
0.0817690035214
0.0817207708889
0.0816724612178
0.0816240873748
0.0815756617828
0.0815271964348
0.0814787029065
0.0814301923693
0.0813816756026
0.0813331630054
0.081284664608
0.0812361900833
0.0811877487578
0.0811393496217
0.0810910013394
0.0810427122596
0.0809944904246
0.0809463435798
0.0808982791827
0.0808503044117
0.0808024261748
0.0807546511175
0.0807069856311
0.0806594358605
0.0806120077114
0.0805647068582
0.0805175387504
0.0804705086202
0.0804236214885
0.080376882172
0.0803302952891
0.080283865266
0.0802375963428
0.0801914925792
0.08014555786
0.0800997959005
0.0800542102518
0.0800088043059
0.0799635813005
0.079918544324
0.0798736963198
0.0798290400913
0.0797845783059
0.0797403134993
0.0796962480796
0.0796523843316
0.0796087244201
0.0795652703943
0.079522024191
0.0794789876381
0.0794361624586
0.0793935502732
0.0793511526041
0.0793089708778
0.0792670064283
0.0792252605001
