-177.332086395
69.5770893274
9.83213700276
-137.625228406
54.3696310737
6.8382441301
-121.670685955
54.7298938439
6.95275215547
-110.867686602
51.8773227343
7.29940589267
-102.744215306
52.8692243049
7.28263051519
-98.7847864617
53.6199912751
7.31870952375
-96.9703425126
54.2205946641
7.37609657613
-96.0475989319
54.5845501006
7.44090986744
-95.5948855279
55.0195347863
7.50404998766
-95.2976149475
55.4083308413
7.56506124477
-95.0396682612
55.7592636769
7.62304328963
-94.7747554791
56.0781347488
7.67777607964
-94.4873846296
56.3693185034
7.72932500568
-94.1750884231
56.6362977848
7.7778673759
-93.8404955023
56.8819446942
7.82361588021
-93.4878742904
57.1086799166
7.86678546546
-93.121683731
57.3185712259
7.90757974193
-92.7460128294
57.5133998967
7.94618614112
-92.3644056884
57.694709013
7.9827749321
-91.9798471575
57.8638407245
8.01749987422
-91.5948097918
58.0219661632
8.05049950047
-91.2113192219
58.170110101
8.08189858145
-90.8310202064
58.3091716023
8.11180957375
-90.4552367223
58.4399414947
8.14033397257
-90.0850242116
58.5631172349
8.16756354072
-89.721214052
58.6793156064
8.19358140956
-89.3644510237
58.7890835904
8.21846305765
-89.0152247326
58.8929076872
8.24227717674
-88.6738959159
58.9912219171
8.26508643578
-88.3407184551
59.0844146938
8.28694815391
-88.0158578015
59.1728347326
8.30791489238
-87.6994064062
59.2567961326
8.32803497471
-87.3913966474
59.3365827498
8.34735294366
-87.0918116665
59.4124519633
8.36590996253
-86.800594452
59.4846379202
8.38374416747
-86.5176554563
59.5533543339
8.400890977
-86.2428789806
59.618796899
8.41738336393
-85.9761285241
59.6811453781
8.43325209455
-85.7172512649
59.7405654056
8.44852593902
-85.4660818071
59.7972100503
8.46323185687
-85.222445313
59.8512211705
8.47739516057
-84.9861601147
59.9027305905
8.49103966019
-84.7570398894
59.9518611243
8.50418779135
-84.534895465
59.9987274684
8.51686072886
-84.3195363154
60.0434369812
8.5290784876
-84.1107717932
60.0860903656
8.54086001259
-83.9084121418
60.1267822681
8.55222325932
-83.7122693215
60.1656018061
8.56318526577
-83.5221576786
60.2026330327
8.57376221713
-83.3378944824
60.2379553487
8.58396950405
-83.1593003513
60.2716438679
8.59382177531
-82.9861995858
60.3037697421
8.60333298552
-82.8184204229
60.3344004523
8.61251643854
-82.6557952249
60.3636000683
8.62138482697
-82.4981606136
60.3914294836
8.62995026832
-82.3453575582
60.417946626
8.63822433819
-82.1972314251
60.4432066492
8.64621810072
-82.0536319968
60.467262106
8.65394213673
-81.9144134635
60.4901631068
8.6614065697
-81.7794343939
60.5119574637
8.66862108985
-81.6485576885
60.5326908232
8.67559497657
-81.5216505181
60.5524067881
8.6823371192
-81.3985842514
60.5711470295
8.68885603653
-81.2792343733
60.5889513907
8.69515989496
-81.163480396
60.6058579835
8.70125652558
-81.0512057652
60.6219032775
8.70715344011
-80.9422977616
60.6371221835
8.71285784598
-80.8366474002
60.6515481308
8.71837666045
-80.734149328
60.6652131405
8.72371652399
-80.6347017198
60.6781478931
8.72888381284
-80.5382061747
60.6903817926
8.73388465095
-80.4445676126
60.7019430265
8.7387249212
-80.3536941712
60.7128586224
8.74341027611
-80.2654971051
60.7231545016
8.74794614794
-80.1798906849
60.7328555288
8.75233775828
-80.0967920996
60.7419855605
8.75659012715
-80.0161213601
60.7505674895
8.7607080817
-79.9378012049
60.7586232876
8.76469626437
-79.8617570082
60.7661740466
8.7685591408
-79.7879166906
60.7732400157
8.77230100723
-79.7162106312
60.7798406389
8.77592599763
-79.6465715837
60.7859945891
8.77943809045
-79.5789345932
60.7917198012
8.78284111508
-79.5132369172
60.7970335033
8.78613875798
-79.4494179472
60.8019522469
8.7893345686
-79.3874191349
60.8064919348
8.79243196493
-79.3271839184
60.8106678488
8.79543423887
-79.2686576531
60.8144946748
8.79834456135
-79.211787543
60.8179865282
8.80116598718
-79.1565225756
60.8211569769
8.80390145974
-79.1028134584
60.824019064
8.80655381543
-79.0506125578
60.826585329
8.80912578794
-78.99987384
60.8288678286
8.8116200123
-78.9505528138
60.830878156
8.81403902881
-78.9026064763
60.8326274596
8.81638528676
-78.855993259
60.8341264612
8.81866114798
-78.8106729776
60.8353854728
8.8208688903
-78.766606782
60.8364144129
8.82301071077
-78.7237571091
60.8372228226
8.82508872884
-78.6820876371
60.8378198799
8.82710498934
-78.6415632414
60.8382144147
8.82906146533
-78.6021499517
60.8384149222
8.8309600609
-78.5638149118
60.8384295761
8.83280261377
-78.5265263392
60.8382662412
8.83459089785
-78.490253488
60.8379324854
8.83632662563
-78.4549666118
60.8374355913
8.83801145054
-78.4206369285
60.8367825676
8.83964696913
-78.3872365865
60.835980159
8.84123472327
-78.3547386317
60.835034857
8.84277620213
-78.3231169766
60.8339529096
8.84427284421
-78.2923463691
60.8327403303
8.84572603918
-78.2624023642
60.8314029073
8.84713712971
-78.2332612951
60.8299462124
8.84850741322
-78.2049002468
60.8283756086
8.84983814349
-78.1772970292
60.8266962586
8.85113053235
-78.1504301592
60.8249130792
8.85238574972
-78.1242788105
60.8230309605
8.85360493073
-78.0988228286
60.8210544551
8.85478916882
-78.0740426826
60.8189879968
8.85593952256
-78.0499194505
60.8168358539
8.85705701565
-78.0264347981
60.8146021356
8.85814263811
-78.0035709586
60.8122907976
8.85919734754
-77.981310714
60.8099056485
8.86022207026
-77.9596373756
60.8074503544
8.86121770243
-77.9385347669
60.804928445
8.86218511112
-77.9179872057
60.8023433182
8.86312513532
-77.8979794876
60.7996982452
8.86403858699
-77.8784968702
60.7969963749
8.86492625193
-77.8595250571
60.7942407388
8.86578889078
-77.8410501835
60.7914342551
8.86662723982
-77.8230588017
60.7885797327
8.86744201188
-77.8055378671
60.7856798756
8.86823389715
-77.7884747246
60.7827372865
8.86900356393
-77.7718570966
60.7797544703
8.86975165939
-77.7556730695
60.7767338384
8.87047881035
-77.7399110827
60.773677711
8.87118562391
-77.7245599162
60.7705883216
8.87187268818
-77.7096086802
60.7674678192
8.87254057288
-77.6950468038
60.7643182718
8.87318983
-77.6808640251
60.7611416693
8.8738209944
-77.6670503808
60.7579399265
8.87443458436
-77.653596197
60.7547148852
8.87503110218
-77.6404920793
60.7514683175
8.87561103468
-77.6277289047
60.748201928
8.87617485374
-77.615297812
60.7449173562
8.87672301679
-77.6031901942
60.7416161789
8.8772559673
-77.5913976899
60.7382999126
8.87777413523
-77.5799121759
60.7349700154
8.87827793748
-77.5687257596
60.731627889
8.87876777836
-77.5578307715
60.7282748812
8.87924404992
-77.5472197586
60.7249122874
8.87970713243
-77.5368854772
60.7215413526
8.88015739476
-77.5268208868
60.7181632733
8.88059519468
-77.5170191435
60.7147791989
8.8810208793
-77.5074735942
60.7113902338
8.8814347854
-77.4981777703
60.7079974386
8.88183723973
-77.4891253824
60.7046018321
8.88222855935
-77.4803103145
60.7012043922
8.88260905195
-77.4717266191
60.697806058
8.88297901617
-77.4633685117
60.6944077306
8.88333874184
-77.455230366
60.6910102747
8.88368851029
-77.4473067092
60.6876145201
8.88402859463
-77.439592217
60.6842212625
8.88435925998
-77.4320817096
60.680831265
8.88468076375
-77.4247701473
60.677445259
8.88499335587
-77.417652626
60.6740639459
8.88529727904
-77.4107243734
60.6706879972
8.88559276893
-77.403980745
60.6673180565
8.88588005442
-77.3974172204
60.6639547399
8.88615935781
-77.3910293997
60.6605986373
8.88643089502
-77.3848129997
60.6572503129
8.88669487578
-77.3787638508
60.6539103067
8.88695150385
-77.3728778933
60.6505791348
8.88720097717
-77.3671511747
60.6472572906
8.88744348805
-77.3615798462
60.6439452454
8.88767922336
-77.3561601597
60.6406434493
8.88790836469
-77.3508884651
60.637352332
8.88813108847
-77.3457612076
60.6340723032
8.8883475662
-77.3407749246
60.6308037537
8.88855796454
-77.335926243
60.6275470558
8.88876244548
-77.3312118774
60.6243025642
8.88896116648
-77.3266286266
60.6210706164
8.88915428061
-77.3221733722
60.6178515332
8.88934193667
-77.3178430754
60.6146456198
8.88952427933
-77.3136347754
60.6114531658
8.88970144925
-77.3095455869
60.608274446
8.88987358318
-77.3055726979
60.6051097211
8.89004081413
-77.3017133682
60.6019592377
8.89020327142
-77.2979649267
60.5988232295
8.89036108081
-77.2943247699
60.5957019169
8.89051436462
-77.29079036
60.5925955084
8.89066324183
-77.2873592232
60.5895042003
8.89080782815
-77.2840289475
60.5864281775
8.89094823614
-77.2807971815
60.5833676138
8.89108457531
-77.2776616327
60.5803226723
8.89121695218
-77.2746200654
60.5772935058
8.8913454704
-77.2716702998
60.5742802573
8.89147023079
-77.2688102102
60.57128306
8.89159133147
-77.2660377235
60.5683020382
8.89170886791
-77.2633508179
60.5653373069
8.89182293301
-177.332086395
69.5770893274
9.83213700276
-137.625228406
54.3696310737
6.8382441301
-121.670685955
54.7298938439
6.95275215547
-110.867686602
51.8773227343
7.29940589267
-102.744215306
52.8692243049
7.28263051519
-98.7847864617
53.6199912751
7.31870952375
-96.9703425126
54.2205946641
7.37609657613
-96.0475989319
54.5845501006
7.44090986744
-95.5948855279
55.0195347863
7.50404998766
-95.2976149475
55.4083308413
7.56506124477
-95.0396682612
55.7592636769
7.62304328963
-94.7747554791
56.0781347488
7.67777607964
-94.4873846296
56.3693185034
7.72932500568
-94.1750884231
56.6362977848
7.7778673759
-93.8404955023
56.8819446942
7.82361588021
-93.4878742904
57.1086799166
7.86678546546
-93.121683731
57.3185712259
7.90757974193
-92.7460128294
57.5133998967
7.94618614112
-92.3644056884
57.694709013
7.9827749321
-91.9798471575
57.8638407245
8.01749987422
-91.5948097918
58.0219661632
8.05049950047
-91.2113192219
58.170110101
8.08189858145
-90.8310202064
58.3091716023
8.11180957375
-90.4552367223
58.4399414947
8.14033397257
-90.0850242116
58.5631172349
8.16756354072
-89.721214052
58.6793156064
8.19358140956
-89.3644510237
58.7890835904
8.21846305765
-89.0152247326
58.8929076872
8.24227717674
-88.6738959159
58.9912219171
8.26508643578
-88.3407184551
59.0844146938
8.28694815391
-88.0158578015
59.1728347326
8.30791489238
-87.6994064062
59.2567961326
8.32803497471
-87.3913966474
59.3365827498
8.34735294366
-87.0918116665
59.4124519633
8.36590996253
-86.800594452
59.4846379202
8.38374416747
-86.5176554563
59.5533543339
8.400890977
-86.2428789806
59.618796899
8.41738336393
-85.9761285241
59.6811453781
8.43325209455
-85.7172512649
59.7405654056
8.44852593902
-85.4660818071
59.7972100503
8.46323185687
-85.222445313
59.8512211705
8.47739516057
-84.9861601147
59.9027305905
8.49103966019
-84.7570398894
59.9518611243
8.50418779135
-84.534895465
59.9987274684
8.51686072886
-84.3195363154
60.0434369812
8.5290784876
-84.1107717932
60.0860903656
8.54086001259
-83.9084121418
60.1267822681
8.55222325932
-83.7122693215
60.1656018061
8.56318526577
-83.5221576786
60.2026330327
8.57376221713
-83.3378944824
60.2379553487
8.58396950405
-83.1593003513
60.2716438679
8.59382177531
-82.9861995858
60.3037697421
8.60333298552
-82.8184204229
60.3344004523
8.61251643854
-82.6557952249
60.3636000683
8.62138482697
-82.4981606136
60.3914294836
8.62995026832
-82.3453575582
60.417946626
8.63822433819
-82.1972314251
60.4432066492
8.64621810072
-82.0536319968
60.467262106
8.65394213673
-81.9144134635
60.4901631068
8.6614065697
-81.7794343939
60.5119574637
8.66862108985
-81.6485576885
60.5326908232
8.67559497657
-81.5216505181
60.5524067881
8.6823371192
-81.3985842514
60.5711470295
8.68885603653
-81.2792343733
60.5889513907
8.69515989496
-81.163480396
60.6058579835
8.70125652558
-81.0512057652
60.6219032775
8.70715344011
-80.9422977616
60.6371221835
8.71285784598
-80.8366474002
60.6515481308
8.71837666045
-80.734149328
60.6652131405
8.72371652399
-80.6347017198
60.6781478931
8.72888381284
-80.5382061747
60.6903817926
8.73388465095
-80.4445676126
60.7019430265
8.7387249212
-80.3536941712
60.7128586224
8.74341027611
-80.2654971051
60.7231545016
8.74794614794
-80.1798906849
60.7328555288
8.75233775828
-80.0967920996
60.7419855605
8.75659012715
-80.0161213601
60.7505674895
8.7607080817
-79.9378012049
60.7586232876
8.76469626437
-79.8617570082
60.7661740466
8.7685591408
-79.7879166906
60.7732400157
8.77230100723
-79.7162106312
60.7798406389
8.77592599763
-79.6465715837
60.7859945891
8.77943809045
-79.5789345932
60.7917198012
8.78284111508
-79.5132369172
60.7970335033
8.78613875798
-79.4494179472
60.8019522469
8.7893345686
-79.3874191349
60.8064919348
8.79243196493
-79.3271839184
60.8106678488
8.79543423887
-79.2686576531
60.8144946748
8.79834456135
-79.211787543
60.8179865282
8.80116598718
-79.1565225756
60.8211569769
8.80390145974
-79.1028134584
60.824019064
8.80655381543
-79.0506125578
60.826585329
8.80912578794
-78.99987384
60.8288678286
8.8116200123
-78.9505528138
60.830878156
8.81403902881
-78.9026064763
60.8326274596
8.81638528676
-78.855993259
60.8341264612
8.81866114798
-78.8106729776
60.8353854728
8.8208688903
-78.766606782
60.8364144129
8.82301071077
-78.7237571091
60.8372228226
8.82508872884
-78.6820876371
60.8378198799
8.82710498934
-78.6415632414
60.8382144147
8.82906146533
-78.6021499517
60.8384149222
8.8309600609
-78.5638149118
60.8384295761
8.83280261377
-78.5265263392
60.8382662412
8.83459089785
-78.490253488
60.8379324854
8.83632662563
-78.4549666118
60.8374355913
8.83801145054
-78.4206369285
60.8367825676
8.83964696913
-78.3872365865
60.835980159
8.84123472327
-78.3547386317
60.835034857
8.84277620213
-78.3231169766
60.8339529096
8.84427284421
-78.2923463691
60.8327403303
8.84572603918
-78.2624023642
60.8314029073
8.84713712971
-78.2332612951
60.8299462124
8.84850741322
-78.2049002468
60.8283756086
8.84983814349
-78.1772970292
60.8266962586
8.85113053235
-78.1504301592
60.8249130792
8.85238574972
-78.1242788105
60.8230309605
8.85360493073
-78.0988228286
60.8210544551
8.85478916882
-78.0740426826
60.8189879968
8.85593952256
-78.0499194505
60.8168358539
8.85705701565
-78.0264347981
60.8146021356
8.85814263811
-78.0035709586
60.8122907976
8.85919734754
-77.981310714
60.8099056485
8.86022207026
-77.9596373756
60.8074503544
8.86121770243
-77.9385347669
60.804928445
8.86218511112
-77.9179872057
60.8023433182
8.86312513532
-77.8979794876
60.7996982452
8.86403858699
-77.8784968702
60.7969963749
8.86492625193
-77.8595250571
60.7942407388
8.86578889078
-77.8410501835
60.7914342551
8.86662723982
-77.8230588017
60.7885797327
8.86744201188
-77.8055378671
60.7856798756
8.86823389715
-77.7884747246
60.7827372865
8.86900356393
-77.7718570966
60.7797544703
8.86975165939
-77.7556730695
60.7767338384
8.87047881035
-77.7399110827
60.773677711
8.87118562391
-77.7245599162
60.7705883216
8.87187268818
-77.7096086802
60.7674678192
8.87254057288
-77.6950468038
60.7643182718
8.87318983
-77.6808640251
60.7611416693
8.8738209944
-77.6670503808
60.7579399265
8.87443458436
-77.653596197
60.7547148852
8.87503110218
-77.6404920793
60.7514683175
8.87561103468
-77.6277289047
60.748201928
8.87617485374
-77.615297812
60.7449173562
8.87672301679
-77.6031901942
60.7416161789
8.8772559673
-77.5913976899
60.7382999126
8.87777413523
-77.5799121759
60.7349700154
8.87827793748
-77.5687257596
60.731627889
8.87876777836
-77.5578307715
60.7282748812
8.87924404992
-77.5472197586
60.7249122874
8.87970713243
-77.5368854772
60.7215413526
8.88015739476
-77.5268208868
60.7181632733
8.88059519468
-77.5170191435
60.7147791989
8.8810208793
-77.5074735942
60.7113902338
8.8814347854
-77.4981777703
60.7079974386
8.88183723973
-77.4891253824
60.7046018321
8.88222855935
-77.4803103145
60.7012043922
8.88260905195
-77.4717266191
60.697806058
8.88297901617
-77.4633685117
60.6944077306
8.88333874184
-77.455230366
60.6910102747
8.88368851029
-77.4473067092
60.6876145201
8.88402859463
-77.439592217
60.6842212625
8.88435925998
-77.4320817096
60.680831265
8.88468076375
-77.4247701473
60.677445259
8.88499335587
-77.417652626
60.6740639459
8.88529727904
-77.4107243734
60.6706879972
8.88559276893
-77.403980745
60.6673180565
8.88588005442
-77.3974172204
60.6639547399
8.88615935781
-77.3910293997
60.6605986373
8.88643089502
-77.3848129997
60.6572503129
8.88669487578
-77.3787638508
60.6539103067
8.88695150385
-77.3728778933
60.6505791348
8.88720097717
-77.3671511747
60.6472572906
8.88744348805
-77.3615798462
60.6439452454
8.88767922336
-77.3561601597
60.6406434493
8.88790836469
-77.3508884651
60.637352332
8.88813108847
-77.3457612076
60.6340723032
8.8883475662
-77.3407749246
60.6308037537
8.88855796454
-77.335926243
60.6275470558
8.88876244548
-77.3312118774
60.6243025642
8.88896116648
-77.3266286266
60.6210706164
8.88915428061
-77.3221733722
60.6178515332
8.88934193667
-77.3178430754
60.6146456198
8.88952427933
-77.3136347754
60.6114531658
8.88970144925
-77.3095455869
60.608274446
8.88987358318
-77.3055726979
60.6051097211
8.89004081413
-77.3017133682
60.6019592377
8.89020327142
-77.2979649267
60.5988232295
8.89036108081
-77.2943247699
60.5957019169
8.89051436462
-77.29079036
60.5925955084
8.89066324183
-77.2873592232
60.5895042003
8.89080782815
-77.2840289475
60.5864281775
8.89094823614
-77.2807971815
60.5833676138
8.89108457531
-77.2776616327
60.5803226723
8.89121695218
-77.2746200654
60.5772935058
8.8913454704
-77.2716702998
60.5742802573
8.89147023079
-77.2688102102
60.57128306
8.89159133147
-77.2660377235
60.5683020382
8.89170886791
-77.2633508179
60.5653373069
8.89182293301
