19.2216747241
19.2229263841
19.2241124951
19.2252378762
19.2263068126
19.2273231752
19.2282904756
19.2292119091
19.2300903893
19.2309285797
19.2317289203
19.2324936505
19.2332248307
19.2339243591
19.2345939883
19.2352353391
19.2358499128
19.2364391025
19.2370042024
19.2375464171
19.2380668691
19.2385666058
19.239046606
19.2395077854
19.2399510017
19.2403770591
19.2407867129
19.2411806729
19.2415596068
19.2419241435
19.2422748761
19.2426123639
19.2429371356
19.2432496907
19.2435505018
19.2438400166
19.2441186593
19.2443868323
19.2446449175
19.2448932775
19.2451322571
19.2453621845
19.2455833715
19.2457961157
19.2460007003
19.2461973954
19.246386459
19.2465681367
19.2467426639
19.2469102651
19.2470711549
19.2472255389
19.2473736136
19.2475155671
19.2476515798
19.2477818243
19.2479064662
19.2480256641
19.2481395705
19.2482483312
19.2483520867
19.2484509714
19.2485451146
19.2486346405
19.2487196684
19.2488003128
19.2488766839
19.2489488876
19.2490170256
19.2490811958
19.2491414922
19.2491980053
19.2492508221
19.2493000261
19.2493456977
19.2493879142
19.24942675
19.2494622763
19.2494945618
19.2495236724
19.2495496714
19.2495726196
19.2495925754
19.2496095946
19.249623731
19.249635036
19.2496435589
19.249649347
19.2496524452
19.2496528969
19.2496507431
19.2496460232
19.2496387747
19.2496290332
19.2496168326
19.2496022051
19.2495851813
19.2495657898
19.2495440581
19.2495200116
19.2494936745
19.2494650693
19.2494342171
19.2494011375
19.2493658485
19.2493283668
19.2492887077
19.2492468851
19.2492029115
19.249156798
19.2491085545
19.2490581895
19.2490057101
19.2489511222
19.2488944306
19.2488356385
19.248774748
19.2487117602
19.2486466745
19.2485794895
19.2485102024
19.2484388092
19.2483653049
19.2482896831
19.2482119364
19.2481320561
19.2480500327
19.247965855
19.2478795113
19.2477909884
19.2477002722
19.2476073473
19.2475121974
19.2474142506
19.2473140843
19.2473486292
19.2473726949
19.247386551
19.2473904316
19.2473845543
19.2473691237
19.2473443308
19.2473103551
19.2472673646
19.2472155168
19.2471549591
19.2470858291
19.2470082556
19.2469223587
19.2468282501
19.2467260337
19.2466158062
19.2464976567
19.2463716677
19.2462379148
19.2460964674
19.2459473886
19.2457907352
19.2456265584
19.2454549032
19.2452758091
19.2450893095
19.2448954322
19.2446941989
19.2444856254
19.2442697212
19.2440464893
19.2438159261
19.2435780206
19.243332754
19.2430800995
19.2428200211
19.2425524727
19.2422773975
19.2419947262
19.241704376
19.2414062485
19.2411002277
19.2407861851
19.2404640866
19.2401337184
19.2397948351
19.2394471532
19.239090345
19.2387240301
19.2383477646
19.2379610291
19.2375632117
19.2371535881
19.2367312946
19.2362952937
19.2358443281
19.2353768585
19.2348909779
19.2343842904
19.2338537334
19.2332953096
19.2327036613
19.2320713534
19.231387567
