411.743240686
410.489402531
409.238077694
407.989279585
406.743021137
405.499314969
404.258173472
403.019608849
401.78363313
400.550258189
399.319495754
398.091357409
396.865854605
395.642998665
394.42280079
393.205272064
391.990423462
390.778265852
389.56881
388.362066581
387.158046175
385.956759277
384.758216301
383.562427583
382.369403384
381.179153897
379.991689249
378.807019504
377.625154667
376.446104687
375.269879461
374.096488837
372.925942616
371.758250556
370.593422373
369.431467744
368.272396311
367.116217681
365.962941433
364.812577111
363.665134235
362.520622299
361.379050771
360.2404291
359.104766712
357.972073017
356.842357403
355.715629245
354.591897904
353.471172723
352.353463037
351.238778166
350.12712742
349.018520101
347.912965501
346.810472902
345.71105158
344.614710805
343.521459839
342.431307938
341.344264352
340.260338329
339.179539107
338.101875923
337.027358009
335.955994591
334.887794891
333.822768128
332.760923515
331.702270261
330.64681757
329.594574642
328.54555067
327.499754843
326.457196342
325.417884344
324.381828019
323.349036526
322.319519021
321.293284648
320.270342542
319.25070183
318.234371626
317.221361033
316.211679141
315.205335029
314.202337758
313.202696376
312.206419914
311.213517385
310.223997783
309.237870083
308.255143238
307.27582618
306.299927815
305.327457013
304.358422644
303.392833533
302.430698478
301.472026244
300.516825566
299.565105142
298.616873636
297.672139673
296.730911839
295.793198678
294.859008692
293.928350335
293.001232018
292.077662099
291.157648888
290.241200641
289.328325557
288.41903178
287.513327393
286.611220419
285.712718815
284.817830473
283.926563216
283.038924797
282.154922895
281.274565113
280.397858977
279.524811932
278.655431341
277.789724478
276.927698534
276.069360605
275.214717697
274.36377673
273.5165445
272.673027719
271.833232991
270.997166817
270.164835585
269.336245574
268.511402947
267.690313751
266.872983911
266.059419231
265.249625388
264.443607931
263.64137228
262.842923717
262.048267392
261.257408311
260.470351343
259.687101207
258.907662479
258.132039582
257.360236785
256.592258206
255.828107799
255.067789362
254.311306526
253.558662757
252.809861353
252.06490544
251.323797971
250.586541722
249.85313929
249.123593092
248.397905362
247.676078147
246.958113307
246.244012512
245.53377724
244.827408773
244.124908198
243.426276403
242.731514078
242.040621706
241.353599572
240.67044775
239.991166109
239.31575431
238.644211801
237.976537821
237.312731392
236.652791324
235.99671621
235.344504428
234.696154134
234.051663269
233.41102955
232.774250476
232.141323325
231.512245149
230.887012781
230.26562283
229.648071679
229.034355489
228.424470198
227.818411518
227.216174936
226.617755717
226.023148901
225.432349303
224.845351518
224.262149914
