672.209656388
846.576156887
844.420372873
842.304351603
840.222885031
838.173079696
836.152448379
834.158674622
832.18957363
830.243077384
828.317223681
826.410146597
824.520067939
822.645289572
820.78418648
818.935200508
817.096834682
815.267648056
813.446251031
811.631301087
809.821498887
808.015584721
806.21233525
804.410560517
802.609101217
800.806826171
799.002630019
797.195431085
795.384169418
793.567804981
791.745315978
789.915697322
788.077959203
786.231125783
784.374233984
782.506332367
780.626480109
778.733727839
776.827189325
774.905932283
772.969049616
771.015640829
769.044811425
767.055672359
765.047339545
763.018933429
760.969578594
758.898403436
756.804539874
754.687123115
752.545291467
750.378186194
748.184951418
745.96473407
743.716683882
741.439953426
739.133698198
736.797076745
734.429250842
732.029385714
729.596650298
727.130217558
724.629264851
722.09297433
719.520533407
716.911135255
714.263979375
711.578272198
708.853227748
706.088068361
703.282025449
700.434340323
697.544265076
694.611063514
691.634012149
688.612401249
685.545535943
682.432737395
679.273344018
676.066712769
672.81222049
669.509265309
666.157268106
662.755674035
659.303954101
655.801606801
652.248159814
648.64317175
644.986233953
641.276972349
637.515049352
633.700165808
629.832062984
625.910524598
621.935378885
617.906500689
613.823813588
609.687292037
605.496963523
601.252910733
596.955273724
592.604252083
588.200107079
583.743163793
579.233813208
574.672514275
570.059795911
565.39625895
560.682578013
555.9195033
551.107862279
546.248561279
541.342586946
536.39100758
531.394974314
526.355722138
521.27457074
516.152925171
510.992276292
505.794201018
500.560362323
495.292509002
489.992475184
484.662179571
479.303624396
473.918894093
468.510153667
463.079646751
457.629693352
452.162687268
446.681093179
441.187408377
435.684296544
431.654952231
843.709720185
477.279111599
467.683986754
458.194477269
448.81351136
439.544900423
430.392435786
421.359780956
412.44574777
403.619086275
394.919840476
386.351354457
377.916725727
369.618823656
361.460271293
353.443429873
345.570385485
337.842936492
330.262581748
322.830509594
315.547587654
308.414353368
301.43100522
294.59739456
287.913017909
281.377009593
274.988134505
268.744780777
262.64495206
256.686259108
250.865910234
245.180700215
239.626997058
234.200726015
228.897350072
223.711846
218.638674918
213.671746041
208.804372077
204.029214361
199.338215387
194.722515854
190.172352624
185.676933055
181.224279955
176.801039788
172.392244617
167.981015337
163.54818984
159.071854251
154.526747824
149.883501316
145.10765326
140.158366116
134.986730955
129.533498883
123.725999337
117.473881489
110.663112576
103.147325653
94.7350112967
85.1699535591
74.100200855
61.0265320905
45.2117749172
25.5088437675
672.209656388
846.576156887
844.420372873
842.304351603
840.222885031
838.173079696
836.152448379
834.158674622
832.18957363
830.243077384
828.317223681
826.410146597
824.520067939
822.645289572
820.78418648
818.935200508
817.096834682
815.267648056
813.446251031
811.631301087
809.821498887
808.015584721
806.21233525
804.410560517
802.609101217
800.806826171
799.002630019
797.195431085
795.384169418
793.567804981
791.745315978
789.915697322
788.077959203
786.231125783
784.374233984
782.506332367
780.626480109
778.733727839
776.827189325
774.905932283
772.969049616
771.015640829
769.044811425
767.055672359
765.047339545
763.018933429
760.969578594
758.898403436
756.804539874
754.687123115
752.545291467
750.378186194
748.184951418
745.96473407
743.716683882
741.439953426
739.133698198
736.797076745
734.429250842
732.029385714
729.596650298
727.130217558
724.629264851
722.09297433
719.520533407
716.911135255
714.263979375
711.578272198
708.853227748
706.088068361
703.282025449
700.434340323
697.544265076
694.611063514
691.634012149
688.612401249
685.545535943
682.432737395
679.273344018
676.066712769
672.81222049
669.509265309
666.157268106
662.755674035
659.303954101
655.801606801
652.248159814
648.64317175
644.986233953
641.276972349
637.515049352
633.700165808
629.832062984
625.910524598
621.935378885
617.906500689
613.823813588
609.687292037
605.496963523
601.252910733
596.955273724
592.604252083
588.200107079
583.743163793
579.233813208
574.672514275
570.059795911
565.39625895
560.682578013
555.9195033
551.107862279
546.248561279
541.342586946
536.39100758
531.394974314
526.355722138
521.27457074
516.152925171
510.992276292
505.794201018
500.560362323
495.292509002
489.992475184
484.662179571
479.303624396
473.918894093
468.510153667
463.079646751
457.629693352
452.162687268
446.681093179
441.187408377
435.684296544
431.654952231
843.709720185
477.279111599
467.683986754
458.194477269
448.81351136
439.544900423
430.392435786
421.359780956
412.44574777
403.619086275
394.919840476
386.351354457
377.916725727
369.618823656
361.460271293
353.443429873
345.570385485
337.842936492
330.262581748
322.830509594
315.547587654
308.414353368
301.43100522
294.59739456
287.913017909
281.377009593
274.988134505
268.744780777
262.64495206
256.686259108
250.865910234
245.180700215
239.626997058
234.200726015
228.897350072
223.711846
218.638674918
213.671746041
208.804372077
204.029214361
199.338215387
194.722515854
190.172352624
185.676933055
181.224279955
176.801039788
172.392244617
167.981015337
163.54818984
159.071854251
154.526747824
149.883501316
145.10765326
140.158366116
134.986730955
129.533498883
123.725999337
117.473881489
110.663112576
103.147325653
94.7350112967
85.1699535591
74.100200855
61.0265320905
45.2117749172
25.5088437675
672.209656388
846.576156887
844.420372873
842.304351603
840.222885031
838.173079696
836.152448379
834.158674622
832.18957363
830.243077384
828.317223681
826.410146597
824.520067939
822.645289572
820.78418648
818.935200508
817.096834682
815.267648056
813.446251031
811.631301087
809.821498887
808.015584721
806.21233525
804.410560517
802.609101217
800.806826171
799.002630019
797.195431085
795.384169418
793.567804981
791.745315978
789.915697322
788.077959203
786.231125783
784.374233984
782.506332367
780.626480109
778.733727839
776.827189325
774.905932283
772.969049616
771.015640829
769.044811425
767.055672359
765.047339545
763.018933429
760.969578594
758.898403436
756.804539874
754.687123115
752.545291467
750.378186194
748.184951418
745.96473407
743.716683882
741.439953426
739.133698198
736.797076745
734.429250842
732.029385714
729.596650298
727.130217558
724.629264851
722.09297433
719.520533407
716.911135255
714.263979375
711.578272198
708.853227748
706.088068361
703.282025449
700.434340323
697.544265076
694.611063514
691.634012149
688.612401249
685.545535943
682.432737395
679.273344018
676.066712769
672.81222049
669.509265309
666.157268106
662.755674035
659.303954101
655.801606801
652.248159814
648.64317175
644.986233953
641.276972349
637.515049352
633.700165808
629.832062984
625.910524598
621.935378885
617.906500689
613.823813588
609.687292037
605.496963523
601.252910733
596.955273724
592.604252083
588.200107079
583.743163793
579.233813208
574.672514275
570.059795911
565.39625895
560.682578013
555.9195033
551.107862279
546.248561279
541.342586946
536.39100758
531.394974314
526.355722138
521.27457074
516.152925171
510.992276292
505.794201018
500.560362323
495.292509002
489.992475184
484.662179571
479.303624396
473.918894093
468.510153667
463.079646751
457.629693352
452.162687268
446.681093179
441.187408377
435.684296544
431.654952231
843.709720185
477.279111599
467.683986754
458.194477269
448.81351136
439.544900423
430.392435786
421.359780956
412.44574777
403.619086275
394.919840476
386.351354457
377.916725727
369.618823656
361.460271293
353.443429873
345.570385485
337.842936492
330.262581748
322.830509594
315.547587654
308.414353368
301.43100522
294.59739456
287.913017909
281.377009593
274.988134505
268.744780777
262.64495206
256.686259108
250.865910234
245.180700215
239.626997058
234.200726015
228.897350072
223.711846
218.638674918
213.671746041
208.804372077
204.029214361
199.338215387
194.722515854
190.172352624
185.676933055
181.224279955
176.801039788
172.392244617
167.981015337
163.54818984
159.071854251
154.526747824
149.883501316
145.10765326
140.158366116
134.986730955
129.533498883
123.725999337
117.473881489
110.663112576
103.147325653
94.7350112967
85.1699535591
74.100200855
61.0265320905
45.2117749172
25.5088437675
