3.09430145912
3.09667918291
3.0990521486
3.10142111395
3.10378675348
3.1061496774
3.10851044027
3.11086954756
3.11322746123
3.1155846045
3.11794136603
3.12029810358
3.12265514715
3.12501280181
3.12737135016
3.12973105449
3.13209215871
3.13445489006
3.13681946061
3.13918606864
3.14155489985
3.14392612841
3.14629991796
3.14867642248
3.15105578708
3.15343814871
3.15582363679
3.1582123738
3.16060447581
3.16300005297
3.16539920991
3.16780204619
3.17020865662
3.1726191316
3.17503355745
3.17745201664
3.1798745881
3.1823013474
3.18473236702
3.18716771648
3.1896074626
3.19205166959
3.19450039928
3.1969537112
3.19941166274
3.20187430929
3.20434170435
3.20681389951
3.20929094479
3.21177288853
3.21425977755
3.21675165723
3.21924857154
3.22175056317
3.22425767354
3.22676994288
3.22928741029
3.23181011375
3.23433809023
3.2368713757
3.23941000515
3.24195401266
3.24450343142
3.24705829378
3.24961863124
3.25218447453
3.25475585359
3.25733279763
3.25991533512
3.26250349384
3.26509730088
3.26769678266
3.27030196496
3.27291287291
3.27552953103
3.27815196322
3.2807801928
3.28341424248
3.28605413441
3.28869989015
3.29135153072
3.29400907656
3.29667254759
3.29934196315
3.30201734206
3.30469870261
3.30738606254
3.31007943906
3.31277884885
3.31548430807
3.31819583234
3.32091343676
3.3236371359
3.32636694379
3.32910287395
3.33184493935
3.33459315243
3.33734752509
3.34010806869
3.34287479404
3.34564771143
3.34842683055
3.35121216058
3.35400371012
3.35680148719
3.35960549925
3.36241575321
3.36523225535
3.36805501139
3.37088402645
3.37371930506
3.37656085111
3.37940866792
3.38226275816
3.38512312388
3.38798976649
3.39086268678
3.39374188485
3.39662736019
3.39951911159
3.4024171372
3.40532143448
3.40823200019
3.41114883042
3.41407192055
3.41700126527
3.41993685853
3.4228786936
3.42582676298
3.42878105848
3.43174157115
3.4347082913
3.43768120851
3.44066054614
3.44364606632
3.44667868665
3.44971634573
3.45275904173
3.45580676622
3.45885950745
3.46191725097
3.46497997959
3.46804767367
3.4711203112
3.47419786788
3.47728031727
3.48036763083
3.48345977805
3.48655672651
3.48965844195
3.49276488835
3.49587602798
3.49899182146
3.5021122278
3.50523720445
3.50836670733
3.51150069085
3.51463910795
3.51778191006
3.52092904715
3.5240804677
3.52723611867
3.53039594544
3.53355989182
3.53672789994
3.53989991014
3.54307586093
3.54625568878
3.54943932802
3.55262671059
3.55581776588
3.55901242037
3.56221059738
3.56541221663
3.56861719382
3.57182544007
3.57503686132
3.57825135753
3.58146883028
3.58468931725
3.58791270446
3.59113886803
3.59436767243
3.59759896843
3.60083259057
3.60406835405
3.60730605088
3.61054544514
3.61378626686
3.61702820435
3.62027089418
3.62351390799
3.62675673487
3.62999875725
3.63323921705
3.63647716674
3.63971139605
3.64294031679
3.6461617711
3.64937268553
