13800.0
1586015.69775
1633048.2703
1672906.99262
1706614.69734
1735166.1637
1759470.7869
1780325.00249
1798405.98722
1814276.8636
1828398.2725
1841142.42154
1852807.27716
1863629.68459
1873796.87751
1883456.2385
1892723.38675
1901458.59241
1910421.83867
1918980.11144
1927404.86248
1935729.25169
1943978.94636
1952173.76757
1960268.35308
1968455.9977
1976564.45577
1984661.60387
1992752.47211
2000840.86664
2008946.92197
2017018.80717
2025111.9845
2033209.53605
2041312.18536
2049420.39447
2057534.42669
2065654.39622
2073780.30672
2081912.08097
2090049.58372
2098193.75596
2106342.22486
2114495.80227
2122654.2808
2130817.42601
2138985.00438
2147156.78625
2155332.54793
2163512.07304
2171695.15372
2179881.59099
2188071.19517
2196263.78596
2204459.19238
2212657.25262
2220857.81378
2229060.73153
2237265.86986
2245473.10062
2253682.30318
2261893.36409
2270106.17666
2278320.64061
2286534.75924
2294752.25135
2302971.11992
2311191.29049
2319412.6921
2327635.25746
2335858.92293
2344083.62847
2352309.31751
2360535.93684
2368763.43641
2376991.7692
2385220.89107
2393450.76055
2401681.33873
2409912.58906
2418144.47727
2426561.41624
2434796.70278
2442845.42539
2451079.13794
2459313.4488
2467548.30959
2475783.67944
2484019.52344
2492255.81146
2500492.5172
2508729.61743
2516967.09147
2525204.92077
2533443.08854
2541681.5795
2549920.37968
2558159.47624
2566398.85732
2574638.51198
2586908.86361
2595631.83458
2604354.83603
2613055.7725
2621721.20292
2630343.65616
2638919.66129
2647448.38867
2655930.71506
2664368.58245
2672764.56073
2681121.55163
2689442.59068
2697730.71688
2705988.88873
2714219.93531
2722426.52074
2730611.13694
2738776.09346
2746923.52102
2755055.37692
2763173.45322
2771279.38629
2779374.66704
2787460.65133
2795538.57011
2803609.53937
2811674.56939
2819734.5736
2827790.3768
2835842.72275
2843892.28127
2851939.65474
2859985.38409
2868029.95427
2876073.79931
2884117.30696
2892160.82286
2900204.65445
2908249.07445
2916294.32412
2924340.61617
2932388.13748
2940437.05148
2948487.50045
2956539.60752
2964593.4785
2972649.20361
2980706.85898
2988766.50807
2996828.20294
3004891.98537
3012957.88796
3021025.93509
3029096.14372
3037168.52425
3045243.08121
3053319.81392
3061398.71703
3069479.78113
3077562.9932
3085648.33701
3093735.79359
3101825.34152
3109916.95731
3118010.61564
3126106.28967
3134203.95124
3142303.57112
3150405.11915
3158508.56448
3166613.87567
3174721.02085
3182829.96784
3190940.68426
3199053.13765
3207167.2955
3215283.1254
3223400.59504
3231519.67234
3239640.32544
3247762.52276
3255886.23309
3264011.42555
3272138.06968
3280266.13542
3288395.59318
3296526.41379
3304658.5686
3312792.02942
3320926.76855
3329062.75882
3337199.97353
3345338.38653
3353477.97214
3361618.70523
3369760.56116
3377903.51579
3386047.54549
3394192.62715
