247.60256
326.089248203
326.529461734
327.041397268
327.616023138
328.246653557
328.928037146
329.65584661
330.426386373
331.236419799
332.083063023
332.963715539
333.876012694
334.81779104
335.787061753
336.781989435
337.800874677
338.842139427
339.904314523
340.98602898
342.086000718
343.203028513
344.335984972
345.483810405
346.645507494
347.820136431
349.006811058
350.204694822
351.412997801
352.630973972
353.857918283
355.093164522
356.336083364
357.58608032
358.842594367
360.105095809
361.373085429
362.646092858
363.923675385
365.205416781
366.490926181
367.779837016
369.071805992
370.366512096
371.663655644
372.962957347
374.264157403
375.567014609
376.871305498
378.176823486
379.48337804
380.790793869
382.098910124
383.407579623
384.716668092
386.026053425
387.335624968
388.64528282
389.954937156
391.264507578
392.573922484
393.883118462
395.192039708
396.500637473
397.808869529
399.116699663
400.424097199
401.731036537
403.037496726
404.343461054
405.648916669
406.953854214
408.258267497
409.562153172
410.865510448
412.168340818
413.470647803
414.772436722
416.073714486
417.374488706
418.674770818
419.974569431
421.273896579
422.57276641
423.871185755
425.169173774
426.466742209
427.763905052
429.06067652
430.357070989
431.653102917
432.948786794
434.244137087
435.53916819
436.833894393
438.128329838
439.422488491
440.716384119
442.010030263
443.303440221
444.596627032
445.889603462
447.182381991
448.474974806
449.767393794
451.059650534
452.351756299
453.643722065
454.935558388
456.227275686
457.518883935
458.810392828
460.101811743
461.393149748
462.684415598
463.975617744
465.26676433
466.557863199
467.848921895
469.13994767
470.430947482
471.721928003
473.012895621
474.303856445
475.594816308
476.88578077
478.176755124
479.467744399
480.758753362
482.049786526
483.34084815
484.631942246
485.923072579
487.214242676
488.505455825
489.796715082
491.088023274
492.379383001
493.670796643
494.962266361
496.253794104
497.545381608
498.837030406
500.128741825
501.420516996
502.712356853
504.004262141
505.296233417
506.588271053
507.880375243
509.172546006
510.464783188
511.757086467
513.049455357
514.341889213
515.634387233
516.926948462
518.219571797
519.512255992
520.804999659
522.097801273
523.390659178
524.683571588
525.976536593
527.269552162
528.562616147
529.855726288
531.148880214
532.442075452
533.735309424
535.028579458
536.321882787
537.615216554
538.908577818
540.201963554
541.49537066
542.788795959
544.082236203
545.375688078
546.669148205
547.962613146
549.256079407
550.549543439
551.843001647
553.136450386
554.429885972
555.723304679
557.016702747
558.31007638
559.603421756
560.896735024
562.19001231
563.483249718
564.776443336
566.069589235
567.362683477
568.655722111
569.948701181
571.241616725
572.534464782
