139.49711
79.9865539534
79.943504487
79.9029293361
79.8647884751
79.8290417368
79.7956494549
79.7645726037
79.7357728566
79.7092126104
79.6848549966
79.6626638854
79.6426038865
79.6246403473
79.6087393512
79.5948677134
79.5829929768
79.5730834075
79.5651079889
79.5590364156
79.5548390871
79.5524871005
79.5519522431
79.5532069846
79.5562244687
79.5609785049
79.567443559
79.5755947447
79.5854078138
79.5968591466
79.6099257424
79.6245852094
79.6408157545
79.6585961735
79.6779058403
79.6987246969
79.7210332428
79.7448125244
79.7700441246
79.7967101522
79.8247932315
79.8542764912
79.8851435545
79.9173785283
79.9509659925
79.9858909899
80.0221390156
80.0596960069
80.0985483326
80.1386827834
80.1800865611
80.2227472694
80.2666529031
80.311791839
80.3581528256
80.4057249739
80.4544977474
80.5044609532
80.555604732
80.6079195497
80.6613961874
80.7160257332
80.7717995728
80.8287093808
80.8867471124
80.9459049943
81.0061755166
81.0675514246
81.1300257101
81.1935916039
81.2582425671
81.3239722842
81.3907746542
81.4586437838
81.5275739795
81.5975597399
81.6685957491
81.7406768685
81.8137981303
81.8879547303
81.9631420208
82.0393555038
82.1165908245
82.194843764
82.2741103716
82.3543864056
82.4356681546
82.5179518801
82.6012339478
82.6855108212
82.770779056
82.8570352938
82.944276256
83.0324987385
83.1216996053
83.2118757831
83.3030242557
83.3951420584
83.4882262723
83.5822740191
83.6772821242
83.7732484183
83.8701698115
83.9680435276
84.066866809
84.1666369085
84.2673510844
84.3690065944
84.4716006907
84.5751306154
84.6795935954
84.784986838
84.8913075259
84.9985528129
85.1067198191
85.2158056269
85.3258072762
85.4367217601
85.5485460206
85.6612769449
85.7749113603
85.8894460309
86.0048776532
86.1212032143
86.2384185638
86.3565204952
86.4755054044
86.5953695955
86.7161092802
86.8377205753
86.9601994995
87.0835419705
87.2077438017
87.3328006987
87.4587082564
87.5854619557
87.7130571605
87.8414891148
87.9707529397
88.1008436305
88.2317560543
88.3634849472
88.4960249117
88.6293704145
88.7635157836
88.8984552069
89.0341827293
89.1706922512
89.3079775262
89.4460321593
89.5848496055
89.7244231678
89.8647459961
90.0058110853
90.1476112748
90.2901392464
90.4333875242
90.5773484731
90.7220142983
90.8673770447
91.0134285961
91.1601606753
91.3075648433
91.4556324997
91.6043548825
91.7537230682
91.9037279723
92.0543603496
92.2056107951
92.3574697441
92.5099274738
92.662974104
92.8165995982
92.9707937652
93.1255462602
93.2808465868
93.4366840985
93.5930480008
93.7499273531
93.9073110711
94.065187929
94.223546562
94.3823754691
94.5416630157
94.7013974367
94.8615668395
95.0221592072
95.1831624021
95.3445641687
95.5063521381
95.6685138311
95.8310366623
95.9939079443
96.1571148913
96.3206446241
96.4844841736
96.6486204861
96.8130404271
96.9777307867
97.1426782839
