1483.65599902
587.482934984
587.434735978
587.374262392
587.302095161
587.218642365
587.124210575
587.019058483
586.9034206
586.777517423
586.641559813
586.495750914
586.340287021
586.175358006
586.001147553
585.817833314
585.625587035
585.424574662
585.21495645
584.996887061
584.770515669
584.535986059
584.293436728
584.043000989
583.784807069
583.518978212
583.245632778
582.964884343
582.676841799
582.381609454
582.079287125
581.769970243
581.453749943
581.13071316
580.800942729
580.464517473
580.121512297
579.77199828
579.416042766
579.053709452
578.685058476
578.310146504
577.929026818
577.541749395
577.148360997
576.748905248
576.343422717
575.931950996
575.514524782
575.09117595
574.661933629
574.226824281
573.78587177
573.339097436
572.886520168
572.42815647
571.964020532
571.4941243
571.018477537
570.537087894
570.049960972
569.557100383
569.058507817
568.554183101
568.044124258
567.528327567
567.006787623
566.479497392
565.946448269
565.407630133
564.8630314
564.312639081
563.756438829
563.194414999
562.62655069
562.052827803
561.473227087
560.88772819
560.296309706
559.698949223
559.09562337
558.486307865
557.870977557
557.249606474
556.622167869
555.988634257
555.348977468
554.703168681
554.051178473
553.392976855
552.728533318
552.057816872
551.380796086
550.697439127
550.007713802
549.311587595
548.609027706
547.900001092
547.184474498
546.462414502
545.733787548
544.998559984
544.256698098
543.508168155
542.752936431
541.990969251
541.222233785
540.446695062
539.664320486
538.875076925
538.078931466
537.275851451
536.465804508
535.648758588
534.824681996
533.993543427
533.155311995
532.309957265
531.457443412
530.597751569
529.730848739
528.856706297
527.975296415
527.086591983
526.190566604
525.287194595
524.376451016
523.458311694
522.532753251
521.599753134
520.659289646
519.711341971
518.755890206
517.792915387
516.822399522
515.844325616
514.858677697
513.86544085
512.864601237
511.85614613
510.840063934
509.816344216
508.784983249
507.745963089
506.699280789
505.644931121
504.582909975
503.513214477
502.435843057
501.35079549
500.258072931
499.157677936
498.04961449
496.933888026
495.810505449
494.679475155
493.540807053
492.394512584
491.240604739
490.07909808
488.910008757
487.733354522
486.549154754
485.357430465
484.158204323
482.951500664
481.737345505
480.515766561
479.286793253
478.050456721
476.80678984
475.555827222
474.297605232
473.032161994
471.759537398
470.479773109
469.192912572
467.899001015
466.598085457
465.290214708
463.975439373
462.653811853
461.325386344
459.990218836
458.648367116
457.299890759
455.944851125
454.583311361
453.215336384
451.840992884
450.460349309
449.07347586
447.680444479
446.281328835
444.876204319
443.465148019
442.048238717
440.625556866
439.197184571
437.76320558
1483.65599902
587.482934984
587.434735978
587.374262392
587.302095161
587.218642365
587.124210575
587.019058483
586.9034206
586.777517423
586.641559813
586.495750914
586.340287021
586.175358006
586.001147553
585.817833314
585.625587035
585.424574662
585.21495645
584.996887061
584.770515669
584.535986059
584.293436728
584.043000989
583.784807069
583.518978212
583.245632778
582.964884343
582.676841799
582.381609454
582.079287125
581.769970243
581.453749943
581.13071316
580.800942729
580.464517473
580.121512297
579.77199828
579.416042766
579.053709452
578.685058476
578.310146504
577.929026818
577.541749395
577.148360997
576.748905248
576.343422717
575.931950996
575.514524782
575.09117595
574.661933629
574.226824281
573.78587177
573.339097436
572.886520168
572.42815647
571.964020532
571.4941243
571.018477537
570.537087894
570.049960972
569.557100383
569.058507817
568.554183101
568.044124258
567.528327567
567.006787623
566.479497392
565.946448269
565.407630133
564.8630314
564.312639081
563.756438829
563.194414999
562.62655069
562.052827803
561.473227087
560.88772819
560.296309706
559.698949223
559.09562337
558.486307865
557.870977557
557.249606474
556.622167869
555.988634257
555.348977468
554.703168681
554.051178473
553.392976855
552.728533318
552.057816872
551.380796086
550.697439127
550.007713802
549.311587595
548.609027706
547.900001092
547.184474498
546.462414502
545.733787548
544.998559984
544.256698098
543.508168155
542.752936431
541.990969251
541.222233785
540.446695062
539.664320486
538.875076925
538.078931466
537.275851451
536.465804508
535.648758588
534.824681996
533.993543427
533.155311995
532.309957265
531.457443412
530.597751569
529.730848739
528.856706297
527.975296415
527.086591983
526.190566604
525.287194595
524.376451016
523.458311694
522.532753251
521.599753134
520.659289646
519.711341971
518.755890206
517.792915387
516.822399522
515.844325616
514.858677697
513.86544085
512.864601237
511.85614613
510.840063934
509.816344216
508.784983249
507.745963089
506.699280789
505.644931121
504.582909975
503.513214477
502.435843057
501.35079549
500.258072931
499.157677936
498.04961449
496.933888026
495.810505449
494.679475155
493.540807053
492.394512584
491.240604739
490.07909808
488.910008757
487.733354522
486.549154754
485.357430465
484.158204323
482.951500664
481.737345505
480.515766561
479.286793253
478.050456721
476.80678984
475.555827222
474.297605232
473.032161994
471.759537398
470.479773109
469.192912572
467.899001015
466.598085457
465.290214708
463.975439373
462.653811853
461.325386344
459.990218836
458.648367116
457.299890759
455.944851125
454.583311361
453.215336384
451.840992884
450.460349309
449.07347586
447.680444479
446.281328835
444.876204319
443.465148019
442.048238717
440.625556866
439.197184571
437.76320558
1483.65599902
587.482934984
587.434735978
587.374262392
587.302095161
587.218642365
587.124210575
587.019058483
586.9034206
586.777517423
586.641559813
586.495750914
586.340287021
586.175358006
586.001147553
585.817833314
585.625587035
585.424574662
585.21495645
584.996887061
584.770515669
584.535986059
584.293436728
584.043000989
583.784807069
583.518978212
583.245632778
582.964884343
582.676841799
582.381609454
582.079287125
581.769970243
581.453749943
581.13071316
580.800942729
580.464517473
580.121512297
579.77199828
579.416042766
579.053709452
578.685058476
578.310146504
577.929026818
577.541749395
577.148360997
576.748905248
576.343422717
575.931950996
575.514524782
575.09117595
574.661933629
574.226824281
573.78587177
573.339097436
572.886520168
572.42815647
571.964020532
571.4941243
571.018477537
570.537087894
570.049960972
569.557100383
569.058507817
568.554183101
568.044124258
567.528327567
567.006787623
566.479497392
565.946448269
565.407630133
564.8630314
564.312639081
563.756438829
563.194414999
562.62655069
562.052827803
561.473227087
560.88772819
560.296309706
559.698949223
559.09562337
558.486307865
557.870977557
557.249606474
556.622167869
555.988634257
555.348977468
554.703168681
554.051178473
553.392976855
552.728533318
552.057816872
551.380796086
550.697439127
550.007713802
549.311587595
548.609027706
547.900001092
547.184474498
546.462414502
545.733787548
544.998559984
544.256698098
543.508168155
542.752936431
541.990969251
541.222233785
540.446695062
539.664320486
538.875076925
538.078931466
537.275851451
536.465804508
535.648758588
534.824681996
533.993543427
533.155311995
532.309957265
531.457443412
530.597751569
529.730848739
528.856706297
527.975296415
527.086591983
526.190566604
525.287194595
524.376451016
523.458311694
522.532753251
521.599753134
520.659289646
519.711341971
518.755890206
517.792915387
516.822399522
515.844325616
514.858677697
513.86544085
512.864601237
511.85614613
510.840063934
509.816344216
508.784983249
507.745963089
506.699280789
505.644931121
504.582909975
503.513214477
502.435843057
501.35079549
500.258072931
499.157677936
498.04961449
496.933888026
495.810505449
494.679475155
493.540807053
492.394512584
491.240604739
490.07909808
488.910008757
487.733354522
486.549154754
485.357430465
484.158204323
482.951500664
481.737345505
480.515766561
479.286793253
478.050456721
476.80678984
475.555827222
474.297605232
473.032161994
471.759537398
470.479773109
469.192912572
467.899001015
466.598085457
465.290214708
463.975439373
462.653811853
461.325386344
459.990218836
458.648367116
457.299890759
455.944851125
454.583311361
453.215336384
451.840992884
450.460349309
449.07347586
447.680444479
446.281328835
444.876204319
443.465148019
442.048238717
440.625556866
439.197184571
437.76320558
