5.0
3.33591159573
3.23224188328
3.13932376411
3.05633804284
2.98247393407
2.91695455255
2.8590505898
2.80808698796
2.76344491223
2.72456094835
2.69092448482
2.66207430727
2.63759457371
2.61711072439
2.60028544191
2.58681480225
2.57642468801
2.56886749867
2.56391916874
2.56137648896
2.56105471675
2.56278545637
2.56641478689
2.57180161284
2.57881622924
2.58733904343
2.59725948236
2.60847503
2.62089039407
2.63441678061
2.64897126447
2.66447625071
2.68085901561
2.69805122731
2.71598874104
2.73461114707
2.75386157956
2.77368647139
2.79403535259
2.8148606732
2.8361176464
2.85776410855
2.8797603931
2.90206921578
2.92465556903
2.9474866237
2.97053163667
2.99376186301
3.01715047182
3.04067246491
3.06430459767
3.08802530176
3.11181460936
3.13565407861
3.15952672022
3.18341692534
3.20731039441
3.23119406733
3.25505605495
3.27888557187
3.30267287088
3.32640917907
3.35008663567
3.37369823185
3.39723775262
3.42069972071
3.44407934287
3.46737245825
3.49057548928
3.51368539485
3.53669962588
3.5596160833
3.58243307841
3.60514929563
3.62776375745
3.6502757918
3.67268500152
3.69499123029
3.717194981
3.73929525147
3.76129373945
3.78319061824
3.80498527888
3.82668257486
3.8482794308
3.869778219
3.89118004274
3.91248606702
3.93369750798
3.95481562337
3.97584170403
3.99677706629
4.01762304518
4.03838098849
4.05905225141
4.07963819197
4.10014017062
4.12055953262
4.14089762512
4.16115578182
4.18133532373
4.20143755725
4.22146377268
4.2414152428
4.26129322189
4.28109893675
4.30083362713
4.32049846153
4.34009462303
4.35962326353
4.3790855142
4.39848248501
4.41781526474
4.43708492114
4.4562925011
4.47543903089
4.49452551643
4.51355294361
4.5325222786
4.55143446821
4.57029044026
4.58909110396
4.60783735028
4.62653005237
4.64517006595
4.66375822965
4.6822953655
4.70078227922
4.71921976068
4.73760858422
4.75594950908
4.77424327971
4.79249062616
4.81069226444
4.82884889682
4.8469612122
4.86502988642
4.88305558259
4.90103895136
4.91898063128
4.93688124904
4.95474141977
4.97256174733
4.99034282454
5.00808523349
5.02578954575
5.04345632264
5.06108611546
5.0786794657
5.09623690531
5.11375895689
5.13124613391
5.14869894088
5.16611787363
5.18350341942
5.20085605719
5.21817625771
5.23546448378
5.25272119036
5.26994682483
5.28714182704
5.30430662958
5.32144165784
5.33854733024
5.35562405832
5.37267224693
5.38969229433
5.40668459235
5.42364952653
5.44058747621
5.45749881472
5.47438390944
5.49124312195
5.50807680815
5.52488531838
5.54166899749
5.558428185
5.57516321517
5.59187441712
5.60856211495
5.62522662777
5.64186826988
5.6584873508
5.67508417541
5.69165904398
5.70821225232
5.72474409184
5.74125484961
5.75774480847
5.77421424711
5.79066344011
5.80709265807
5.82350216765
5.83989223164
5.85626310905
5.87261505517
5.88894832162
5.90526315644
5.92155980415
