92.1960364597
92.3873286623
92.3307814709
92.272473017
92.2125197093
92.1509725295
92.087870845
92.0232492251
91.9571385741
91.8895665406
91.8205578088
91.7501343497
91.6783156441
91.6051188823
91.5305591426
91.4546495524
91.3774014333
91.2988244309
91.2189266335
91.1377146785
91.0551938489
90.9713681616
90.8862404468
90.7998124204
90.7120847502
90.6230571163
90.5327282655
90.4410960621
90.3481575332
90.253908911
90.1583456713
90.0614625681
89.9632536666
89.8637123722
89.7628314581
89.6606030898
89.5570188485
89.4520697517
89.345746273
89.2380383594
89.1289354484
89.0184264828
88.9064999246
88.7931440522
88.6783458486
88.562092679
88.4443712028
88.3251676546
88.2044678532
88.0822572099
87.9585207364
87.8332430522
87.7064083916
87.5780006103
87.4480031923
87.3163992554
87.1831715579
87.048302504
86.9117741499
86.7735682094
86.63366606
86.4920487485
86.3486969967
86.2035912083
86.0567114744
85.9080375801
85.7575490117
85.6052249636
85.4510443454
85.2949852909
85.1370276637
84.9771480687
84.8153248611
84.651535655
84.4857578347
84.3179685656
84.1481448065
83.9762633215
83.8023006942
83.6262333416
83.4480375294
83.2676893883
83.085164931
82.9004400705
82.7134906397
82.5242924115
82.3328211208
82.1390524877
81.9429622413
81.744526146
81.543720028
81.3405198046
81.1349015138
80.9268413464
80.7163156791
80.5033011098
80.2877744942
80.0697129844
79.8490940695
79.6258956177
79.4000959204
79.1716737385
78.9406083506
78.706879603
78.4704679616
78.2313545668
77.9895212893
77.7449507887
77.497626574
77.2475330662
76.994655663
76.7389808057
76.4804960479
76.2191901265
75.9550530341
75.6880760946
75.4182520388
75.1455750834
74.8700410112
74.5916472522
74.310392967
74.0262791316
73.7393086227
73.4494863043
73.1568191158
72.8613161599
72.5629887911
72.2618507052
71.9579180276
71.6512094024
71.3417460803
71.0295520055
70.7146539021
70.882122645
70.5584525874
75.5645052569
74.9897692868
74.4144568983
73.8387516553
73.2628253876
72.6868503711
72.1110003895
71.5354505849
70.9603771531
70.3859569995
69.8123673666
69.2397854334
68.6683878858
68.0983504577
67.5298474391
66.9630511529
66.3981313953
65.8352548409
65.2745844079
64.7162785822
64.1604906963
63.6073681611
63.0570516439
62.5096741893
61.9653602772
61.4242248082
60.8863720113
60.3518942595
59.8208707842
59.2933662699
58.7694293128
58.24909072
57.7275551777
57.2048658404
56.6857825504
56.1702481243
55.6581750186
55.1494418867
54.6438894026
54.1413154713
53.6414696333
53.1440464715
52.648677785
52.1549232308
51.6622590498
51.1700643797
50.6776045083
50.1840102138
49.6882520575
49.1891081017
48.6851229737
48.1745554021
47.6553101978
47.1248489352
46.5800709891
46.0171525436
45.4313247544
44.8165616799
44.1651306315
43.4669258142
42.7084472071
41.871171072
40.9288158985
39.8424532649
38.5510004231
92.1960364597
92.3873286623
92.3307814709
92.272473017
92.2125197093
92.1509725295
92.087870845
92.0232492251
91.9571385741
91.8895665406
91.8205578088
91.7501343497
91.6783156441
91.6051188823
91.5305591426
91.4546495524
91.3774014333
91.2988244309
91.2189266335
91.1377146785
91.0551938489
90.9713681616
90.8862404468
90.7998124204
90.7120847502
90.6230571163
90.5327282655
90.4410960621
90.3481575332
90.253908911
90.1583456713
90.0614625681
89.9632536666
89.8637123722
89.7628314581
89.6606030898
89.5570188485
89.4520697517
89.345746273
89.2380383594
89.1289354484
89.0184264828
88.9064999246
88.7931440522
88.6783458486
88.562092679
88.4443712028
88.3251676546
88.2044678532
88.0822572099
87.9585207364
87.8332430522
87.7064083916
87.5780006103
87.4480031923
87.3163992554
87.1831715579
87.048302504
86.9117741499
86.7735682094
86.63366606
86.4920487485
86.3486969967
86.2035912083
86.0567114744
85.9080375801
85.7575490117
85.6052249636
85.4510443454
85.2949852909
85.1370276637
84.9771480687
84.8153248611
84.651535655
84.4857578347
84.3179685656
84.1481448065
83.9762633215
83.8023006942
83.6262333416
83.4480375294
83.2676893883
83.085164931
82.9004400705
82.7134906397
82.5242924115
82.3328211208
82.1390524877
81.9429622413
81.744526146
81.543720028
81.3405198046
81.1349015138
80.9268413464
80.7163156791
80.5033011098
80.2877744942
80.0697129844
79.8490940695
79.6258956177
79.4000959204
79.1716737385
78.9406083506
78.706879603
78.4704679616
78.2313545668
77.9895212893
77.7449507887
77.497626574
77.2475330662
76.994655663
76.7389808057
76.4804960479
76.2191901265
75.9550530341
75.6880760946
75.4182520388
75.1455750834
74.8700410112
74.5916472522
74.310392967
74.0262791316
73.7393086227
73.4494863043
73.1568191158
72.8613161599
72.5629887911
72.2618507052
71.9579180276
71.6512094024
71.3417460803
71.0295520055
70.7146539021
70.882122645
70.5584525874
75.5645052569
74.9897692868
74.4144568983
73.8387516553
73.2628253876
72.6868503711
72.1110003895
71.5354505849
70.9603771531
70.3859569995
69.8123673666
69.2397854334
68.6683878858
68.0983504577
67.5298474391
66.9630511529
66.3981313953
65.8352548409
65.2745844079
64.7162785822
64.1604906963
63.6073681611
63.0570516439
62.5096741893
61.9653602772
61.4242248082
60.8863720113
60.3518942595
59.8208707842
59.2933662699
58.7694293128
58.24909072
57.7275551777
57.2048658404
56.6857825504
56.1702481243
55.6581750186
55.1494418867
54.6438894026
54.1413154713
53.6414696333
53.1440464715
52.648677785
52.1549232308
51.6622590498
51.1700643797
50.6776045083
50.1840102138
49.6882520575
49.1891081017
48.6851229737
48.1745554021
47.6553101978
47.1248489352
46.5800709891
46.0171525436
45.4313247544
44.8165616799
44.1651306315
43.4669258142
42.7084472071
41.871171072
40.9288158985
39.8424532649
38.5510004231
92.1960364597
92.3873286623
92.3307814709
92.272473017
92.2125197093
92.1509725295
92.087870845
92.0232492251
91.9571385741
91.8895665406
91.8205578088
91.7501343497
91.6783156441
91.6051188823
91.5305591426
91.4546495524
91.3774014333
91.2988244309
91.2189266335
91.1377146785
91.0551938489
90.9713681616
90.8862404468
90.7998124204
90.7120847502
90.6230571163
90.5327282655
90.4410960621
90.3481575332
90.253908911
90.1583456713
90.0614625681
89.9632536666
89.8637123722
89.7628314581
89.6606030898
89.5570188485
89.4520697517
89.345746273
89.2380383594
89.1289354484
89.0184264828
88.9064999246
88.7931440522
88.6783458486
88.562092679
88.4443712028
88.3251676546
88.2044678532
88.0822572099
87.9585207364
87.8332430522
87.7064083916
87.5780006103
87.4480031923
87.3163992554
87.1831715579
87.048302504
86.9117741499
86.7735682094
86.63366606
86.4920487485
86.3486969967
86.2035912083
86.0567114744
85.9080375801
85.7575490117
85.6052249636
85.4510443454
85.2949852909
85.1370276637
84.9771480687
84.8153248611
84.651535655
84.4857578347
84.3179685656
84.1481448065
83.9762633215
83.8023006942
83.6262333416
83.4480375294
83.2676893883
83.085164931
82.9004400705
82.7134906397
82.5242924115
82.3328211208
82.1390524877
81.9429622413
81.744526146
81.543720028
81.3405198046
81.1349015138
80.9268413464
80.7163156791
80.5033011098
80.2877744942
80.0697129844
79.8490940695
79.6258956177
79.4000959204
79.1716737385
78.9406083506
78.706879603
78.4704679616
78.2313545668
77.9895212893
77.7449507887
77.497626574
77.2475330662
76.994655663
76.7389808057
76.4804960479
76.2191901265
75.9550530341
75.6880760946
75.4182520388
75.1455750834
74.8700410112
74.5916472522
74.310392967
74.0262791316
73.7393086227
73.4494863043
73.1568191158
72.8613161599
72.5629887911
72.2618507052
71.9579180276
71.6512094024
71.3417460803
71.0295520055
70.7146539021
70.882122645
70.5584525874
75.5645052569
74.9897692868
74.4144568983
73.8387516553
73.2628253876
72.6868503711
72.1110003895
71.5354505849
70.9603771531
70.3859569995
69.8123673666
69.2397854334
68.6683878858
68.0983504577
67.5298474391
66.9630511529
66.3981313953
65.8352548409
65.2745844079
64.7162785822
64.1604906963
63.6073681611
63.0570516439
62.5096741893
61.9653602772
61.4242248082
60.8863720113
60.3518942595
59.8208707842
59.2933662699
58.7694293128
58.24909072
57.7275551777
57.2048658404
56.6857825504
56.1702481243
55.6581750186
55.1494418867
54.6438894026
54.1413154713
53.6414696333
53.1440464715
52.648677785
52.1549232308
51.6622590498
51.1700643797
50.6776045083
50.1840102138
49.6882520575
49.1891081017
48.6851229737
48.1745554021
47.6553101978
47.1248489352
46.5800709891
46.0171525436
45.4313247544
44.8165616799
44.1651306315
43.4669258142
42.7084472071
41.871171072
40.9288158985
39.8424532649
38.5510004231
