1.50074260668
1.50137198877
1.50138910548
1.50133549408
1.50127566998
1.50121719802
1.50116085822
1.50110663155
1.50105441282
1.50100409467
1.50095557681
1.50090876638
1.50086357735
1.50081992994
1.50077774999
1.50073696849
1.5006975211
1.50065934778
1.50062239234
1.50058660223
1.50055192813
1.50051832376
1.50048574561
1.50045415272
1.50042350648
1.50039377046
1.50036491024
1.50033689328
1.50030968872
1.50028326736
1.50025760144
1.50023266461
1.50020843179
1.50018487911
1.50016198382
1.50013972419
1.5001180795
1.50009702991
1.50007655645
1.50005664094
1.50003726594
1.50001841473
1.50000007123
1.49998221999
1.49996484614
1.49994793535
1.49993147379
1.49991544815
1.49989984554
1.49988465353
1.49986986008
1.49985545352
1.49984142257
1.49982775628
1.49981444403
1.49980147549
1.49978884064
1.49977652974
1.49976453329
1.49975284206
1.49974144705
1.49973033948
1.49971951081
1.49970895268
1.49969865693
1.4996886156
1.49967882092
1.49966926526
1.49965994118
1.4996508414
1.4996419588
1.49963328639
1.49962481734
1.49961654495
1.49960846267
1.49960056408
1.49959284287
1.49958529289
1.49957790809
1.49957068255
1.49956361047
1.49955668618
1.4995499041
1.4995432588
1.49953674495
1.49953035734
1.49952409087
1.49951794057
1.49951190159
1.49950596917
1.49950013871
1.4994944057
1.49948876577
1.49948321467
1.49947774827
1.4994723626
1.49946705378
1.49946181809
1.49945665195
1.49945155191
1.49944651468
1.49944153711
1.49943661619
1.4994317491
1.49942693316
1.49942216585
1.49941744485
1.49941276798
1.49940813326
1.4994035389
1.49939898329
1.49939446501
1.49938998287
1.49938553585
1.49938112317
1.49937674424
1.49937239872
1.49936808648
1.49936380762
1.49935956248
1.49935535165
1.49935117596
1.49934703649
1.49934293456
1.49933887177
1.49933484996
1.49933087126
1.49932693803
1.49932305292
1.49931921886
1.49931543901
1.49931171684
1.49930805605
1.49930054134
1.49929676578
1.49959259347
1.49959825567
1.49957348202
1.49954628927
1.49951969054
1.49949400362
1.49946925646
1.49944544625
1.4994225673
1.4994006139
1.49937958058
1.49935946208
1.49934025328
1.49932194908
1.49930454437
1.49928803391
1.49927241228
1.49925767377
1.49924381234
1.49923082151
1.49921941283
1.49920887798
1.49919910219
1.49919006907
1.49918177179
1.49917420368
1.49916735719
1.49916122367
1.49915579324
1.49915105475
1.49914699563
1.4991436018
1.49914085758
1.49913874552
1.4991372463
1.4991363386
1.49913599885
1.49913620113
1.49913691685
1.49913811455
1.49913975954
1.49914181352
1.49914423412
1.49914697431
1.49914998174
1.49915319781
1.49915655662
1.49915998363
1.49916339388
1.49916668986
1.49916975863
1.4991724682
1.4991746627
1.49917615597
1.49917672297
1.49917608804
1.49917390849
1.49916975141
1.49916305996
1.49915310303
1.49913889779
1.49911908555
1.49909172326
1.49905391186
1.49900107952
