9.8529e-05
0.000177992882325
0.000177434442672
0.000176904199186
0.00017640099374
0.000175923686878
0.000175471195267
0.000175042494047
0.000174636607696
0.000174252615103
0.000173889640396
0.000173546851282
0.000173223456184
0.000172918701603
0.000172631869685
0.000172362275981
0.000172109267365
0.000171872220121
0.000171650538166
0.000171443651406
0.000171251014206
0.000171072103979
0.00017090641987
0.000170753481534
0.000170612827999
0.000170484016609
0.000170366622043
0.000170260235394
0.000170164463317
0.000170078927232
0.000170003262585
0.000169937118147
0.000169880155375
0.000169832047808
0.0001697924805
0.000169761149497
0.000169737761348
0.000169722032642
0.000169713689588
0.00016971246761
0.000169718110978
0.000169730372461
0.000169749013006
0.000169773801432
0.000169804514154
0.000169840934922
0.000169882854577
0.000169930070829
0.000169982388043
0.000170039617052
0.000170101574975
0.000170168085051
0.000170238976487
0.000170314084317
0.000170393249273
0.000170476317667
0.000170563141277
0.000170653577252
0.000170747488022
0.000170844741206
0.000170945209545
0.000171048770829
0.000171155307832
0.00017126470826
0.000171376864694
0.000171491674546
0.000171609040013
0.000171728868043
0.00017185107029
0.000171975563091
0.000172102267427
0.000172231108895
0.000172362017684
0.000172494928542
0.000172629780752
0.000172766518107
0.000172905088875
0.000173045445779
0.000173187545959
0.000173331350948
0.000173476826627
0.000173623943198
0.000173772675136
0.000173923001148
0.000174074904125
0.000174228371087
0.000174383393126
0.000174539965345
0.000174698086788
0.000174857760364
0.00017501899277
0.000175181794401
0.000175346179259
0.000175512164848
0.000175679772069
0.000175849025103
0.000176019951291
0.000176192580997
0.000176366948402
0.000176543087702
0.000176721038345
0.000176900841334
0.000177082539926
0.000177266179453
0.000177451807137
0.000177639471898
0.000177829224152
0.000178021115608
0.00017821519905
0.000178411528123
0.000178610157105
0.000178811140682
0.000179014533707
0.00017922039097
0.000179428766954
0.000179639715591
0.000179853290019
0.000180069542337
0.000180288523356
0.000180510282359
0.000180734866856
0.000180962322343
0.000181192692067
0.000181426016796
0.000181662334587
0.000181901680574
0.00018214408675
0.000182389581769
0.000182638190747
0.000182889935081
0.000183144832278
0.000183402895793
0.000183664134885
0.000185587114577
0.000185863957864
0.000191300806957
0.000191136474377
0.000190997343743
0.000190882600897
0.000190791419252
0.000190722985011
0.000190676498735
0.000190651174325
0.000190646237822
0.000190660926308
0.000190694486912
0.000190746175924
0.000190815257996
0.000190901005416
0.000191002697459
0.000191119619775
0.000191251063831
0.000191396326364
0.000191554708856
0.000191725516996
0.000191908060133
0.000192101650679
0.000192305603469
0.000192519235041
0.000192741862821
0.00019297280419
0.000193211371114
0.000193451104584
0.00019369721019
0.000193949000415
0.000194205777841
0.000194466835312
0.000194731450889
0.000194998886189
0.000195268382319
0.000195539155467
0.000195810391679
0.000196081240633
0.000196350808225
0.000196618147708
0.000196882249066
0.000197142026235
0.000197396301666
0.000197643787592
0.000197883063171
0.000198112546446
0.000198330459737
0.0001985347866
0.000198723217932
0.000198893083902
0.000199041267208
0.000199164091447
0.000199257175871
0.000199315244135
0.000199331869083
0.00019929912703
0.000199207121535
0.000199043314729
0.000198791567601
0.000198430727044
0.000197932482327
0.000197257994501
0.000196352359441
0.000195135001507
0.000193481792919
