37394.235648
44766.9904721
44969.7314459
45147.9437201
45320.0672729
45491.3631318
45663.3033157
45836.3023263
46010.4799522
46185.8738978
46362.4990863
46540.3642081
46719.4763369
46899.842213
47081.4685952
47264.3623526
47448.5304827
47633.9801096
47820.7184769
48008.7529387
48198.0909504
48388.7400593
48580.7078955
48774.0021626
48968.6306286
49164.5946829
49361.9150499
49560.5931775
49760.6370235
49962.0545473
50164.853712
50369.0424782
50574.6287965
50781.6205975
50990.0257829
51199.8522156
51411.1077098
51623.8000207
51837.9368353
52053.5257613
52270.5743173
52489.0899222
52709.0798845
52930.5513919
53153.5115003
53377.9671226
53603.9250183
53831.3917815
54060.3738305
54290.8773957
54522.9085085
54756.4729899
54991.5764387
55228.2242202
55466.4214541
55706.1730036
55947.4834633
56190.357148
56434.7980812
56680.809984
56928.3962636
57177.5600028
57428.3039494
57680.6305053
57934.5417172
58190.0392661
58447.124459
58705.7982195
58966.0610801
59227.9131743
59491.3542301
59756.3835638
60023.0000748
60291.2022409
60560.9881157
60832.3553255
61105.3010687
61379.8221156
61655.9148096
61933.5750702
62212.7983971
62493.5798756
62775.9141841
63059.7956028
63345.2180245
63632.1749667
63920.6595861
64210.6646938
64502.1827738
64795.2060023
65089.7262687
65385.7351992
65683.2241811
65982.1843896
66282.606815
66584.4822922
66887.8015307
67192.5551454
67498.7336882
67806.32768
68115.3276418
68425.7241262
68737.5077471
69050.6692079
69365.1993279
69681.0890649
69998.3295351
70316.9120281
70636.8280163
70958.0691585
71280.6272961
71604.4944406
71929.6627528
72256.1245098
72583.8720619
72912.897776
73243.1939645
73574.7527997
73907.5662117
74241.6257685
74576.9225384
74913.446932
75251.1885256
75590.1358632
75930.2762373
76271.5954498
76614.0775511
76957.7045594
77302.4561606
77648.3093902
77995.2382987
78343.2136027
78692.2023251
79042.1674266
79393.0674326
79744.8560601
80097.4818486
80450.8878015
80805.0110415
81159.7824885
81515.1265646
81870.9609339
82227.1962832
82583.7361502
82940.4768073
83297.3072049
83654.1089831
84010.7565547
84367.124934
84723.0585396
85078.4136551
85433.0513762
85786.8070302
86139.5179827
86491.0172378
86841.1341998
87189.6954974
87536.5258714
87881.4491234
88224.2891136
88564.8708012
88903.0213131
89238.5710321
89571.3546906
89901.2124581
90227.9910104
90551.5445688
90871.7358957
91188.4372398
91501.5303075
91810.9106297
92116.4830743
92418.1658943
92715.8904518
93009.601681
93299.2584555
93584.8338608
93866.3153712
94143.7049359
94417.0189744
94686.2882883
94951.5581716
95212.8870677
95470.347894
95724.0266051
95974.0220311
96220.4454152
96463.4199133
96703.077732
96939.5712211
97173.0490497
97403.678858
97631.6350891
97857.1007368
98080.2667901
98301.3316956
98520.5008432
98737.9860789
98954.0052504
99168.7817881
