0.198069356881
0.198149712898
0.198312051516
0.198550240263
0.198858096924
0.199229596132
0.199658997488
0.200140916145
0.200670354312
0.201242707241
0.201853753708
0.202499637243
0.203176842658
0.203882170541
0.204612711323
0.205365820172
0.20613909317
0.206930345024
0.207737588614
0.208559016224
0.209392982498
0.210237988958
0.211092669994
0.211955780278
0.212826183358
0.213702841397
0.214584805959
0.215471209648
0.216361258623
0.217254225836
0.218149444932
0.219046304763
0.219944244397
0.220842748664
0.221741344093
0.222639595252
0.223537101433
0.224433493645
0.225328431918
0.226221602818
0.227112717214
0.228001508252
0.228887729514
0.229771153336
0.23065156929
0.231528782793
0.232402613846
0.233272895877
0.234139474705
0.235002207553
0.235860962194
0.23671561615
0.237566055949
0.238412176462
0.239253880286
0.240091077178
0.240923683543
0.241751621952
0.24257482071
0.243393213453
0.244206738776
0.245015339892
0.24581896432
0.246617563589
0.24741109297
0.24819951123
0.248982780398
0.249760865549
0.250533734609
0.251301358168
0.252063709307
0.252820763437
0.25357249815
0.254318893081
0.255059929771
0.25579559155
0.25652586342
0.257250731946
0.257970185155
0.258684212442
0.259392804475
0.260095953118
0.260793651343
0.261485893158
0.262172673536
0.262853988342
0.263529834276
0.264200208804
0.264865110106
0.265524537017
0.266178488974
0.266826965968
0.267469968495
0.26810749751
0.268739555277
0.269366142794
0.26998726091
0.27060291308
0.271213101934
0.271817830328
0.272417101305
0.273010918071
0.273599283953
0.274182202382
0.274759676854
0.275331710908
0.2758983081
0.276459471976
0.277015206051
0.277565513783
0.278110398552
0.278649863641
0.279183912213
0.279712547294
0.280235771754
0.280753588288
0.281265999402
0.281773007396
0.282274614349
0.282770822103
0.283261632252
0.28374704613
0.284227064793
0.284701689016
0.285170919276
0.285634755743
0.286093198276
0.286546246406
0.286993899335
0.287436155927
0.287873014698
0.288304473816
0.28873053109
0.289418734899
0.290106418655
0.290792736624
0.291476898295
0.29215816513
0.292835847509
0.293509301866
0.294177927996
0.29484116652
0.295498496506
0.296149433236
0.296793526091
0.297430356579
0.298059536466
0.298680706021
0.299293532365
0.299897707908
0.300492948887
0.301078993976
0.301655602986
0.302222555633
0.302779650375
0.303326703321
0.303863547196
0.304390030363
0.304906015909
0.305411380772
0.30590601492
0.306389820584
0.306862711518
0.307324612319
0.307775457772
0.308215192233
0.308643769057
0.309061150045
0.309467304932
0.309862210899
0.310245852112
0.310618219295
0.310979309319
0.311329124818
0.311667673826
0.311994969439
0.312311029493
0.31261587626
0.312909536169
0.313192039532
0.313463420299
0.313723715819
0.31397296662
0.314211216201
0.314438510835
0.314654899391
0.31486043316
0.315055165695
0.315239152663
0.315412451704
0.315575122304
0.31572722567
0.315868824619
0.315999983476
0.316120767976
0.316231245175
0.316331483371
0.316421552028
0.316501521716
0.316571464051
