3.99656550298
4.04101741556
4.07203712725
4.09997293626
4.12726837076
4.15459767277
4.18215049263
4.20998187745
4.23810943929
4.26654038545
4.29527904428
4.32432896151
4.35369348405
4.38337592188
4.41337959223
4.44370783077
4.47436399358
4.50535145639
4.53667361313
4.56833387412
4.60033566408
4.63268242008
4.66537758939
4.69842462717
4.73182699409
4.76558819334
4.79971161726
4.83420075453
4.86905906512
4.90428999798
4.93989698983
4.9758834624
5.01225281902
5.04900844113
5.08615368441
5.12369187487
5.16162630469
5.19996022794
5.23869685604
5.27783935309
5.31739083102
5.35735434443
5.39773288537
5.43852937781
5.47974667191
5.52138753811
5.56345466094
5.60595063263
5.64887794652
5.6922389901
5.73603603798
5.78027124449
5.82494663606
5.87006410336
5.91562539316
5.96163209997
6.00808565734
6.05498732897
6.10233819953
6.15013916517
6.19839092385
6.24709396529
6.29624856076
6.34585475254
6.39591234312
6.44642088419
6.49737966528
6.54878770227
6.60064372553
6.65294616793
6.70569315255
6.75888248017
6.81251161663
6.86657767987
6.92107742688
6.97600724044
7.03136311571
7.08714064671
7.14333501265
7.19994096419
7.25695280962
7.31436440103
7.37216912042
7.4303598659
7.48892903786
7.5478685253
7.60716969226
7.66682336444
7.72681981604
7.78714875689
7.84779931981
7.90876004855
7.97001888593
8.03156316271
8.0933795869
8.15545423378
8.21777253662
8.28031927829
8.34307858364
8.40603391305
8.46916805689
8.5324631313
8.59590057526
8.65946114898
8.72312493394
8.78687133447
8.85067908118
8.91452623623
8.97839020065
9.04224772378
9.10607491507
9.16984725817
9.23353962773
9.29712630869
9.36058101855
9.42387693241
9.48698671115
9.54988253264
9.6125361263
9.67491881084
9.73700153547
9.79875492444
9.86014932507
9.92115485919
9.98174147802
10.0418790203
10.1015372739
10.1606860404
10.2192952024
10.2773347944
10.3347750755
10.3915866046
10.4477403174
10.5032076057
10.5579603967
10.6119712341
10.6652133591
10.7176607908
10.7692884064
10.8200720197
10.8699884576
10.9190156342
10.967132622
11.0143197185
11.0605585095
11.1058319266
11.1501243
11.1934214045
11.2357104829
11.276980345
11.3172213142
11.3564252454
11.3945856093
11.4316974422
11.4677573522
11.5027635079
11.5367156184
11.5696149065
11.6014640745
11.6322672634
11.6620300057
11.6907591729
11.718462917
11.7451506084
11.7708327688
11.795521001
11.8192279167
11.8419670607
11.8637528355
11.8846004231
11.9045257088
11.9235452029
11.9416759652
11.9589355303
11.9753418342
11.9909131437
12.0056679886
12.0196250958
12.0328033276
12.0452216227
12.0568989411
12.0678542137
12.0781062894
12.0876738969
12.0965756009
12.1048297662
12.1124545242
12.1194677433
12.1258869983
12.1317295651
12.1370123746
12.1417520138
12.1459647076
12.1496663079
12.152872285
12.1555977218
12.15785731
12.1596653486
12.1610357438
12.1619820117
