65.3433201668
65.3770645439
65.4109007828
65.4448288305
65.4788486507
65.5129602224
65.5471635389
65.5814586066
65.6158454442
65.6503240814
65.6848945587
65.7195569259
65.7543112424
65.7891575755
65.8240960006
65.8591266007
65.8942494651
65.92946469
65.9647723774
66.0001726348
66.0356655751
66.0712513161
66.1069299801
66.1427016937
66.1785665876
66.2145247962
66.2505764574
66.2867217124
66.3229607054
66.3592935836
66.3957204967
66.4322415968
66.4688570384
66.5055669781
66.5423715744
66.5792709876
66.6162653796
66.6533549138
66.6905397549
66.7278200687
66.7651960224
66.8026677837
66.8402355214
66.877899405
66.9156596042
66.9535162895
66.9914696317
67.0295198017
67.0676669705
67.105911309
67.1442529883
67.182692179
67.2212290514
67.2598637753
67.2985965202
67.3374274548
67.376356747
67.4153845638
67.4545110713
67.4937364347
67.5330608178
67.5724843832
67.6120072921
67.6516297042
67.6913517777
67.731173669
67.7710955327
67.8111175217
67.8512397865
67.8914624758
67.9317857359
67.9722097107
68.012734542
68.0533603684
68.0940873265
68.1349155495
68.1758451682
68.2168763098
68.2580090989
68.2992436565
68.3405801002
68.3820185442
68.4235590989
68.4652018712
68.5069469638
68.5487944754
68.5907445007
68.6327971301
68.6749524493
68.7172105397
68.7595714779
68.8020353357
68.8446021798
68.8872720718
68.9300450682
68.9729212199
69.0159005723
69.058983165
69.1021690318
69.1454582006
69.188850693
69.2323465242
69.2759457032
69.3196482321
69.3634541063
69.4073633143
69.4513758375
69.4954916499
69.5397107182
69.5840330016
69.6284584513
69.6729870108
69.7176186155
69.7623531924
69.8071906604
69.8521309296
69.8971739014
69.9423194685
69.9875675145
70.0329179137
70.0783705312
70.1239252224
70.1695818333
70.2153401999
70.2612001484
70.3071614948
70.3532240448
70.399387594
70.4456519271
70.4920168185
70.5384820317
70.5850473192
70.6317124227
70.6784836748
70.7253542177
70.7726490746
70.8200490835
70.8675531929
70.9151603429
70.9628694652
71.0106794833
71.0585893125
71.1065978603
71.154704026
71.2029067014
71.2512047705
71.2995971098
71.3480825886
71.3966600689
71.4453284056
71.4940864465
71.5429330326
71.5918669982
71.6408871705
71.6899923702
71.7391814111
71.7884531002
71.8378062377
71.8872396163
71.9367520218
71.9863422322
72.0360090172
72.0857511383
72.1355673477
72.1854563875
72.2354169892
72.2854478721
72.3355477423
72.3857152913
72.4359491935
72.4862481048
72.5366106597
72.5870354683
72.6375211128
72.6880661438
72.7386690749
72.7893283776
72.8400424743
72.8908098154
72.9416303044
72.9925024212
73.0434245715
73.0943950737
73.1454121435
73.1964738758
73.2475782218
73.2987229622
73.3499056732
73.4011236848
73.4523740282
73.5036533689
73.5549579198
73.6062833273
73.6576245182
73.7089754894
73.7603290093
73.8116761814
73.8630057738
73.9143031304
73.9655482572
