-37.5570399282
69.5770893274
9.83213700276
-58.5978571776
59.0016458205
7.45485765039
-61.2096295747
59.7306898765
7.56897940682
-63.0168151257
57.9579295943
7.85585808942
-63.6591903064
56.9743635777
8.02690342599
-64.1123470494
58.1032253255
8.05448756849
-64.3708954088
59.0250859561
8.12104835032
-64.4559075925
59.810904009
8.20505580119
-64.3397615959
60.3645329193
8.29844143507
-64.2032108739
60.9887460094
8.38878929855
-64.0107417935
61.5653592746
8.47742771158
-63.7795579687
62.1022807842
8.5631547736
-63.5209664091
62.6048093486
8.64548739127
-63.2427098145
63.0767934107
8.72429963911
-62.9503569592
63.5212300554
8.79964032195
-62.6480963754
63.9405863577
8.87164063344
-62.3391909061
64.3369695274
8.94046651594
-62.026246195
64.7122246542
9.00629475904
-61.7113767409
65.0679922563
9.06930104051
-61.3963146218
65.4057446906
9.12965417515
-61.0824850113
65.7268110046
9.18751356915
-60.7710615438
66.0323952366
9.24302832346
-60.4630087665
66.3235908083
9.29633717619
-60.1591158173
66.6013924231
9.34756886111
-59.86002381
66.8667062472
9.39684266058
-59.566248488
67.1203588131
9.44426903674
-59.2781991875
67.3631049087
9.48995028004
-58.9961948405
67.5956346205
9.53398114388
-58.7204775555
67.8185796477
9.57644944936
-58.4512241894
68.0325189736
9.61743665299
-58.1885562353
68.2379839664
9.65701837448
-57.9325482879
68.4354629654
9.6952648844
-57.6832353038
68.6254054067
9.73224155281
-57.4406188321
68.8082255332
9.76800926064
-57.2046723682
68.9843057291
9.80262477606
-56.9753459534
69.1539995177
9.83614109823
-56.7525701296
69.3176342549
9.86860777066
-56.5362593373
69.4755135496
9.90007116672
-56.3263148364
69.6279194384
9.93057474952
-56.1226272131
69.77511434
9.9601593082
-55.925078533
69.9173428115
9.98886317284
-55.7335441856
70.0548331273
10.0167224098
-55.5478944634
70.1877986994
10.0437709992
-55.3679959132
70.3164393545
10.0700409963
-55.193712487
70.4409424846
10.0955626784
-55.0249065237
70.5614840828
10.1203646779
-54.8614395799
70.678229677
10.1444741042
-54.7031731358
70.7913351724
10.1679166538
-54.5499691862
70.9009476124
10.1907167113
-54.4016907404
71.0072058659
10.2128974412
-54.2582022345
71.1102412497
10.2344808715
-54.1193698764
71.2101780914
10.2554879706
-53.9850619266
71.3071342407
10.2759387172
-53.8551489265
71.4012215334
10.295852164
-53.7295038816
71.4925462126
10.3152464972
-53.608002405
71.5812093134
10.3341390898
-53.4905228262
71.6673070125
10.3525465513
-53.3769462731
71.7509309474
10.3704847735
-53.2671567266
71.8321685096
10.3879689721
-53.161041057
71.911103111
10.4050137258
-53.0584890402
71.9878144302
10.4216330122
-52.9593933592
72.0623786371
10.4378402402
-52.8636495942
72.1348686011
10.4536482817
-52.7711561999
72.2053540813
10.4690694994
-52.6818144752
72.2739019033
10.4841157734
-52.5955285253
72.3405761224
10.4987985261
-52.512205217
72.405438174
10.5131287449
-52.4317541298
72.4685470138
10.5271170035
-52.3540875028
72.5299592478
10.5407734825
-52.2791201786
72.5897292531
10.5541079875
-52.2067695445
72.6479092905
10.567129967
-52.136955472
72.7045496097
10.5798485288
-52.0696002558
72.7596985472
10.5922724556
-52.0046285511
72.8134026182
10.6044102193
-51.9419673112
72.8657066028
10.6162699948
-51.8815457251
72.9166536263
10.6278596732
-51.8232951544
72.9662852355
10.6391868737
-51.7671490722
73.0146414695
10.650258955
-51.7130430016
73.0617609271
10.6610830267
-51.6609144554
73.10768083
10.6716659593
-51.610702877
73.1524370822
10.6820143937
-51.5623495818
73.1960643272
10.6921347512
-51.5157977005
73.2385960002
10.7020332415
-51.470992123
73.2800643797
10.7117158718
-51.4278794442
73.3205006346
10.7211884541
-51.386407911
73.3599348699
10.7304566133
-51.3465273697
73.3983961695
10.7395257941
-51.3081892168
73.4359126374
10.7484012679
-51.2713463488
73.4725114367
10.7570881395
-51.2359531153
73.508218826
10.7655913531
-51.2019652726
73.5430601953
10.7739156986
-51.1693399389
73.5770600991
10.7820658169
-51.1380355504
73.6102422887
10.7900462057
-51.1080118194
73.6426297424
10.7978612245
-51.0792296931
73.6742446952
10.8055150996
-51.0516513145
73.705108666
10.813011929
-51.0252399838
73.7352424845
10.8203556867
-50.9999601208
73.7646663166
10.8275502275
-50.9757772295
73.7933996889
10.8345992906
-50.9526578634
73.8214615116
10.8415065043
-50.9305695911
73.848870101
10.8482753894
-50.9094809889
73.8756430782
10.8549093544
-50.8893615122
73.9017978804
10.8614117331
-50.8701816095
73.9273510438
10.8677857373
-50.8519125977
73.9523187135
10.8740344938
-50.8345266564
73.9767165394
10.8801610389
-50.8179968012
74.0005596925
10.8861683219
-50.8022968569
74.0238628822
10.8920592074
-50.7874014318
74.0466403723
10.8978364787
-50.7732858932
74.0689059956
10.9035028401
-50.7599263426
74.0906731695
10.9090609194
-50.7472995936
74.1119549095
10.914513271
-50.7353831484
74.1327638432
10.9198623774
-50.7241551767
74.1531122232
10.9251106524
-50.7135944951
74.1730119395
10.9302604426
-50.7036805459
74.192474532
10.9353140299
-50.6943933785
74.2115112019
10.9402736338
-50.6857136299
74.2301328228
10.9451414127
-50.6776225065
74.2483499518
10.9499194663
-50.6701017666
74.2661728396
10.9546098377
-50.6631337034
74.2836114408
10.9592145143
-50.656701128
74.300675423
10.9637354305
-50.6507873542
74.3173741768
10.9681744686
-50.6453761818
74.3337168242
10.972533461
-50.6404518833
74.3497122275
10.9768141912
-50.6359991883
74.3653689974
10.9810183956
-50.6320032697
74.3806955014
10.985147765
-50.6284497309
74.3956998709
10.9892039457
-50.6253245915
74.4103900095
10.9931885411
-50.6226142761
74.4247735992
10.997103113
-50.6203056008
74.4388581082
11.0009491825
-50.618385762
74.4526507974
11.0047282315
-50.6168423251
74.4661587264
11.0084417041
-50.615663213
74.4793887602
11.012091007
-50.6148366961
74.492347575
11.0156775115
-50.6143513807
74.5050416643
11.0192025538
-50.6141962002
74.5174773443
11.0226674363
-50.6143604047
74.5296607591
11.0260734288
-50.6148335518
74.5415978866
11.0294217689
-50.6156054979
74.5532945428
11.0327136637
-50.6166663882
74.5647563871
11.0359502899
-50.6180066498
74.5759889272
11.0391327952
-50.6196169819
74.5869975232
11.0422622989
-50.6214883489
74.5977873924
11.0453398927
-50.6236119719
74.6083636135
11.0483666417
-50.6259793223
74.6187311303
11.0513435847
-50.6285821127
74.6288947566
11.0542717356
-50.631412292
74.638859179
11.0571520835
-50.6344620367
74.6486289616
11.0599855937
-50.6377237456
74.6582085486
11.0627732081
-50.6411900328
74.667602269
11.0655158464
-50.6448537212
74.6768143388
11.068214406
-50.6487078376
74.6858488652
11.0708697632
-50.6527456055
74.6947098492
11.0734827734
-50.6569604406
74.7034011886
11.0760542718
-50.6613459444
74.7119266818
11.078585074
-50.6658958998
74.7202900295
11.0810759766
-50.670604265
74.7284948383
11.0835277575
-50.6754651691
74.7365446233
11.0859411764
-50.6804729076
74.7444428102
11.0883169757
-50.6856219365
74.7521927386
11.0906558803
-50.6909068692
74.7597976636
11.0929585987
-50.6963224706
74.767260759
11.095225823
-50.7018636546
74.7745851188
11.0974582297
-50.707525478
74.7817737603
11.0996564796
-50.7133031379
74.7888296253
11.1018212188
-50.7191919671
74.7957555831
11.1039530786
-50.725187431
74.8025544316
11.1060526763
-50.7312851226
74.8092289003
11.1081206152
-50.7374807604
74.8157816511
11.1101574852
-50.7437701838
74.8222152812
11.1121638629
-50.7501493509
74.828532324
11.1141403123
-50.7566143336
74.8347352516
11.1160873849
-50.7631613165
74.8408264757
11.1180056199
-50.7697865917
74.8468083498
11.1198955449
-50.7764865574
74.8526831708
11.1217576758
-50.783257714
74.8584531801
11.1235925172
-50.7900966624
74.8641205654
11.125400563
-50.7970000995
74.8696874622
11.127182296
-50.8039648175
74.8751559548
11.1289381889
-50.8109876998
74.8805280784
11.1306687041
-50.8180657198
74.8858058195
11.1323742943
-50.8251959369
74.890991118
11.1340554022
-50.8323754956
74.8960858678
11.1357124614
-50.8396016226
74.9010919186
11.137345896
-50.8468716244
74.9060110763
11.1389561214
-50.8541828853
74.9108451052
11.1405435442
-50.8615328654
74.915595728
11.1421085623
-50.868919098
74.9202646278
11.1436515654
-50.8763391889
74.9248534483
11.1451729352
-50.8837908129
74.9293637956
11.1466730452
-50.8912717132
74.9337972385
11.1481522614
-50.8987796983
74.9381553102
11.1496109421
-50.9063126413
74.9424395083
11.1510494383
-50.9138684784
74.9466512965
11.1524680938
-50.9214452058
74.9507921051
11.1538672454
-50.9290408792
74.954863332
11.155247223
-50.936653612
74.9588663433
11.1566083497
-50.9442815735
74.9628024743
11.1579509423
-50.9519229874
74.9666730305
11.1592753111
-37.5570399282
69.5770893274
9.83213700276
-58.5978571776
59.0016458205
7.45485765039
-61.2096295747
59.7306898765
7.56897940682
-63.0168151257
57.9579295943
7.85585808942
-63.6591903064
56.9743635777
8.02690342599
-64.1123470494
58.1032253255
8.05448756849
-64.3708954088
59.0250859561
8.12104835032
-64.4559075925
59.810904009
8.20505580119
-64.3397615959
60.3645329193
8.29844143507
-64.2032108739
60.9887460094
8.38878929855
-64.0107417935
61.5653592746
8.47742771158
-63.7795579687
62.1022807842
8.5631547736
-63.5209664091
62.6048093486
8.64548739127
-63.2427098145
63.0767934107
8.72429963911
-62.9503569592
63.5212300554
8.79964032195
-62.6480963754
63.9405863577
8.87164063344
-62.3391909061
64.3369695274
8.94046651594
-62.026246195
64.7122246542
9.00629475904
-61.7113767409
65.0679922563
9.06930104051
-61.3963146218
65.4057446906
9.12965417515
-61.0824850113
65.7268110046
9.18751356915
-60.7710615438
66.0323952366
9.24302832346
-60.4630087665
66.3235908083
9.29633717619
-60.1591158173
66.6013924231
9.34756886111
-59.86002381
66.8667062472
9.39684266058
-59.566248488
67.1203588131
9.44426903674
-59.2781991875
67.3631049087
9.48995028004
-58.9961948405
67.5956346205
9.53398114388
-58.7204775555
67.8185796477
9.57644944936
-58.4512241894
68.0325189736
9.61743665299
-58.1885562353
68.2379839664
9.65701837448
-57.9325482879
68.4354629654
9.6952648844
-57.6832353038
68.6254054067
9.73224155281
-57.4406188321
68.8082255332
9.76800926064
-57.2046723682
68.9843057291
9.80262477606
-56.9753459534
69.1539995177
9.83614109823
-56.7525701296
69.3176342549
9.86860777066
-56.5362593373
69.4755135496
9.90007116672
-56.3263148364
69.6279194384
9.93057474952
-56.1226272131
69.77511434
9.9601593082
-55.925078533
69.9173428115
9.98886317284
-55.7335441856
70.0548331273
10.0167224098
-55.5478944634
70.1877986994
10.0437709992
-55.3679959132
70.3164393545
10.0700409963
-55.193712487
70.4409424846
10.0955626784
-55.0249065237
70.5614840828
10.1203646779
-54.8614395799
70.678229677
10.1444741042
-54.7031731358
70.7913351724
10.1679166538
-54.5499691862
70.9009476124
10.1907167113
-54.4016907404
71.0072058659
10.2128974412
-54.2582022345
71.1102412497
10.2344808715
-54.1193698764
71.2101780914
10.2554879706
-53.9850619266
71.3071342407
10.2759387172
-53.8551489265
71.4012215334
10.295852164
-53.7295038816
71.4925462126
10.3152464972
-53.608002405
71.5812093134
10.3341390898
-53.4905228262
71.6673070125
10.3525465513
-53.3769462731
71.7509309474
10.3704847735
-53.2671567266
71.8321685096
10.3879689721
-53.161041057
71.911103111
10.4050137258
-53.0584890402
71.9878144302
10.4216330122
-52.9593933592
72.0623786371
10.4378402402
-52.8636495942
72.1348686011
10.4536482817
-52.7711561999
72.2053540813
10.4690694994
-52.6818144752
72.2739019033
10.4841157734
-52.5955285253
72.3405761224
10.4987985261
-52.512205217
72.405438174
10.5131287449
-52.4317541298
72.4685470138
10.5271170035
-52.3540875028
72.5299592478
10.5407734825
-52.2791201786
72.5897292531
10.5541079875
-52.2067695445
72.6479092905
10.567129967
-52.136955472
72.7045496097
10.5798485288
-52.0696002558
72.7596985472
10.5922724556
-52.0046285511
72.8134026182
10.6044102193
-51.9419673112
72.8657066028
10.6162699948
-51.8815457251
72.9166536263
10.6278596732
-51.8232951544
72.9662852355
10.6391868737
-51.7671490722
73.0146414695
10.650258955
-51.7130430016
73.0617609271
10.6610830267
-51.6609144554
73.10768083
10.6716659593
-51.610702877
73.1524370822
10.6820143937
-51.5623495818
73.1960643272
10.6921347512
-51.5157977005
73.2385960002
10.7020332415
-51.470992123
73.2800643797
10.7117158718
-51.4278794442
73.3205006346
10.7211884541
-51.386407911
73.3599348699
10.7304566133
-51.3465273697
73.3983961695
10.7395257941
-51.3081892168
73.4359126374
10.7484012679
-51.2713463488
73.4725114367
10.7570881395
-51.2359531153
73.508218826
10.7655913531
-51.2019652726
73.5430601953
10.7739156986
-51.1693399389
73.5770600991
10.7820658169
-51.1380355504
73.6102422887
10.7900462057
-51.1080118194
73.6426297424
10.7978612245
-51.0792296931
73.6742446952
10.8055150996
-51.0516513145
73.705108666
10.813011929
-51.0252399838
73.7352424845
10.8203556867
-50.9999601208
73.7646663166
10.8275502275
-50.9757772295
73.7933996889
10.8345992906
-50.9526578634
73.8214615116
10.8415065043
-50.9305695911
73.848870101
10.8482753894
-50.9094809889
73.8756430782
10.8549093544
-50.8893615122
73.9017978804
10.8614117331
-50.8701816095
73.9273510438
10.8677857373
-50.8519125977
73.9523187135
10.8740344938
-50.8345266564
73.9767165394
10.8801610389
-50.8179968012
74.0005596925
10.8861683219
-50.8022968569
74.0238628822
10.8920592074
-50.7874014318
74.0466403723
10.8978364787
-50.7732858932
74.0689059956
10.9035028401
-50.7599263426
74.0906731695
10.9090609194
-50.7472995936
74.1119549095
10.914513271
-50.7353831484
74.1327638432
10.9198623774
-50.7241551767
74.1531122232
10.9251106524
-50.7135944951
74.1730119395
10.9302604426
-50.7036805459
74.192474532
10.9353140299
-50.6943933785
74.2115112019
10.9402736338
-50.6857136299
74.2301328228
10.9451414127
-50.6776225065
74.2483499518
10.9499194663
-50.6701017666
74.2661728396
10.9546098377
-50.6631337034
74.2836114408
10.9592145143
-50.656701128
74.300675423
10.9637354305
-50.6507873542
74.3173741768
10.9681744686
-50.6453761818
74.3337168242
10.972533461
-50.6404518833
74.3497122275
10.9768141912
-50.6359991883
74.3653689974
10.9810183956
-50.6320032697
74.3806955014
10.985147765
-50.6284497309
74.3956998709
10.9892039457
-50.6253245915
74.4103900095
10.9931885411
-50.6226142761
74.4247735992
10.997103113
-50.6203056008
74.4388581082
11.0009491825
-50.618385762
74.4526507974
11.0047282315
-50.6168423251
74.4661587264
11.0084417041
-50.615663213
74.4793887602
11.012091007
-50.6148366961
74.492347575
11.0156775115
-50.6143513807
74.5050416643
11.0192025538
-50.6141962002
74.5174773443
11.0226674363
-50.6143604047
74.5296607591
11.0260734288
-50.6148335518
74.5415978866
11.0294217689
-50.6156054979
74.5532945428
11.0327136637
-50.6166663882
74.5647563871
11.0359502899
-50.6180066498
74.5759889272
11.0391327952
-50.6196169819
74.5869975232
11.0422622989
-50.6214883489
74.5977873924
11.0453398927
-50.6236119719
74.6083636135
11.0483666417
-50.6259793223
74.6187311303
11.0513435847
-50.6285821127
74.6288947566
11.0542717356
-50.631412292
74.638859179
11.0571520835
-50.6344620367
74.6486289616
11.0599855937
-50.6377237456
74.6582085486
11.0627732081
-50.6411900328
74.667602269
11.0655158464
-50.6448537212
74.6768143388
11.068214406
-50.6487078376
74.6858488652
11.0708697632
-50.6527456055
74.6947098492
11.0734827734
-50.6569604406
74.7034011886
11.0760542718
-50.6613459444
74.7119266818
11.078585074
-50.6658958998
74.7202900295
11.0810759766
-50.670604265
74.7284948383
11.0835277575
-50.6754651691
74.7365446233
11.0859411764
-50.6804729076
74.7444428102
11.0883169757
-50.6856219365
74.7521927386
11.0906558803
-50.6909068692
74.7597976636
11.0929585987
-50.6963224706
74.767260759
11.095225823
-50.7018636546
74.7745851188
11.0974582297
-50.707525478
74.7817737603
11.0996564796
-50.7133031379
74.7888296253
11.1018212188
-50.7191919671
74.7957555831
11.1039530786
-50.725187431
74.8025544316
11.1060526763
-50.7312851226
74.8092289003
11.1081206152
-50.7374807604
74.8157816511
11.1101574852
-50.7437701838
74.8222152812
11.1121638629
-50.7501493509
74.828532324
11.1141403123
-50.7566143336
74.8347352516
11.1160873849
-50.7631613165
74.8408264757
11.1180056199
-50.7697865917
74.8468083498
11.1198955449
-50.7764865574
74.8526831708
11.1217576758
-50.783257714
74.8584531801
11.1235925172
-50.7900966624
74.8641205654
11.125400563
-50.7970000995
74.8696874622
11.127182296
-50.8039648175
74.8751559548
11.1289381889
-50.8109876998
74.8805280784
11.1306687041
-50.8180657198
74.8858058195
11.1323742943
-50.8251959369
74.890991118
11.1340554022
-50.8323754956
74.8960858678
11.1357124614
-50.8396016226
74.9010919186
11.137345896
-50.8468716244
74.9060110763
11.1389561214
-50.8541828853
74.9108451052
11.1405435442
-50.8615328654
74.915595728
11.1421085623
-50.868919098
74.9202646278
11.1436515654
-50.8763391889
74.9248534483
11.1451729352
-50.8837908129
74.9293637956
11.1466730452
-50.8912717132
74.9337972385
11.1481522614
-50.8987796983
74.9381553102
11.1496109421
-50.9063126413
74.9424395083
11.1510494383
-50.9138684784
74.9466512965
11.1524680938
-50.9214452058
74.9507921051
11.1538672454
-50.9290408792
74.954863332
11.155247223
-50.936653612
74.9588663433
11.1566083497
-50.9442815735
74.9628024743
11.1579509423
-50.9519229874
74.9666730305
11.1592753111
-37.5570399282
69.5770893274
9.83213700276
-58.5978571776
59.0016458205
7.45485765039
-61.2096295747
59.7306898765
7.56897940682
-63.0168151257
57.9579295943
7.85585808942
-63.6591903064
56.9743635777
8.02690342599
-64.1123470494
58.1032253255
8.05448756849
-64.3708954088
59.0250859561
8.12104835032
-64.4559075925
59.810904009
8.20505580119
-64.3397615959
60.3645329193
8.29844143507
-64.2032108739
60.9887460094
8.38878929855
-64.0107417935
61.5653592746
8.47742771158
-63.7795579687
62.1022807842
8.5631547736
-63.5209664091
62.6048093486
8.64548739127
-63.2427098145
63.0767934107
8.72429963911
-62.9503569592
63.5212300554
8.79964032195
-62.6480963754
63.9405863577
8.87164063344
-62.3391909061
64.3369695274
8.94046651594
-62.026246195
64.7122246542
9.00629475904
-61.7113767409
65.0679922563
9.06930104051
-61.3963146218
65.4057446906
9.12965417515
-61.0824850113
65.7268110046
9.18751356915
-60.7710615438
66.0323952366
9.24302832346
-60.4630087665
66.3235908083
9.29633717619
-60.1591158173
66.6013924231
9.34756886111
-59.86002381
66.8667062472
9.39684266058
-59.566248488
67.1203588131
9.44426903674
-59.2781991875
67.3631049087
9.48995028004
-58.9961948405
67.5956346205
9.53398114388
-58.7204775555
67.8185796477
9.57644944936
-58.4512241894
68.0325189736
9.61743665299
-58.1885562353
68.2379839664
9.65701837448
-57.9325482879
68.4354629654
9.6952648844
-57.6832353038
68.6254054067
9.73224155281
-57.4406188321
68.8082255332
9.76800926064
-57.2046723682
68.9843057291
9.80262477606
-56.9753459534
69.1539995177
9.83614109823
-56.7525701296
69.3176342549
9.86860777066
-56.5362593373
69.4755135496
9.90007116672
-56.3263148364
69.6279194384
9.93057474952
-56.1226272131
69.77511434
9.9601593082
-55.925078533
69.9173428115
9.98886317284
-55.7335441856
70.0548331273
10.0167224098
-55.5478944634
70.1877986994
10.0437709992
-55.3679959132
70.3164393545
10.0700409963
-55.193712487
70.4409424846
10.0955626784
-55.0249065237
70.5614840828
10.1203646779
-54.8614395799
70.678229677
10.1444741042
-54.7031731358
70.7913351724
10.1679166538
-54.5499691862
70.9009476124
10.1907167113
-54.4016907404
71.0072058659
10.2128974412
-54.2582022345
71.1102412497
10.2344808715
-54.1193698764
71.2101780914
10.2554879706
-53.9850619266
71.3071342407
10.2759387172
-53.8551489265
71.4012215334
10.295852164
-53.7295038816
71.4925462126
10.3152464972
-53.608002405
71.5812093134
10.3341390898
-53.4905228262
71.6673070125
10.3525465513
-53.3769462731
71.7509309474
10.3704847735
-53.2671567266
71.8321685096
10.3879689721
-53.161041057
71.911103111
10.4050137258
-53.0584890402
71.9878144302
10.4216330122
-52.9593933592
72.0623786371
10.4378402402
-52.8636495942
72.1348686011
10.4536482817
-52.7711561999
72.2053540813
10.4690694994
-52.6818144752
72.2739019033
10.4841157734
-52.5955285253
72.3405761224
10.4987985261
-52.512205217
72.405438174
10.5131287449
-52.4317541298
72.4685470138
10.5271170035
-52.3540875028
72.5299592478
10.5407734825
-52.2791201786
72.5897292531
10.5541079875
-52.2067695445
72.6479092905
10.567129967
-52.136955472
72.7045496097
10.5798485288
-52.0696002558
72.7596985472
10.5922724556
-52.0046285511
72.8134026182
10.6044102193
-51.9419673112
72.8657066028
10.6162699948
-51.8815457251
72.9166536263
10.6278596732
-51.8232951544
72.9662852355
10.6391868737
-51.7671490722
73.0146414695
10.650258955
-51.7130430016
73.0617609271
10.6610830267
-51.6609144554
73.10768083
10.6716659593
-51.610702877
73.1524370822
10.6820143937
-51.5623495818
73.1960643272
10.6921347512
-51.5157977005
73.2385960002
10.7020332415
-51.470992123
73.2800643797
10.7117158718
-51.4278794442
73.3205006346
10.7211884541
-51.386407911
73.3599348699
10.7304566133
-51.3465273697
73.3983961695
10.7395257941
-51.3081892168
73.4359126374
10.7484012679
-51.2713463488
73.4725114367
10.7570881395
-51.2359531153
73.508218826
10.7655913531
-51.2019652726
73.5430601953
10.7739156986
-51.1693399389
73.5770600991
10.7820658169
-51.1380355504
73.6102422887
10.7900462057
-51.1080118194
73.6426297424
10.7978612245
-51.0792296931
73.6742446952
10.8055150996
-51.0516513145
73.705108666
10.813011929
-51.0252399838
73.7352424845
10.8203556867
-50.9999601208
73.7646663166
10.8275502275
-50.9757772295
73.7933996889
10.8345992906
-50.9526578634
73.8214615116
10.8415065043
-50.9305695911
73.848870101
10.8482753894
-50.9094809889
73.8756430782
10.8549093544
-50.8893615122
73.9017978804
10.8614117331
-50.8701816095
73.9273510438
10.8677857373
-50.8519125977
73.9523187135
10.8740344938
-50.8345266564
73.9767165394
10.8801610389
-50.8179968012
74.0005596925
10.8861683219
-50.8022968569
74.0238628822
10.8920592074
-50.7874014318
74.0466403723
10.8978364787
-50.7732858932
74.0689059956
10.9035028401
-50.7599263426
74.0906731695
10.9090609194
-50.7472995936
74.1119549095
10.914513271
-50.7353831484
74.1327638432
10.9198623774
-50.7241551767
74.1531122232
10.9251106524
-50.7135944951
74.1730119395
10.9302604426
-50.7036805459
74.192474532
10.9353140299
-50.6943933785
74.2115112019
10.9402736338
-50.6857136299
74.2301328228
10.9451414127
-50.6776225065
74.2483499518
10.9499194663
-50.6701017666
74.2661728396
10.9546098377
-50.6631337034
74.2836114408
10.9592145143
-50.656701128
74.300675423
10.9637354305
-50.6507873542
74.3173741768
10.9681744686
-50.6453761818
74.3337168242
10.972533461
-50.6404518833
74.3497122275
10.9768141912
-50.6359991883
74.3653689974
10.9810183956
-50.6320032697
74.3806955014
10.985147765
-50.6284497309
74.3956998709
10.9892039457
-50.6253245915
74.4103900095
10.9931885411
-50.6226142761
74.4247735992
10.997103113
-50.6203056008
74.4388581082
11.0009491825
-50.618385762
74.4526507974
11.0047282315
-50.6168423251
74.4661587264
11.0084417041
-50.615663213
74.4793887602
11.012091007
-50.6148366961
74.492347575
11.0156775115
-50.6143513807
74.5050416643
11.0192025538
-50.6141962002
74.5174773443
11.0226674363
-50.6143604047
74.5296607591
11.0260734288
-50.6148335518
74.5415978866
11.0294217689
-50.6156054979
74.5532945428
11.0327136637
-50.6166663882
74.5647563871
11.0359502899
-50.6180066498
74.5759889272
11.0391327952
-50.6196169819
74.5869975232
11.0422622989
-50.6214883489
74.5977873924
11.0453398927
-50.6236119719
74.6083636135
11.0483666417
-50.6259793223
74.6187311303
11.0513435847
-50.6285821127
74.6288947566
11.0542717356
-50.631412292
74.638859179
11.0571520835
-50.6344620367
74.6486289616
11.0599855937
-50.6377237456
74.6582085486
11.0627732081
-50.6411900328
74.667602269
11.0655158464
-50.6448537212
74.6768143388
11.068214406
-50.6487078376
74.6858488652
11.0708697632
-50.6527456055
74.6947098492
11.0734827734
-50.6569604406
74.7034011886
11.0760542718
-50.6613459444
74.7119266818
11.078585074
-50.6658958998
74.7202900295
11.0810759766
-50.670604265
74.7284948383
11.0835277575
-50.6754651691
74.7365446233
11.0859411764
-50.6804729076
74.7444428102
11.0883169757
-50.6856219365
74.7521927386
11.0906558803
-50.6909068692
74.7597976636
11.0929585987
-50.6963224706
74.767260759
11.095225823
-50.7018636546
74.7745851188
11.0974582297
-50.707525478
74.7817737603
11.0996564796
-50.7133031379
74.7888296253
11.1018212188
-50.7191919671
74.7957555831
11.1039530786
-50.725187431
74.8025544316
11.1060526763
-50.7312851226
74.8092289003
11.1081206152
-50.7374807604
74.8157816511
11.1101574852
-50.7437701838
74.8222152812
11.1121638629
-50.7501493509
74.828532324
11.1141403123
-50.7566143336
74.8347352516
11.1160873849
-50.7631613165
74.8408264757
11.1180056199
-50.7697865917
74.8468083498
11.1198955449
-50.7764865574
74.8526831708
11.1217576758
-50.783257714
74.8584531801
11.1235925172
-50.7900966624
74.8641205654
11.125400563
-50.7970000995
74.8696874622
11.127182296
-50.8039648175
74.8751559548
11.1289381889
-50.8109876998
74.8805280784
11.1306687041
-50.8180657198
74.8858058195
11.1323742943
-50.8251959369
74.890991118
11.1340554022
-50.8323754956
74.8960858678
11.1357124614
-50.8396016226
74.9010919186
11.137345896
-50.8468716244
74.9060110763
11.1389561214
-50.8541828853
74.9108451052
11.1405435442
-50.8615328654
74.915595728
11.1421085623
-50.868919098
74.9202646278
11.1436515654
-50.8763391889
74.9248534483
11.1451729352
-50.8837908129
74.9293637956
11.1466730452
-50.8912717132
74.9337972385
11.1481522614
-50.8987796983
74.9381553102
11.1496109421
-50.9063126413
74.9424395083
11.1510494383
-50.9138684784
74.9466512965
11.1524680938
-50.9214452058
74.9507921051
11.1538672454
-50.9290408792
74.954863332
11.155247223
-50.936653612
74.9588663433
11.1566083497
-50.9442815735
74.9628024743
11.1579509423
-50.9519229874
74.9666730305
11.1592753111
