5.0
0.796148881116
0.861635057764
1.01292562988
1.79423754935
3.06459439405
4.16673231663
4.23762247222
4.5537647946
4.72404097444
4.81461917937
4.86324670082
4.89012090672
4.90575596078
4.91556356135
4.92231913311
4.92744663543
4.93167869688
4.93539406475
4.93878996307
4.94197023944
4.94499054922
4.94788158137
4.95066103218
4.95333979612
4.95592517522
4.9584225468
4.96083623181
4.96316994756
4.96542704405
4.96761062757
4.96972362554
4.97176882092
4.97374887089
4.97566631751
4.97752359451
4.97932303198
4.98106686038
4.98275721406
4.98439613477
4.98598557507
4.98752740178
4.98902339951
4.99047527403
4.99188465575
4.99325310309
4.99458210571
4.99587308777
4.99712741102
4.99834637774
4.9995312337
5.00068317083
5.0018033299
5.00289280302
5.00395263604
5.0049838308
5.00598734734
5.00696410592
5.00791498895
5.00884084289
5.00974247993
5.01062067972
5.01147619086
5.01230973244
5.01312199541
5.01391364394
5.01468531663
5.01543762776
5.01617116834
5.01688650725
5.01758419221
5.01826475073
5.01892869104
5.01957650295
5.02020865861
5.02082561334
5.02142780637
5.02201566147
5.02258958766
5.02314997982
5.02369721928
5.02423167442
5.02475370113
5.02526364341
5.02576183379
5.02624859384
5.02672423456
5.02718905683
5.02764335185
5.0280874014
5.02852147835
5.02894584689
5.02936076293
5.02976647439
5.03016322149
5.03055123707
5.03093074682
5.03130196958
5.0316651176
5.03202039673
5.0323680067
5.03270814129
5.03304098862
5.03336673137
5.03368554661
5.03399760659
5.03430307848
5.03460212472
5.03489490307
5.03518156691
5.03546226524
5.03573714294
5.03600634085
5.03626999591
5.03652824129
5.03678120656
5.03702901772
5.03727179739
5.03750966489
5.03774273634
5.03797112477
5.03819494021
5.03841428981
5.03862927789
5.03884000606
5.03904657329
5.03924907601
5.03944760814
5.03964226124
5.03983312449
5.04002028484
5.04020382708
5.04038383381
5.04056038562
5.04073356106
5.04090343677
5.04107008747
5.0412335861
5.04139400377
5.0415514099
5.04170587222
5.0418574568
5.04200622821
5.04215224939
5.04229558186
5.04243628564
5.04257441937
5.04271004031
5.04284320439
5.04297396622
5.04310237918
5.04322849542
5.04335236588
5.04347404038
5.04359356757
5.04371099501
5.04382636922
5.04393973569
5.04405113883
5.04416062213
5.04426822814
5.0443739984
5.04447797361
5.04458019358
5.04468069725
5.0447795227
5.04487670724
5.04497228737
5.0450662988
5.04515877651
5.04524975476
5.04533926706
5.04542734625
5.04551402451
5.04559933331
5.04568330353
5.0457659654
5.04584734855
5.04592748202
5.04600639425
5.04608411316
5.04616066606
5.04623607977
5.0463103806
5.0463835943
5.0464557462
5.04652686108
5.04659696329
5.0466660767
5.04673422475
5.04680143046
5.04686771639
5.0469331047
5.04699761717
5.04706127519
5.04712409974
5.04718611143
5.04724733054
5.04730777698
5.04736747031
