0.000498190168444
0.000501621458335
0.00050515873772
0.000508683311932
0.000512193578799
0.000515688170697
0.000519165911379
0.000522625781927
0.000526066893938
0.000529488468317
0.000532889818391
0.000536270336353
0.000539629482264
0.00054296677505
0.000546281785052
0.000549574127799
0.000552843458771
0.000556089468932
0.000559311880917
0.000562510445729
0.000565684939876
0.000568835162871
0.000571960935025
0.000575062095505
0.000578138500618
0.000581190022275
0.000584216546625
0.000587217972826
0.000590194211956
0.000593145186018
0.000596070827062
0.000598971076374
0.000601845883767
0.000604695206917
0.000607519010787
0.000610317267095
0.000613089953832
0.000615837054837
0.000618558559403
0.000621254461932
0.000623924761619
0.000626569462171
0.000629188571556
0.000631782101772
0.000634350068652
0.00063689249168
0.000639409393831
0.000641900801436
0.00064436674405
0.000646807254347
0.000649222368019
0.0006516121237
0.000653976562886
0.000656315729877
0.000658629671719
0.000660918438162
0.000663182081613
0.000665420657112
0.000667634222298
0.000669822837388
0.00067198656516
0.00067412547093
0.000676239622543
0.000678329090362
0.000680393947262
0.000682434268617
0.000684450132299
0.000686441618658
0.000688408810538
0.000690351793252
0.000692270654587
0.000694165484791
0.000696036376571
0.000697883425083
0.000699706727919
0.000701506385098
0.000703282499062
0.000705035174651
0.000706764519095
0.000708470641994
0.000710153655303
0.000711813673311
0.000713450812617
0.000715065192108
0.000716656932934
0.000718226158482
0.000719772994344
0.000721297568285
0.000722800010218
0.000724280452159
0.0007257390282
0.000727175874468
0.000728591129083
0.000729984932119
0.000731357459432
0.000732708827189
0.000734039135
0.000735348570171
0.000736637281896
0.000737905421045
0.000739153140113
0.00074038059317
0.000741587935812
0.000742775325106
0.000743942919537
0.000745090878955
0.000746219364518
0.000747328538636
0.000748418564918
0.00074948960811
0.000750541834045
0.000751575409577
0.000752590502532
0.000753587281642
0.000754565916495
0.000755526577471
0.000756469435689
0.000757394662943
0.000758302431653
0.0007591929148
0.000760066285873
0.000760922718812
0.00076176238795
0.00076258546796
0.000763392133796
0.000764182560102
0.000764956922783
0.000765715397316
0.000766458159249
0.000767185384142
0.000767897247522
0.000768593924829
0.000769275591366
0.000769928448942
0.000770567062685
0.000771191576323
0.000771802138235
0.000772398900427
0.000772982017734
0.000773551647196
0.000774107947557
0.000774651078861
0.000775181202121
0.000775698479044
0.000776203071796
0.000776695142809
0.000777174854604
0.000777642369643
0.000778097850202
0.000778541458249
0.000778973355344
0.00077939370254
0.000779802660304
0.000780200388437
0.000780587046004
0.000780962791271
0.000781327781645
0.000781682173622
0.000782026122737
0.000782359783519
0.000782683309446
0.000782996852912
0.000783300565189
0.00078359459595
0.000783879094584
0.000784154208814
0.000784420085126
0.000784676868748
0.000784924703626
0.00078516373241
0.000785394096432
0.000785615935694
0.000785829388852
0.000786034593204
0.000786231684681
0.000786420797832
0.000786602065821
0.000786775620419
0.000786941591992
0.000787100109505
0.00078725130051
0.000787395291147
0.00078753220614
0.000787662168797
0.000787785301007
0.000787901723245
0.000788011554565
0.000788114912612
0.000788211913615
0.000788302672395
0.000788387302368
0.000788465915548
0.000788538622553
0.00078860553261
0.000788666753562
0.000788722391872
0.000788772552632
0.00078881733957
0.000788856855058
0.00078889120012
