-0.50579812299
-0.0893292319359
-0.0920668560266
-0.0945102417177
-0.0962626072079
-0.0971643727244
-0.0975008362662
-0.097325350273
-0.0971101939422
-0.096805197279
-0.0964589229227
-0.0960963401933
-0.0957300413383
-0.0953663026663
-0.0950082126478
-0.0946572494685
-0.0943140803857
-0.0939789564174
-0.0936519142135
-0.0933328782549
-0.0930217135297
-0.0927182532092
-0.092422313575
-0.0921337023548
-0.0918522235793
-0.091577680551
-0.091309877746
-0.0910486220866
-0.0907937238171
-0.0905449971183
-0.090302260538
-0.0900653372868
-0.0898340554325
-0.0896082480154
-0.0893877531021
-0.089172413791
-0.088962078179
-0.0887565992988
-0.0885558350326
-0.088359648009
-0.0881679054851
-0.0879804792204
-0.0877972453437
-0.0876180842156
-0.0874428802892
-0.0872715219701
-0.0871039014768
-0.0869399147028
-0.0867794610818
-0.0866224434548
-0.0864687679413
-0.0863183438146
-0.08617108338
-0.0860269018584
-0.0858857172732
-0.0857474503415
-0.0856120243701
-0.0854793651554
-0.0853494008863
-0.0852220620533
-0.0850972813591
-0.0849749936346
-0.0848551357575
-0.0847376465753
-0.0846224668307
-0.0845095390905
-0.0843988076782
-0.0842902186087
-0.0841837195261
-0.0840792596442
-0.08397678969
-0.0838762618485
-0.083777629711
-0.083680848225
-0.0835858736465
-0.0834926634939
-0.0834011765042
-0.0833113725911
-0.0832232128042
-0.0831366592907
-0.0830516752582
-0.0829682249389
-0.0828862735554
-0.082805787288
-0.0827267332434
-0.0826490794238
-0.0825727946983
-0.0824978487747
-0.0824242121728
-0.082351856198
-0.0822807529171
-0.082210875134
-0.0821421963665
-0.0820746908244
-0.0820083333878
-0.0819430995867
-0.0818789655812
-0.0818159081421
-0.0817539046327
-0.0816929329909
-0.0816329717119
-0.0815739998319
-0.0815159969119
-0.0814589433265
-0.0814028190313
-0.0813476053767
-0.0812932838739
-0.0812398364872
-0.0811872456204
-0.0811354941048
-0.0810845651867
-0.081034442516
-0.0809851101345
-0.0809365524649
-0.0808887543006
-0.0808417007951
-0.0807953774521
-0.0807497701158
-0.0807048649619
-0.0806606484879
-0.0806171075053
-0.0805742291301
-0.0805320007754
-0.0804904101429
-0.0804494452157
-0.0804090942502
-0.0803693457694
-0.0803301885556
-0.0802916116437
-0.0802536043142
-0.0802161560875
-0.0801792567173
-0.0801428961842
-0.0801070646904
-0.0800717526538
-0.0800369507025
-0.0800026496693
-0.0799688405869
-0.0799355146821
-0.0799026633718
-0.0798702782575
-0.0798383511211
-0.0798068739203
-0.0797758387841
-0.0797452380085
-0.0797150640529
-0.0796853095353
-0.0796559672291
-0.0796270300589
-0.0795984910968
-0.0795703435592
-0.0795425808029
-0.0795151963218
-0.079488183744
-0.0794615368278
-0.0794352494593
-0.0794093156493
-0.0793837295299
-0.0793584853517
-0.0793335774817
-0.0793090003998
-0.0792847486964
-0.0792608170697
-0.0792372003237
-0.0792138933651
-0.0791908912014
-0.0791681889381
-0.0791457817771
-0.0791236650138
-0.0791018340355
-0.0790802843192
-0.0790590114293
-0.0790380110156
-0.079017278812
-0.0789968106339
-0.0789766023769
-0.0789566500145
-0.0789369495969
-0.0789174972487
-0.078898289168
-0.0788793216241
-0.0788605909562
-0.0788420935719
-0.078823825946
-0.0788057846181
-0.0787879661926
-0.0787703673357
-0.0787529847755
-0.0787358152996
-0.0787188557546
-0.0787021030444
-0.078685554129
-0.0786692060235
-0.0786530557967
-0.0786371005704
-0.0786213375177
-0.0786057638621
-0.0785903768768
-0.0785751738835
-0.078560152251
-0.50579812299
-0.0893292319359
-0.0920668560266
-0.0945102417177
-0.0962626072079
-0.0971643727244
-0.0975008362662
-0.097325350273
-0.0971101939422
-0.096805197279
-0.0964589229227
-0.0960963401933
-0.0957300413383
-0.0953663026663
-0.0950082126478
-0.0946572494685
-0.0943140803857
-0.0939789564174
-0.0936519142135
-0.0933328782549
-0.0930217135297
-0.0927182532092
-0.092422313575
-0.0921337023548
-0.0918522235793
-0.091577680551
-0.091309877746
-0.0910486220866
-0.0907937238171
-0.0905449971183
-0.090302260538
-0.0900653372868
-0.0898340554325
-0.0896082480154
-0.0893877531021
-0.089172413791
-0.088962078179
-0.0887565992988
-0.0885558350326
-0.088359648009
-0.0881679054851
-0.0879804792204
-0.0877972453437
-0.0876180842156
-0.0874428802892
-0.0872715219701
-0.0871039014768
-0.0869399147028
-0.0867794610818
-0.0866224434548
-0.0864687679413
-0.0863183438146
-0.08617108338
-0.0860269018584
-0.0858857172732
-0.0857474503415
-0.0856120243701
-0.0854793651554
-0.0853494008863
-0.0852220620533
-0.0850972813591
-0.0849749936346
-0.0848551357575
-0.0847376465753
-0.0846224668307
-0.0845095390905
-0.0843988076782
-0.0842902186087
-0.0841837195261
-0.0840792596442
-0.08397678969
-0.0838762618485
-0.083777629711
-0.083680848225
-0.0835858736465
-0.0834926634939
-0.0834011765042
-0.0833113725911
-0.0832232128042
-0.0831366592907
-0.0830516752582
-0.0829682249389
-0.0828862735554
-0.082805787288
-0.0827267332434
-0.0826490794238
-0.0825727946983
-0.0824978487747
-0.0824242121728
-0.082351856198
-0.0822807529171
-0.082210875134
-0.0821421963665
-0.0820746908244
-0.0820083333878
-0.0819430995867
-0.0818789655812
-0.0818159081421
-0.0817539046327
-0.0816929329909
-0.0816329717119
-0.0815739998319
-0.0815159969119
-0.0814589433265
-0.0814028190313
-0.0813476053767
-0.0812932838739
-0.0812398364872
-0.0811872456204
-0.0811354941048
-0.0810845651867
-0.081034442516
-0.0809851101345
-0.0809365524649
-0.0808887543006
-0.0808417007951
-0.0807953774521
-0.0807497701158
-0.0807048649619
-0.0806606484879
-0.0806171075053
-0.0805742291301
-0.0805320007754
-0.0804904101429
-0.0804494452157
-0.0804090942502
-0.0803693457694
-0.0803301885556
-0.0802916116437
-0.0802536043142
-0.0802161560875
-0.0801792567173
-0.0801428961842
-0.0801070646904
-0.0800717526538
-0.0800369507025
-0.0800026496693
-0.0799688405869
-0.0799355146821
-0.0799026633718
-0.0798702782575
-0.0798383511211
-0.0798068739203
-0.0797758387841
-0.0797452380085
-0.0797150640529
-0.0796853095353
-0.0796559672291
-0.0796270300589
-0.0795984910968
-0.0795703435592
-0.0795425808029
-0.0795151963218
-0.079488183744
-0.0794615368278
-0.0794352494593
-0.0794093156493
-0.0793837295299
-0.0793584853517
-0.0793335774817
-0.0793090003998
-0.0792847486964
-0.0792608170697
-0.0792372003237
-0.0792138933651
-0.0791908912014
-0.0791681889381
-0.0791457817771
-0.0791236650138
-0.0791018340355
-0.0790802843192
-0.0790590114293
-0.0790380110156
-0.079017278812
-0.0789968106339
-0.0789766023769
-0.0789566500145
-0.0789369495969
-0.0789174972487
-0.078898289168
-0.0788793216241
-0.0788605909562
-0.0788420935719
-0.078823825946
-0.0788057846181
-0.0787879661926
-0.0787703673357
-0.0787529847755
-0.0787358152996
-0.0787188557546
-0.0787021030444
-0.078685554129
-0.0786692060235
-0.0786530557967
-0.0786371005704
-0.0786213375177
-0.0786057638621
-0.0785903768768
-0.0785751738835
-0.078560152251
-0.50579812299
-0.0893292319359
-0.0920668560266
-0.0945102417177
-0.0962626072079
-0.0971643727244
-0.0975008362662
-0.097325350273
-0.0971101939422
-0.096805197279
-0.0964589229227
-0.0960963401933
-0.0957300413383
-0.0953663026663
-0.0950082126478
-0.0946572494685
-0.0943140803857
-0.0939789564174
-0.0936519142135
-0.0933328782549
-0.0930217135297
-0.0927182532092
-0.092422313575
-0.0921337023548
-0.0918522235793
-0.091577680551
-0.091309877746
-0.0910486220866
-0.0907937238171
-0.0905449971183
-0.090302260538
-0.0900653372868
-0.0898340554325
-0.0896082480154
-0.0893877531021
-0.089172413791
-0.088962078179
-0.0887565992988
-0.0885558350326
-0.088359648009
-0.0881679054851
-0.0879804792204
-0.0877972453437
-0.0876180842156
-0.0874428802892
-0.0872715219701
-0.0871039014768
-0.0869399147028
-0.0867794610818
-0.0866224434548
-0.0864687679413
-0.0863183438146
-0.08617108338
-0.0860269018584
-0.0858857172732
-0.0857474503415
-0.0856120243701
-0.0854793651554
-0.0853494008863
-0.0852220620533
-0.0850972813591
-0.0849749936346
-0.0848551357575
-0.0847376465753
-0.0846224668307
-0.0845095390905
-0.0843988076782
-0.0842902186087
-0.0841837195261
-0.0840792596442
-0.08397678969
-0.0838762618485
-0.083777629711
-0.083680848225
-0.0835858736465
-0.0834926634939
-0.0834011765042
-0.0833113725911
-0.0832232128042
-0.0831366592907
-0.0830516752582
-0.0829682249389
-0.0828862735554
-0.082805787288
-0.0827267332434
-0.0826490794238
-0.0825727946983
-0.0824978487747
-0.0824242121728
-0.082351856198
-0.0822807529171
-0.082210875134
-0.0821421963665
-0.0820746908244
-0.0820083333878
-0.0819430995867
-0.0818789655812
-0.0818159081421
-0.0817539046327
-0.0816929329909
-0.0816329717119
-0.0815739998319
-0.0815159969119
-0.0814589433265
-0.0814028190313
-0.0813476053767
-0.0812932838739
-0.0812398364872
-0.0811872456204
-0.0811354941048
-0.0810845651867
-0.081034442516
-0.0809851101345
-0.0809365524649
-0.0808887543006
-0.0808417007951
-0.0807953774521
-0.0807497701158
-0.0807048649619
-0.0806606484879
-0.0806171075053
-0.0805742291301
-0.0805320007754
-0.0804904101429
-0.0804494452157
-0.0804090942502
-0.0803693457694
-0.0803301885556
-0.0802916116437
-0.0802536043142
-0.0802161560875
-0.0801792567173
-0.0801428961842
-0.0801070646904
-0.0800717526538
-0.0800369507025
-0.0800026496693
-0.0799688405869
-0.0799355146821
-0.0799026633718
-0.0798702782575
-0.0798383511211
-0.0798068739203
-0.0797758387841
-0.0797452380085
-0.0797150640529
-0.0796853095353
-0.0796559672291
-0.0796270300589
-0.0795984910968
-0.0795703435592
-0.0795425808029
-0.0795151963218
-0.079488183744
-0.0794615368278
-0.0794352494593
-0.0794093156493
-0.0793837295299
-0.0793584853517
-0.0793335774817
-0.0793090003998
-0.0792847486964
-0.0792608170697
-0.0792372003237
-0.0792138933651
-0.0791908912014
-0.0791681889381
-0.0791457817771
-0.0791236650138
-0.0791018340355
-0.0790802843192
-0.0790590114293
-0.0790380110156
-0.079017278812
-0.0789968106339
-0.0789766023769
-0.0789566500145
-0.0789369495969
-0.0789174972487
-0.078898289168
-0.0788793216241
-0.0788605909562
-0.0788420935719
-0.078823825946
-0.0788057846181
-0.0787879661926
-0.0787703673357
-0.0787529847755
-0.0787358152996
-0.0787188557546
-0.0787021030444
-0.078685554129
-0.0786692060235
-0.0786530557967
-0.0786371005704
-0.0786213375177
-0.0786057638621
-0.0785903768768
-0.0785751738835
-0.078560152251
