-4.60431692773e-15
-1.07486393751
-30.5963199834
-3.37213053851
-30.6165614483
-3.37888756138
-30.6359047894
-3.38493155943
-30.654221554
-3.39035212953
-30.6714467331
-3.39522653355
-30.6875609821
-3.39962097951
-30.7025763633
-3.40359218841
-30.7165256051
-3.40718888475
-30.7294543394
-3.41045308549
-30.7414155824
-3.41342118154
-30.7524659266
-3.41612482346
-30.7626629241
-3.41859165075
-30.7720633439
-3.42084588981
-30.7807220527
-3.42290884536
-30.7886913049
-3.42479931112
-30.7960203465
-3.42653391094
-30.8027552285
-3.42812738463
-30.8089387489
-3.42959283207
-30.8146105026
-3.43094191836
-30.8198069852
-3.43218505071
-30.8245617414
-3.43333152922
-30.8289055365
-3.43438967764
-30.8328665298
-3.4353669571
-30.8364704615
-3.43627006379
-30.8397408349
-3.43710501508
-30.8426990879
-3.43787722503
-30.845364767
-3.43859156976
-30.8477556792
-3.43925244567
-30.8498880454
-3.43986382105
-30.8517766357
-3.44042928088
-30.8534348989
-3.44095206743
-30.8548750818
-3.44143511504
-30.8561083374
-3.44188108305
-30.8571448233
-3.4422923828
-30.8579937956
-3.44267120332
-30.8586636929
-3.4430195338
-30.8591622116
-3.44333918325
-30.8594963753
-3.44363179923
-30.8596726008
-3.44389888302
-30.8596967545
-3.44414180459
-30.8595742054
-3.44436181548
-30.8593098726
-3.44456006033
-30.8589082703
-3.44473758748
-30.858373546
-3.44489535829
-30.8577095171
-3.44503425558
-30.8569197046
-3.44515509147
-30.8560073598
-3.44525861388
-30.8549754945
-3.44534551333
-30.8538269057
-3.44541642781
-30.8525641939
-3.44547194853
-30.851189786
-3.44551262408
-30.8497059539
-3.44553896474
-30.8481148296
-3.44555144614
-30.846418421
-3.44555051262
-30.8446186251
-3.44553658035
-30.8427172411
-3.44551004019
-30.8407159802
-3.44547125994
-30.8386164764
-3.44542058677
-30.8364202959
-3.44535834933
-30.8341289443
-3.44528485942
-30.8317438761
-3.44520041395
-30.829266499
-3.44510529622
-30.8266981812
-3.44499977738
-30.8240402569
-3.44488411768
-30.8212940307
-3.44475856763
-30.8184607825
-3.44462336901
-30.8155417729
-3.44447875596
-30.8125382424
-3.44432495535
-30.8094514204
-3.4441621882
-30.8062825229
-3.44399066971
-30.8030327589
-3.44381061045
-30.7997033306
-3.44362221655
-30.7962954355
-3.44342569031
-30.79281027
-3.44322123082
-30.7892490291
-3.44300903416
-30.7856129073
-3.44278929369
-30.7819031032
-3.44256220082
-30.778120817
-3.44232794488
-30.7742672529
-3.44208671355
-30.7703436209
-3.44183869321
-30.7663511346
-3.44158406885
-30.7622910163
-3.44132302475
-30.7581644924
-3.44105574409
-30.7539727978
-3.44078240955
-30.7497171743
-3.44050320321
-30.7453988713
-3.44021830677
-30.7410191464
-3.43992790167
-30.7365792644
-3.43963216902
-30.7320804995
-3.43933128998
-30.7275241323
-3.43902544542
-30.7229114531
-3.43871481644
-30.7182437592
-3.43839958404
-30.7135223573
-3.43807992949
-30.7087555016
-3.43775677343
-30.7039319758
-3.43742896074
-30.6990490306
-3.43709623935
-30.6941260197
-3.43676071187
-30.6891559442
-3.43642167022
-30.684140156
-3.43607929681
-30.6790800147
-3.43573377429
-30.6739768867
-3.43538528559
-30.6688321436
-3.43503401373
-30.663647164
-3.434680142
-30.6584233332
-3.434323854
-30.6531620408
-3.4339653334
-30.6478646831
-3.43360476414
-30.6425326616
-3.43324233038
-30.6371673824
-3.43287821639
-30.6317702573
-3.43251260669
-30.626342702
-3.43214568588
-30.620886137
-3.4317776387
-30.6154019866
-3.43140865
-30.6098916793
-3.43103890473
-30.6043566468
-3.43066858788
-30.5987983251
-3.43029788457
-30.5932181518
-3.42992697976
-30.5876175695
-3.4295560587
-30.5819980209
-3.42918530625
-30.5763609536
-3.42881490757
-30.5707078163
-3.4284450476
-30.5650400592
-3.42807591111
-30.5593591352
-3.42770768291
-30.5536664984
-3.42734054756
-30.5479636045
-3.42697468957
-30.5422517752
-3.42661028055
-30.5365327361
-3.42624752955
-30.5308078122
-3.42588660796
-30.5250784619
-3.42552769927
-30.5193461444
-3.42517098675
-30.513612319
-3.42481665331
-30.5078784452
-3.42446488161
-30.5021459818
-3.42411585387
-30.4584818474
-3.44328418051
-30.4457191225
-3.44241203427
-30.4330035942
-3.44152358764
-30.420346793
-3.44062151404
-30.4077595764
-3.43970833409
-30.3952521191
-3.43878641867
-30.3828339156
-3.43785799317
-30.3705137963
-3.43692514316
-30.358299948
-3.43598982046
-30.3461999424
-3.43505384981
-30.3342207611
-3.43411893512
-30.3223688303
-3.43318666652
-30.3106500478
-3.43225852639
-30.2990698153
-3.43133589576
-30.2876330665
-3.43042006051
-30.2763442982
-3.42951221677
-30.2652075966
-3.42861347665
-30.2542266635
-3.42772487325
-30.2434048439
-3.42684736586
-30.2327451469
-3.42598184424
-30.2222502713
-3.42512913334
-30.2119226246
-3.42428999708
-30.2017643456
-3.42346514256
-30.1917773223
-3.42265522347
-30.1819632091
-3.42186084357
-30.1723234452
-3.42108255994
-30.1628592695
-3.42032088599
-30.1535717362
-3.41957629433
-30.1444617269
-3.41884921919
-30.1355299655
-3.41814005918
-30.1267767316
-3.41744914964
-30.1182030627
-3.41677688415
-30.1098089811
-3.41612353786
-30.10159469
-3.41548938819
-30.093560289
-3.41487468728
-30.0857057808
-3.4142796634
-30.0780310797
-3.41370452259
-30.0705360191
-3.41314945012
-30.0632203583
-3.41261461186
-30.0560837898
-3.41210015558
-30.049125945
-3.41160621218
-30.0423463994
-3.41113289674
-30.0357446774
-3.41068030948
-30.0293202598
-3.41024853707
-30.0230725847
-3.40983765305
-30.0170010544
-3.40944771909
-30.0111050386
-3.40907878556
-30.0053838782
-3.40873089239
-29.9998368877
-3.40840406952
-29.9944633603
-3.40809833779
-29.9892625696
-3.40781370936
-29.9842337726
-3.4075501882
-29.9793762135
-3.40730777073
-29.9746891249
-3.40708644602
-29.970171732
-3.40688619639
-29.9658232542
-3.40670699757
-29.9616429082
-3.40654881897
-29.9576299121
-3.40641162404
-29.9537834864
-3.40629537006
-29.9501028617
-3.40620000855
-29.9465872794
-3.40612548463
-29.9432360024
-3.40607173717
-29.9400483218
-3.40603869787
-29.9370235701
-3.40602629021
-29.9341611413
-3.40603442766
-29.9314605208
-3.40606301058
-29.9289213385
-3.40611192084
