2022.34376785
2023.59696842
2024.72564542
2025.73898098
2026.6454882
2027.45305975
2028.16901292
2028.80013138
2029.35270398
2029.83256065
2030.24510575
2030.59534904
2030.88793427
2031.12716589
2031.31703361
2031.46123539
2031.56319857
2031.62609963
2031.65288237
2031.64627481
2031.60880489
2031.54281531
2031.45047679
2031.33380065
2031.1946504
2031.03475252
2030.85570644
2030.6589938
2030.44598705
2030.21795744
2029.97608236
2029.72145221
2029.45507677
2029.17789106
2028.89076085
2028.59448765
2028.28981348
2027.97742519
2027.6579585
2027.33200173
2027.00009932
2026.66275499
2026.32043475
2025.97356967
2025.62255845
2025.26776977
2024.90954453
2024.54819786
2024.18402104
2023.81728325
2023.44823318
2023.07710058
2022.7040976
2022.32942014
2021.95324903
2021.57575114
2021.19708042
2020.81737887
2020.43677738
2020.0553966
2019.6733477
2019.29073304
2018.90764684
2018.52417582
2018.1403997
2017.75639179
2017.37221939
2016.98794433
2016.60362329
2016.21929706
2015.83503667
2015.45087339
2015.06684709
2014.68299416
2014.29934782
2013.91593834
2013.53279326
2013.14993762
2012.76739412
2012.38518332
2012.00332381
2011.62183234
2011.24072397
2010.86001223
2010.47970918
2010.09982558
2009.72037097
2009.34135377
2008.96278134
2008.58466011
2008.20699564
2007.82979267
2007.45305519
2007.07678653
2006.70098939
2006.32566588
2005.95081759
2005.57644564
2005.20255068
2004.82913299
2004.45619246
2004.08372862
2003.71174074
2003.34023244
2002.96919741
2002.59863416
2002.22854095
2001.85891587
2001.48975683
2001.12106159
2000.75282775
2000.38505278
2000.01773406
1999.65086883
1999.28445426
1998.91848744
1998.55296538
1998.18788503
1997.82324327
1997.45903695
1997.09526287
1996.73191779
1996.36899846
1996.00650158
1995.64442384
1995.28276192
1994.92151249
1994.5606722
1994.2002377
1993.84020564
1993.48057268
1993.12133548
1992.76249069
1992.40403498
1992.04596505
1991.68827758
1991.33096928
1990.97403688
1990.6174771
1990.26128671
1989.90546248
1989.55000121
1989.19489971
1988.84015481
1988.48576337
1988.13172226
1987.7780284
1987.4246787
1987.0716701
1986.71899959
1986.36666415
1986.0146608
1985.66298659
1985.31163858
1984.96061386
1984.60990955
1984.25952279
1983.90945075
1983.55969061
1983.2102396
1982.86109494
1982.5122539
1982.16371377
1981.81547186
1981.4675255
1981.11987206
1980.77250892
1980.42543349
1980.07864319
1979.73213548
1979.38590784
1979.03995777
1978.69428279
1978.34888045
1978.00374831
1977.65888397
1977.31428504
1976.96994915
1976.62587396
1976.28205715
1975.93849641
1975.59518947
1975.25213407
1974.90932797
1974.56676895
1974.22445482
1973.8823834
1973.54055252
1973.19896007
1972.85759847
1972.51647127
1972.17558181
1971.83492241
1971.49449104
1971.15428566
1970.81430426
1970.47454486
1970.13500549
1969.79568419
1969.45657904
