654.255772512
652.12555783
650.300699825
648.757758776
647.473439501
646.42528084
645.592068963
644.954051298
644.493016548
644.192289109
644.036672183
644.012361861
644.106847264
644.308805949
644.608000132
644.995177403
645.461977547
646.000846255
646.60495624
647.268135361
647.984801607
648.749904352
649.558871441
650.407561685
651.29222211
652.209449575
653.15615637
654.129539235
655.12705161
656.146378685
657.185414988
658.242244242
659.315121204
660.402455396
661.502796401
662.614820636
663.737319429
664.869188245
666.009417024
667.157081376
668.311334678
669.471400922
670.63656824
671.806183054
672.97964477
674.156400983
675.335943126
676.517802521
677.701546821
678.886776721
680.073123052
681.260244089
682.447823117
683.63556622
684.82320027
686.010471092
687.1971418
688.382991276
689.567812788
690.751412729
691.93360946
693.114232268
694.293120402
695.470122197
696.645094275
697.817900814
698.988412876
700.156507796
701.32206862
702.484983592
703.645145683
704.802452157
705.956804177
707.10810644
708.256266844
709.401196177
710.542807841
711.681017586
712.815743275
713.94690466
715.074423183
716.198221787
717.318224742
718.434357489
719.546546487
720.654719085
721.758803388
722.858728145
723.954422643
725.0458166
726.132840081
727.215423407
728.293497075
729.366991687
730.4358395
731.499969689
732.559310568
733.61379458
734.663351891
735.707912436
736.747405864
737.781761499
738.810908303
739.834774835
740.853289223
741.866379131
742.873971727
743.875993663
744.872371045
745.863029413
746.84789372
747.826888313
748.799936914
749.766962605
750.727887814
751.6826343
752.631123142
753.573274728
754.509008748
755.438244181
756.360899292
757.276891625
758.186137998
759.088554497
759.98405648
760.872558577
761.753974664
762.628217896
763.495200692
764.354834743
765.207031014
766.051699746
766.888750467
765.805708901
764.814799667
763.910585503
763.087935131
762.342004511
761.668219217
761.062257895
760.520036758
760.03769508
759.611581608
759.238241876
758.914406325
758.63697921
758.403028221
758.209774786
758.054584991
757.934961096
757.848533583
757.793053729
757.766386635
757.766504704
757.791481528
757.839486153
757.908777708
757.997700357
758.104678569
758.228212669
758.36687467
758.519304346
758.68420555
758.860342755
759.046537769
759.241666697
759.444657051
759.654485029
759.870172963
760.090786916
760.315434408
760.543262288
760.77345472
761.005231288
761.23784521
761.470581654
761.70275615
761.9337131
762.162824358
762.389487907
762.613126604
762.833186993
763.049138199
763.260470869
763.466696182
763.66734492
763.861966583
764.050128561
764.231415348
764.405427814
764.571782503
764.730110985
764.88005924
765.021287081
765.153467615
765.27628673
765.389442625
765.492645364
765.585616466
765.66808853
