59550.469056
39894.012348
39883.8737045
39873.4421737
39863.495354
39854.1027884
39845.2508874
39836.9177327
39829.0818361
39821.7230454
39814.8225298
39808.3626708
39802.326952
39796.699861
39791.4668007
39786.6140098
39782.1284924
39777.9979533
39774.2107412
39770.7557963
39767.6226037
39764.8011511
39762.2818902
39760.0557019
39758.1138644
39756.448025
39755.0501731
39753.9126171
39753.0279618
39752.389089
39751.9891393
39751.8214951
39751.8797656
39752.1577731
39752.6495397
39753.3492759
39754.25137
39755.350378
39756.641015
39758.1181465
39759.7770789
39761.6123564
39763.619557
39765.7940796
39768.1314422
39770.6272771
39773.2773262
39776.0774378
39779.0235624
39782.1117499
39785.3381469
39788.6989937
39792.1906228
39795.8094563
39799.5520048
39803.4148658
39807.3947225
39811.4883428
39815.692579
39820.004367
39824.4207258
39828.938758
39833.5556495
39838.2686698
39843.0751725
39847.9725958
39852.9584637
39858.0303862
39863.1860612
39868.4232749
39873.7399041
39879.1339166
39884.6033739
39890.1464323
39895.761345
39901.446464
39907.2002425
39913.0212368
39918.9081087
39924.8596281
39930.8746754
39936.9522439
39943.091443
39949.2915005
39955.5517653
39961.8717107
39968.2509373
39974.6891755
39981.1862888
39987.7422766
39994.3572774
40001.0315717
40007.7655848
40014.5598899
40021.4152107
40028.3324245
40035.3125646
40042.3568231
40049.4665532
40056.6432715
40063.8886604
40071.2045695
40078.593018
40086.0561958
40093.5964647
40101.2163595
40108.9185886
40116.7060344
40124.5817529
40132.5489736
40140.6110983
40148.7717
40157.0345209
40165.4034704
40173.8826215
40182.4762083
40191.1886211
40200.0244026
40208.988242
40218.0849692
40227.3195484
40236.6970705
40246.2227455
40255.9018931
40265.7399337
40275.7423779
40285.9148158
40296.2629045
40306.7923567
40317.5089263
40328.4183951
40339.526558
40350.8392075
40256.8809597
40268.9781408
40411.294593
40411.1045758
40411.4480908
40412.6719033
40414.8078959
40417.8534373
40421.8015795
40426.6442944
40432.3728101
40438.9776376
40446.4485688
40454.7746744
40463.9443056
40473.9451005
40484.7639945
40496.3872359
40508.800405
40521.9884389
40535.9356602
40550.6258105
40566.5283025
40583.0760799
40600.226976
40617.9639942
40636.2699547
40655.1274001
40674.5186594
40694.4259087
40714.8312375
40735.7167176
40757.0644768
40778.8567755
40801.0760881
40823.7051886
40846.7272414
40870.1258986
40893.8854031
40917.9907021
40942.4275699
40967.1827437
40992.2440766
41017.6007101
41043.2432733
41069.1641144
41095.3575755
41121.8203213
41148.5517386
41175.5544291
41202.8348239
41230.4039603
41258.278478
41286.4819115
41315.0463935
41344.0149311
41373.4444992
41403.4103167
41434.0118765
41465.3816363
41497.6978619
41531.2041649
41566.2402449
41603.2922593
41643.079508
41686.7130612
41736.0100019
