5.7065
6.24336935879
6.21909838973
6.1949165721
6.17079765656
6.14673337782
6.12272135436
6.09876085284
6.07485161294
6.05099352452
6.0271865384
6.00343064122
5.97972584787
5.95607219882
5.9324697588
5.90891861587
5.88541888074
5.86197068602
5.83857418566
5.81522955431
5.79193698684
5.76869669779
5.74550892094
5.72237392172
5.69929194578
5.67626329457
5.65328827475
5.63036721036
5.60750044251
5.58468832916
5.56193124485
5.53922958049
5.51658374317
5.49399415599
5.4714612579
5.44898550356
5.42656736323
5.40420732268
5.38190588308
5.35966356093
5.33748088804
5.31535841144
5.29329669337
5.27129631129
5.24935785782
5.22748194078
5.20566918319
5.18392022332
5.16223571466
5.14061632605
5.11906274166
5.09757566104
5.07615579926
5.05480388688
5.03352067009
5.01230691074
4.99116338646
4.97009089071
4.94909023288
4.92816223837
4.90730774865
4.88652762139
4.86582273051
4.84519396625
4.82464223525
4.80416846064
4.78377358206
4.76345855574
4.74322435453
4.72307196793
4.70300240209
4.68301667986
4.6631158407
4.64330094071
4.62357305251
4.60393326521
4.58438268427
4.56492243135
4.54555364417
4.52627747626
4.50709509673
4.48800768998
4.46901645535
4.4501226067
4.43132737202
4.41263199286
4.3940377238
4.37554583176
4.35715759532
4.33887430388
4.32069725681
4.30262776242
4.2846671369
4.26681670314
4.24907778938
4.23145172788
4.21393985327
4.19654350095
4.1792640052
4.16210269731
4.14506090335
4.12813994201
4.11134112206
4.09466573982
4.07811507634
4.06169039445
4.04539293561
4.02922391662
4.01318452607
3.9972759207
3.98149922151
3.96585550973
3.9503458226
3.93497114902
3.91973242502
3.90463052914
3.88966627764
3.87484041965
3.86015363225
3.84560651552
3.8311995875
3.81693327929
3.80280793012
3.78882378254
3.77498097784
3.76127955152
3.74771942914
3.73430042244
3.72102222574
3.70788441292
3.69488643468
3.68202761652
3.66930715717
3.65672412775
3.64427747158
3.63196600473
3.6197884174
3.60774327607
3.59582902648
3.58404399752
3.57238640594
3.56085436193
3.54944587551
3.53815886382
3.52699115907
3.51594051729
3.50500462771
3.49418112482
3.48346759213
3.47286157445
3.46236060769
3.4519622006
3.44166386437
3.43146311983
3.42135750869
3.41134460451
3.4014220233
3.3915874336
3.3818385661
3.37217322253
3.3625892839
3.35308471798
3.34365758587
3.33430604789
3.32502836845
3.31582292016
3.30668818706
3.29762276871
3.28862537492
3.27969483666
3.27083009954
3.26203022486
3.25329438841
3.24462187881
3.2360120953
3.22746454515
3.21897884082
3.2105546967
3.20219193572
3.19389044639
3.18565023826
3.17747139909
3.16935410105
3.16129859731
3.15330521863
3.14537437016
3.13750652847
3.12970223868
3.12196211188
3.11428682277
3.10667710761
3.0991337623
3.09165764086
3.08424965412
3.0769107686
3.06964200576
3.06244444145
3.05531920555
3.0482674819
3.04129050845
