0.0525679468311
0.0568537306288
0.0573555134295
0.0578785449031
0.0584213559939
0.0589824866934
0.0595605214757
0.0601541104698
0.060761980658
0.0613829403929
0.0620158796696
0.0626597677586
0.0633136493374
0.0639766398328
0.0646479204206
0.0653267330094
0.0660123753613
0.0667041964482
0.0674015921202
0.0681040010848
0.0688109012152
0.0695218061656
0.0702362622825
0.0709538458026
0.0716741603001
0.0723968343692
0.0731215195277
0.0738478883048
0.0745756325162
0.0753044616936
0.0760341016632
0.0767642932536
0.07749479112
0.0782253626809
0.0789557871498
0.0796858546537
0.0804153654318
0.0811441291056
0.0818719640196
0.0825986966317
0.0833241609644
0.0840481981029
0.0847706557375
0.0854913877459
0.0862102538122
0.0869271190795
0.0876418538313
0.0883543332035
0.0890644369184
0.0897720490387
0.0904770577505
0.0911793551589
0.0918788371013
0.0925754029777
0.0932689555944
0.0939594010205
0.0946466484559
0.0953306101105
0.0960112010932
0.0966883393084
0.097361945362
0.0980319424729
0.0986982563923
0.0993608153289
0.100019549879
0.10067439296
0.101325279753
0.101972147641
0.102614936161
0.10325358695
0.1038880437
0.10451825211
0.105144159848
0.105765716508
0.106382873572
0.10699558437
0.10760380405
0.108207489539
0.108806599511
0.109401094357
0.109990936149
0.110576088612
0.111156517095
0.111732188538
0.112303071446
0.112869135858
0.113430353321
0.113986696859
0.114538140948
0.115084661487
0.11562623577
0.116162842458
0.116694461555
0.117221074378
0.117742669348
0.118259225595
0.118770720265
0.119277146518
0.119778491834
0.120274744845
0.120765895308
0.121251934076
0.121732853076
0.122208645276
0.122679304664
0.123144826217
0.12360520588
0.124060440532
0.124510527968
0.124955466865
0.125395256763
0.125829898032
0.126259391852
0.126683740185
0.127102945749
0.127517011994
0.127925943076
0.128329743832
0.128728419757
0.129121976977
0.129510422229
0.129893762833
0.13027200667
0.130645162159
0.131013238237
0.131376244238
0.131734190155
0.132087086334
0.132434943551
0.132777772987
0.133115586211
0.133448395155
0.1337762121
0.134220023489
0.134661433664
0.135100058948
0.135535541006
0.135967545354
0.13639575998
0.136819894061
0.137239676774
0.137654856171
0.138065198142
0.138470485423
0.138870516677
0.139265105621
0.139654080206
0.140037281843
0.140414564667
0.140785794848
0.141150849938
0.141509618245
0.141861998254
0.142207898068
0.142547234879
0.142879934474
0.143205930759
0.143525165311
0.143837586951
0.144143151346
0.144441820618
0.144733562991
0.145018352435
0.145296168268
0.145566995089
0.145830822231
0.146087643574
0.146337457275
0.146580265516
0.146816074272
0.14704489308
0.147266734829
0.147481615555
0.147689554252
0.147890572685
0.148084695227
0.148271948686
0.148452362158
0.148625966879
0.148792796086
0.148952884889
0.149106270146
0.149252990348
0.149393085508
0.14952659706
0.149653567758
0.149774041586
0.149888063671
0.149995680204
0.150096938357
0.150191886219
0.150280572724
0.150363047587
0.150439361249
0.150509564819
0.150573710023
0.150631849162
0.150684035059
0.150730321031
0.150770760845
