-369.776593219
-183.822797928
-184.040485471
-184.24432691
-184.442388396
-184.637013915
-184.828940819
-185.018456851
-185.205720486
-185.39084977
-185.573947101
-185.755106277
-185.934414607
-186.11195366
-186.287799622
-186.462023531
-186.634691486
-186.805864828
-186.975600318
-187.143950298
-187.31096285
-187.476681944
-187.64114758
-187.804395922
-187.966459422
-188.127366942
-188.287143869
-188.445810993
-188.6033895
-188.75989374
-188.915336209
-189.069726399
-189.223070881
-189.375373379
-189.526634839
-189.676853497
-189.826024937
-189.974142146
-190.121195569
-190.267173157
-190.412060407
-190.55584041
-190.698493881
-190.839999197
-190.980332428
-191.119467361
-191.257375529
-191.39402623
-191.529386545
-191.663421358
-191.796093365
-191.927363089
-192.057188888
-192.185526961
-192.312331352
-192.437553955
-192.561144512
-192.683050614
-192.803217695
-192.921589032
-193.038105734
-193.152706738
-193.2653288
-193.375906482
-193.484372145
-193.590655934
-193.694685769
-193.796387325
-193.895684025
-193.992497024
-194.08674519
-194.178345096
-194.267211001
-194.353254838
-194.436386201
-194.516512331
-194.593538104
-194.667366023
-194.737896206
-194.805026384
-194.86865189
-194.92866566
-194.984958234
-195.037417757
-195.085929991
-195.130378319
-195.170643768
-195.206605026
-195.238138467
-195.265118187
-195.287416038
-195.304901679
-195.317442625
-195.324904312
-195.327150168
-195.324041692
-195.31543855
-195.301198673
-195.281178378
-195.255232493
-195.2232145
-195.184976694
-195.140370357
-195.089245943
-195.031453293
-194.966841853
-194.895260926
-194.816559935
-194.730588707
-194.637197785
-194.536238759
-194.427564616
-194.311030124
-194.186492228
-194.053810478
-193.912847483
-193.76346938
-193.605546338
-193.438953079
-193.26356942
-193.079280847
-192.885979094
-192.683562753
-192.471937894
-192.2510187
-192.020728112
-191.780998483
-191.531772231
-191.273002498
-191.004653791
-190.726702628
-190.439138148
-190.141962716
-189.83519248
-189.518857908
-189.193004263
-188.857692044
-188.51299735
-188.15901219
-187.795844708
-187.423619333
-187.04247683
-186.652574262
-186.254084848
-185.847197703
-185.432117476
-185.009063865
-184.578271013
-184.139986785
-183.694472684
-183.241999496
-182.782851773
-182.317323047
-181.845714452
-181.368334428
-180.885496918
-180.397519816
-179.904723357
-179.407428473
-178.905955103
-178.400620509
-177.891737572
-177.379613132
-176.864546345
-176.346827105
-175.826734541
-175.304535584
-174.780483652
-174.254817439
-173.727759828
-173.199516576
-172.670276947
-172.140210912
-171.609470037
-171.078186769
-170.546474222
-170.014426097
-169.482116754
-168.949601402
-168.416916422
-167.884079797
-167.351091645
-166.817934838
-166.284575703
-165.750964782
-165.217037637
-164.682715771
-164.147907196
-163.612507795
-163.076401857
-162.539463042
-162.001555222
-161.462533302
-160.922243996
-160.380526559
-159.837213466
-159.292131042
-158.745100022
-158.195936052
-157.644450133
-369.776593219
-183.822797928
-184.040485471
-184.24432691
-184.442388396
-184.637013915
-184.828940819
-185.018456851
-185.205720486
-185.39084977
-185.573947101
-185.755106277
-185.934414607
-186.11195366
-186.287799622
-186.462023531
-186.634691486
-186.805864828
-186.975600318
-187.143950298
-187.31096285
-187.476681944
-187.64114758
-187.804395922
-187.966459422
-188.127366942
-188.287143869
-188.445810993
-188.6033895
-188.75989374
-188.915336209
-189.069726399
-189.223070881
-189.375373379
-189.526634839
-189.676853497
-189.826024937
-189.974142146
-190.121195569
-190.267173157
-190.412060407
-190.55584041
-190.698493881
-190.839999197
-190.980332428
-191.119467361
-191.257375529
-191.39402623
-191.529386545
-191.663421358
-191.796093365
-191.927363089
-192.057188888
-192.185526961
-192.312331352
-192.437553955
-192.561144512
-192.683050614
-192.803217695
-192.921589032
-193.038105734
-193.152706738
-193.2653288
-193.375906482
-193.484372145
-193.590655934
-193.694685769
-193.796387325
-193.895684025
-193.992497024
-194.08674519
-194.178345096
-194.267211001
-194.353254838
-194.436386201
-194.516512331
-194.593538104
-194.667366023
-194.737896206
-194.805026384
-194.86865189
-194.92866566
-194.984958234
-195.037417757
-195.085929991
-195.130378319
-195.170643768
-195.206605026
-195.238138467
-195.265118187
-195.287416038
-195.304901679
-195.317442625
-195.324904312
-195.327150168
-195.324041692
-195.31543855
-195.301198673
-195.281178378
-195.255232493
-195.2232145
-195.184976694
-195.140370357
-195.089245943
-195.031453293
-194.966841853
-194.895260926
-194.816559935
-194.730588707
-194.637197785
-194.536238759
-194.427564616
-194.311030124
-194.186492228
-194.053810478
-193.912847483
-193.76346938
-193.605546338
-193.438953079
-193.26356942
-193.079280847
-192.885979094
-192.683562753
-192.471937894
-192.2510187
-192.020728112
-191.780998483
-191.531772231
-191.273002498
-191.004653791
-190.726702628
-190.439138148
-190.141962716
-189.83519248
-189.518857908
-189.193004263
-188.857692044
-188.51299735
-188.15901219
-187.795844708
-187.423619333
-187.04247683
-186.652574262
-186.254084848
-185.847197703
-185.432117476
-185.009063865
-184.578271013
-184.139986785
-183.694472684
-183.241999496
-182.782851773
-182.317323047
-181.845714452
-181.368334428
-180.885496918
-180.397519816
-179.904723357
-179.407428473
-178.905955103
-178.400620509
-177.891737572
-177.379613132
-176.864546345
-176.346827105
-175.826734541
-175.304535584
-174.780483652
-174.254817439
-173.727759828
-173.199516576
-172.670276947
-172.140210912
-171.609470037
-171.078186769
-170.546474222
-170.014426097
-169.482116754
-168.949601402
-168.416916422
-167.884079797
-167.351091645
-166.817934838
-166.284575703
-165.750964782
-165.217037637
-164.682715771
-164.147907196
-163.612507795
-163.076401857
-162.539463042
-162.001555222
-161.462533302
-160.922243996
-160.380526559
-159.837213466
-159.292131042
-158.745100022
-158.195936052
-157.644450133
-369.776593219
-183.822797928
-184.040485471
-184.24432691
-184.442388396
-184.637013915
-184.828940819
-185.018456851
-185.205720486
-185.39084977
-185.573947101
-185.755106277
-185.934414607
-186.11195366
-186.287799622
-186.462023531
-186.634691486
-186.805864828
-186.975600318
-187.143950298
-187.31096285
-187.476681944
-187.64114758
-187.804395922
-187.966459422
-188.127366942
-188.287143869
-188.445810993
-188.6033895
-188.75989374
-188.915336209
-189.069726399
-189.223070881
-189.375373379
-189.526634839
-189.676853497
-189.826024937
-189.974142146
-190.121195569
-190.267173157
-190.412060407
-190.55584041
-190.698493881
-190.839999197
-190.980332428
-191.119467361
-191.257375529
-191.39402623
-191.529386545
-191.663421358
-191.796093365
-191.927363089
-192.057188888
-192.185526961
-192.312331352
-192.437553955
-192.561144512
-192.683050614
-192.803217695
-192.921589032
-193.038105734
-193.152706738
-193.2653288
-193.375906482
-193.484372145
-193.590655934
-193.694685769
-193.796387325
-193.895684025
-193.992497024
-194.08674519
-194.178345096
-194.267211001
-194.353254838
-194.436386201
-194.516512331
-194.593538104
-194.667366023
-194.737896206
-194.805026384
-194.86865189
-194.92866566
-194.984958234
-195.037417757
-195.085929991
-195.130378319
-195.170643768
-195.206605026
-195.238138467
-195.265118187
-195.287416038
-195.304901679
-195.317442625
-195.324904312
-195.327150168
-195.324041692
-195.31543855
-195.301198673
-195.281178378
-195.255232493
-195.2232145
-195.184976694
-195.140370357
-195.089245943
-195.031453293
-194.966841853
-194.895260926
-194.816559935
-194.730588707
-194.637197785
-194.536238759
-194.427564616
-194.311030124
-194.186492228
-194.053810478
-193.912847483
-193.76346938
-193.605546338
-193.438953079
-193.26356942
-193.079280847
-192.885979094
-192.683562753
-192.471937894
-192.2510187
-192.020728112
-191.780998483
-191.531772231
-191.273002498
-191.004653791
-190.726702628
-190.439138148
-190.141962716
-189.83519248
-189.518857908
-189.193004263
-188.857692044
-188.51299735
-188.15901219
-187.795844708
-187.423619333
-187.04247683
-186.652574262
-186.254084848
-185.847197703
-185.432117476
-185.009063865
-184.578271013
-184.139986785
-183.694472684
-183.241999496
-182.782851773
-182.317323047
-181.845714452
-181.368334428
-180.885496918
-180.397519816
-179.904723357
-179.407428473
-178.905955103
-178.400620509
-177.891737572
-177.379613132
-176.864546345
-176.346827105
-175.826734541
-175.304535584
-174.780483652
-174.254817439
-173.727759828
-173.199516576
-172.670276947
-172.140210912
-171.609470037
-171.078186769
-170.546474222
-170.014426097
-169.482116754
-168.949601402
-168.416916422
-167.884079797
-167.351091645
-166.817934838
-166.284575703
-165.750964782
-165.217037637
-164.682715771
-164.147907196
-163.612507795
-163.076401857
-162.539463042
-162.001555222
-161.462533302
-160.922243996
-160.380526559
-159.837213466
-159.292131042
-158.745100022
-158.195936052
-157.644450133
