-0.00941378886648
-0.00878655481654
-0.00935653189512
-0.00992638456173
-0.0104957959799
-0.0110646931492
-0.0116330573798
-0.0122008822123
-0.0127681641746
-0.0133349007998
-0.01390109023
-0.014466731156
-0.0150318228197
-0.0155963650203
-0.0161603579999
-0.016723802992
-0.0172867011015
-0.0178490543108
-0.0184108650176
-0.0189721360164
-0.0195328704787
-0.020093071908
-0.0206529786196
-0.0212136067398
-0.0217738094031
-0.0223335882267
-0.0228929448945
-0.0234518811125
-0.0240103985274
-0.0245684987359
-0.0251261832846
-0.0256834536712
-0.026240311346
-0.0267967577131
-0.0273527941318
-0.0279084219183
-0.0284636423468
-0.029018456651
-0.0295728660261
-0.0301268716291
-0.0306804745809
-0.0312336759678
-0.0317864768423
-0.0323388782251
-0.0328908811054
-0.0334424864433
-0.0339936951701
-0.0345445081899
-0.0350949263808
-0.0356449505959
-0.0361945816643
-0.0367438203924
-0.0372926675646
-0.0378411239447
-0.0383891902763
-0.0389368672841
-0.0394841556749
-0.0400310561381
-0.0405775693463
-0.041123695957
-0.0416694366126
-0.0422147919406
-0.0427597625563
-0.0433043490609
-0.043848552044
-0.0443923720833
-0.0449358097462
-0.0454788655882
-0.0460215401562
-0.0465638339868
-0.047105747608
-0.0476472815395
-0.0481884362923
-0.0487292123705
-0.0492696102702
-0.0498096304813
-0.0503492734872
-0.0508885397642
-0.0514274297843
-0.0519659440129
-0.0525040829105
-0.0530418469331
-0.0535792365315
-0.0541162521522
-0.0546528942382
-0.0551891632281
-0.055725059557
-0.0562605836563
-0.0567957359549
-0.0573305168777
-0.0578649268475
-0.0583989662844
-0.0589326356053
-0.0594659352255
-0.0599988655577
-0.060531427013
-0.06106362
-0.0615954449255
-0.0621269021956
-0.0626579922137
-0.063188715382
-0.0637190721019
-0.0642490627733
-0.0647786877946
-0.0653079475637
-0.065836842477
-0.0663653729309
-0.0668935393192
-0.067421342037
-0.0679487814779
-0.0684758580339
-0.069002572098
-0.0695289240618
-0.0700549143168
-0.0705805432539
-0.0711058112637
-0.0716307187365
-0.0721552660624
-0.0726794536309
-0.0732032818318
-0.0737267510545
-0.0742498616884
-0.0747726141228
-0.0752950087464
-0.0758170459484
-0.0763387261184
-0.0768600496448
-0.0773810169171
-0.0779016283238
-0.0784218842545
-0.0789417850983
-0.0794613312529
-0.0799805230927
-0.0804993610144
-0.081017845407
-0.0815359766594
-0.082053755168
-0.0825711813152
-0.0830882554938
-0.0836049780951
-0.0841213495087
-0.0846373701275
-0.0851530403396
-0.0856683605348
-0.0861833311136
-0.0866979524599
-0.0872122249659
-0.0877261490242
-0.0882397250272
-0.0887529533675
-0.0892658344376
-0.0897783686301
-0.0902905563386
-0.0908023979554
-0.0913138938749
-0.0918250444893
-0.0923358501936
-0.0928463113811
-0.0933564284457
-0.0938662017827
-0.0943756317856
-0.0948847188494
-0.0953934633685
-0.0959018657383
-0.0964099263535
-0.0969176456096
-0.0974250239019
-0.0979320616263
-0.0984387591775
-0.0989451169524
-0.099451135346
-0.0999568147554
-0.100462155576
-0.100967158204
-0.101471823036
-0.101976150468
-0.102480140897
-0.10298379472
-0.103487112333
-0.103990094133
-0.104492740517
-0.104995051881
-0.105497028623
-0.10599867114
-0.106499979828
-0.107000955085
-0.107501597308
-0.108001906894
-0.108501884239
-0.109001529741
-0.109500843798
-0.109999826806
-0.110498479162
-0.110996801263
-0.111494793507
-0.11199245629
-0.112489790009
-0.112986795061
-0.113483471843
-0.113979820753
-0.00941378886648
-0.00878655481654
-0.00935653189512
-0.00992638456173
-0.0104957959799
-0.0110646931492
-0.0116330573798
-0.0122008822123
-0.0127681641746
-0.0133349007998
-0.01390109023
-0.014466731156
-0.0150318228197
-0.0155963650203
-0.0161603579999
-0.016723802992
-0.0172867011015
-0.0178490543108
-0.0184108650176
-0.0189721360164
-0.0195328704787
-0.020093071908
-0.0206529786196
-0.0212136067398
-0.0217738094031
-0.0223335882267
-0.0228929448945
-0.0234518811125
-0.0240103985274
-0.0245684987359
-0.0251261832846
-0.0256834536712
-0.026240311346
-0.0267967577131
-0.0273527941318
-0.0279084219183
-0.0284636423468
-0.029018456651
-0.0295728660261
-0.0301268716291
-0.0306804745809
-0.0312336759678
-0.0317864768423
-0.0323388782251
-0.0328908811054
-0.0334424864433
-0.0339936951701
-0.0345445081899
-0.0350949263808
-0.0356449505959
-0.0361945816643
-0.0367438203924
-0.0372926675646
-0.0378411239447
-0.0383891902763
-0.0389368672841
-0.0394841556749
-0.0400310561381
-0.0405775693463
-0.041123695957
-0.0416694366126
-0.0422147919406
-0.0427597625563
-0.0433043490609
-0.043848552044
-0.0443923720833
-0.0449358097462
-0.0454788655882
-0.0460215401562
-0.0465638339868
-0.047105747608
-0.0476472815395
-0.0481884362923
-0.0487292123705
-0.0492696102702
-0.0498096304813
-0.0503492734872
-0.0508885397642
-0.0514274297843
-0.0519659440129
-0.0525040829105
-0.0530418469331
-0.0535792365315
-0.0541162521522
-0.0546528942382
-0.0551891632281
-0.055725059557
-0.0562605836563
-0.0567957359549
-0.0573305168777
-0.0578649268475
-0.0583989662844
-0.0589326356053
-0.0594659352255
-0.0599988655577
-0.060531427013
-0.06106362
-0.0615954449255
-0.0621269021956
-0.0626579922137
-0.063188715382
-0.0637190721019
-0.0642490627733
-0.0647786877946
-0.0653079475637
-0.065836842477
-0.0663653729309
-0.0668935393192
-0.067421342037
-0.0679487814779
-0.0684758580339
-0.069002572098
-0.0695289240618
-0.0700549143168
-0.0705805432539
-0.0711058112637
-0.0716307187365
-0.0721552660624
-0.0726794536309
-0.0732032818318
-0.0737267510545
-0.0742498616884
-0.0747726141228
-0.0752950087464
-0.0758170459484
-0.0763387261184
-0.0768600496448
-0.0773810169171
-0.0779016283238
-0.0784218842545
-0.0789417850983
-0.0794613312529
-0.0799805230927
-0.0804993610144
-0.081017845407
-0.0815359766594
-0.082053755168
-0.0825711813152
-0.0830882554938
-0.0836049780951
-0.0841213495087
-0.0846373701275
-0.0851530403396
-0.0856683605348
-0.0861833311136
-0.0866979524599
-0.0872122249659
-0.0877261490242
-0.0882397250272
-0.0887529533675
-0.0892658344376
-0.0897783686301
-0.0902905563386
-0.0908023979554
-0.0913138938749
-0.0918250444893
-0.0923358501936
-0.0928463113811
-0.0933564284457
-0.0938662017827
-0.0943756317856
-0.0948847188494
-0.0953934633685
-0.0959018657383
-0.0964099263535
-0.0969176456096
-0.0974250239019
-0.0979320616263
-0.0984387591775
-0.0989451169524
-0.099451135346
-0.0999568147554
-0.100462155576
-0.100967158204
-0.101471823036
-0.101976150468
-0.102480140897
-0.10298379472
-0.103487112333
-0.103990094133
-0.104492740517
-0.104995051881
-0.105497028623
-0.10599867114
-0.106499979828
-0.107000955085
-0.107501597308
-0.108001906894
-0.108501884239
-0.109001529741
-0.109500843798
-0.109999826806
-0.110498479162
-0.110996801263
-0.111494793507
-0.11199245629
-0.112489790009
-0.112986795061
-0.113483471843
-0.113979820753
