70.5781652188
69.9477764021
69.3571734318
68.8032271314
68.2828933356
67.7932831684
67.3317023431
66.8956684068
66.4829134777
66.0913779911
65.7191993206
65.3646977532
65.026361459
64.7028314349
64.3928869896
64.0954321201
63.8094829165
63.534156036
63.2686582605
63.012277064
62.7643721374
62.5243677833
62.2917461063
62.0660409316
61.8468323632
61.6337419244
61.426428222
61.2245830646
61.0279280014
60.8362112264
60.6492048113
60.4667022321
60.288516151
60.114476438
59.9444283954
59.7782311671
59.6157563135
59.4568865334
59.3015145205
59.1495419318
59.0008784658
58.8554410335
58.7131530143
58.5739435866
58.4377471274
58.3045026718
58.1741534275
58.046646338
57.9219316912
57.7999627632
57.6806955041
57.5640882511
57.4501014718
57.3386975336
57.2298404958
57.1234959233
57.0196307187
56.9182129718
56.8192118243
56.7225973484
56.6283404379
56.5364127105
56.4467864201
56.3594343787
56.2743298863
56.1914466678
56.1107588178
56.0322407503
55.9558671541
55.8816129541
55.8094532756
55.7393634137
55.671318806
55.6052950082
55.5412676732
55.4792125328
55.419105381
55.3609220606
55.3046384509
55.2502304572
55.1976740027
55.1469450202
55.0980194467
55.0508732182
55.0054822656
54.9618225114
54.9198698679
54.8796002349
54.8409894992
54.8040135339
54.7686481984
54.7348693391
54.7026527897
54.671974373
54.6428100069
54.6151354053
54.5889262236
54.5641583848
54.5408076805
54.5188499031
54.4982608471
54.4790163122
54.4610921061
54.4444640461
54.4291079628
54.4149997019
54.4021151274
54.3904301239
54.3799205993
54.3705624874
54.3623317504
54.3552043815
54.3491564075
54.3441638912
54.3402029335
54.3372496762
54.3352803043
54.334271048
54.334198185
54.335038043
54.3367670015
54.3393614938
54.3427980097
54.3470530965
54.3521033619
54.3579254759
54.3644961711
54.3717922465
54.3797905682
54.3884680718
54.3978017636
54.4077687228
54.4183461028
54.4787042639
54.5403577736
54.6031311623
54.6668603295
54.7313918027
54.7965820457
54.8622968135
54.928410551
54.9948058308
55.0613728292
55.1280088366
55.1946178
55.2611098963
55.3274011329
55.393412975
55.4590719966
55.5243095543
55.5890614828
55.6532678094
55.716872487
55.7798231444
55.8420708531
55.9035699079
55.9642776226
56.0241541383
56.083162244
56.141267209
56.1984366253
56.2546402609
56.3098499218
56.3640393243
56.417183972
56.4692610455
56.5202492959
56.5701289463
56.6188815994
56.6664901517
56.7129387125
56.7582125287
56.8022979149
56.8451821874
56.8868536031
56.9273013024
56.9665152561
57.0044862156
57.0412056668
57.0766657872
57.1108594059
57.1437799663
57.1754214918
57.2057785535
57.2348462411
57.2626201346
57.2890962797
57.3142711637
57.3381416942
57.360705179
57.3819593077
57.4019021352
57.4205320659
57.43784784
57.4538485208
57.468533483
57.4819024031
57.4939552498
57.5046922773
57.5141140186
