27.67
38.4900845039
37.8647057444
36.5752470201
36.3066429387
36.0035055152
35.9388097405
35.9645154956
36.0388918555
36.136329637
36.2431177181
36.3523806177
36.4608021328
36.5668420325
36.6698279977
36.769510603
36.8658402398
36.9588640267
37.0486734785
37.135379393
37.2190995812
37.2999528538
37.3780560755
37.4535227362
37.5264622807
37.5969798249
37.6651760736
37.7311473458
37.7949856598
37.856778852
37.9166107169
37.9745611565
38.0307063374
38.0851188495
38.1378678654
38.1890192981
38.238635955
38.2867776891
38.3335015444
38.3788618968
38.4229105894
38.465697062
38.5072684745
38.5476698252
38.5869440625
38.6251321918
38.662273376
38.6984050314
38.733562918
38.7677812254
38.8010926533
38.8335284879
38.8651186743
38.8958918843
38.9258755806
38.955096078
38.9835785997
39.0113473324
39.0384254763
39.0648352938
39.0905981549
39.1157345801
39.1402642806
39.1642061972
39.1875785363
39.2103988038
39.232683838
39.2544498401
39.275712403
39.2964865391
39.316786706
39.3366268315
39.3560203367
39.3749801583
39.3935187697
39.4116482009
39.4293800572
39.4467255378
39.4636954523
39.4803002375
39.4965499722
39.5124543926
39.5280229061
39.5432646042
39.5581882759
39.5728024192
39.5871152531
39.6011347281
39.6148685371
39.6283241254
39.6415086998
39.6544292383
39.6670924984
39.6795050256
39.6916731612
39.7036030502
39.7153006482
39.7267717287
39.7380218894
39.7490565589
39.7598810027
39.7705003289
39.7809194939
39.7911433078
39.8011764457
39.8110234271
39.8206886602
39.8301764193
39.8394908559
39.8486360032
39.8576157797
39.8664339937
39.8750943464
39.8836004358
39.8919557599
39.9001637203
39.9082276251
39.9161506919
39.923936051
39.9315867481
39.9391057468
39.9464959315
39.9537601098
39.960901015
39.9679213082
39.9748235809
39.9816103568
39.9882840942
39.9948471878
40.0013019708
40.0076507167
40.013895641
40.020038903
40.0260826079
40.0320288076
40.0378795031
40.0436366452
40.049302137
40.0548778342
40.0603655472
40.0657670423
40.0710840426
40.0763182298
40.0814712448
40.0865446896
40.0915401276
40.096459085
40.1013030522
40.1060734844
40.1107718025
40.1153993944
40.1199576158
40.1244477907
40.1288712129
40.1332291465
40.1375228266
40.1417534602
40.145922227
40.15003028
40.1540787466
40.1580687286
40.1620013034
40.1658775245
40.1696984223
40.1734650042
40.1771782558
40.1808391411
40.184448603
40.1880075643
40.1915169276
40.1949775764
40.1983903751
40.2017561698
40.2050757886
40.2083500421
40.2115797239
40.2147656109
40.2179084639
40.2210090277
40.2240680318
40.2270861906
40.2300642039
40.233002757
40.2359025215
40.2387641551
40.2415883023
40.2443755946
40.2471266508
40.2498420775
40.2525224689
40.2551684076
40.2577804648
40.2603592001
40.2629051626
40.2654188901
40.2679009104
40.2703517408
40.2727718888
40.275161852
40.2775221185
