0.00084061545147
0.000855634690197
0.000865178874829
0.000873441087452
0.000881395294587
0.00088930320895
0.000897237439161
0.000905219684072
0.000913257877211
0.000921356192517
0.00092951774657
0.000937745333263
0.000946041627604
0.000954409245838
0.000962850766336
0.000971368739508
0.00097996569439
0.000988644144046
0.000997406590369
0.00100625552848
0.00101519345084
0.001024222851
0.00103334622728
0.00104256608603
0.00105188494489
0.00106130533577
0.00107082980771
0.00108046092969
0.00109020129318
0.00110005351473
0.0011100202384
0.00112010413815
0.00113030792014
0.00114063432497
0.00115108612992
0.00116166615111
0.00117237724562
0.00118322231361
0.00119420430041
0.00120532619862
0.00121659105012
0.00122800194819
0.0012395620395
0.00125127452626
0.00126314266819
0.00127516978466
0.00128735925676
0.00129971452939
0.00131223911341
0.00132493658775
0.00133781060161
0.00135086487663
0.00136410320912
0.00137752947229
0.00139114761857
0.00140496168189
0.00141897578008
0.00143319411718
0.00144762098597
0.00146226077035
0.0014771179479
0.00149219709243
0.00150750287657
0.00152304007441
0.00153881356421
0.00155482833113
0.00157108947
0.0015876021882
0.00160437180851
0.00162140377203
0.00163870364123
0.00165627710293
0.00167412997142
0.00169226819157
0.00171069784205
0.00172942513855
0.00174845643706
0.00176779823724
0.00178745718574
0.00180744007968
0.0018277538701
0.00184840566547
0.00186940273522
0.00189075251336
0.00191246260206
0.00193454077531
0.00195699498259
0.00197983335254
0.0020030641967
0.00202669601316
0.00205073749032
0.00207519751058
0.00210008515402
0.00212540970208
0.00215118064121
0.00217740766642
0.00220410068485
0.00223126981927
0.0022589254114
0.00228707802527
0.00231573845036
0.00234491770467
0.00237462703763
0.00240487793282
0.00243568211049
0.00246705152995
0.00249899839156
0.0025315351386
0.00256467445876
0.0025984292853
0.00263281279784
0.0026678384228
0.0027035198333
0.00273987094862
0.00277690593315
0.0028146391947
0.00285308538218
0.00289225938264
0.00293217631749
0.00297285153797
0.00301430061966
0.00305653935614
0.00309958375154
0.00314345001201
0.00318815453607
0.00323371390361
0.00328014486354
0.00332746432007
0.00337568931733
0.00342483702244
0.00347492470674
0.00352596972524
0.00357798949399
0.00363100146551
0.00368502310184
0.00374007184543
0.00379616508745
0.00385332013362
0.00391155416736
0.00397088421002
0.00403132707835
0.00409289933881
0.00415561725876
0.00421949675443
0.00428455333547
0.00435080204617
0.00441825740302
0.00448693332884
0.00455684308312
0.00462799918889
0.00470041335571
0.0047740963992
0.0048490581568
0.00492530740008
0.00500285174353
0.00508169755007
0.00516184983344
0.00524331215757
0.00532608653339
0.00541017331318
0.00549557108298
0.00558227655334
0.005670284449
0.00575958739786
0.00585017582001
0.00594203781725
0.00603515906403
0.00612952270028
0.00622510922725
0.00632189640694
0.00641985916627
0.00651896950672
0.00661919642073
0.00672050581555
0.0068228604459
0.00692621985633
0.00703054033441
0.0071357748759
0.00724187316272
0.00734878155505
0.00745644309824
0.00756479720531
0.00767378105009
0.00778332760782
0.00789336705954
0.00800382689696
0.00811463069278
0.00822570022859
0.0083369543258
0.00844830933702
0.00855967933469
0.00867097631608
0.00878211042527
0.00889299019105
0.00900352277989
0.00911361426247
0.00922316989226
0.00933209439461
0.00944029226431
0.00954766806978
