27.3236561108
27.1833683204
27.0432858901
26.9033975926
26.7636933961
26.6241639276
26.4848003686
26.34559441
26.2065382158
26.0676243923
25.9288459594
25.7901963253
25.6516692628
25.5132588884
25.3749596431
25.2367662741
25.0986738193
24.960677592
24.8227731679
24.684956372
24.5472232678
24.409570146
24.2719935159
24.1344900953
23.997056803
23.8596907513
23.7223892385
23.5851497428
23.4479699161
23.3108475789
23.1737807149
23.0367674662
22.8998061295
22.7628951516
22.6260331259
22.4892187892
22.3524510183
22.2157288274
22.0790513655
21.9424179136
21.805827883
21.6692808132
21.5327763699
21.3963143436
21.259894648
21.1235173187
20.9871825118
20.8508905038
20.7146416896
20.5784365824
20.4422758126
20.3061601277
20.1700903914
20.0340675837
19.8980928005
19.7621672532
19.6262922692
19.4904692914
19.3546998785
19.2189857053
19.0833285629
18.9477303589
18.812193118
18.6767189822
18.5413102117
18.4059691852
18.2706984006
18.1355004758
18.0003781493
17.8653342812
17.7303718539
17.5954939731
17.4607038686
17.3260048956
17.1914005352
17.0568943961
16.9224902152
16.788191859
16.6540033246
16.5199287411
16.3859723707
16.2521386098
16.1184319908
15.9848571825
15.8514189925
15.7181223675
15.5849723953
15.451974306
15.3191334732
15.1864554155
15.0539457978
14.9216104327
14.7894552817
14.6574864568
14.5257102218
14.3941329931
14.2627613418
14.1316019944
14.0006618341
13.8699479022
13.7394673991
13.6092276856
13.4792362836
13.3495008775
13.2200293151
13.0908296081
12.9619099335
12.8332786339
12.7049442183
12.5769153628
12.4492009106
12.321809873
12.1947514291
12.0680349262
11.9416698797
11.8156659729
11.6900330569
11.5647811498
11.4399204364
11.3154612672
11.1914141574
11.067789786
10.9445989941
10.8218527833
10.6995623141
10.5777389037
10.4563940236
10.3355392971
10.2151864965
10.0953475399
9.9760344878
9.85725953931
9.73903502816
9.62127110296
9.50408274146
9.35959097225
9.2168262707
9.0757968769
8.93651137665
8.79897831196
8.66320606619
8.52920292899
8.39697702576
8.26653631882
8.13788859546
8.0110414568
7.88600230784
7.76277834855
7.6413765664
7.5218037302
7.40406638566
7.28817085266
7.17412322455
7.06192936968
6.95159493531
6.84312535437
6.73652585511
6.6318014743
6.52895707406
6.42799736298
6.32892692195
6.23175023519
6.13647172722
6.04309580648
5.95162691636
5.8620695947
5.7744285428
5.68870870533
5.60491536248
5.52305423635
5.44313161348
5.36515448615
5.28913071526
5.21506921847
5.14298018781
5.07287534188
5.00476821909
4.93867451952
4.8746129186
4.8126123325
4.7526984081
4.69490104471
4.63925518883
4.58580179052
4.53458896128
4.4856733876
4.4391220719
4.39501449805
4.3534453547
4.31452800297
4.27839895399
4.24522374338
4.21520478155
4.18859207061
4.16569820852
4.14692003999
4.13277107483
4.12393232616
4.12133693992
4.12632284751
