1057.3173
836.643634535
832.619023745
828.668405918
824.785811462
820.966083612
817.204372214
813.49604312
809.836662933
806.221996305
802.648005088
799.110847486
795.606876897
792.13264036
788.684876615
785.26051375
781.856666456
778.470632897
775.099891203
771.742095613
768.395072291
765.05681484
761.725479547
758.399384664
755.076988188
751.756907875
748.43789892
745.118852518
741.798790191
738.476858075
735.152321209
731.824557842
728.493053795
725.157396896
721.817271523
718.472453256
715.122803667
711.768265268
708.408856613
705.044667575
701.675854812
698.302637404
694.925292693
691.544152306
688.15959837
684.772059921
681.382009488
677.989959873
674.596461097
671.20209752
667.80748513
664.413268979
661.020120783
657.628736647
654.239834943
650.854154295
647.472451701
644.095500749
640.72408995
637.359021157
634.001108077
630.651174867
627.3100548
623.978589007
620.657625278
617.348016927
614.050617423
610.76629426
607.495908983
604.24032664
601.000412847
597.777032912
594.571050998
591.383348132
588.214748271
585.066124085
581.938327358
578.832204963
575.748598176
572.688342018
569.65226462
566.641186598
563.655916075
560.697265554
557.766025292
554.862980032
551.98890419
549.144561335
546.330703698
543.548071685
540.797393418
538.079384283
535.394746495
532.744168681
530.128325468
527.547877099
525.003469046
522.495731648
520.025279754
517.592712381
515.198612385
512.843546132
510.528063195
508.252691946
506.017956981
503.82434965
501.672349881
499.562418975
497.494999675
495.470515959
493.489372801
491.551955917
489.65863152
487.809746084
486.005626103
484.246582052
482.532890168
480.864821604
479.242620171
477.66650893
476.136689661
474.653342597
473.216626202
471.82667696
470.483609172
469.187514757
467.938463055
466.736500644
465.581651159
464.47391512
463.413269774
462.399668941
461.433042878
460.513298151
459.640317532
458.813959896
458.034060153
457.300429187
456.612853824
455.971096815
455.374896854
454.823968609
454.318002792
453.856666237
453.439602086
453.066429827
452.7367456
452.450122362
452.206110158
452.004236416
451.844006278
451.724902973
451.646388225
451.607902694
451.60886647
451.648679593
451.72672261
451.842357186
451.994926728
452.183757068
452.408157162
452.667419836
452.960822558
453.287628238
453.64708606
454.038432342
454.460891412
454.913676515
455.395990731
455.907027913
456.445973641
457.012006182
457.604297458
458.222014025
458.864318051
459.530368285
460.219321042
460.930331157
461.662552955
462.415141187
463.187251966
463.978043683
464.786677899
465.612320219
466.454141147
467.311316904
468.183030231
469.068471155
469.966837727
470.87733673
471.799184353
472.731606827
473.673841037
474.625135088
475.584748839
476.551954408
477.526036626
478.506293475
479.492036468
480.482591014
