6.0523
6.86787356262
6.8122592348
6.75941141765
6.70916202839
6.66136481266
6.6158862706
6.57260351797
6.53140312354
6.49218017479
6.4548374642
6.41928477027
6.38543821957
6.35321971889
6.32255644867
6.29338040993
6.26562801812
6.23923973824
6.21415975636
6.19033568328
6.16771828667
6.14626124852
6.12592094505
6.10665624678
6.08842833643
6.07120054295
6.05493818992
6.03960845695
6.02518025263
6.0116240981
5.9989120201
5.98701745249
5.97591514579
5.96558108352
5.9559924052
5.94712733502
5.93896511595
5.93148594868
5.924670935
5.91850202523
5.91296196943
5.90803427199
5.90370314935
5.89995349066
5.89677082103
5.89414126727
5.89205157637
5.8904888792
5.8894409788
5.88889610874
5.88884296358
5.88927067583
5.89016879432
5.89152726388
5.89333640632
5.89558690244
5.89826977519
5.90137637374
5.90489835856
5.90882768727
5.91315660136
5.91787761363
5.92298349633
5.92846726993
5.93432219261
5.94054175017
5.94711964663
5.95404979522
5.96132630992
5.96894349742
5.97689584949
5.98517803578
5.99378489696
6.00271143823
6.01195282314
6.02150436776
6.03136153511
6.04151992989
6.05197529345
6.06272349903
6.07376054725
6.08508256178
6.09668578525
6.10856657538
6.12072140122
6.13314683972
6.14583957229
6.15879638165
6.17201414883
6.18548985022
6.19922055492
6.21320342203
6.22743569826
6.24191471552
6.25663788871
6.27160271359
6.28680676473
6.30224769365
6.31792322694
6.33383116459
6.34996937829
6.36633580996
6.3829284702
6.39974543696
6.4167848542
6.43404493063
6.45152393861
6.46922021293
6.48713214989
6.50525820621
6.52359689817
6.54214680071
6.56090654663
6.57987482578
6.59905038438
6.61843202431
6.63801860246
6.65780903016
6.67780227256
6.69799734813
6.71839332813
6.73898933611
6.75978454748
6.78077818901
6.80196953841
6.82335792394
6.84494272394
6.86672336642
6.88869932864
6.91087013671
6.93323536509
6.95579463617
6.97854761976
6.9406187658
6.96385115358
7.15961337911
7.16644346371
7.17417778503
7.18279251167
7.1922695127
7.20259495801
7.21375130656
7.22572462287
7.23850079211
7.2520662244
7.26640781396
7.28151289936
7.29736922542
7.3139649066
7.33128839183
7.34932843056
7.36807404003
7.38751447357
7.40763918997
7.42843782364
7.44990015571
7.47201608568
7.49477560382
7.51816876402
7.542185657
7.56681638376
7.59205102917
7.61787963538
7.64429217496
7.67127852338
7.69882843061
7.72693149143
7.75557711383
7.78475448516
7.81445253506
7.84465989438
7.87536484894
7.90655528668
7.93821863643
7.97034179596
8.0029110465
8.03591194979
8.06932922301
8.10319091051
8.13822080989
8.17363024176
8.20940360824
8.24552367407
8.28197127923
8.3187248203
8.35575962108
8.39304707515
8.43055347952
8.46823842466
8.50605253585
8.54393424512
8.58180508016
8.61956262049
8.65706966632
8.69413702591
8.73049506615
8.76574439939
8.79926521882
8.830037619
8.85624833947
