18228.993714
19589.2627509
19672.0026663
19749.4279536
19821.4140193
19887.9923623
19949.3082354
20005.5818202
20057.0782379
20104.0857829
20146.9010462
20185.818767
20221.1253672
20253.0949009
20281.986613
20308.0438324
20331.4935511
20352.546497
20371.3976825
20388.2270413
20403.2002777
20416.4697141
20428.1751926
20438.4450136
20447.396771
20455.1381927
20461.7679624
20467.3764167
20472.0462687
20475.8532514
20478.8667083
20481.1501549
20482.7617522
20483.7548236
20484.1782405
20484.0768267
20483.4917143
20482.4606587
20481.0183717
20479.1967399
20477.0251079
20474.5304944
20471.7377964
20468.6699785
20465.3482414
20461.792177
20458.0199124
20454.0482325
20449.8927131
20445.56779
20441.0869066
20436.4625685
20431.706435
20426.8293902
20421.841611
20416.7526276
20411.5713819
20406.3062742
20400.9652114
20395.555651
20390.0846359
20384.5588353
20378.9845717
20373.3678525
20367.7143964
20362.0296584
20356.3188527
20350.5869755
20344.838816
20339.0789848
20333.311919
20327.5419059
20321.7730903
20316.0094879
20310.2550005
20304.5134217
20298.7884451
20293.083681
20287.4026566
20281.7488263
20276.1255808
20270.536247
20264.9841041
20259.4723772
20254.0042516
20248.5828728
20243.211352
20237.8927714
20232.6301842
20227.4266239
20222.2850994
20217.2086072
20212.2001268
20207.2626293
20202.3465816
20197.5505207
20192.9068113
20188.2823383
20183.7437629
20179.2939728
20174.9358818
20170.672423
20166.5065406
20162.4411935
20158.4793545
20154.6240055
20150.8781431
20147.2447777
20143.7269328
20140.3276491
20137.049982
20133.8970045
20130.8718076
20127.9775014
20125.2172152
20122.5941014
20120.111329
20117.7720964
20115.5796167
20113.5371346
20111.6479159
20109.9152503
20108.3424564
20106.9328781
20105.6898885
20104.6182405
20103.7186545
20102.9959452
20102.4535984
20102.095132
20101.9240943
20101.9440669
20102.1586618
31612.1487334
31488.6388111
31367.392264
31248.5136264
31132.0744709
31018.1213622
30906.6817449
30797.7683878
30691.3827302
30587.5174483
30486.1583859
30387.2860982
30290.8769997
30196.9042738
30105.3386956
30016.149058
29929.3027387
29844.7660377
29762.5044996
29682.4831335
29604.6666395
29529.0195526
29455.5064015
29384.0918098
29314.7405915
29247.417833
29182.0889617
29118.7197984
29057.2765933
28997.7260767
28940.0428384
28884.1799418
28830.1130576
28777.8110591
28727.2434098
28678.3801557
28631.1919363
28585.6499886
28541.7261487
28499.392854
28458.6231463
28419.390662
28381.6696287
28345.4348809
28310.6618284
28277.326478
28245.4054183
28214.8758271
28185.7154562
28157.9026496
28131.4163389
28106.2360485
28082.341916
28059.714698
28038.3358079
28018.1873426
27999.2521344
27981.5138297
27964.9569698
27949.5671525
27935.3311957
27922.2374527
27910.2762049
27899.4402919
27889.7260864
27881.1350675
27873.6765083
