0.030756249398
0.0310678304051
0.0313751569237
0.0316782518967
0.0319771320565
0.0322718128609
0.0325623091498
0.0328486350483
0.033130804815
0.0334088316268
0.0336827284298
0.0339525077447
0.0342181816812
0.0344797619506
0.0347372598775
0.0349906864098
0.0352400521285
0.0354853672564
0.0357266416657
0.0359638848865
0.0361971061133
0.0364263142121
0.0366515177275
0.0368727248894
0.0370899436195
0.0373031815386
0.0375124459733
0.0377177439636
0.0379190822703
0.0381164673831
0.0383099055291
0.0384994026812
0.0386849645683
0.0388665966844
0.0390443042998
0.0392180924719
0.0393879660571
0.0395539297235
0.039715987964
0.0398741451104
0.0400284053482
0.0401787727323
0.040325251203
0.0404678446037
0.0406065566987
0.0407413911922
0.0408723517479
0.04099944201
0.0411226656243
0.0412420262606
0.0413575276361
0.0414691735394
0.0415769678552
0.0416809145905
0.0417810179004
0.0418772821164
0.0419697117735
0.0420583116401
0.0421430867469
0.0422240424173
0.0423011842988
0.0423745183942
0.0424440510939
0.0425097892086
0.0425717400025
0.0426299112273
0.0426843111556
0.0427349486158
0.0427818330264
0.0428249744312
0.0428643835338
0.0429000717329
0.0429320511571
0.0429603347
0.0429849360544
0.0430058697471
0.0430231511729
0.0430367966275
0.0430468233413
0.0430532495112
0.0430560943319
0.0430553780272
0.0430511218787
0.0430433482553
0.0430320806397
0.0430173436549
0.0429991630884
0.0429775659155
0.0429525803205
0.0429242357163
0.0428925627619
0.0428575933785
0.0428193607624
0.0427778993972
0.0427332450623
0.0426854348396
0.0426345071178
0.0425805015939
0.0425234592635
0.0424634224505
0.0424004347515
0.0423345410578
0.0422657875351
0.0421942216083
0.0421198919426
0.0420428484224
0.041963142126
0.0418808252988
0.0417959513214
0.0417085746766
0.041618750912
0.0415265366005
0.0414319892969
0.0413351674926
0.0412361305669
0.0411349387355
0.0410316529972
0.0409263350765
0.0408190473658
0.0407098528635
0.0405988151113
0.0404859981285
0.0403714663458
0.0402552845361
0.0401375177446
0.0400182312177
0.0398974903306
0.0397753605142
0.0396519071815
0.0395271956531
0.0394012910834
0.0392742583856
0.0391461621584
0.0390163559332
0.0388856469465
0.0387965863216
0.0387027678567
0.0386044616274
0.0385019247203
0.0383954066699
0.0382851499705
0.0381713900501
0.0380543551955
0.0379342664841
0.0378113377264
0.037685775422
0.0375577787277
0.0374275394375
0.0372952419744
0.0371610633934
0.037025173395
0.0368877343488
0.0367489013268
0.0366088221441
0.0364676374085
0.0363254805757
0.0361824780106
0.0360387490533
0.0358944060876
0.0357495546121
0.0356042933112
0.0354587141345
0.035312914158
0.0351669679356
0.0350209437687
0.0348749037247
0.034728903638
0.0345829931097
0.0344372154814
0.0342916077903
0.0341462006992
0.0340010183952
0.0338560784507
0.03371139164
0.033566961701
0.0334227850326
0.033278850313
0.0331351380229
0.0329916198542
0.0328482579767
0.0327050041326
0.0325617985173
0.0324185683937
0.0322752263747
0.032131668282
0.0319877704687
0.0318433864469
0.0316983426094
0.0315524327569
0.0314054110227
0.031256982621
0.0311067915818
0.0309544042363
0.0307992865663
0.0306407724686
0.0304780181386
0.0303099344607
0.0301350829599
0.0299515079206
0.0297564484007
