2.9919087031
1.96378178108
1.96853058315
1.97317638523
1.97772571577
1.98218367297
1.98655467549
1.99084264094
1.99505106257
1.99918306379
2.00324144459
2.00722872256
2.01114716925
2.01499884231
2.01878561391
2.0225091956
2.02617116018
2.02977296061
2.0333159466
2.0368013788
2.04023044115
2.04360425135
2.04692386991
2.05019030782
2.05340453299
2.05656747577
2.05968003352
2.06274307449
2.06575744096
2.06872395196
2.07164340539
2.07451657988
2.07734423621
2.08012711853
2.08286595533
2.08556146022
2.08821433259
2.09082525811
2.09339490918
2.09592394525
2.09841301317
2.10086274742
2.1032737703
2.10564669224
2.10798211187
2.11028061634
2.11254278138
2.11476917161
2.11696034066
2.11911683139
2.12123917612
2.12332789681
2.12538350535
2.12740650372
2.12939738427
2.13135662996
2.13328471465
2.13518210327
2.13704925218
2.13888660937
2.14069461473
2.14247370035
2.14422429074
2.14594680314
2.14764164771
2.14930922785
2.15094994041
2.15256417594
2.15415231894
2.15571474807
2.15725183636
2.15876395145
2.1602514558
2.16171470684
2.16315405719
2.16456985482
2.16596244322
2.16733216156
2.16867934484
2.17000432401
2.17130742609
2.17258897432
2.17384928826
2.17508868385
2.17630747355
2.17750596641
2.17868446813
2.17984328112
2.18098270459
2.1821030346
2.18320456406
2.18428758283
2.18535237773
2.18639923255
2.18742842811
2.18844024225
2.18943494988
2.19041282295
2.1913741305
2.19231913864
2.19324811057
2.19416130658
2.19505898402
2.19594139735
2.19680879811
2.19766143492
2.19849955345
2.19932339646
2.20013320379
2.20092921229
2.20171165593
2.20248076568
2.20323676957
2.20397989267
2.20471020283
2.20542838234
2.20613418391
2.20682797542
2.20750996711
2.20818036628
2.2088393773
2.20948720158
2.21012403756
2.21075008079
2.21136552386
2.21197055646
2.21256536537
2.21315013447
2.21372641244
2.21429027192
2.21484599677
2.21539238835
2.21592961665
2.21645784862
2.21697724838
2.21748797729
2.21799019401
2.21848405446
2.21896971194
2.21944731706
2.21991701782
2.22037895965
2.2208332854
2.22128013537
2.22171964737
2.22215195674
2.22257719637
2.22299549671
2.22340698586
2.22381178955
2.2242100312
2.22460183192
2.2249873106
2.22536658388
2.22573976621
2.22610696989
2.2264683051
2.22682387992
2.22717380036
2.22751817043
2.22785709213
2.22819066549
2.22851898864
2.22884215779
2.22916026728
2.22947340966
2.22978167562
2.23008515414
2.23038393243
2.230678096
2.23096772868
2.23125291267
2.23153372855
2.2318102553
2.23208257038
2.23235074968
2.23261486763
2.23287499718
2.23313120983
2.23338357567
2.23363216342
2.23387704043
2.23411827272
2.23435592499
2.2345900607
2.234820742
2.23504802986
2.23527198402
2.23549266305
2.23571012434
2.23592442418
2.23613561772
2.23634375905
2.23654890116
2.23675109602
2.23695039458
2.23714684676
2.23734050154
2.23753140689
2.23771960989
2.9919087031
1.96378178108
1.96853058315
1.97317638523
1.97772571577
1.98218367297
1.98655467549
1.99084264094
1.99505106257
1.99918306379
2.00324144459
2.00722872256
2.01114716925
2.01499884231
2.01878561391
2.0225091956
2.02617116018
2.02977296061
2.0333159466
2.0368013788
2.04023044115
2.04360425135
2.04692386991
2.05019030782
2.05340453299
2.05656747577
2.05968003352
2.06274307449
2.06575744096
2.06872395196
2.07164340539
2.07451657988
2.07734423621
2.08012711853
2.08286595533
2.08556146022
2.08821433259
2.09082525811
2.09339490918
2.09592394525
2.09841301317
2.10086274742
2.1032737703
2.10564669224
2.10798211187
2.11028061634
2.11254278138
2.11476917161
2.11696034066
2.11911683139
2.12123917612
2.12332789681
2.12538350535
2.12740650372
2.12939738427
2.13135662996
2.13328471465
2.13518210327
2.13704925218
2.13888660937
2.14069461473
2.14247370035
2.14422429074
2.14594680314
2.14764164771
2.14930922785
2.15094994041
2.15256417594
2.15415231894
2.15571474807
2.15725183636
2.15876395145
2.1602514558
2.16171470684
2.16315405719
2.16456985482
2.16596244322
2.16733216156
2.16867934484
2.17000432401
2.17130742609
2.17258897432
2.17384928826
2.17508868385
2.17630747355
2.17750596641
2.17868446813
2.17984328112
2.18098270459
2.1821030346
2.18320456406
2.18428758283
2.18535237773
2.18639923255
2.18742842811
2.18844024225
2.18943494988
2.19041282295
2.1913741305
2.19231913864
2.19324811057
2.19416130658
2.19505898402
2.19594139735
2.19680879811
2.19766143492
2.19849955345
2.19932339646
2.20013320379
2.20092921229
2.20171165593
2.20248076568
2.20323676957
2.20397989267
2.20471020283
2.20542838234
2.20613418391
2.20682797542
2.20750996711
2.20818036628
2.2088393773
2.20948720158
2.21012403756
2.21075008079
2.21136552386
2.21197055646
2.21256536537
2.21315013447
2.21372641244
2.21429027192
2.21484599677
2.21539238835
2.21592961665
2.21645784862
2.21697724838
2.21748797729
2.21799019401
2.21848405446
2.21896971194
2.21944731706
2.21991701782
2.22037895965
2.2208332854
2.22128013537
2.22171964737
2.22215195674
2.22257719637
2.22299549671
2.22340698586
2.22381178955
2.2242100312
2.22460183192
2.2249873106
2.22536658388
2.22573976621
2.22610696989
2.2264683051
2.22682387992
2.22717380036
2.22751817043
2.22785709213
2.22819066549
2.22851898864
2.22884215779
2.22916026728
2.22947340966
2.22978167562
2.23008515414
2.23038393243
2.230678096
2.23096772868
2.23125291267
2.23153372855
2.2318102553
2.23208257038
2.23235074968
2.23261486763
2.23287499718
2.23313120983
2.23338357567
2.23363216342
2.23387704043
2.23411827272
2.23435592499
2.2345900607
2.234820742
2.23504802986
2.23527198402
2.23549266305
2.23571012434
2.23592442418
2.23613561772
2.23634375905
2.23654890116
2.23675109602
2.23695039458
2.23714684676
2.23734050154
2.23753140689
2.23771960989
2.9919087031
1.96378178108
1.96853058315
1.97317638523
1.97772571577
1.98218367297
1.98655467549
1.99084264094
1.99505106257
1.99918306379
2.00324144459
2.00722872256
2.01114716925
2.01499884231
2.01878561391
2.0225091956
2.02617116018
2.02977296061
2.0333159466
2.0368013788
2.04023044115
2.04360425135
2.04692386991
2.05019030782
2.05340453299
2.05656747577
2.05968003352
2.06274307449
2.06575744096
2.06872395196
2.07164340539
2.07451657988
2.07734423621
2.08012711853
2.08286595533
2.08556146022
2.08821433259
2.09082525811
2.09339490918
2.09592394525
2.09841301317
2.10086274742
2.1032737703
2.10564669224
2.10798211187
2.11028061634
2.11254278138
2.11476917161
2.11696034066
2.11911683139
2.12123917612
2.12332789681
2.12538350535
2.12740650372
2.12939738427
2.13135662996
2.13328471465
2.13518210327
2.13704925218
2.13888660937
2.14069461473
2.14247370035
2.14422429074
2.14594680314
2.14764164771
2.14930922785
2.15094994041
2.15256417594
2.15415231894
2.15571474807
2.15725183636
2.15876395145
2.1602514558
2.16171470684
2.16315405719
2.16456985482
2.16596244322
2.16733216156
2.16867934484
2.17000432401
2.17130742609
2.17258897432
2.17384928826
2.17508868385
2.17630747355
2.17750596641
2.17868446813
2.17984328112
2.18098270459
2.1821030346
2.18320456406
2.18428758283
2.18535237773
2.18639923255
2.18742842811
2.18844024225
2.18943494988
2.19041282295
2.1913741305
2.19231913864
2.19324811057
2.19416130658
2.19505898402
2.19594139735
2.19680879811
2.19766143492
2.19849955345
2.19932339646
2.20013320379
2.20092921229
2.20171165593
2.20248076568
2.20323676957
2.20397989267
2.20471020283
2.20542838234
2.20613418391
2.20682797542
2.20750996711
2.20818036628
2.2088393773
2.20948720158
2.21012403756
2.21075008079
2.21136552386
2.21197055646
2.21256536537
2.21315013447
2.21372641244
2.21429027192
2.21484599677
2.21539238835
2.21592961665
2.21645784862
2.21697724838
2.21748797729
2.21799019401
2.21848405446
2.21896971194
2.21944731706
2.21991701782
2.22037895965
2.2208332854
2.22128013537
2.22171964737
2.22215195674
2.22257719637
2.22299549671
2.22340698586
2.22381178955
2.2242100312
2.22460183192
2.2249873106
2.22536658388
2.22573976621
2.22610696989
2.2264683051
2.22682387992
2.22717380036
2.22751817043
2.22785709213
2.22819066549
2.22851898864
2.22884215779
2.22916026728
2.22947340966
2.22978167562
2.23008515414
2.23038393243
2.230678096
2.23096772868
2.23125291267
2.23153372855
2.2318102553
2.23208257038
2.23235074968
2.23261486763
2.23287499718
2.23313120983
2.23338357567
2.23363216342
2.23387704043
2.23411827272
2.23435592499
2.2345900607
2.234820742
2.23504802986
2.23527198402
2.23549266305
2.23571012434
2.23592442418
2.23613561772
2.23634375905
2.23654890116
2.23675109602
2.23695039458
2.23714684676
2.23734050154
2.23753140689
2.23771960989
