27.67
38.5355216729
37.9429942961
36.9374739218
36.315740254
36.1429196012
36.0975444549
36.0344014946
36.1023462207
36.1947401297
36.2975341481
36.4035185212
36.5091399329
36.6127077283
36.7134582542
36.8110869391
36.9055104132
36.9967541449
37.0848948826
37.1700325761
37.2522764657
37.331738171
37.4085282569
37.4827545399
37.5545212718
37.6239287752
37.6910733126
37.7560470803
37.8189382716
37.8798311772
37.9388063079
37.9959405295
38.051307204
38.104976334
38.1570147078
38.2074860419
38.256451123
38.3039679449
38.3500918422
38.3948756189
38.4383696732
38.4806221159
38.5216788847
38.5615838534
38.600378935
38.638104181
38.674797875
38.710496622
38.7452354327
38.7790478039
38.8119657942
38.8440200956
38.8752401021
38.9056539734
38.935288696
38.9641701408
38.9923231174
39.0197714256
39.046537904
39.072644476
39.0981121936
39.1229612782
39.1472111598
39.170880514
39.1939872967
39.2165487771
39.2385815695
39.2601016624
39.281124447
39.3016647438
39.3217368279
39.3413544528
39.3605308736
39.379278868
39.3976107575
39.4155384266
39.4330733411
39.4502265662
39.4670087828
39.4834303039
39.4995010892
39.5152307603
39.5306286136
39.5457036342
39.5604645078
39.5749196328
39.5890771317
39.602944862
39.6165304264
39.6298411825
39.6428842527
39.6556665326
39.6681947002
39.6804752235
39.6925143689
39.7043182082
39.7158926264
39.727243328
39.7383758438
39.7492955372
39.7600076104
39.7705171097
39.7808289317
39.790947833
39.8008784148
39.8106251602
39.8201924166
39.8295844054
39.838805227
39.8478588646
39.8567491882
39.8654799584
39.8740548303
39.8824773568
39.8907509918
39.898879094
39.9068649296
39.9147116755
39.922422422
39.930000176
39.9374478632
39.9447683309
39.9519643507
39.9590386205
39.9659937671
39.9728323483
39.9795568552
39.986169714
39.9926732881
39.9990698803
40.0053617342
40.0115510363
40.0176399176
40.0236304553
40.0295246746
40.0353245497
40.0410320061
40.0466489211
40.0521771261
40.0576184075
40.0629745079
40.0682471277
40.073437926
40.0785485222
40.0835804964
40.0885353914
40.0934147131
40.0982199318
40.1029524833
40.1076137696
40.1122051599
40.1167279917
40.1211835716
40.1255731758
40.1298980515
40.1341594174
40.1383584642
40.1424963559
40.1465742303
40.1505931994
40.1545543504
40.1584587464
40.1623074268
40.1661014083
40.1698416848
40.1735292288
40.1771649916
40.1807499035
40.1842848751
40.187770797
40.191208541
40.1945989602
40.1979428893
40.2012411458
40.2044945294
40.2077038233
40.2108697944
40.2139931933
40.2170747553
40.2201152002
40.2231152332
40.226075545
40.2289968121
40.2318796972
40.2347248498
40.2375329058
40.2403044888
40.2430402097
40.2457406672
40.2484064479
40.2510381272
40.2536362689
40.2562014256
40.2587341393
40.2612349413
40.2637043526
40.2661428841
40.268551037
40.2709293027
40.2732781631
