12.17293
1.07706511075
1.07536307377
1.07370636487
1.07209277476
1.07052110344
1.06899042572
1.06749993721
1.06604889486
1.06463659203
1.06326234786
1.06192550257
1.06062541536
1.05936146322
1.05813304037
1.05693955773
1.05578044254
1.05465513805
1.05356310315
1.05250381207
1.05147675408
1.05048143315
1.04951736771
1.04858409029
1.04768114729
1.04680809866
1.04596451765
1.04514999051
1.04436411627
1.04360650642
1.04287678471
1.04217458687
1.04149956037
1.04085136419
1.04022966858
1.03963415482
1.03906451502
1.0385204519
1.03800167855
1.03750791825
1.03703890425
1.03659437956
1.03617409681
1.035777818
1.03540531432
1.03505636603
1.0347307622
1.03442830062
1.03414878756
1.03389203766
1.03365787374
1.03344612668
1.03325663522
1.03308924586
1.03294381267
1.03282019722
1.03271826836
1.03263790216
1.03257898173
1.03254139715
1.03252504528
1.0325298297
1.03255566056
1.03260245449
1.03267013447
1.03275862976
1.03286787576
1.0329978139
1.03314839161
1.03331956214
1.03351128454
1.03372352352
1.0339562494
1.03420943799
1.03448307054
1.03477713363
1.03509161914
1.03542652411
1.03578185071
1.03615760617
1.03655380268
1.03697045735
1.03740759213
1.03786523377
1.03834341719
1.0388421716
1.03936154114
1.03990157106
1.04046231108
1.04104381537
1.04164614246
1.04226935522
1.04291352079
1.04357871052
1.04426499994
1.04497246872
1.04570120059
1.04645128333
1.04722280869
1.0480158724
1.04883054436
1.04966698895
1.05052528089
1.05140553203
1.05230785752
1.05323237598
1.05417920963
1.05514848427
1.05614032926
1.0571548775
1.0581922654
1.05925263283
1.06033612307
1.06144288281
1.06257306209
1.06372681428
1.06490429599
1.06610566712
1.06733109075
1.06858073313
1.06985476364
1.07115335477
1.07247668205
1.07382495597
1.07519829266
1.07659691145
1.07802099888
1.07947074488
1.08094634238
1.08244798717
1.0839758778
1.08553021557
1.08711120441
1.08871905088
1.09035396414
1.09201615585
1.09370584016
1.09542323366
1.09716855535
1.09894202655
1.1007438709
1.1025743143
1.10443358481
1.10632191268
1.10823953024
1.11018667188
1.11216357397
1.11417047482
1.11620761465
1.11827523548
1.12037358112
1.12250289707
1.12466343051
1.12685543019
1.12907914642
1.13133483096
1.13362273697
1.13594311896
1.13829623273
1.14068233526
1.14310168469
1.14555454022
1.14804116206
1.15056181134
1.15311675005
1.15570624097
1.15833054758
1.160989934
1.1636846649
1.16641500543
1.16918122115
1.17198357792
1.17482234187
1.17769777925
1.18061015642
1.18355973972
1.1865467954
1.18957158954
1.19263438793
1.19573545605
1.19887505893
1.20205346108
1.20527092638
1.20852771804
1.21182409846
1.21516032917
1.21853667074
1.22195338266
1.22541072329
1.22890894974
1.23244831779
1.2360290818
1.23965149461
1.24331580746
1.24702226989
1.25077112967
1.25456263267
1.2583970228
1.26227454192
1.26619542973
