-0.20684679588
-0.0787909976638
-0.101818806488
-0.247615095068
-0.26249480321
-0.270703756698
-0.274461831205
-0.275608833724
-0.275569856941
-0.274493752694
-0.272946876109
-0.27112417109
-0.26913322262
-0.267036303352
-0.264871800846
-0.262665064867
-0.260433934333
-0.258191637953
-0.255948346898
-0.253712066107
-0.251489174837
-0.249284780308
-0.247102966115
-0.244946977599
-0.242819366639
-0.24072210834
-0.238656697018
-0.236624226125
-0.234625455289
-0.232660866781
-0.230730713154
-0.228835057469
-0.226973807271
-0.225146743237
-0.223353543339
-0.221593803169
-0.219867053026
-0.218172772243
-0.216510401184
-0.214879351245
-0.213279013192
-0.211708764071
-0.210167972913
-0.208656005441
-0.207172227902
-0.205716010195
-0.204286728386
-0.202883766718
-0.201506519193
-0.200154390799
-0.198826798443
-0.197523171632
-0.196242952954
-0.19498559839
-0.193750577483
-0.192537373397
-0.191345482883
-0.190174416169
-0.189023696796
-0.187892861398
-0.186781459451
-0.185689052999
-0.184615216346
-0.183559535747
-0.182521609082
-0.181501045528
-0.180497465222
-0.179510498935
-0.17853978774
-0.177584982688
-0.176645744488
-0.175721743194
-0.174812657902
-0.173918176451
-0.173037995136
-0.172171818427
-0.1713193587
-0.170480335971
-0.169654477648
-0.168841518283
-0.168041199341
-0.167253268968
-0.166477481776
-0.16571359863
-0.164961386449
-0.164220618009
-0.163491071755
-0.162772531622
-0.162064786861
-0.161367631872
-0.160680866044
-0.160004293602
-0.159337723452
-0.158680969049
-0.15803384825
-0.157396183184
-0.156767800129
-0.156148529382
-0.155538205149
-0.154936665423
-0.154343751881
-0.153759309773
-0.153183187826
-0.152615238139
-0.152055316093
-0.151503280101
-0.150958992155
-0.150422316779
-0.149893121595
-0.149371277079
-0.148856656482
-0.148349135762
-0.147848593508
-0.147354910869
-0.146867971494
-0.146387661458
-0.145913869209
-0.145446485499
-0.144985403329
-0.144530517895
-0.144081726527
-0.143638928637
-0.143202025674
-0.142770921063
-0.142345520165
-0.141925730227
-0.141511460335
-0.141102621371
-0.140699125969
-0.140300888477
-0.13990782491
-0.139519852916
-0.139136891734
-0.138758862162
-0.138385686513
-0.138017288588
-0.137653593637
-0.137294528328
-0.136940020713
-0.136590000197
-0.136244397511
-0.135903144676
-0.135566174981
-0.135233422948
-0.13490482431
-0.134580315982
-0.134259836038
-0.133943323679
-0.133630719216
-0.133321964042
-0.13301700061
-0.132715772407
-0.132418223939
-0.132124300702
-0.131833949164
-0.131547116745
-0.131263751797
-0.130983803583
-0.130707222259
-0.130433958856
-0.13016396526
-0.129897194195
-0.129633599209
-0.129373134651
-0.12911575566
-0.128861418147
-0.128610078778
-0.128361694961
-0.128116224829
-0.127873627228
-0.127633861701
-0.127396888473
-0.12716266844
-0.126931163153
-0.126702334809
-0.126476146234
-0.126252560873
-0.126031542777
-0.125813056593
-0.125597067549
-0.125383541447
-0.125172444648
-0.124963744063
-0.124757407144
-0.124553401869
-0.124351696738
-0.124152260759
-0.123955063438
-0.123760074774
-0.123567265244
-0.123376605797
-0.123188067847
-0.12300162326
-0.122817244348
-0.122634903862
-0.12245457498
-0.122276231304
-0.122099846847
-0.121925396031
-0.121752853674
-0.20684679588
-0.0787909976638
-0.101818806488
-0.247615095068
-0.26249480321
-0.270703756698
-0.274461831205
-0.275608833724
-0.275569856941
-0.274493752694
-0.272946876109
-0.27112417109
-0.26913322262
-0.267036303352
-0.264871800846
-0.262665064867
-0.260433934333
-0.258191637953
-0.255948346898
-0.253712066107
-0.251489174837
-0.249284780308
-0.247102966115
-0.244946977599
-0.242819366639
-0.24072210834
-0.238656697018
-0.236624226125
-0.234625455289
-0.232660866781
-0.230730713154
-0.228835057469
-0.226973807271
-0.225146743237
-0.223353543339
-0.221593803169
-0.219867053026
-0.218172772243
-0.216510401184
-0.214879351245
-0.213279013192
-0.211708764071
-0.210167972913
-0.208656005441
-0.207172227902
-0.205716010195
-0.204286728386
-0.202883766718
-0.201506519193
-0.200154390799
-0.198826798443
-0.197523171632
-0.196242952954
-0.19498559839
-0.193750577483
-0.192537373397
-0.191345482883
-0.190174416169
-0.189023696796
-0.187892861398
-0.186781459451
-0.185689052999
-0.184615216346
-0.183559535747
-0.182521609082
-0.181501045528
-0.180497465222
-0.179510498935
-0.17853978774
-0.177584982688
-0.176645744488
-0.175721743194
-0.174812657902
-0.173918176451
-0.173037995136
-0.172171818427
-0.1713193587
-0.170480335971
-0.169654477648
-0.168841518283
-0.168041199341
-0.167253268968
-0.166477481776
-0.16571359863
-0.164961386449
-0.164220618009
-0.163491071755
-0.162772531622
-0.162064786861
-0.161367631872
-0.160680866044
-0.160004293602
-0.159337723452
-0.158680969049
-0.15803384825
-0.157396183184
-0.156767800129
-0.156148529382
-0.155538205149
-0.154936665423
-0.154343751881
-0.153759309773
-0.153183187826
-0.152615238139
-0.152055316093
-0.151503280101
-0.150958992155
-0.150422316779
-0.149893121595
-0.149371277079
-0.148856656482
-0.148349135762
-0.147848593508
-0.147354910869
-0.146867971494
-0.146387661458
-0.145913869209
-0.145446485499
-0.144985403329
-0.144530517895
-0.144081726527
-0.143638928637
-0.143202025674
-0.142770921063
-0.142345520165
-0.141925730227
-0.141511460335
-0.141102621371
-0.140699125969
-0.140300888477
-0.13990782491
-0.139519852916
-0.139136891734
-0.138758862162
-0.138385686513
-0.138017288588
-0.137653593637
-0.137294528328
-0.136940020713
-0.136590000197
-0.136244397511
-0.135903144676
-0.135566174981
-0.135233422948
-0.13490482431
-0.134580315982
-0.134259836038
-0.133943323679
-0.133630719216
-0.133321964042
-0.13301700061
-0.132715772407
-0.132418223939
-0.132124300702
-0.131833949164
-0.131547116745
-0.131263751797
-0.130983803583
-0.130707222259
-0.130433958856
-0.13016396526
-0.129897194195
-0.129633599209
-0.129373134651
-0.12911575566
-0.128861418147
-0.128610078778
-0.128361694961
-0.128116224829
-0.127873627228
-0.127633861701
-0.127396888473
-0.12716266844
-0.126931163153
-0.126702334809
-0.126476146234
-0.126252560873
-0.126031542777
-0.125813056593
-0.125597067549
-0.125383541447
-0.125172444648
-0.124963744063
-0.124757407144
-0.124553401869
-0.124351696738
-0.124152260759
-0.123955063438
-0.123760074774
-0.123567265244
-0.123376605797
-0.123188067847
-0.12300162326
-0.122817244348
-0.122634903862
-0.12245457498
-0.122276231304
-0.122099846847
-0.121925396031
-0.121752853674
