-24.8435201394
15.8492142861
17.0037582255
18.1329276196
19.2382856137
20.3211815552
21.3828096535
22.4242331034
23.4464004895
24.4501595627
25.4362693917
26.4054111662
27.3581977957
28.295182417
29.2168659143
30.1237035471
31.0161107758
31.8944683664
32.7591268513
33.6104104166
34.4486202799
35.274037617
36.0869260921
36.887534038
37.6760963313
38.4528360004
39.2179656019
39.9716883966
40.7141993507
41.4456859893
42.166329121
42.8763034541
43.5757781189
44.2649171128
44.9438796782
45.6128206246
46.2718906054
46.9212363548
47.5610008939
48.1913237103
48.8123409164
49.4241853908
50.0269869055
50.6208722428
51.2059653032
51.7823872065
52.3502563885
52.9096886933
53.4607974628
54.0036936242
54.538485776
55.0652802726
55.5841813087
56.0952910018
56.5987094752
57.0945349398
57.5828637756
58.0637906117
58.5374084062
59.0038085244
59.4630808163
59.9153136921
60.3605941964
60.7990080806
61.2306398731
61.6555729477
62.0738895891
62.4856710563
62.8909976438
63.2899487389
63.6826028772
64.0690377947
64.4493304773
64.8235572064
65.1917936025
65.5541146648
65.9105948083
66.2613078974
66.6063272767
66.9457257987
67.2795758483
67.6079493651
67.9309178619
68.2485524415
68.5609238099
68.868102288
69.1701578198
69.4671599794
69.7591779751
70.046280652
70.3285364919
70.6060136124
70.8787797641
71.1469023256
71.4104482983
71.6694842991
71.9240765522
72.1742908803
72.4201926945
72.6618469837
72.8993183034
73.132670764
73.3619680185
73.5872732502
73.8086491603
74.0261579546
74.2398613316
74.4498204691
74.6560960118
74.8587480605
75.0578361557
75.2534192721
75.4455558023
75.6343035479
75.8197111048
76.001860942
76.1807830645
76.356541501
76.5291909417
76.6987854371
76.8653783849
77.0290225228
77.1897699229
77.3476719856
77.5027794358
77.6551423184
77.8048099949
77.9518311408
78.0963499593
78.2381243865
78.37749119
78.5143992003
78.6488936973
78.7810192238
78.910819625
79.0383380569
79.1636169898
79.2866982107
79.4076228265
79.5264312679
79.6431632926
79.7578579901
79.870553786
79.9812884473
80.0900990871
80.197022171
80.3020935223
80.4053483282
80.5068211468
80.6065459128
80.704555945
80.8008839531
80.8955620448
80.9886217331
81.0800939441
81.1700090242
81.258396748
81.3452863262
81.4307064133
81.5146851158
81.5972500001
81.6784281005
81.7582459274
81.8367294754
81.9139042316
81.9897951835
82.0644268274
82.1378231763
82.2100077681
82.2810036739
82.3508335057
82.4195194246
82.4870831488
82.5535459614
82.6189287182
82.6832518557
82.7465353988
82.8087989679
82.8700617873
82.9303426921
82.9896601358
83.0480321976
83.1054765895
83.1620106635
83.217651419
83.272415509
83.3263192475
83.3793786163
83.4316092711
83.4830265486
83.5336454728
83.583480761
83.6325468307
83.680857805
83.7284275192
83.7752695265
83.8213971038
83.8668232576
83.9115607294
83.9556220014
-24.8435201394
15.8492142861
17.0037582255
18.1329276196
19.2382856137
20.3211815552
21.3828096535
22.4242331034
23.4464004895
24.4501595627
25.4362693917
26.4054111662
27.3581977957
28.295182417
29.2168659143
30.1237035471
31.0161107758
31.8944683664
32.7591268513
33.6104104166
34.4486202799
35.274037617
36.0869260921
36.887534038
37.6760963313
38.4528360004
39.2179656019
39.9716883966
40.7141993507
41.4456859893
42.166329121
42.8763034541
43.5757781189
44.2649171128
44.9438796782
45.6128206246
46.2718906054
46.9212363548
47.5610008939
48.1913237103
48.8123409164
49.4241853908
50.0269869055
50.6208722428
51.2059653032
51.7823872065
52.3502563885
52.9096886933
53.4607974628
54.0036936242
54.538485776
55.0652802726
55.5841813087
56.0952910018
56.5987094752
57.0945349398
57.5828637756
58.0637906117
58.5374084062
59.0038085244
59.4630808163
59.9153136921
60.3605941964
60.7990080806
61.2306398731
61.6555729477
62.0738895891
62.4856710563
62.8909976438
63.2899487389
63.6826028772
64.0690377947
64.4493304773
64.8235572064
65.1917936025
65.5541146648
65.9105948083
66.2613078974
66.6063272767
66.9457257987
67.2795758483
67.6079493651
67.9309178619
68.2485524415
68.5609238099
68.868102288
69.1701578198
69.4671599794
69.7591779751
70.046280652
70.3285364919
70.6060136124
70.8787797641
71.1469023256
71.4104482983
71.6694842991
71.9240765522
72.1742908803
72.4201926945
72.6618469837
72.8993183034
73.132670764
73.3619680185
73.5872732502
73.8086491603
74.0261579546
74.2398613316
74.4498204691
74.6560960118
74.8587480605
75.0578361557
75.2534192721
75.4455558023
75.6343035479
75.8197111048
76.001860942
76.1807830645
76.356541501
76.5291909417
76.6987854371
76.8653783849
77.0290225228
77.1897699229
77.3476719856
77.5027794358
77.6551423184
77.8048099949
77.9518311408
78.0963499593
78.2381243865
78.37749119
78.5143992003
78.6488936973
78.7810192238
78.910819625
79.0383380569
79.1636169898
79.2866982107
79.4076228265
79.5264312679
79.6431632926
79.7578579901
79.870553786
79.9812884473
80.0900990871
80.197022171
80.3020935223
80.4053483282
80.5068211468
80.6065459128
80.704555945
80.8008839531
80.8955620448
80.9886217331
81.0800939441
81.1700090242
81.258396748
81.3452863262
81.4307064133
81.5146851158
81.5972500001
81.6784281005
81.7582459274
81.8367294754
81.9139042316
81.9897951835
82.0644268274
82.1378231763
82.2100077681
82.2810036739
82.3508335057
82.4195194246
82.4870831488
82.5535459614
82.6189287182
82.6832518557
82.7465353988
82.8087989679
82.8700617873
82.9303426921
82.9896601358
83.0480321976
83.1054765895
83.1620106635
83.217651419
83.272415509
83.3263192475
83.3793786163
83.4316092711
83.4830265486
83.5336454728
83.583480761
83.6325468307
83.680857805
83.7284275192
83.7752695265
83.8213971038
83.8668232576
83.9115607294
83.9556220014
-24.8435201394
15.8492142861
17.0037582255
18.1329276196
19.2382856137
20.3211815552
21.3828096535
22.4242331034
23.4464004895
24.4501595627
25.4362693917
26.4054111662
27.3581977957
28.295182417
29.2168659143
30.1237035471
31.0161107758
31.8944683664
32.7591268513
33.6104104166
34.4486202799
35.274037617
36.0869260921
36.887534038
37.6760963313
38.4528360004
39.2179656019
39.9716883966
40.7141993507
41.4456859893
42.166329121
42.8763034541
43.5757781189
44.2649171128
44.9438796782
45.6128206246
46.2718906054
46.9212363548
47.5610008939
48.1913237103
48.8123409164
49.4241853908
50.0269869055
50.6208722428
51.2059653032
51.7823872065
52.3502563885
52.9096886933
53.4607974628
54.0036936242
54.538485776
55.0652802726
55.5841813087
56.0952910018
56.5987094752
57.0945349398
57.5828637756
58.0637906117
58.5374084062
59.0038085244
59.4630808163
59.9153136921
60.3605941964
60.7990080806
61.2306398731
61.6555729477
62.0738895891
62.4856710563
62.8909976438
63.2899487389
63.6826028772
64.0690377947
64.4493304773
64.8235572064
65.1917936025
65.5541146648
65.9105948083
66.2613078974
66.6063272767
66.9457257987
67.2795758483
67.6079493651
67.9309178619
68.2485524415
68.5609238099
68.868102288
69.1701578198
69.4671599794
69.7591779751
70.046280652
70.3285364919
70.6060136124
70.8787797641
71.1469023256
71.4104482983
71.6694842991
71.9240765522
72.1742908803
72.4201926945
72.6618469837
72.8993183034
73.132670764
73.3619680185
73.5872732502
73.8086491603
74.0261579546
74.2398613316
74.4498204691
74.6560960118
74.8587480605
75.0578361557
75.2534192721
75.4455558023
75.6343035479
75.8197111048
76.001860942
76.1807830645
76.356541501
76.5291909417
76.6987854371
76.8653783849
77.0290225228
77.1897699229
77.3476719856
77.5027794358
77.6551423184
77.8048099949
77.9518311408
78.0963499593
78.2381243865
78.37749119
78.5143992003
78.6488936973
78.7810192238
78.910819625
79.0383380569
79.1636169898
79.2866982107
79.4076228265
79.5264312679
79.6431632926
79.7578579901
79.870553786
79.9812884473
80.0900990871
80.197022171
80.3020935223
80.4053483282
80.5068211468
80.6065459128
80.704555945
80.8008839531
80.8955620448
80.9886217331
81.0800939441
81.1700090242
81.258396748
81.3452863262
81.4307064133
81.5146851158
81.5972500001
81.6784281005
81.7582459274
81.8367294754
81.9139042316
81.9897951835
82.0644268274
82.1378231763
82.2100077681
82.2810036739
82.3508335057
82.4195194246
82.4870831488
82.5535459614
82.6189287182
82.6832518557
82.7465353988
82.8087989679
82.8700617873
82.9303426921
82.9896601358
83.0480321976
83.1054765895
83.1620106635
83.217651419
83.272415509
83.3263192475
83.3793786163
83.4316092711
83.4830265486
83.5336454728
83.583480761
83.6325468307
83.680857805
83.7284275192
83.7752695265
83.8213971038
83.8668232576
83.9115607294
83.9556220014
