0.487082043223
-0.0229230406177
-0.0208226283603
-0.0188212433566
-0.0169142223295
-0.0150971228715
-0.0133657128781
-0.0117159604882
-0.0101440245141
-0.00864624533462
-0.00721913623082
-0.00585937514111
-0.00456379681511
-0.00332938534693
-0.00215326706882
-0.00103270378766
3.49136527209e-05
0.00105207149938
0.00202113892334
0.00294437443773
0.00382392996529
0.004661854113
0.0054601006943
0.00622053167154
0.00694492150025
0.00763496126583
0.00829226262263
0.00891836154522
0.0095147219007
0.0100827388509
0.0106237420925
0.0111389989432
0.0116297172811
0.0120970483443
0.0125420893978
0.0129658862737
0.0133694357911
0.0137536880612
0.0141195486834
0.0144678808372
0.0147995072753
0.0151152122226
0.0154157431849
0.0157018126731
0.0159740998451
0.0162332520708
0.0164798864228
0.0167145910975
0.0169379267685
0.0171504278767
0.0173526038593
0.0175449403219
0.0177279001537
0.0179019245922
0.0180674342364
0.0182248300132
0.0183744940979
0.0185167907917
0.0186520673582
0.0187806548201
0.0189028687191
0.0190190098397
0.0191293648992
0.0192342072056
0.0193337972843
0.0194283834754
0.0195182025035
0.0196034800204
0.0196844311224
0.0197613594032
0.0198341595077
0.0199033240202
0.0199689264337
0.0200311360238
0.0200901141439
0.020146014595
0.0201989839783
0.0202491620312
0.0202966819482
0.0203416706863
0.0203842492561
0.0204245329997
0.0204626318551
0.0204986506087
0.0205326891357
0.0205648426292
0.0205952018191
0.0206238531803
0.0206508791312
0.0206763582231
0.0207003653211
0.0207229717754
0.0207442455861
0.0207642515592
0.0207830514558
0.0208007041344
0.0208172656859
0.0208327895634
0.0208473267051
0.0208609256515
0.0208736326579
0.0208854918004
0.0208965450782
0.0209067934102
0.0209163546184
0.0209252243744
0.0209334372981
0.020941026374
0.0209480230277
0.0209544571984
0.0209603574085
0.0209657508302
0.0209706633477
0.0209751196184
0.0209791431296
0.0209827562534
0.0209859802988
0.0209888355616
0.0209913413716
0.0209935161378
0.0209953773915
0.0209969418275
0.0209982253431
0.0209992430754
0.0210000094371
0.0210005381501
0.0210008422784
0.0210009342582
0.021000825928
0.021000528556
0.0210000528675
0.0209994090698
0.0209986068768
0.020997655532
0.0209965638306
0.0209953401407
0.0209939924233
0.0209925282512
0.0209909548276
0.0209892790032
0.0209875072929
0.0209856458916
0.0209837006891
0.0209816772849
0.0209795810014
0.020977416897
0.0209751897791
0.0209729042151
0.0209705645445
0.0209681748891
0.0209657391636
0.0209632610853
0.0209607441835
0.0209581918083
0.0209556071391
0.0209529931928
0.0209503528313
0.0209476887691
0.0209450035802
0.0209422997047
0.0209395794552
0.0209368450231
0.0209340984839
0.0209313418033
0.0209285768421
0.020925805361
0.0209230290261
0.0209202494125
0.0209174680097
0.0209146862247
0.0209119053866
0.0209091267503
0.0209063514998
0.0209035807518
0.0209008155589
0.0208980569128
0.0208953057472
0.0208925629405
0.0208898293185
0.0208871056574
0.0208843926854
0.0208816910859
0.0208790014991
0.0208763245243
0.020873660722
0.0208710106158
0.0208683746942
0.020865753412
0.0208631471927
0.0208605974036
0.0208580221542
0.0208554220737
0.0208528795638
0.020850353855
0.020847845203
0.0208453538425
0.0208428799882
0.0208404238358
0.0208379855631
0.0208355653306
0.487082043223
-0.0229230406177
-0.0208226283603
-0.0188212433566
-0.0169142223295
-0.0150971228715
-0.0133657128781
-0.0117159604882
-0.0101440245141
-0.00864624533462
-0.00721913623082
-0.00585937514111
-0.00456379681511
-0.00332938534693
-0.00215326706882
-0.00103270378766
3.49136527209e-05
0.00105207149938
0.00202113892334
0.00294437443773
0.00382392996529
0.004661854113
0.0054601006943
0.00622053167154
0.00694492150025
0.00763496126583
0.00829226262263
0.00891836154522
0.0095147219007
0.0100827388509
0.0106237420925
0.0111389989432
0.0116297172811
0.0120970483443
0.0125420893978
0.0129658862737
0.0133694357911
0.0137536880612
0.0141195486834
0.0144678808372
0.0147995072753
0.0151152122226
0.0154157431849
0.0157018126731
0.0159740998451
0.0162332520708
0.0164798864228
0.0167145910975
0.0169379267685
0.0171504278767
0.0173526038593
0.0175449403219
0.0177279001537
0.0179019245922
0.0180674342364
0.0182248300132
0.0183744940979
0.0185167907917
0.0186520673582
0.0187806548201
0.0189028687191
0.0190190098397
0.0191293648992
0.0192342072056
0.0193337972843
0.0194283834754
0.0195182025035
0.0196034800204
0.0196844311224
0.0197613594032
0.0198341595077
0.0199033240202
0.0199689264337
0.0200311360238
0.0200901141439
0.020146014595
0.0201989839783
0.0202491620312
0.0202966819482
0.0203416706863
0.0203842492561
0.0204245329997
0.0204626318551
0.0204986506087
0.0205326891357
0.0205648426292
0.0205952018191
0.0206238531803
0.0206508791312
0.0206763582231
0.0207003653211
0.0207229717754
0.0207442455861
0.0207642515592
0.0207830514558
0.0208007041344
0.0208172656859
0.0208327895634
0.0208473267051
0.0208609256515
0.0208736326579
0.0208854918004
0.0208965450782
0.0209067934102
0.0209163546184
0.0209252243744
0.0209334372981
0.020941026374
0.0209480230277
0.0209544571984
0.0209603574085
0.0209657508302
0.0209706633477
0.0209751196184
0.0209791431296
0.0209827562534
0.0209859802988
0.0209888355616
0.0209913413716
0.0209935161378
0.0209953773915
0.0209969418275
0.0209982253431
0.0209992430754
0.0210000094371
0.0210005381501
0.0210008422784
0.0210009342582
0.021000825928
0.021000528556
0.0210000528675
0.0209994090698
0.0209986068768
0.020997655532
0.0209965638306
0.0209953401407
0.0209939924233
0.0209925282512
0.0209909548276
0.0209892790032
0.0209875072929
0.0209856458916
0.0209837006891
0.0209816772849
0.0209795810014
0.020977416897
0.0209751897791
0.0209729042151
0.0209705645445
0.0209681748891
0.0209657391636
0.0209632610853
0.0209607441835
0.0209581918083
0.0209556071391
0.0209529931928
0.0209503528313
0.0209476887691
0.0209450035802
0.0209422997047
0.0209395794552
0.0209368450231
0.0209340984839
0.0209313418033
0.0209285768421
0.020925805361
0.0209230290261
0.0209202494125
0.0209174680097
0.0209146862247
0.0209119053866
0.0209091267503
0.0209063514998
0.0209035807518
0.0209008155589
0.0208980569128
0.0208953057472
0.0208925629405
0.0208898293185
0.0208871056574
0.0208843926854
0.0208816910859
0.0208790014991
0.0208763245243
0.020873660722
0.0208710106158
0.0208683746942
0.020865753412
0.0208631471927
0.0208605974036
0.0208580221542
0.0208554220737
0.0208528795638
0.020850353855
0.020847845203
0.0208453538425
0.0208428799882
0.0208404238358
0.0208379855631
0.0208355653306
0.487082043223
-0.0229230406177
-0.0208226283603
-0.0188212433566
-0.0169142223295
-0.0150971228715
-0.0133657128781
-0.0117159604882
-0.0101440245141
-0.00864624533462
-0.00721913623082
-0.00585937514111
-0.00456379681511
-0.00332938534693
-0.00215326706882
-0.00103270378766
3.49136527209e-05
0.00105207149938
0.00202113892334
0.00294437443773
0.00382392996529
0.004661854113
0.0054601006943
0.00622053167154
0.00694492150025
0.00763496126583
0.00829226262263
0.00891836154522
0.0095147219007
0.0100827388509
0.0106237420925
0.0111389989432
0.0116297172811
0.0120970483443
0.0125420893978
0.0129658862737
0.0133694357911
0.0137536880612
0.0141195486834
0.0144678808372
0.0147995072753
0.0151152122226
0.0154157431849
0.0157018126731
0.0159740998451
0.0162332520708
0.0164798864228
0.0167145910975
0.0169379267685
0.0171504278767
0.0173526038593
0.0175449403219
0.0177279001537
0.0179019245922
0.0180674342364
0.0182248300132
0.0183744940979
0.0185167907917
0.0186520673582
0.0187806548201
0.0189028687191
0.0190190098397
0.0191293648992
0.0192342072056
0.0193337972843
0.0194283834754
0.0195182025035
0.0196034800204
0.0196844311224
0.0197613594032
0.0198341595077
0.0199033240202
0.0199689264337
0.0200311360238
0.0200901141439
0.020146014595
0.0201989839783
0.0202491620312
0.0202966819482
0.0203416706863
0.0203842492561
0.0204245329997
0.0204626318551
0.0204986506087
0.0205326891357
0.0205648426292
0.0205952018191
0.0206238531803
0.0206508791312
0.0206763582231
0.0207003653211
0.0207229717754
0.0207442455861
0.0207642515592
0.0207830514558
0.0208007041344
0.0208172656859
0.0208327895634
0.0208473267051
0.0208609256515
0.0208736326579
0.0208854918004
0.0208965450782
0.0209067934102
0.0209163546184
0.0209252243744
0.0209334372981
0.020941026374
0.0209480230277
0.0209544571984
0.0209603574085
0.0209657508302
0.0209706633477
0.0209751196184
0.0209791431296
0.0209827562534
0.0209859802988
0.0209888355616
0.0209913413716
0.0209935161378
0.0209953773915
0.0209969418275
0.0209982253431
0.0209992430754
0.0210000094371
0.0210005381501
0.0210008422784
0.0210009342582
0.021000825928
0.021000528556
0.0210000528675
0.0209994090698
0.0209986068768
0.020997655532
0.0209965638306
0.0209953401407
0.0209939924233
0.0209925282512
0.0209909548276
0.0209892790032
0.0209875072929
0.0209856458916
0.0209837006891
0.0209816772849
0.0209795810014
0.020977416897
0.0209751897791
0.0209729042151
0.0209705645445
0.0209681748891
0.0209657391636
0.0209632610853
0.0209607441835
0.0209581918083
0.0209556071391
0.0209529931928
0.0209503528313
0.0209476887691
0.0209450035802
0.0209422997047
0.0209395794552
0.0209368450231
0.0209340984839
0.0209313418033
0.0209285768421
0.020925805361
0.0209230290261
0.0209202494125
0.0209174680097
0.0209146862247
0.0209119053866
0.0209091267503
0.0209063514998
0.0209035807518
0.0209008155589
0.0208980569128
0.0208953057472
0.0208925629405
0.0208898293185
0.0208871056574
0.0208843926854
0.0208816910859
0.0208790014991
0.0208763245243
0.020873660722
0.0208710106158
0.0208683746942
0.020865753412
0.0208631471927
0.0208605974036
0.0208580221542
0.0208554220737
0.0208528795638
0.020850353855
0.020847845203
0.0208453538425
0.0208428799882
0.0208404238358
0.0208379855631
0.0208355653306
