9.73847
5.30151317978
5.32041889686
5.33871327819
5.35642128241
5.37357683845
5.39021269518
5.40635944486
5.42204559382
5.43729773595
5.45214072054
5.46659780395
5.48069078584
5.4944401315
5.50786508222
5.52098375473
5.53381323127
5.54636964111
5.55866823466
5.57072345082
5.58254897838
5.59415781203
5.60556230363
5.61677420916
5.62780473168
5.63866456097
5.64936390986
5.65991254776
5.67031983163
5.68059473448
5.69074587189
5.70078152646
5.71070967054
5.7205379873
5.73027389037
5.73992454205
5.74949687036
5.75899758713
5.76843318856
5.77780999822
5.78713415528
5.79641163416
5.80564825579
5.81484969828
5.82402150682
5.83316910309
5.84229779394
5.85141277969
5.86051916177
5.86962195002
5.87872606947
5.8878363667
5.89695761582
5.90609452407
5.91525173705
5.92443384363
5.93364538047
5.94289083628
5.95217465579
5.96150124334
5.97087496626
5.98030015792
5.98978112057
5.99932212783
6.00892742694
6.0186012408
6.02834776968
6.03817119269
6.04807566903
6.0580653389
6.06814432423
6.07831672908
6.08858663981
6.09895812501
6.10943523506
6.12002200147
6.130722436
6.14154052935
6.15248024967
6.16354554071
6.1747403197
6.18606847488
6.19753386273
6.20914030487
6.22089158462
6.23279144321
6.24484357566
6.2570516263
6.2694191839
6.28194977647
6.29464686568
6.30751384087
6.3205540127
6.33377060644
6.34716675481
6.3607454905
6.37450973826
6.3884623066
6.40260587915
6.41694300559
6.43147609223
6.44620739227
6.46113899565
6.4762728186
6.4916105929
6.50715385475
6.52290393351
6.53886194009
6.55502875514
6.57140501714
6.58799111024
6.60478715207
6.62179298154
6.6390081465
6.65643189163
6.67406314633
6.69190051282
6.70994225452
6.7281862847
6.7466301556
6.76527104796
6.78410576115
6.80313070397
6.82234188618
6.84173491084
6.86130496762
6.88104682716
6.90095483649
6.92102291574
6.94124455614
6.96161281945
6.9821207663
7.00275975197
6.90755656364
6.92868743034
6.69857119447
6.7344715108
6.77025827056
6.80590802523
6.84140137854
6.87671904187
6.91184150402
6.94692386812
6.98317980387
7.01919929459
7.05496052173
7.09044164267
7.12562135426
7.1604787783
7.19499363497
7.22914636255
7.26291823624
7.29629148527
7.32924940793
7.3617764839
7.39385848358
7.42548257417
7.45663742233
7.48731329353
7.51750214837
7.54719773622
7.5763956871
7.60509360252
7.6332911469
7.66099014089
7.68819465896
7.71491113363
7.74114846938
7.76691817015
7.79223448479
7.81711457596
7.84157871905
7.8656505393
7.88935729674
7.91273023127
7.93580498275
7.95862210507
7.98122769766
8.00367418485
8.02602128152
8.04833719528
8.07070013077
8.09320018299
8.11594173557
8.13904652155
8.16265756214
8.18694428356
8.21210923563
8.23839702036
8.26610632044
8.29560635637
8.3273598031
8.36195535289
8.40015507775
8.44296522093
8.49174546982
8.54838427167
8.61559370745
8.69743565575
8.80033510369
