-1059.632953
-755.432265396
-754.495618262
-753.563259991
-752.635219474
-751.711427263
-750.791769568
-749.876113859
-748.964319748
-748.056243607
-747.151740589
-746.250665541
-745.352873466
-744.458219786
-743.566560513
-742.677752383
-741.791652971
-740.90812078
-740.02701534
-739.148197277
-738.271528393
-737.396871729
-736.52409162
-735.653053758
-734.78362523
-733.915674566
-733.049071776
-732.183688382
-731.319397444
-730.45607359
-729.593593031
-728.731833579
-727.870674659
-727.009997323
-726.149684251
-725.289619759
-724.429689798
-723.569781954
-722.709785444
-721.849591111
-720.989091416
-720.12818043
-719.266753819
-718.404708839
-717.541944315
-716.678360631
-715.813859709
-714.948344999
-714.081721455
-713.213895519
-712.344775101
-711.474269559
-710.602289679
-709.728747655
-708.853557064
-707.97663285
-707.097891299
-706.217250016
-705.334627906
-704.449945152
-703.563123191
-702.674084694
-701.782754727
-700.889056011
-699.99291595
-699.094261934
-698.19302248
-697.289127212
-696.382506839
-695.473093137
-694.56081893
-693.645618071
-692.727425422
-691.80617684
-690.881809155
-689.954260156
-689.023468573
-688.089374062
-687.151917192
-686.211039426
-685.266683107
-684.31879145
-683.367308524
-682.412179239
-681.45334934
-680.49076539
-679.524374761
-678.554125628
-677.579966955
-676.601848487
-675.619720746
-674.63353502
-673.643243359
-672.648798564
-671.65015419
-670.647264535
-669.640084636
-668.62857027
-667.612677949
-666.592364915
-665.567589144
-664.538309341
-663.504484945
-662.466076121
-661.423043771
-660.375349527
-659.322955761
-658.265825582
-657.203922844
-656.137212147
-655.065658845
-653.989229046
-652.907889627
-651.82160823
-650.730353277
-649.634093976
-648.532800326
-647.42644313
-646.314994
-645.198425372
-644.076710511
-642.949823527
-641.817739381
-640.6804339
-639.537871927
-638.39005399
-637.236947938
-636.078532942
-634.914789247
-633.745698099
-632.571241728
-631.391403352
-630.206167179
-629.015518426
-627.819443332
-626.617929172
-625.410964273
-624.198538036
-622.980640944
-621.757264586
-620.52840167
-619.294046043
-618.054192704
-616.808837828
-615.557978776
-614.301614119
-613.039743651
-611.772368407
-610.499490684
-609.221114054
-607.937243382
-606.647884846
-605.353045949
-604.05273554
-602.74696383
-601.435742404
-600.119084243
-598.797003735
-597.469516691
-596.136640363
-594.798393454
-593.454796136
-592.10587006
-590.751648404
-589.39213644
-588.027369307
-586.657374922
-585.282182617
-583.901823221
-582.516329101
-581.125734183
-579.730073964
-578.329385524
-576.92370753
-575.513080247
-574.097545536
-572.677146866
-571.251929308
-569.821939544
-568.387225865
-566.947838171
-565.503827969
-564.055248376
-562.602154107
-561.144601479
-559.682648401
-558.216354372
-556.745780467
-555.270989335
-553.792045185
-552.309013777
-550.821962408
-549.330959904
-547.836076598
-546.33738432
-544.834956379
-543.328867543
-541.819194025
-540.306013457
-538.78940487
-1059.632953
-755.432265396
-754.495618262
-753.563259991
-752.635219474
-751.711427263
-750.791769568
-749.876113859
-748.964319748
-748.056243607
-747.151740589
-746.250665541
-745.352873466
-744.458219786
-743.566560513
-742.677752383
-741.791652971
-740.90812078
-740.02701534
-739.148197277
-738.271528393
-737.396871729
-736.52409162
-735.653053758
-734.78362523
-733.915674566
-733.049071776
-732.183688382
-731.319397444
-730.45607359
-729.593593031
-728.731833579
-727.870674659
-727.009997323
-726.149684251
-725.289619759
-724.429689798
-723.569781954
-722.709785444
-721.849591111
-720.989091416
-720.12818043
-719.266753819
-718.404708839
-717.541944315
-716.678360631
-715.813859709
-714.948344999
-714.081721455
-713.213895519
-712.344775101
-711.474269559
-710.602289679
-709.728747655
-708.853557064
-707.97663285
-707.097891299
-706.217250016
-705.334627906
-704.449945152
-703.563123191
-702.674084694
-701.782754727
-700.889056011
-699.99291595
-699.094261934
-698.19302248
-697.289127212
-696.382506839
-695.473093137
-694.56081893
-693.645618071
-692.727425422
-691.80617684
-690.881809155
-689.954260156
-689.023468573
-688.089374062
-687.151917192
-686.211039426
-685.266683107
-684.31879145
-683.367308524
-682.412179239
-681.45334934
-680.49076539
-679.524374761
-678.554125628
-677.579966955
-676.601848487
-675.619720746
-674.63353502
-673.643243359
-672.648798564
-671.65015419
-670.647264535
-669.640084636
-668.62857027
-667.612677949
-666.592364915
-665.567589144
-664.538309341
-663.504484945
-662.466076121
-661.423043771
-660.375349527
-659.322955761
-658.265825582
-657.203922844
-656.137212147
-655.065658845
-653.989229046
-652.907889627
-651.82160823
-650.730353277
-649.634093976
-648.532800326
-647.42644313
-646.314994
-645.198425372
-644.076710511
-642.949823527
-641.817739381
-640.6804339
-639.537871927
-638.39005399
-637.236947938
-636.078532942
-634.914789247
-633.745698099
-632.571241728
-631.391403352
-630.206167179
-629.015518426
-627.819443332
-626.617929172
-625.410964273
-624.198538036
-622.980640944
-621.757264586
-620.52840167
-619.294046043
-618.054192704
-616.808837828
-615.557978776
-614.301614119
-613.039743651
-611.772368407
-610.499490684
-609.221114054
-607.937243382
-606.647884846
-605.353045949
-604.05273554
-602.74696383
-601.435742404
-600.119084243
-598.797003735
-597.469516691
-596.136640363
-594.798393454
-593.454796136
-592.10587006
-590.751648404
-589.39213644
-588.027369307
-586.657374922
-585.282182617
-583.901823221
-582.516329101
-581.125734183
-579.730073964
-578.329385524
-576.92370753
-575.513080247
-574.097545536
-572.677146866
-571.251929308
-569.821939544
-568.387225865
-566.947838171
-565.503827969
-564.055248376
-562.602154107
-561.144601479
-559.682648401
-558.216354372
-556.745780467
-555.270989335
-553.792045185
-552.309013777
-550.821962408
-549.330959904
-547.836076598
-546.33738432
-544.834956379
-543.328867543
-541.819194025
-540.306013457
-538.78940487
-1059.632953
-755.432265396
-754.495618262
-753.563259991
-752.635219474
-751.711427263
-750.791769568
-749.876113859
-748.964319748
-748.056243607
-747.151740589
-746.250665541
-745.352873466
-744.458219786
-743.566560513
-742.677752383
-741.791652971
-740.90812078
-740.02701534
-739.148197277
-738.271528393
-737.396871729
-736.52409162
-735.653053758
-734.78362523
-733.915674566
-733.049071776
-732.183688382
-731.319397444
-730.45607359
-729.593593031
-728.731833579
-727.870674659
-727.009997323
-726.149684251
-725.289619759
-724.429689798
-723.569781954
-722.709785444
-721.849591111
-720.989091416
-720.12818043
-719.266753819
-718.404708839
-717.541944315
-716.678360631
-715.813859709
-714.948344999
-714.081721455
-713.213895519
-712.344775101
-711.474269559
-710.602289679
-709.728747655
-708.853557064
-707.97663285
-707.097891299
-706.217250016
-705.334627906
-704.449945152
-703.563123191
-702.674084694
-701.782754727
-700.889056011
-699.99291595
-699.094261934
-698.19302248
-697.289127212
-696.382506839
-695.473093137
-694.56081893
-693.645618071
-692.727425422
-691.80617684
-690.881809155
-689.954260156
-689.023468573
-688.089374062
-687.151917192
-686.211039426
-685.266683107
-684.31879145
-683.367308524
-682.412179239
-681.45334934
-680.49076539
-679.524374761
-678.554125628
-677.579966955
-676.601848487
-675.619720746
-674.63353502
-673.643243359
-672.648798564
-671.65015419
-670.647264535
-669.640084636
-668.62857027
-667.612677949
-666.592364915
-665.567589144
-664.538309341
-663.504484945
-662.466076121
-661.423043771
-660.375349527
-659.322955761
-658.265825582
-657.203922844
-656.137212147
-655.065658845
-653.989229046
-652.907889627
-651.82160823
-650.730353277
-649.634093976
-648.532800326
-647.42644313
-646.314994
-645.198425372
-644.076710511
-642.949823527
-641.817739381
-640.6804339
-639.537871927
-638.39005399
-637.236947938
-636.078532942
-634.914789247
-633.745698099
-632.571241728
-631.391403352
-630.206167179
-629.015518426
-627.819443332
-626.617929172
-625.410964273
-624.198538036
-622.980640944
-621.757264586
-620.52840167
-619.294046043
-618.054192704
-616.808837828
-615.557978776
-614.301614119
-613.039743651
-611.772368407
-610.499490684
-609.221114054
-607.937243382
-606.647884846
-605.353045949
-604.05273554
-602.74696383
-601.435742404
-600.119084243
-598.797003735
-597.469516691
-596.136640363
-594.798393454
-593.454796136
-592.10587006
-590.751648404
-589.39213644
-588.027369307
-586.657374922
-585.282182617
-583.901823221
-582.516329101
-581.125734183
-579.730073964
-578.329385524
-576.92370753
-575.513080247
-574.097545536
-572.677146866
-571.251929308
-569.821939544
-568.387225865
-566.947838171
-565.503827969
-564.055248376
-562.602154107
-561.144601479
-559.682648401
-558.216354372
-556.745780467
-555.270989335
-553.792045185
-552.309013777
-550.821962408
-549.330959904
-547.836076598
-546.33738432
-544.834956379
-543.328867543
-541.819194025
-540.306013457
-538.78940487
