17.05556
15.1221982151
15.1161300108
15.1094243519
15.1021126571
15.0942084616
15.0857223283
15.0766636696
15.0670410231
15.0568621405
15.046134049
15.0348631033
15.0230550329
15.0107149839
14.9978475582
14.9844568471
14.9705464637
14.9561195715
14.9411789102
14.9257268204
14.9097652651
14.8932958507
14.8763198452
14.858838196
14.8408515458
14.822360248
14.8033643804
14.7838637588
14.7638579492
14.7433462796
14.7223278512
14.7008015489
14.6787660518
14.6562198423
14.6331612161
14.6095882911
14.5854990161
14.5608913163
14.5357625539
14.5101103594
14.4839320903
14.4572249769
14.4299861306
14.4022125518
14.3739011382
14.345048693
14.3156519331
14.2857074979
14.2552119574
14.2241618209
14.1925535463
14.1603835487
14.12764821
14.0943438881
14.0604669269
14.0260136661
13.9909804518
13.9553636466
13.9191596411
13.8823648646
13.844975797
13.8069889804
13.7684010319
13.7292086557
13.6894086562
13.6489979519
13.6079735884
13.5663327532
13.5240727903
13.4811912146
13.437685728
13.3935542345
13.348794857
13.3034059534
13.2573861337
13.2107342773
13.1634495505
13.1155314246
13.0669796942
13.0177944956
12.9679763258
12.9175260614
12.866444978
12.8147347696
12.7623975682
12.7094359631
12.6558530212
12.601652306
12.5468378978
12.4914144124
12.4353870213
12.3787614697
12.3215440962
12.26374185
12.2053623096
12.1464136994
12.0869049065
12.0268454965
11.9662457286
11.9051165691
11.8434697052
11.7813175561
11.7186732844
11.6555508047
11.591964792
11.5279306875
11.4634647038
11.3985838276
11.3333058205
11.2676492186
11.201633329
11.1352782252
11.0686047394
11.001634453
10.9343896846
10.8668934753
10.7991695722
10.7312424079
10.6631370793
10.5948793219
10.5264954828
10.4580124905
10.3894578216
10.3208594658
10.2522458875
10.1836459855
10.1150890491
10.0466047135
9.9782229112
9.90997382212
9.84188782162
9.77399561554
9.7063274357
9.5601894348
9.49369476308
10.0840670501
9.9726693014
9.8631814477
9.75562693298
9.650024328
9.54638953566
9.44473597924
9.34522628493
9.24892485867
9.15462859132
9.06234206959
8.97206737717
8.88380384338
8.79754809979
8.71329408471
8.63103305516
8.55075360583
8.47244169451
8.39608067332
8.32165132509
8.24913190388
8.17849817881
8.10972347984
8.04277874438
7.9776325631
7.91425122348
7.85259874904
7.79263693243
7.73432535983
7.67762142428
7.62248032474
7.56885504778
7.51669632784
7.46595258157
7.4165698112
7.36849147055
7.3216582864
7.27600802644
7.23147520297
7.18799069936
7.14548130304
7.10386912493
7.06307088013
7.02299699803
6.98355052103
6.94462573985
6.90610649735
6.867864072
6.82975452344
6.79161534273
6.75326119437
6.71447845838
6.6750181673
6.63458676626
6.59283387626
6.54933586138
6.50357340848
6.45490037724
6.40249960281
6.34531862774
6.28197348996
6.21059955128
6.1286100286
6.03228328815
5.91600574031
