0.000344236969673
0.000341995577589
0.000340848171578
0.000340451320835
0.000340528543182
0.000340877002849
0.000341356695701
0.000341875698351
0.000342376674366
0.000342826127742
0.000343206437044
0.000343510210022
0.000343736409179
0.000343887760502
0.000343969060398
0.000343986095687
0.000343944973662
0.000343851721556
0.000343712060061
0.000343531287186
0.000343314230544
0.000343065240827
0.000342788145159
0.000342486492877
0.000342163341132
0.000341821394653
0.000341463041212
0.00034109038522
0.000340705279185
0.000340309352545
0.00033990403773
0.00033949059349
0.000339070125652
0.000338643695809
0.000338212027224
0.000337775886183
0.000337335940521
0.000336892773262
0.000336446894478
0.000335998751002
0.000335548734585
0.0003350971844
0.000334644412783
0.000334190677003
0.000333736209555
0.00033328121437
0.00033282587031
0.000332370334259
0.000331914743821
0.000331459219675
0.000331003867641
0.000330548780488
0.000330094039527
0.000329639716
0.000329185872306
0.000328732563078
0.000328279836121
0.000327827733248
0.000327376291004
0.000326925541305
0.000326475512004
0.000326026227379
0.00032557770857
0.000325129973961
0.000324683039512
0.000324236919052
0.000323791624543
0.000323347166299
0.000322903553191
0.000322460792821
0.000322018891674
0.000321577855256
0.000321137688211
0.000320698394425
0.000320259977119
0.000319822438928
0.000319385781973
0.000318950007926
0.000318515118057
0.00031808111329
0.00031764799424
0.000317215761254
0.000316784414441
0.000316353953699
0.000315924378746
0.000315495689137
0.000315067884285
0.000314640963477
0.000314214925893
0.000313789770614
0.000313365496637
0.000312942102884
0.000312519588211
0.000312097951417
0.000311677191248
0.000311257306406
0.000310838295556
0.000310420157323
0.000310002890306
0.000309586493075
0.000312228018262
0.000315496606053
0.000319077668319
0.000322809263269
0.000326603978382
0.000330414216398
0.000334213779756
0.000337988033573
0.000341728634299
0.000345430696675
0.000349091266121
0.000352708491544
0.000356281174726
0.000359808522655
0.000363290009464
0.000366725297926
0.000370114193315
0.000373456615058
0.000376752578328
0.000380002181211
0.000383205595105
0.000386363057085
0.000389474863484
0.000392541364306
0.000395562958226
0.000398540088042
0.000401473236489
0.000404362922361
0.000407209696912
0.000410014140483
0.000412776859365
0.000415498482857
0.000418179660511
0.000420821059562
0.000423423362517
0.0004259872649
0.000428513473146
0.000431002702639
0.000433455675868
0.000435873120726
0.000438255768909
0.000440604354444
0.000442919612315
0.000445202277186
0.00044745308223
0.000449672758046
0.000451862031655
0.000454021625587
0.000456152257041
0.000458254637118
0.000460329470126
0.000462377452944
0.000464399274458
0.000466395615041
0.000468367146102
0.000470314529674
0.000472238418059
0.000474139453513
0.000476018267977
0.000477875482842
0.000479711708755
0.000481527545462
0.000483323581673
0.000485100394969
0.000486858551729
0.000488598607083
0.00049032110489
0.000492026577738
0.000493715546965
0.000495388522692
0.000497046003883
0.000498688478414
0.000500316423152
0.000501930304059
0.000503530576293
0.000505117684333
0.000506692062102
0.000508254133102
0.000509804310562
0.000511342997584
0.000512870587299
0.000514387463029
0.000515893998447
0.000517390557749
0.000518877495824
0.000520355158425
0.000521823882345
0.000523283995593
0.000524735817573
0.000526179659259
0.000527615823373
0.000529044604564
0.000530466289585
0.000531881157466
0.000533289479694
0.000534691520383
0.000536087536447
0.00053747777777
0.000538862487379
0.000540241901604
