-23.2900605168
-16.2572049052
-16.2576576788
-16.2579334053
-16.2580328625
-16.2579628204
-16.257731646
-16.2573484265
-16.2568226986
-16.2561642904
-16.255383191
-16.2544894337
-16.2534929937
-16.2524036992
-16.251231153
-16.2499846695
-16.2486732225
-16.2473054027
-16.2458893878
-16.2444329201
-16.242943292
-16.2414273397
-16.2398914416
-16.2383415235
-16.2367830654
-16.2352211142
-16.2336602985
-16.2321048431
-16.230558589
-16.229025011
-16.2275072376
-16.2260080704
-16.224530005
-16.2230752483
-16.2216457399
-16.2202431691
-16.2188689933
-16.2175244555
-16.2162105992
-16.2149282858
-16.213678208
-16.2124609042
-16.2112767711
-16.2101260764
-16.20900897
-16.2079254947
-16.206875596
-16.2058591319
-16.2048758814
-16.203925552
-16.2030077879
-16.2021221761
-16.2012682541
-16.2004455148
-16.1996534117
-16.1988913656
-16.1981587673
-16.1974549835
-16.19677936
-16.1961312257
-16.1955098958
-16.1949146752
-16.1943448611
-16.1937997457
-16.1932786189
-16.1927807697
-16.1923054896
-16.1918520729
-16.1914198197
-16.191008036
-16.1906160366
-16.1902431452
-16.1898886961
-16.1895520346
-16.1892325183
-16.1889295181
-16.1886424175
-16.1883706156
-16.1881135247
-16.1878705731
-16.1876412036
-16.1874248754
-16.1872210626
-16.1870292557
-16.1868489608
-16.1866796999
-16.1865210111
-16.186372448
-16.18623358
-16.1861039918
-16.1859832838
-16.1858710708
-16.1857669829
-16.1856706648
-16.1855817749
-16.1854999859
-16.1854249841
-16.1853564689
-16.1852941527
-16.1852377601
-16.1851870283
-16.185141706
-16.1851015534
-16.1850663414
-16.185035852
-16.185009877
-16.1849882183
-16.1849706872
-16.184957104
-16.1849472981
-16.1849411067
-16.1849383755
-16.1849389578
-16.1849427137
-16.1849483969
-16.184959224
-16.1849717332
-16.1849869251
-16.1850046919
-16.1850249314
-16.1850475468
-16.1850724458
-16.1850995412
-16.1851287499
-16.185159993
-16.1851931958
-16.1852282872
-16.1852651995
-16.1853165579
-16.1853442359
-16.1853862346
-16.185429818
-16.1854749312
-16.1855215235
-16.1855695467
-16.1856189552
-16.1856697054
-16.1857217552
-16.1857750646
-16.1858295954
-16.1858853108
-16.1859421755
-16.1860001554
-16.1860592183
-16.1861193325
-16.186180468
-16.1862425955
-16.1863056868
-16.1863697148
-16.1864346529
-16.1865004757
-16.1865671584
-16.1866346768
-16.1867030076
-16.1867721279
-16.1868420155
-16.186912649
-16.186984007
-16.187056069
-16.1871288146
-16.1872022243
-16.1872762786
-16.1873509585
-16.1874262456
-16.1875021213
-16.1875785681
-16.1876555679
-16.1877331037
-16.1878111584
-16.1878897151
-16.1879687573
-16.1880482688
-16.1881282335
-16.1882086357
-16.1882894595
-16.18837069
-16.1884523117
-16.1885343098
-16.1886166694
-16.1886993762
-16.1887824154
-16.1888657732
-16.1889494355
-16.1890333885
-16.1891176185
-16.189202112
-16.1892868558
-16.1893718368
-16.1894570421
-16.1895424588
-16.1896280744
-16.1897138765
-16.1897998526
-16.1898859911
-16.1899722794
-16.1900587064
-16.1901452602
-16.1902319292
-16.1903187024
-16.1904055687
-23.2900605168
-16.2572049052
-16.2576576788
-16.2579334053
-16.2580328625
-16.2579628204
-16.257731646
-16.2573484265
-16.2568226986
-16.2561642904
-16.255383191
-16.2544894337
-16.2534929937
-16.2524036992
-16.251231153
-16.2499846695
-16.2486732225
-16.2473054027
-16.2458893878
-16.2444329201
-16.242943292
-16.2414273397
-16.2398914416
-16.2383415235
-16.2367830654
-16.2352211142
-16.2336602985
-16.2321048431
-16.230558589
-16.229025011
-16.2275072376
-16.2260080704
-16.224530005
-16.2230752483
-16.2216457399
-16.2202431691
-16.2188689933
-16.2175244555
-16.2162105992
-16.2149282858
-16.213678208
-16.2124609042
-16.2112767711
-16.2101260764
-16.20900897
-16.2079254947
-16.206875596
-16.2058591319
-16.2048758814
-16.203925552
-16.2030077879
-16.2021221761
-16.2012682541
-16.2004455148
-16.1996534117
-16.1988913656
-16.1981587673
-16.1974549835
-16.19677936
-16.1961312257
-16.1955098958
-16.1949146752
-16.1943448611
-16.1937997457
-16.1932786189
-16.1927807697
-16.1923054896
-16.1918520729
-16.1914198197
-16.191008036
-16.1906160366
-16.1902431452
-16.1898886961
-16.1895520346
-16.1892325183
-16.1889295181
-16.1886424175
-16.1883706156
-16.1881135247
-16.1878705731
-16.1876412036
-16.1874248754
-16.1872210626
-16.1870292557
-16.1868489608
-16.1866796999
-16.1865210111
-16.186372448
-16.18623358
-16.1861039918
-16.1859832838
-16.1858710708
-16.1857669829
-16.1856706648
-16.1855817749
-16.1854999859
-16.1854249841
-16.1853564689
-16.1852941527
-16.1852377601
-16.1851870283
-16.185141706
-16.1851015534
-16.1850663414
-16.185035852
-16.185009877
-16.1849882183
-16.1849706872
-16.184957104
-16.1849472981
-16.1849411067
-16.1849383755
-16.1849389578
-16.1849427137
-16.1849483969
-16.184959224
-16.1849717332
-16.1849869251
-16.1850046919
-16.1850249314
-16.1850475468
-16.1850724458
-16.1850995412
-16.1851287499
-16.185159993
-16.1851931958
-16.1852282872
-16.1852651995
-16.1853165579
-16.1853442359
-16.1853862346
-16.185429818
-16.1854749312
-16.1855215235
-16.1855695467
-16.1856189552
-16.1856697054
-16.1857217552
-16.1857750646
-16.1858295954
-16.1858853108
-16.1859421755
-16.1860001554
-16.1860592183
-16.1861193325
-16.186180468
-16.1862425955
-16.1863056868
-16.1863697148
-16.1864346529
-16.1865004757
-16.1865671584
-16.1866346768
-16.1867030076
-16.1867721279
-16.1868420155
-16.186912649
-16.186984007
-16.187056069
-16.1871288146
-16.1872022243
-16.1872762786
-16.1873509585
-16.1874262456
-16.1875021213
-16.1875785681
-16.1876555679
-16.1877331037
-16.1878111584
-16.1878897151
-16.1879687573
-16.1880482688
-16.1881282335
-16.1882086357
-16.1882894595
-16.18837069
-16.1884523117
-16.1885343098
-16.1886166694
-16.1886993762
-16.1887824154
-16.1888657732
-16.1889494355
-16.1890333885
-16.1891176185
-16.189202112
-16.1892868558
-16.1893718368
-16.1894570421
-16.1895424588
-16.1896280744
-16.1897138765
-16.1897998526
-16.1898859911
-16.1899722794
-16.1900587064
-16.1901452602
-16.1902319292
-16.1903187024
-16.1904055687
-23.2900605168
-16.2572049052
-16.2576576788
-16.2579334053
-16.2580328625
-16.2579628204
-16.257731646
-16.2573484265
-16.2568226986
-16.2561642904
-16.255383191
-16.2544894337
-16.2534929937
-16.2524036992
-16.251231153
-16.2499846695
-16.2486732225
-16.2473054027
-16.2458893878
-16.2444329201
-16.242943292
-16.2414273397
-16.2398914416
-16.2383415235
-16.2367830654
-16.2352211142
-16.2336602985
-16.2321048431
-16.230558589
-16.229025011
-16.2275072376
-16.2260080704
-16.224530005
-16.2230752483
-16.2216457399
-16.2202431691
-16.2188689933
-16.2175244555
-16.2162105992
-16.2149282858
-16.213678208
-16.2124609042
-16.2112767711
-16.2101260764
-16.20900897
-16.2079254947
-16.206875596
-16.2058591319
-16.2048758814
-16.203925552
-16.2030077879
-16.2021221761
-16.2012682541
-16.2004455148
-16.1996534117
-16.1988913656
-16.1981587673
-16.1974549835
-16.19677936
-16.1961312257
-16.1955098958
-16.1949146752
-16.1943448611
-16.1937997457
-16.1932786189
-16.1927807697
-16.1923054896
-16.1918520729
-16.1914198197
-16.191008036
-16.1906160366
-16.1902431452
-16.1898886961
-16.1895520346
-16.1892325183
-16.1889295181
-16.1886424175
-16.1883706156
-16.1881135247
-16.1878705731
-16.1876412036
-16.1874248754
-16.1872210626
-16.1870292557
-16.1868489608
-16.1866796999
-16.1865210111
-16.186372448
-16.18623358
-16.1861039918
-16.1859832838
-16.1858710708
-16.1857669829
-16.1856706648
-16.1855817749
-16.1854999859
-16.1854249841
-16.1853564689
-16.1852941527
-16.1852377601
-16.1851870283
-16.185141706
-16.1851015534
-16.1850663414
-16.185035852
-16.185009877
-16.1849882183
-16.1849706872
-16.184957104
-16.1849472981
-16.1849411067
-16.1849383755
-16.1849389578
-16.1849427137
-16.1849483969
-16.184959224
-16.1849717332
-16.1849869251
-16.1850046919
-16.1850249314
-16.1850475468
-16.1850724458
-16.1850995412
-16.1851287499
-16.185159993
-16.1851931958
-16.1852282872
-16.1852651995
-16.1853165579
-16.1853442359
-16.1853862346
-16.185429818
-16.1854749312
-16.1855215235
-16.1855695467
-16.1856189552
-16.1856697054
-16.1857217552
-16.1857750646
-16.1858295954
-16.1858853108
-16.1859421755
-16.1860001554
-16.1860592183
-16.1861193325
-16.186180468
-16.1862425955
-16.1863056868
-16.1863697148
-16.1864346529
-16.1865004757
-16.1865671584
-16.1866346768
-16.1867030076
-16.1867721279
-16.1868420155
-16.186912649
-16.186984007
-16.187056069
-16.1871288146
-16.1872022243
-16.1872762786
-16.1873509585
-16.1874262456
-16.1875021213
-16.1875785681
-16.1876555679
-16.1877331037
-16.1878111584
-16.1878897151
-16.1879687573
-16.1880482688
-16.1881282335
-16.1882086357
-16.1882894595
-16.18837069
-16.1884523117
-16.1885343098
-16.1886166694
-16.1886993762
-16.1887824154
-16.1888657732
-16.1889494355
-16.1890333885
-16.1891176185
-16.189202112
-16.1892868558
-16.1893718368
-16.1894570421
-16.1895424588
-16.1896280744
-16.1897138765
-16.1897998526
-16.1898859911
-16.1899722794
-16.1900587064
-16.1901452602
-16.1902319292
-16.1903187024
-16.1904055687
