-10.0853287975
-9.72524573885
-9.68377836432
-9.64893859781
-9.61781698794
-9.58884715768
-9.56118471102
-9.534373123
-9.50816418332
-9.48242148
-9.45706861675
-9.43206132145
-9.40737260937
-9.38298472465
-9.35888490986
-9.33506312573
-9.31151084835
-9.28822043727
-9.26518480733
-9.24239726105
-9.21985140501
-9.19754110997
-9.1754604924
-9.15360390675
-9.13196594104
-9.11054141798
-9.08932538871
-9.06831313341
-9.04750015669
-9.02688218329
-9.00645515369
-8.98621521593
-8.96615872184
-8.94628221369
-8.92658243939
-8.90705629977
-8.88770088575
-8.86851344727
-8.84949138995
-8.83063226676
-8.81193376979
-8.79339372239
-8.7750100714
-8.75678087914
-8.73870431636
-8.72077865473
-8.70300226003
-8.68537358537
-8.66789116468
-8.65055360681
-8.63335958944
-8.61630785352
-8.59939719817
-8.58262647546
-8.56599458577
-8.54950047339
-8.53314312238
-8.51692155243
-8.50083481553
-8.48488199237
-8.46906218921
-8.45337453497
-8.43781817854
-8.42239228614
-8.40709603928
-8.39192863241
-8.37688927106
-8.36197717022
-8.34719155245
-8.3325316468
-8.31799668722
-8.30358591152
-8.28929856035
-8.27513387615
-8.26109110254
-8.24716948334
-8.23336826217
-8.21968668183
-8.20612398406
-8.1926793869
-8.1793521914
-8.16614157071
-8.15304677852
-8.14006710929
-8.12720159923
-8.11444966366
-8.1018104614
-8.08928321143
-8.07686712997
-8.06456143043
-8.05236532336
-8.04027801668
-8.02829871585
-8.01642662371
-8.00466094088
-7.99300086574
-7.98144559473
-7.96999433944
-7.95864625859
-7.94740056022
-7.93625643419
-7.92521306905
-7.91426965232
-7.90342537064
-7.89267940994
-7.88203095563
-7.87147917491
-7.86102330662
-7.85066248014
-7.84039590026
-7.83022275145
-7.8201422193
-7.81015349007
-7.80025575068
-7.79044818904
-7.780729994
-7.77110035571
-7.76155846552
-7.75210351628
-7.74273470245
-7.73345122014
-7.72425226739
-7.71513704406
-7.70610475216
-7.69715459583
-7.68828578162
-7.6794975183
-7.67078901727
-7.66215949249
-7.6536081606
-7.64513424103
-7.6367369561
-7.62841553108
-7.62016919436
-7.61199717735
-7.60389871473
-7.5958730445
-7.58791940795
-7.58003704986
-7.57222521848
-7.56448316567
-7.55681014687
-7.54920542121
-7.54166825163
-7.53419790487
-7.52679365147
-7.51945476596
-7.51218052678
-7.50497021647
-7.4978231215
-7.4907385326
-7.48371574456
-7.47675405638
-7.46985277132
-7.46301119689
-7.45622864489
-7.44950443148
-7.4428378772
-7.43622830701
-7.42967505024
-7.42317744076
-7.41673481688
-7.41034652145
-7.40401190182
-7.39773030998
-7.39150110243
-7.38532364029
-7.37919728929
-7.37312141984
-7.36709540695
-7.36111863035
-7.35519047439
-7.34931032818
-7.34347758549
-7.33769164482
-7.33195190939
-7.32625778716
-7.32060869087
-7.31500403788
-7.30944325046
-7.30392575554
-7.29845098482
-7.29301837476
-7.28762736664
-7.28227740643
-7.27696794487
-7.27169843752
-7.26646834467
-7.26127713132
-7.25612426729
-7.25100922715
-7.24593149015
-7.24089054034
-7.23588586653
-7.23091696214
-7.22598332542
-7.22108445931
-7.21621987144
-7.21138907409
-7.20659158429
