238.63707
260.838228194
260.86448754
260.892524139
260.922421353
260.954183545
260.987798818
261.02325018
261.060517785
261.099579643
261.140412052
261.182989963
261.227287298
261.273277246
261.320932508
261.370225515
261.421128607
261.473614178
261.527654789
261.583223256
261.6402927
261.698836588
261.758828741
261.820243333
261.883054872
261.947238163
262.012768275
262.079620486
262.14777023
262.217193042
262.287864495
262.359760141
262.432855447
262.507125742
262.582546157
262.659091571
262.736736562
262.815455363
262.895221817
262.976009342
263.057790903
263.140538979
263.224225546
263.30882206
263.394299447
263.480628093
263.56777785
263.655718033
263.744417436
263.833844338
263.923966529
264.014751324
264.106165596
264.1981758
264.290748011
264.383847957
264.477441059
264.571492474
264.665967135
264.760829805
264.856045115
264.951577619
265.047391845
265.143452341
265.239723731
265.336170764
265.432758368
265.529451697
265.626216186
265.723017601
265.819822081
265.916596195
266.01330698
266.109921988
266.206409331
266.302737717
266.398876489
266.494795664
266.590465962
266.685858841
266.780946522
266.875702016
266.97009915
267.064112582
267.157717826
267.250891261
267.343610146
267.435852632
267.527597768
267.618825505
267.709516703
267.799653126
267.889217445
267.978193234
268.06656496
268.154317981
268.241438533
268.327913721
268.413731505
268.498880687
268.583350895
268.667132567
268.750216935
268.832596001
268.914262527
268.995210004
269.075432641
269.154925335
269.233683659
269.311703828
269.38898269
269.465517691
269.54130686
269.616348785
269.690632366
269.764187911
269.836984872
269.909034071
269.980336551
270.05089378
270.120707629
270.189780355
270.258114575
270.32571325
270.392579667
270.458717416
270.524130372
270.588822681
270.652929418
270.716063087
270.778620795
270.840476748
270.901636213
270.962104608
271.021887503
271.080990616
271.139419796
271.197181013
271.254280344
271.310723967
271.366518142
271.42166921
271.476183575
271.530067701
271.583328101
271.635971325
271.688003959
271.739432612
271.790263913
271.840504499
271.890161016
271.939240106
271.987748406
272.035692542
272.083079121
272.129914731
272.176205936
272.221959268
272.267181227
272.311878277
272.356056843
272.399723307
272.442884005
272.485545228
272.527713213
272.569394149
272.610594168
272.65131935
272.691575715
272.731369225
272.770705783
272.80959123
272.848031347
272.886031851
272.923598395
272.96073657
272.997451901
273.033749848
273.069635807
273.105115108
273.140193014
273.174874726
273.209165374
273.243070028
273.276593688
273.309741292
273.34251771
273.374927749
273.406976152
273.438667596
273.470006696
273.500998004
273.531646006
273.56195513
273.59192974
273.621574138
273.650892567
273.67988921
273.708568189
273.736933568
