0.0042554
0.00431173340454
0.00431128146191
0.00431081115004
0.0043103465149
0.00430989014127
0.00430944192873
0.00430900145612
0.00430856827847
0.00430814196296
0.00430772209288
0.00430730826718
0.00430690009967
0.00430649721824
0.00430609926409
0.00430570589103
0.00430531676483
0.00430493156268
0.00430454997255
0.00430417169277
0.00430379643151
0.00430342390633
0.00430305384386
0.00430268597931
0.00430232005624
0.00430195582618
0.00430159304836
0.00430123148946
0.00430087092334
0.00430051113083
0.00430015189955
0.00429979302371
0.00429943430392
0.0042990755471
0.00429871656632
0.00429835718065
0.00429799721512
0.0042976365006
0.00429727487373
0.00429691217685
0.00429654825795
0.00429618297065
0.00429581617416
0.00429544773324
0.00429507751822
0.00429470540501
0.00429433127504
0.00429395501538
0.00429357651866
0.00429319568318
0.00429281241292
0.00429242661755
0.00429203821256
0.00429164711921
0.0042912532647
0.00429085658216
0.00429045701074
0.00429005449567
0.00428964898837
0.00428924044649
0.004288828834
0.00428841412127
0.00428799628517
0.00428757530909
0.00428715118311
0.00428672390399
0.00428629347532
0.00428585990752
0.00428542321798
0.00428498343111
0.00428454057836
0.00428409469834
0.00428364583683
0.00428319404684
0.00428273938864
0.00428228192983
0.00428182174529
0.00428135891726
0.00428089353532
0.00428042569636
0.0042799555046
0.00427948307153
0.00427900851588
0.00427853196356
0.00427805354758
0.00427757340798
0.00427709169171
0.00427660855255
0.00427612415093
0.00427563865381
0.00427515223452
0.00427466507255
0.00427417735337
0.00427368926822
0.00427320101385
0.00427271279228
0.00427222481054
0.00427173728035
0.00427125041936
0.0042707644448
0.00427027958209
0.00426979605857
0.00426931410459
0.00426883395311
0.00426835583934
0.00426788000026
0.00426740667426
0.00426693610065
0.00426646851925
0.00426600416988
0.00426554329196
0.00426508612398
0.00426463290305
0.0042641838644
0.00426373924094
0.00426329926271
0.00426286415646
0.00426243414513
0.00426200944742
0.00426159027728
0.00426117684348
0.00426076934914
0.00426036799134
0.00425997296066
0.00425958444079
0.00425920260816
0.00425882763155
0.00425845967175
0.00425809888126
0.00425774540397
0.00425739937488
0.00425706091989
0.00425673015552
0.00425585233802
0.00425553582327
0.00426156955223
0.00426080987932
0.00426005541428
0.00425932625534
0.00425862424459
0.00425794916764
0.00425730056459
0.00425667793269
0.00425608074938
0.00425550847542
0.00425496055583
0.00425443642061
0.00425393548547
0.00425345715262
0.0042530008115
0.00425256583952
0.00425215160283
0.00425175745698
0.00425138274754
0.00425102681073
0.00425068897383
0.00425036855563
0.00425006486661
0.00424977720914
0.00424950487738
0.00424924715705
0.00424900331625
0.00424876046476
0.00424852998516
0.00424831113489
0.00424810315803
0.00424790528372
0.00424771671676
0.00424753663856
0.00424736420213
0.00424719852755
0.0042470386964
0.00424688374503
0.00424673265656
0.00424658435114
0.00424643767429
0.00424629138278
0.0042461441276
0.00424599443316
0.00424584067195
0.00424568103342
0.0042455134855
0.00424533572681
0.00424514512675
0.00424493864984
0.00424471275928
0.00424446329289
0.00424418530162
0.0042438728368
0.00424351866621
0.00424311388922
0.00424264740616
0.00424210517267
0.00424146912794
0.00424071561446
0.00423981297606
0.00423871777212
0.00423736854152
0.00423567494837
0.00423349750253
