19.0078314771
24.5752278241
29.8664942071
33.7096886737
36.0708080153
37.2602289717
37.7432111267
37.8573197929
37.8042128371
37.6663688713
37.4932299292
37.3082529667
37.1224154752
36.9407836718
36.7656351135
36.5979309076
36.4380088141
36.2859103044
36.1415356528
36.0047180312
35.8752592912
35.7529475105
35.6375657854
35.5288967697
35.4267251089
35.3308388057
35.2410300219
35.157095567
35.0788372026
35.0060618293
34.9385815933
34.8762139373
34.818781608
34.7661126299
34.7180402554
34.6744028927
34.6350440194
34.5998120832
34.5685603931
34.5411470043
34.5174345971
34.4972903531
34.4805858293
34.4671968308
34.457003284
34.4498891097
34.4457420983
34.4444537865
34.4459193357
34.4500374131
34.4567100761
34.4658426583
34.4773436595
34.4911246381
34.5071001073
34.5251874335
34.5453067384
34.5673808044
34.5913349824
34.6170971032
34.6445973919
34.6737683845
34.7045448484
34.7368637048
34.7706639545
34.8058866055
34.8424746042
34.8803727683
34.9195277225
34.9598878362
35.0014031635
35.0440253862
35.0877077573
35.1324050481
35.1780734964
35.2246707571
35.272155853
35.3204891305
35.3696322138
35.4195479627
35.4702004311
35.5215548273
35.5735774756
35.6262357794
35.6794981856
35.7333341506
35.7877141065
35.84260943
35.8979924115
35.9538362249
36.0101148999
36.0668032939
36.1238770656
36.1813126494
36.2390872305
36.2971787214
36.3555657388
36.4142275809
36.4731442068
36.5322962152
36.5916648245
36.651231854
36.7109797046
36.7708913413
36.8309502756
36.891140549
36.9514467163
37.0118538305
37.0723474271
37.1329135101
37.1935385373
37.2542094067
37.3149134435
37.3756383874
37.4363723798
37.497103952
37.5578220137
37.6185158419
37.6791750696
37.739789676
37.8003499754
37.8608466082
37.9212705309
37.9816130071
38.0418655983
38.1020201554
38.1620688103
38.2220039677
38.2818182971
38.3415047255
38.4010564297
38.4604668289
38.5197295785
38.5788385623
38.6377878868
38.6965718744
38.7551850574
38.8136221718
38.8718781518
38.9299481239
38.9878274014
39.0455114794
39.1029960293
39.1602768938
39.2173500824
39.2742117663
39.3308582738
39.3872860861
39.4434918327
39.4994722876
39.5552243645
39.6107451137
39.6660317174
39.7210814866
39.7758918569
39.8304603856
39.8847847476
39.9388627323
39.9926922406
40.0462712813
40.0995979682
40.1526705173
40.2054872434
40.2580465578
40.3103469652
40.3623870611
40.4141655291
40.4656811386
40.5169327421
40.5679192729
40.6186397426
40.6690932391
40.7192789242
40.7691960314
40.8188438638
40.8682217923
40.9173292534
40.9661657471
41.0147308353
41.06302414
41.1110453412
41.1587941754
41.2062704337
41.2534739607
41.3004046519
41.3470624531
41.3934473585
41.4395594089
41.4853986909
41.5309653349
41.5762595142
41.6212814432
41.6660313765
41.7105096074
41.754716467
41.7986523223
41.8423175758
41.885712664
41.9288380562
41.9716942536
