6.41974474824
2.40323437063
2.41787321093
2.43245654424
2.44698278124
2.46145279995
2.47586847454
2.49023206011
2.50454594675
2.51881256178
2.53303433113
2.54721366435
2.5613529491
2.5754545493
2.58952080474
2.6035540313
2.61755652124
2.63153054365
2.64547834479
2.65940214846
2.67330415629
2.68718654801
2.70105148166
2.71490109378
2.72873749953
2.74256279282
2.75637904635
2.77018831167
2.78399261917
2.79779397808
2.81159437638
2.82539578076
2.83920013651
2.85300936736
2.8668253754
2.88065004085
2.89448522191
2.90833275454
2.92219445223
2.93607210579
2.94996748309
2.96388232874
2.9778183639
2.99177728591
3.00576076801
3.01977045904
3.03380798308
3.04787493916
3.06197290085
3.07610341598
3.09026800623
3.10446816676
3.11870536589
3.13298104466
3.14729661647
3.16165346669
3.17605295228
3.19049640138
3.20498511291
3.21952035615
3.2341033704
3.24873536449
3.26341751645
3.27815097304
3.2929368494
3.30777626242
3.3226701943
3.33761969752
3.3526257565
3.36768932203
3.38281131086
3.39799260529
3.41323405278
3.42853646556
3.44390062025
3.45932725748
3.47481708151
3.49037075987
3.50598892303
3.52167216399
3.53742103799
3.55323606214
3.56911771509
3.58506643674
3.60108262789
3.61716664995
3.63331882468
3.64953943384
3.665828719
3.68218688121
3.69861408079
3.71511043709
3.73167602824
3.748310891
3.76501502048
3.78178837002
3.79863085102
3.81554233273
3.83252264219
3.84957156404
3.86668884044
3.88387417102
3.90112721272
3.9184475798
3.93583484381
3.95328853351
3.97080813492
3.98839309132
4.00604280331
4.02375662882
4.04153388324
4.05937383947
4.07727572808
4.09523873744
4.11326201385
4.13134466177
4.149485744
4.16768428188
4.18593925562
4.20424960449
4.22261422716
4.241031982
4.25950168746
4.27802212237
4.2965920264
4.31521010043
4.333875007
4.35258537078
4.37133977906
4.39013678223
4.40897497976
4.42785270176
4.44676844384
4.46572062048
4.48470760869
4.50372775067
4.52277935543
4.54186069982
4.56097002938
4.58010555919
4.59926547463
4.61844793221
4.63765106039
4.65687296041
4.67611170717
4.69536535009
4.71463191405
4.7339094003
4.75319578739
4.77248903218
4.79178707076
4.81108781951
4.83038917613
4.8496890206
4.86898521633
4.88827561117
4.90755803852
4.92683031845
4.94609025877
4.96533565619
4.98456429747
5.00377396056
5.02296241574
5.04212742685
5.0612667524
5.08037814684
5.0994593617
5.11850814679
5.13752225148
5.15649942582
5.17543742181
5.19433399463
5.21318690383
5.23199391455
5.25075279876
5.26946133646
5.28811730925
5.30671848405
5.32526274483
5.34374789107
5.36217175686
5.38053219407
5.39882707201
5.41705427804
5.43521171845
5.4532973195
5.47130902853
5.48924481503
5.50710267177
5.52488061585
5.5425766898
5.56018896263
5.57771553085
5.59515451949
5.6125040831
5.62976240673
5.64692770687
5.6639982324
5.68097226546
