0.00265
0.00313592296642
0.00320442022522
0.00333371931878
0.00334879183121
0.00336035277951
0.00336443061591
0.00336311388342
0.00335441115498
0.00334865386002
0.00334256331861
0.00333651902765
0.00333068118231
0.00332510679382
0.00331980675301
0.00331477250363
0.00330998816567
0.00330543589414
0.0033010981434
0.003296958538
0.00329300213027
0.00328921539932
0.00328558615047
0.00328210338453
0.00327875716614
0.00327553850208
0.00327243923289
0.00326945193775
0.00326656985142
0.00326378679186
0.00326109709703
0.00325849556961
0.00325597742861
0.00325353826678
0.0032511740132
0.00324888090031
0.0032466554347
0.00324449437138
0.00324239469091
0.0032403535791
0.00323836840897
0.00323643672464
0.00323455622697
0.00323272476063
0.00323094030262
0.00322920095179
0.00322750491949
0.00322585052109
0.00322423616825
0.00322266036193
0.00322112168602
0.00321961880153
0.00321815044122
0.00321671540475
0.00321531255412
0.00321394080961
0.00321259914591
0.00321128658858
0.00321000221083
0.00320874513046
0.00320751450709
0.00320630953951
0.00320512946329
0.00320397354857
0.00320284109788
0.00320173144427
0.00320064394947
0.00319957800218
0.00319853301655
0.00319750843063
0.00319650370508
0.00319551832182
0.0031945517829
0.00319360360933
0.00319267334007
0.00319176061216
0.00319086483494
0.00318998567713
0.00318912274033
0.00318827563982
0.00318744400382
0.0031866274729
0.00318582569934
0.00318503834653
0.0031842650885
0.00318350560935
0.00318275960283
0.00318202677189
0.00318130682823
0.00318059949196
0.00317990449122
0.0031792215618
0.00317855044688
0.00317789089668
0.00317724266818
0.00317660552489
0.00317597923654
0.00317536357886
0.00317475833339
0.00317416328723
0.00317357823282
0.0031730029678
0.0031724372948
0.00317188102128
0.00317133395934
0.00317079592561
0.00317026674106
0.0031697462309
0.00316923422442
0.00316873055488
0.00316823505936
0.00316774757871
0.00316726795736
0.00316679604327
0.00316633168783
0.00316587474572
0.00316542507487
0.00316498253634
0.00316454699425
0.00316411831569
0.00316369637065
0.00316328103194
0.00316287217512
0.00316246967843
0.00316207342272
0.0031616832914
0.00316129917036
0.00316092094791
0.00316054851474
0.00316018176384
0.00315982059046
0.00315946489205
0.00315911456823
0.00315876952071
0.00315842965326
0.00315809487165
0.00315776508361
0.00315744019882
0.0031571201288
0.00315680478691
0.00315649408832
0.00315618794994
0.00315588629041
0.00315558903002
0.00315529609074
0.00315500739611
0.00315472287126
0.00315444244285
0.00315416603904
0.00315389358949
0.00315362502526
0.00315336027885
0.00315309928412
0.0031528419763
0.00315258829191
0.0031523381688
0.00315209154606
0.00315184836404
0.00315160856428
0.00315137208953
0.00315113888368
0.00315090889179
0.00315068206
0.00315045833557
0.00315023766681
0.00315002000307
0.00314980529475
0.00314959349323
0.00314938455089
0.00314917842105
0.00314897505798
0.00314877441687
0.00314857645383
0.00314838112584
0.00314818839072
0.00314799820718
0.00314781053473
0.00314762533371
0.00314744256523
0.00314726219122
0.00314708417433
0.00314690847797
0.0031467350663
0.00314656390417
0.00314639495715
0.00314622819147
0.00314606357407
0.00314590107251
0.00314574065502
0.00314558229045
0.00314542594828
0.00314527159857
0.003145119212
0.00314496875981
0.00314482021381
0.00314467354639
0.00314452873046
0.00314438573946
0.00314424454737
0.00314410512868
