-498.42357655
-521.067686435
-519.903610722
-518.653238625
-517.323771253
-515.917123534
-514.434742823
-512.878336948
-511.249957206
-509.551983142
-507.787067476
-505.958094731
-504.068128259
-502.120361106
-500.118070443
-498.064576869
-495.963209344
-493.817275936
-491.630040218
-489.404702803
-487.144387347
-484.852130247
-482.530873258
-480.183458288
-477.812623711
-475.421001649
-473.011115763
-470.58537922
-468.146092589
-465.695441513
-463.235494073
-460.768197837
-458.295376611
-455.818726966
-453.33981464
-450.860070918
-448.380789107
-445.903121231
-443.428075069
-440.956511624
-438.489143142
-436.026531742
-433.569088744
-431.117074721
-428.670600321
-426.229627868
-423.79397373
-421.363311454
-418.937175609
-416.514966312
-414.09595437
-411.679286966
-409.263993833
-406.84899382
-404.433101776
-402.015035667
-399.593421217
-397.166809964
-394.733670262
-392.292405731
-389.841359248
-387.378820041
-384.90303026
-382.412191258
-379.904469399
-377.378001654
-374.830900576
-372.261260641
-369.667154969
-367.046649911
-364.397800548
-361.718654972
-359.007256127
-356.261643077
-353.479851701
-350.659914816
-347.799861733
-344.897717233
-341.951499986
-338.959219673
-335.918877335
-332.828457422
-329.685927289
-326.489232115
-323.236290212
-319.924987964
-316.553174485
-313.118656194
-309.619191573
-306.052486561
-302.416191306
-300.98636964
-300.810908087
-300.627769704
-300.437122471
-300.239146477
-300.034028163
-299.821970816
-299.603131678
-299.377745263
-299.145998719
-298.908092957
-298.664229735
-298.414611127
-298.159439971
-297.89891503
-297.633238211
-297.362608427
-297.087222903
-296.807276883
-296.522963367
-296.234475644
-295.941996532
-295.645713254
-295.345807766
-295.042458855
-294.735842019
-294.426129359
-294.113489495
-293.798087488
-293.480084782
-293.159639158
-292.836904696
-292.512031753
-292.185166946
-291.85645315
-291.526029498
-291.194031392
-290.860590524
-290.525834897
-290.189888855
-289.852873118
-289.514904825
-289.176097575
-288.836561473
-288.496403186
-288.155725993
-287.814629843
-287.473211413
-287.13156417
-286.78977843
-286.447941426
-286.106137368
-285.76444751
-285.422950217
-285.081721029
-284.740832729
-284.400355408
-284.060356534
-283.720901015
-283.382051267
-283.043867277
-282.706406669
-282.36972477
-282.033874668
-281.698907279
-281.364871407
-281.031813805
-280.699779231
-280.368810513
-280.038948599
-279.710232621
-279.382699943
-279.056386221
-278.731325449
-278.407550019
-278.085090765
-277.763977015
-277.444236638
-277.125896094
-276.808980475
-276.493513553
-276.179517823
-275.867014545
-275.556023783
-275.246564451
-274.938654345
-274.632310185
-274.327547652
-274.024381422
-273.7228252
-273.422891757
-273.124592961
-272.827939809
-272.532942455
-272.239610246
-271.947951745
-271.657974763
-271.369686386
-271.083092997
-270.798200308
-270.515013381
-270.233536652
-269.953773957
-269.67572855
-269.39940313
-269.124799857
-268.851920379
-268.580765843
-268.311336923
