205247.85336
243054.328693
241479.783763
240032.228875
238694.740219
237455.380025
236304.901773
235235.629285
234240.896277
233314.754752
232451.814014
231647.144505
230896.214857
230194.846793
229539.180283
228925.645054
228350.936413
227811.994189
227305.984104
226830.281103
226382.454309
225960.253354
225561.595898
225184.556181
224827.35446
224488.347255
224166.018273
223858.969977
223565.915692
223285.672235
223017.152984
222759.361371
222511.384762
222272.388681
222041.611372
221818.358659
221601.999108
221391.911018
221187.672271
220988.764351
220794.763583
220605.288635
220419.997131
220238.582462
220060.770803
219886.318312
219715.008519
219546.64988
219381.073512
219218.13107
219057.692793
218899.645685
218743.891839
218590.346886
218438.938574
218289.605463
218142.295725
217996.966054
217853.580667
217712.1104
217572.531887
217434.826817
217298.98126
217164.985072
217032.831347
216902.515937
216774.03702
216647.394715
216522.590745
216399.628135
216278.510949
216159.244059
216041.832943
215926.28351
215812.601947
215700.794593
215590.867821
215482.827952
215376.681171
215272.433459
215170.090544
215069.657853
214971.140477
214874.543146
214779.870205
214687.1256
214596.31287
214507.435139
214420.495113
214335.495085
214252.436934
214171.322133
214092.151755
214014.926485
213939.646624
213866.312103
213794.922495
213725.477026
213657.974585
213592.413738
213528.792742
213467.109553
213407.361841
213349.547002
213293.662168
213239.70422
213187.6698
213137.555319
213089.356969
213043.070735
212998.692403
212956.217569
212915.641651
212876.959896
212840.167387
212805.259054
212772.229681
212741.073915
212711.786269
212684.361134
212658.792782
212635.075376
212613.202972
212593.169528
212574.96891
212558.594895
212544.041176
212531.301371
212520.369024
212511.23761
212503.900542
212498.351171
212494.582795
212492.588657
212492.361954
212493.895839
212497.183421
212502.217774
212508.991935
212517.498911
212527.731676
212539.683183
212553.346357
212568.714104
212585.779309
212604.534842
212624.973558
212647.088299
212670.871898
212696.317179
212723.416957
212752.164046
212782.551253
212814.571385
212848.217251
212883.481656
212920.357413
212958.837335
212998.914243
213040.580963
213083.830329
213128.655183
213175.048378
213223.002777
213272.511255
213323.566699
213376.162009
213430.290101
213485.943904
213543.116365
213601.800445
213661.989125
213723.6754
213786.852286
213851.512818
213917.65005
213985.257054
214054.326925
214124.852778
214196.827749
214270.244995
214345.097697
214421.379056
214499.082298
214578.20067
214658.727443
214740.655912
214823.979396
214908.691237
214994.7848
215082.253479
215171.090686
215261.289864
215352.844477
215445.748015
215539.993994
215635.575952
215732.487457
215830.722098
215930.273493
