1.49918001342
1.52029656975
1.51915042017
1.51621104633
1.512537168
1.50985577025
1.50800839401
1.50671978342
1.50573967583
1.50502527399
1.50446972054
1.50402520734
1.50366298611
1.50336433269
1.50311630627
1.50290947241
1.50273664351
1.50259215773
1.50247144705
1.50237076426
1.50228700039
1.50221755584
1.50216024521
1.50211322433
1.50207493273
1.50204404739
1.50201944489
1.50200017026
1.50198541099
1.50197447531
1.50196677395
1.50196180472
1.50195913953
1.50195841333
1.50195931479
1.50196157832
1.50196497738
1.5019693187
1.50197443738
1.50198019277
1.50198646492
1.50199315153
1.50200016542
1.50200743228
1.50201488888
1.50202248141
1.50203016415
1.50203789828
1.50204565093
1.50205339432
1.50206110499
1.50206876327
1.50207635265
1.50208385941
1.50209127218
1.50209858164
1.50210578021
1.5021128618
1.50211982162
1.50212665601
1.50213336223
1.50213993839
1.50214638326
1.50215269625
1.50215887728
1.50216492668
1.50217084518
1.50217663381
1.50218229389
1.50218782695
1.50219323469
1.502198519
1.50220368188
1.50220872544
1.50221365186
1.5022184634
1.50222316235
1.50222775105
1.50223223186
1.50223660714
1.50224087926
1.50224505059
1.50224912347
1.50225310026
1.50225698324
1.50226077472
1.50226447694
1.50226809212
1.50227162245
1.50227507007
1.50227843709
1.50228172558
1.50228493755
1.50228807498
1.50229113981
1.50229413394
1.5022970592
1.5022999174
1.50230271031
1.50230543964
1.50230810705
1.50231071419
1.50231326263
1.50231575392
1.50231818957
1.50232057104
1.50232289976
1.5023251771
1.50232740443
1.50232958303
1.5023317142
1.50233379917
1.50233583913
1.50233783526
1.50233978869
1.50234170053
1.50234357184
1.50234540367
1.50234719702
1.50234895287
1.50235067219
1.50235235589
1.50235400487
1.50235562
1.50235720214
1.5023587521
1.50236027068
1.50236175865
1.50236321678
1.50236464578
1.50236604638
1.50236741925
1.50236876507
1.50237008449
1.50237137813
1.50237264662
1.50237389054
1.50237511048
1.50237630699
1.50237748063
1.50237863192
1.50237976137
1.50238086949
1.50238195676
1.50238302366
1.50238407064
1.50238509815
1.50238610663
1.50238709649
1.50238806814
1.50238902199
1.50238995842
1.5023908778
1.50239178051
1.5023926669
1.50239353731
1.50239439209
1.50239523155
1.50239605603
1.50239686582
1.50239766124
1.50239844258
1.50239921011
1.50239996413
1.5024007049
1.50240143269
1.50240214775
1.50240285033
1.50240354068
1.50240421903
1.50240488563
1.50240554068
1.50240618442
1.50240681705
1.50240743878
1.50240804983
1.50240865038
1.50240924062
1.50240982076
1.50241039097
1.50241095142
1.5024115023
1.50241204378
1.50241257601
1.50241309917
1.50241361341
1.50241411889
1.50241461575
1.50241510414
1.50241558421
1.5024160561
1.50241651993
1.50241697586
1.50241742399
1.50241786448
1.50241829742
1.50241872296
1.5024191412
1.50241955226
1.50241995625
