76.515552738
102.010031891
127.152244714
146.289156011
158.800437323
165.87976843
169.595396638
171.50205358
172.543181418
173.115877158
173.459350879
173.689073916
173.8604636
174.000213985
174.121336598
174.230313433
174.330491204
174.423694567
174.510996093
174.593086284
174.670453215
174.743471141
174.812445254
174.877635127
174.939267632
174.997544568
175.052647526
175.104741246
175.153976115
175.200490103
175.244410345
175.285854447
175.324931594
175.361743493
175.396385177
175.428945701
175.45950875
175.488153152
175.514953341
175.539979744
175.563299135
175.584974932
175.605067471
175.623634237
175.640730077
175.656407384
175.670716267
175.683704697
175.695418643
175.705902195
175.715197674
175.723345729
175.730385438
175.736354382
175.741288732
175.745223316
175.748191685
175.75022618
175.751357984
175.75161718
175.751032799
175.74963287
175.747444461
175.744493723
175.74080593
175.736405514
175.731316101
175.725560545
175.719160959
175.712138745
175.704514621
175.696308651
175.687540264
175.678228288
175.668390965
175.658045974
175.647210458
175.635901035
175.624133825
175.611924464
175.599288121
175.586239517
175.572792938
175.558962254
175.544760929
175.530202038
175.51529828
175.500061988
175.484505144
175.468639391
175.452476041
175.436026089
175.419300221
175.402308826
175.385062002
175.367569571
175.349841079
175.331885815
175.31371281
175.295330848
175.276748477
175.25797401
175.239015536
175.219880926
175.200577837
175.181113723
175.161495836
175.141731234
175.121826788
175.101789184
175.081624931
175.061340364
175.04094165
175.020434792
174.999825635
174.979119868
174.958323031
174.937440513
174.916477567
174.895439301
174.874330691
174.853156581
174.831921685
174.810630596
174.789287781
174.76789759
174.746464258
174.724991908
174.703484552
174.681946095
174.660380339
174.638790983
174.617181627
174.595555775
174.573916837
174.552268129
174.530612879
174.508954228
174.48729523
174.465638855
174.443987995
174.422345459
174.400713979
174.379096214
174.357494747
174.335912088
174.314350678
174.292812889
174.271301027
174.24981733
174.228363973
174.206943068
174.185556668
174.164206764
174.14289529
174.121624121
174.100395079
174.07920993
174.058070388
174.036978113
174.015934717
173.99494176
173.974000756
173.953113169
173.932280419
173.91150388
173.890784881
173.870124709
173.849524608
173.828985782
173.808509394
173.788096566
173.767748384
173.747465896
173.727250112
173.707102007
173.68702252
173.667012557
173.647072989
173.627204656
173.607408364
173.587684889
173.568034975
173.548459339
173.528958665
173.509533612
173.490184808
173.470912856
173.451718331
173.432601782
173.413563733
173.394604684
173.375725109
173.356925459
173.338206163
173.319567624
173.301010227
173.282534332
173.26414028
173.24582839
