26.1818791623
18.3568615478
18.4276231964
18.0725108595
18.4051694518
18.6061057743
18.729524404
18.8121443047
18.8894194769
18.9395454451
18.9816919176
19.0186088273
19.0517844752
19.082071665
19.1099968603
19.1359132835
19.1600774609
19.1826882119
19.2039071037
19.2238696675
19.2426919312
19.2604745177
19.2773054281
19.2932620743
19.3084128533
19.3228184189
19.336532737
19.3496039773
19.3620752729
19.3739853735
19.3853692061
19.39625836
19.406681504
19.4166647474
19.4262319515
19.435404999
19.4442040262
19.452647624
19.460753012
19.4685361886
19.4760120615
19.4831945607
19.4900967362
19.4967308443
19.5031084209
19.5092403473
19.5151369067
19.5208078341
19.5262623608
19.5315092526
19.5365568446
19.5414130718
19.5460854964
19.5505813322
19.5549074669
19.5590704819
19.5630766702
19.566932053
19.5706423947
19.5742132166
19.5776498098
19.5809572464
19.5841403911
19.5872039106
19.5901522835
19.5929898086
19.5957206138
19.5983486631
19.6008777644
19.6033115762
19.6056536142
19.6079072572
19.6100757532
19.6121622246
19.6141696738
19.616100988
19.617958944
19.6197462127
19.6214653624
19.6231188669
19.6247091038
19.6262383615
19.6277088425
19.6291226666
19.6304818741
19.631788429
19.6330442219
19.6342510732
19.6354107357
19.6365248969
19.6375951822
19.6386231568
19.6396103284
19.6405581489
19.6414680172
19.6423412808
19.6431792382
19.6439831401
19.644754192
19.6454935553
19.6462023495
19.6468816534
19.6475325069
19.6481559123
19.6487528359
19.6493242092
19.6498709303
19.6503938651
19.6508938486
19.6513716861
19.6518281541
19.6522640016
19.6526799509
19.6530766988
19.6534549174
19.6538152554
19.6541583382
19.6544847695
19.6547951318
19.655089987
19.6553698777
19.6556353272
19.6558868409
19.6561249063
19.6563499942
19.6565625591
19.6567630396
19.6569518593
19.6571294271
19.6572961379
19.657452373
19.6575985006
19.6577348763
19.6578618436
19.6579797342
19.6580888685
19.658189556
19.6582820957
19.6583667765
19.6584438774
19.658513668
19.6585764088
19.6586323517
19.6586817397
19.658724808
19.6587617837
19.6587928864
19.6588183283
19.6588383144
19.6588530429
19.6588627055
19.6588674874
19.6588675676
19.6588631192
19.6588543095
19.6588413004
19.6588242482
19.6588033041
19.6587786144
19.6587503204
19.6587185589
19.6586834619
19.6586451574
19.6586037689
19.658559416
19.6585122142
19.6584622753
19.6584097073
19.658354615
19.6582970992
19.6582372578
19.6581751854
19.6581109733
19.6580447101
19.6579764812
19.6579063694
19.6578344546
19.6577608143
19.6576855231
19.6576086536
19.6575302755
19.6574504568
19.6573692626
19.6572867564
19.6572029993
19.6571180505
19.6570319671
19.6569448046
19.6568566163
19.6567674541
19.6566773678
19.6565864059
19.656494615
19.6564020403
19.6563087254
19.6562147126
19.6561200426
19.6560247549
19.6559288874
19.6558324771
