906.36
41014.4804492
42414.3020475
43220.3979278
43668.8650182
43911.2788785
44038.1815981
44101.6002569
44130.780353
44141.9307161
44143.9315958
44141.61941
44137.5857793
44133.0621928
44128.6981991
44124.7847766
44121.424936
44118.626743
44116.3534877
44114.5498224
44113.1646524
44112.1251574
44111.3873453
44110.9050213
44110.638299
44110.5530764
44110.6203823
44110.8157067
44111.1183705
44111.5109573
44111.9788156
44112.5096286
44113.0930472
44113.7203783
44114.3843209
44115.0787441
44115.7984999
44115.8502526
44116.6035215
44117.3736385
44118.1569349
44118.9506627
44119.7526908
44120.5613238
44121.3751887
44122.1931595
44123.0143057
44123.837854
44124.6631599
44125.4896851
44126.307494
44127.1359516
44127.9639361
44128.7915418
44129.6186836
44130.4452243
44131.2710242
44132.0959574
44132.9199163
44133.7428103
44134.5645646
44135.3851171
44136.2044168
44137.0224219
44137.839098
44138.6552958
44139.5503005
44140.2815455
44141.0925118
44141.9020528
44142.7102065
44143.5169653
44144.3223127
44145.1262346
44145.9287212
44146.7297666
44147.5293682
44148.327525
44149.1242376
44149.9195076
44150.7133372
44151.5057291
44152.2966866
44153.0862129
44153.8743116
44154.6609866
44155.4462418
44156.2300813
44157.0125091
44157.7935295
44158.5731468
44159.3513652
44160.128189
44160.9036227
44161.6776706
44162.450337
44163.2216263
44163.991543
44164.7600913
44165.5272757
43573.1512534
43723.5434876
43847.2958668
43945.916645
44022.8864955
44081.9862172
44126.6700508
44159.8798197
44184.0365702
44201.0966108
44212.6242419
44219.8623949
44223.7945624
44225.1966226
44224.6792162
44222.7217936
44219.7000467
44215.907558
44211.5731088
44206.8743587
44201.9486797
44196.9017255
44191.8142056
44186.7472367
44181.7465693
44176.845924
44172.0696242
44167.4346726
44162.9523882
44158.6296966
44154.470145
44150.4747014
44146.6423822
44142.9707451
44139.4562743
44136.0946828
44132.8811471
44129.8104901
44126.8773223
44124.0761507
44121.4014614
44118.8477829
44116.4097328
44114.0820523
44111.8596311
44109.7375245
44107.7109643
44105.7753661
44103.9263318
44102.1596502
44100.4712954
44098.8574237
44097.3143691
44095.8386381
44094.4269042
44093.0760021
44091.7829207
44090.5447975
44089.3589119
44088.2226786
44087.1336421
44086.0894773
44085.0879544
44084.126978
44083.2045512
44082.3187784
44081.4678599
44080.650087
44079.8638379
44079.1075728
44078.3798297
44077.679221
44077.0044289
44076.3542024
44075.7273537
44075.1227548
44074.5393346
44073.9760758
44073.4320122
44072.9062264
44072.3978466
44071.9060448
44071.4300343
44070.9690678
44070.5224351
44070.0894614
44069.6695052
44069.2619572
44068.8662378
44068.4817965
44068.1081097
44067.7446797
44067.3910331
44067.04672
44066.7113125
44066.3844035
44066.0656059
44065.7545516
44065.4508902
44065.1542886
