-515.661010153
-470.684305612
-387.806223755
-295.537323453
-230.744337566
-186.190882558
-158.943887304
-142.791008864
-132.438984216
-125.67612848
-120.717461157
-116.717907054
-113.249746163
-110.096972596
-107.149385502
-104.3494728
-101.66605297
-99.081228605
-96.5839160297
-94.1666188997
-91.823804783
-89.5510768733
-87.3447424565
-85.2015810365
-83.1187141868
-81.0935281709
-79.1236246655
-77.2067870167
-75.3409555208
-73.524208283
-71.7547457637
-70.0308779361
-68.3510133979
-66.713650018
-65.1173668261
-63.5608169331
-62.0427213196
-60.5618633609
-59.1170839834
-57.7072773637
-56.3313870958
-54.9884027632
-53.6773568635
-52.3973220377
-51.1474085673
-49.9267621041
-48.734561604
-47.5700174413
-46.4323696802
-45.3208864873
-44.2348626675
-43.1736183106
-42.1364975366
-41.1228673293
-40.1321164496
-39.1636544199
-38.216910574
-37.2913331661
-36.3863885332
-35.5015603071
-34.6363486712
-33.7902696595
-32.9628544936
-32.1536489553
-31.3622127925
-30.5881191556
-29.8309540628
-29.0903158919
-28.3658148976
-27.6570727518
-26.9637221066
-26.2854061777
-25.6217783475
-24.9725017871
-24.3372490947
-23.7157019518
-23.1075507941
-22.5124944979
-21.9302413012
-21.3605036302
-20.8030051567
-20.257475647
-19.7236519342
-19.2012776776
-18.6901031334
-18.1898849344
-17.7003858792
-17.2213747305
-16.7526260213
-16.2939198694
-15.8450417999
-15.4057825738
-14.9759380248
-14.555308902
-14.1437007187
-13.7409236079
-13.3467921829
-12.9611254033
-12.5837464468
-12.2144825854
-11.8531650664
-11.4996289982
-11.1537132399
-10.8152602958
-10.4841162127
-10.1601304824
-9.8431559463
-9.53304870445
-9.22966802752
-8.93287627184
-8.64253879757
-8.35852388967
-8.08070268163
-7.80894908175
-7.54313970207
-7.28315378959
-7.02887315977
-6.78018213235
-6.53696746917
-6.29911831408
-6.06652613468
-5.83908466612
-5.61668985643
-5.3992398138
-5.18663475527
-4.97877695719
-4.77557070706
-4.57692225686
-4.38273977781
-4.19293331641
-4.0074147518
-3.82609775429
-3.64889774524
-3.47573185785
-3.30651889932
-3.14117931378
-2.97963514643
-2.82181000868
-2.66762904411
-2.51701889537
-2.36990767208
-2.2262249194
-2.08590158756
-1.94887000212
-1.81506383493
-1.68441807601
-1.5568690059
-1.43235416886
-1.31081234676
-1.19218353339
-1.07640890972
-0.963430819436
-0.853192745286
-0.745639285867
-0.640716132999
-0.538370049715
-0.43854884848
-0.34120137031
-0.246277464037
-0.153727966167
-0.0635046812821
0.0244396373525
0.110151306466
0.193675731294
0.275057423491
0.354340018848
0.43156629444
0.506778185529
0.580016802017
0.651322444658
0.720734620801
0.788292059872
0.854032728615
0.917993845767
0.9802118967
1.04072264759
1.0995611594
1.15676180146
1.21235826488
1.26638357565
1.31887010742
1.36984959415
1.41935314237
1.46741124325
1.51405378447
1.55931006183
1.60320879055
1.64577811644
1.68704562686
1.72703836137
1.76578282226
1.80330498487
1.83963030757
1.8747837418
1.90878974167
1.94167227347
1.97345482508
2.00416041506
2.03381160157
2.06243049131
