0.00065685968326
0.000693999238475
0.000719765290364
0.000735095125492
0.000743525074478
0.000748882317145
0.000753518986598
0.000758551611924
0.000764401951936
0.000771134669654
0.000778701403583
0.000787000966159
0.00079592075322
0.000805353287914
0.000815201891205
0.00082538176412
0.000835819294867
0.000846450799355
0.000857221190593
0.000868082760579
0.000878994126247
0.000889919338384
0.00090082713432
0.000911690311341
0.000922485199351
0.000933191214596
0.000943790479644
0.000954267497788
0.000964608872479
0.000974803064306
0.000984840179555
0.000994711785515
0.00100441074859
0.00101393109201
0.00102326787039
0.00103241705892
0.00104137545529
0.00105014059262
0.00105871066211
0.00106708444409
0.0010752612465
0.00108324084991
0.00109102345817
0.00109860965413
0.00110600035981
0.00111319680043
0.00112020047197
0.00112701311169
0.0011336366715
0.0011400732937
0.00114632528884
0.00115239511563
0.00115828536254
0.00116399873094
0.00116953801976
0.00117490611135
0.00118010595858
0.00118514057299
0.00119001301393
0.00119472637859
0.00119928379288
0.00120368840306
0.00120794336811
0.00121205185272
0.00121601702089
0.00121984203013
0.00122353002612
0.00122708413794
0.00123050747368
0.0012338031165
0.00123697412111
0.00124002351053
0.00124295427329
0.00124576936089
0.00124847168554
0.00125106411823
0.00125354948594
0.00125593057429
0.00125821012012
0.00126039081452
0.00126247530093
0.00126446617442
0.00126636598111
0.00126817721781
0.00126990233171
0.00127154372022
0.00127310373092
0.00127458466162
0.00127598876053
0.00127731822642
0.00127857520899
0.00127976180923
0.00128088007981
0.0012819320256
0.00128291960422
0.00128384472658
0.00128470925754
0.00128551501651
0.00128626377817
0.00128695727316
0.0012875971888
0.00128818516986
0.00128872281927
0.00128921169893
0.00128965333046
0.00129004919602
0.00129040073907
0.00129070936517
0.00129097644276
0.00129120330398
0.00129139124543
0.00129154152897
0.00129165538251
0.00129173400073
0.00129177854592
0.00129179014867
0.00129176990867
0.00129171889542
0.00129163814895
0.00129152868057
0.00129139147354
0.0012912274838
0.00129103764062
0.00129082284729
0.00129058398177
0.00129032189734
0.00129003742324
0.00128973136525
0.00128940450637
0.00128905760734
0.00128869140728
0.0012883066242
0.00128790395563
0.0012874840791
0.00128704765268
0.00128659531554
0.00128612768843
0.00128564537415
0.00128514895808
0.00128463900862
0.00128411607765
0.00128358070099
0.00128303339883
0.00128247467617
0.0012819050232
0.00128132491574
0.00128073481561
0.00128013517105
0.00127952641702
0.00127890897567
0.00127828325657
0.00127764965718
0.0012770085631
0.00127636034841
0.00127570537604
0.00127504399799
0.00127437655573
0.00127370338043
0.00127302479325
0.00127234110564
0.0012716526196
0.00127095962795
0.00127026241455
0.00126956125461
0.00126885641487
0.0012681481539
0.00126743672225
0.00126672236275
0.00126600531066
0.00126528579395
0.00126456403343
0.00126384024301
0.00126311462986
0.00126238739462
0.00126165873154
0.00126092882872
0.00126019786825
0.00125946602636
0.00125873347361
0.00125800037506
0.00125726689039
0.00125653317408
0.00125579937552
0.00125506563921
0.00125433210484
0.00125359890747
0.00125286617761
0.0012521340414
0.00125140262072
0.00125067203327
0.00124994239273
0.00124921380888
0.00124848638768
0.00124776023136
0.00124703543861
0.00124631210458
0.00124559032103
0.00124487017645
0.00124415175609
0.0012434351421
