-0.200382833508
-0.0739938183632
-0.0950786156547
-0.205933316778
-0.216041764733
-0.22124819144
-0.223237336665
-0.223392590854
-0.222746764079
-0.221429858241
-0.21982830877
-0.218076154796
-0.216245815531
-0.214378568278
-0.21249951588
-0.210624928395
-0.208765915941
-0.206930337022
-0.205123847392
-0.203350519375
-0.201613237502
-0.199913970747
-0.198253971537
-0.196633927738
-0.195054082105
-0.193514327778
-0.192014285377
-0.190553365499
-0.189130819459
-0.187745780438
-0.186397296772
-0.18508435877
-0.183805920229
-0.182560915574
-0.181348273414
-0.180166927163
-0.179015823266
-0.177893927464
-0.176800229488
-0.175733746458
-0.174693525269
-0.173678644137
-0.172688213504
-0.171721376422
-0.170777308531
-0.169855217733
-0.16895434362
-0.168073956732
-0.167213357681
-0.166371876192
-0.165548870075
-0.164743724169
-0.163955849268
-0.163184681044
-0.162429678985
-0.161690325343
-0.160966124121
-0.160256600075
-0.15956129776
-0.158879780609
-0.158211630043
-0.157556444628
-0.156913839259
-0.156283444391
-0.155664905295
-0.155057881361
-0.154462045425
-0.153877083134
-0.153302692345
-0.152738582547
-0.152184474318
-0.151640098812
-0.151105197258
-0.150579520507
-0.150062828581
-0.149554890142
-0.149055482565
-0.148564390842
-0.148081407711
-0.147606333195
-0.147138974274
-0.146679144583
-0.146226664123
-0.14578135898
-0.145343061066
-0.144911607869
-0.144486842219
-0.144068612058
-0.143656770232
-0.143251174283
-0.142851686257
-0.142458172523
-0.142070503592
-0.141688553956
-0.141312201926
-0.140941329482
-0.140575822127
-0.140215568755
-0.139860461512
-0.139510395678
-0.139165269546
-0.138824984306
-0.138489443941
-0.138158555118
-0.137832227095
-0.137510371622
-0.137192902852
-0.136879737256
-0.136570793539
-0.136265992563
-0.135965257267
-0.135668512602
-0.135375685455
-0.135086704586
-0.134801500563
-0.134520005703
-0.134242154015
-0.133967881137
-0.133697124291
-0.133429822228
-0.133165915176
-0.132905344797
-0.132648054138
-0.132393987592
-0.132143090849
-0.131895310862
-0.131650595806
-0.131408895038
-0.131170159067
-0.130934339512
-0.130701389076
-0.130471261511
-0.130243911583
-0.130019295051
-0.129797368631
-0.129578089973
-0.12936141763
-0.129147311037
-0.128935730483
-0.128726637091
-0.12851999279
-0.128315760295
-0.128113903088
-0.127914385393
-0.127717172158
-0.127522229039
-0.127329522375
-0.127139019173
-0.126950687092
-0.126764494425
-0.126580410081
-0.126398403571
-0.126218444994
-0.126040505018
-0.12586455487
-0.125690566319
-0.125518511665
-0.125348363724
-0.125180095817
-0.125013681757
-0.124849095835
-0.124686312815
-0.124525307914
-0.124366056797
-0.124208535567
-0.124052720752
-0.123898589293
-0.123746118543
-0.123595286248
-0.123446070544
-0.123298449944
-0.123152403335
-0.123007909965
-0.122864949435
-0.122723501695
-0.122583547032
-0.122445066066
-0.122308039739
-0.122172449314
-0.12203827636
-0.121905502753
-0.121774110665
-0.121644082559
-0.121515401185
-0.121388049569
-0.121262011011
-0.121137269079
-0.121013807604
-0.120891610671
-0.120770662619
-0.120650948032
-0.120532451735
-0.120415158791
-0.120299054492
-0.12018412436
-0.120070354138
-0.119957729788
-0.119846237486
-0.119735863617
-0.119626594773
