146.65646
143.799170228
143.819937228
143.839244454
143.857144164
143.873686
143.888917154
143.902882544
143.915624983
143.927185323
143.937602587
143.946914102
143.9551556
143.96236133
143.968564146
143.973795597
143.978086007
143.981464544
143.983959294
143.985597319
143.986404715
143.986406668
143.9856275
143.98409072
143.98181906
143.978834522
143.975158409
143.97081136
143.96581339
143.960183918
143.953941788
143.947105287
143.93969221
143.931719821
143.923204935
143.914163909
143.904612651
143.894519032
143.883925244
143.872887865
143.861420045
143.849534684
143.837244385
143.824561462
143.811497953
143.798065631
143.784276011
143.77014036
143.755669706
143.740874848
143.725766359
143.7103546
143.694649721
143.678661672
143.662400209
143.645874896
143.62909512
143.612070086
143.594808831
143.577320226
143.559612979
143.541695644
143.523576623
143.505264172
143.486766404
143.468091295
143.449246685
143.430240285
143.41107968
143.391772331
143.372325581
143.352746656
143.33304267
143.313220626
143.293287424
143.273249856
143.253114617
143.232888301
143.212577408
143.192188347
143.171727434
143.151200898
143.130614883
143.109975449
143.089288575
143.06856016
143.047796028
143.027001926
143.006183527
142.985346434
142.964496181
142.94363823
142.92277798
142.901920763
142.881071848
142.860236441
142.839419688
142.818626672
142.797862423
142.777131907
142.756440038
142.735791672
142.715191612
142.694644606
142.674155347
142.653728479
142.633368592
142.613080225
142.592867866
142.572735951
142.552688869
142.532730955
142.512866498
142.493099733
142.473434848
142.453875981
142.434427218
142.415092595
142.395876099
142.376781663
142.357813171
142.338974452
142.320269284
142.301701389
142.283274436
142.264992038
142.24685775
142.228875069
142.211047433
142.19337822
142.175870746
142.15852826
142.141505299
141.974693725
141.958111947
140.167795756
139.64470169
139.167434438
138.72576135
138.313267809
137.925588307
137.559565071
137.212805009
136.883426969
136.56990803
136.270985118
135.985589308
135.712800435
135.451814808
135.201921689
134.962485803
134.734094991
134.524681229
134.325080946
134.134831611
133.9535047
133.780701145
133.616048063
133.459196327
133.309818493
133.167607071
133.032273087
132.903544894
132.78116716
132.664900034
132.554518444
132.44981152
132.350582115
132.256646437
132.167833759
132.083986222
132.004958727
131.930618907
131.860847195
131.795536989
131.734594922
131.67794125
131.625510374
131.577251516
131.533129569
131.493126166
131.457240986
131.425493367
131.397924282
131.374598754
131.355608824
131.341077205
131.331161797
131.326061303
131.326022272
131.331347984
131.342409803
131.359661813
131.383659958
131.415087439
131.454788986
131.503818031
131.563503128
131.635543988
131.72215476
