132169.401
94557.5462562
94244.2733414
93937.6037649
93637.299866
93343.1416424
93054.9159579
92772.4147072
92495.4346014
92223.7772374
91957.2492024
91695.6621697
91438.8329789
91186.5837
90938.7416829
90695.1395929
90455.615434
90220.01256
89988.1796754
89759.9708256
89535.2453791
89313.868
89095.7086136
88880.6423647
88668.5495686
88459.315657
88252.8311169
88048.9914259
87847.6969803
87648.8530209
87452.3695527
87258.1612611
87066.1474248
86876.2518238
86688.402645
86502.5323843
86318.5777452
86136.479535
85956.1825583
85777.6355075
85600.7908518
85425.6047234
85252.0368022
85080.050199
84909.6116953
84740.6901956
84573.2587426
84407.2929778
84242.7713733
84079.6751107
83917.9879603
83757.6961607
83598.7882984
83441.2551901
83285.0897643
83130.286946
82976.843542
82824.7577485
82674.0304735
82524.6632138
82376.6592031
82230.0230187
82084.7604808
81940.8794429
81798.3862339
81657.2906318
81517.6024856
81379.3324309
81242.4918069
81107.0925776
80973.1472557
80840.6688292
80709.6706914
80580.1665735
80452.1704808
80325.6966306
80200.7593941
80077.3732395
79955.5526794
79835.3122191
79716.6663084
79599.6292951
79484.215381
79370.4385797
79258.3126766
79147.8511911
79039.0673402
78931.9740034
78826.5836907
78722.9085103
78620.9601393
78520.7497948
78422.2882066
78325.5855914
78230.6516279
78137.4954325
78046.1255375
77956.5498685
77868.7757241
77782.8097559
77698.6579494
77616.3251986
77535.8169147
77457.1365761
77380.2873306
77305.2715777
77232.090954
77160.7463198
77091.2377468
77023.5645058
76957.7250563
76893.7170363
76831.5372528
76771.1816736
76712.64542
76655.9227603
76601.0071045
76547.8909995
76496.5661262
76447.023297
76399.2524552
76353.2426745
76308.9821609
76266.4582552
76225.6574372
76186.5653306
76149.1667103
76113.4455102
76079.3848328
76046.9669607
76016.1733686
75986.984738
75959.3809722
75933.3412139
75908.8438635
75885.8665994
75864.3863997
75844.379565
75825.8217429
75808.6879545
75792.9526209
75778.5885782
75765.5711911
75753.8722073
75743.4639526
75734.3183026
75726.4067209
75719.7002944
75714.1697692
75709.7855868
75706.5179209
75704.3367148
75703.2117185
75703.1125269
75704.0086178
75705.869389
75708.6641971
75712.362394
75716.9333648
75722.346564
75728.5715517
75735.5780293
75743.3358737
75751.8151717
75760.986252
75770.8207414
75781.2874804
75792.3587595
75804.00618
75816.2017353
75828.9178338
75842.1273229
75855.8035116
75869.9201915
75884.4516562
75899.3727199
75914.6587336
75930.2856
75946.2297871
75962.4683404
75978.9788929
75995.7396741
76012.7295178
76029.9278677
76047.3147823
76064.870938
76082.5776313
76100.4167792
76118.3709189
76136.4232059
76154.5574114
76172.7579183
76191.0097162
76209.298396
76227.6101428
76245.9317286
76264.250504
76282.5543891
76300.8318639
76319.0719581
