16.0780749349
16.0806939638
16.0814864603
16.0822000027
16.0828432393
16.0834235097
16.0839471781
16.0844198097
16.0848462971
16.0852309613
16.0855776333
16.085889723
16.0861702761
16.086422022
16.0866474127
16.0868486596
16.0870277608
16.0871865264
16.0873266005
16.087449479
16.0875565263
16.0876489888
16.0877280075
16.0877946282
16.0878498117
16.087894441
16.0879293294
16.087955227
16.087972826
16.087982766
16.0879856389
16.0879819927
16.0879723353
16.0879571377
16.0879368373
16.0879118404
16.0878825246
16.0878492411
16.0878123167
16.0877720559
16.087728742
16.0876826394
16.0876339941
16.087583036
16.0875299792
16.0874750234
16.0874183554
16.087360149
16.0873005668
16.0872397603
16.0871778713
16.0871150318
16.0870513653
16.0869869868
16.0869220039
16.0868565169
16.0867906193
16.0867243984
16.0866579356
16.0865913068
16.0865245826
16.0864578288
16.0863911069
16.0863244736
16.0862579822
16.0861916818
16.0861256181
16.0860598336
16.0859943675
16.0859292564
16.0858645337
16.0858002305
16.0857363756
16.0856729953
16.0856101138
16.0855477533
16.0854859342
16.0854246751
16.0853639928
16.0853039026
16.0852444184
16.0851855528
16.0851273167
16.0850697202
16.0850127721
16.08495648
16.0849008507
16.0848458899
16.0847916023
16.084737992
16.0846850622
16.0846328153
16.0845812531
16.0845303766
16.0844801863
16.0844306822
16.0843818634
16.0843337289
16.084286277
16.0842395057
16.0841934123
16.084147994
16.0841032474
16.084059169
16.0840157547
16.0839730003
16.0839309013
16.0838894528
16.0838486497
16.0838084868
16.0837689585
16.0837300591
16.0836917826
16.0836541231
16.0836170743
16.0835806297
16.0835447829
16.0835095271
16.0834748556
16.0834407594
16.0834072356
16.0833742751
16.0833418708
16.0833100153
16.0832787013
16.0832479215
16.0832176684
16.0831879345
16.0831587124
16.0831299943
16.0831017726
16.0830740399
16.0830467882
16.0830200101
16.0829936977
16.0829678433
16.0829424392
16.0829174777
16.082892951
16.0828688513
16.0828451709
16.0828219021
16.0827990372
16.0827765684
16.082754488
16.0827327883
16.0827114617
16.0826905005
16.082669897
16.0826496465
16.0826297358
16.0826101602
16.0825909121
16.0825719839
16.0825533684
16.0825350579
16.0825170451
16.0824993226
16.0824818832
16.0824647194
16.0824478242
16.0824311902
16.0824148102
16.0823986772
16.0823827841
16.0823671238
16.0823516892
16.0823364736
16.0823214698
16.0823066711
16.0822920707
16.0822776617
16.0822634374
16.0822493911
16.0822355163
16.0822218063
16.0822082546
16.0821948547
16.0821816001
16.0821684845
16.0821555016
16.0821426449
16.0821299084
16.0821172858
16.082104771
16.0820923579
16.0820800404
16.0820678126
16.0820556686
16.0820436024
16.0820316083
16.0820196805
16.0820078132
16.0819960007
16.0819842376
16.0819725181
16.0819608369
16.0819491883
16.0819375671
16.0819259678
