-0.0520082765393
-0.0398723622455
-0.0403342450142
-0.0409369488271
-0.0409417658586
-0.0409156668918
-0.0408842614516
-0.0408549815967
-0.0407648636817
-0.040741080673
-0.0407206453839
-0.0407026689426
-0.0406865986706
-0.0406720746288
-0.0406588462696
-0.0406467273271
-0.0406355716416
-0.0406252599374
-0.0406156922795
-0.0406067835104
-0.0405984602871
-0.0405906590152
-0.040583324311
-0.0405764077966
-0.0405698671201
-0.0405636651387
-0.0405577692263
-0.0405521506807
-0.0405467842132
-0.0405416475071
-0.040536720836
-0.040531986732
-0.0405274296981
-0.0405230359595
-0.0405187932462
-0.0405146906059
-0.0405107182404
-0.0405068673641
-0.0405031300818
-0.0404994992809
-0.0404959685398
-0.0404925320461
-0.0404891845271
-0.0404859211882
-0.0404827376601
-0.0404796299512
-0.0404765944078
-0.0404736276774
-0.0404707266779
-0.0404678885697
-0.0404651107312
-0.0404623907376
-0.0404597263418
-0.0404571154569
-0.0404545561421
-0.0404520465888
-0.0404495851084
-0.040447170122
-0.0404448001506
-0.040442473807
-0.0404401897869
-0.0404379468634
-0.0404357438794
-0.0404335797424
-0.0404314534196
-0.0404293639328
-0.0404273103541
-0.0404252918023
-0.0404233074392
-0.0404213564664
-0.0404194381225
-0.0404175516798
-0.0404156964428
-0.0404138717452
-0.0404120769479
-0.0404103114377
-0.040408574625
-0.0404068659415
-0.0404051848407
-0.040403530795
-0.0404019032948
-0.0404003018474
-0.0403987259762
-0.0403971752191
-0.0403956491283
-0.0403941472692
-0.0403926692194
-0.0403912145685
-0.0403897829171
-0.0403883738758
-0.0403869870658
-0.0403856221174
-0.0403842786698
-0.0403829563705
-0.0403816548757
-0.0403803738484
-0.0403791129597
-0.0403778718875
-0.0403766503161
-0.0403754479367
-0.0403742644465
-0.0403730995484
-0.0403719529514
-0.0403708243697
-0.0403697135231
-0.0403686201359
-0.0403675439382
-0.040366484664
-0.0403654420527
-0.0403644158478
-0.040363405797
-0.0403624116523
-0.0403614331703
-0.040360470111
-0.0403595222386
-0.0403585893208
-0.0403576711294
-0.0403567674396
-0.0403558780301
-0.0403550026832
-0.0403541411844
-0.0403532933226
-0.0403524588898
-0.0403516376815
-0.040350829496
-0.0403500341347
-0.0403492514023
-0.0403484811058
-0.0403477230556
-0.0403469770647
-0.0403462429493
-0.0403455205279
-0.0403448096215
-0.0403441100544
-0.0403434216531
-0.0403427442465
-0.0403420776666
-0.0403414217472
-0.0403407763253
-0.0403401412395
-0.0403395163314
-0.0403389014447
-0.0403382964253
-0.0403377011217
-0.0403371153842
-0.0403365390658
-0.0403359720212
-0.0403354141076
-0.0403348651842
-0.0403343251123
-0.040333793755
-0.040333270978
-0.0403327566485
-0.040332250636
-0.0403317528114
-0.0403312630484
-0.0403307812218
-0.0403303072087
-0.0403298408879
-0.04032938214
-0.0403289308475
-0.0403284868947
-0.0403280501672
-0.0403276205532
-0.0403271979416
-0.0403267822236
-0.040326373292
-0.0403259710411
-0.0403255753668
-0.0403251861667
-0.0403248033397
-0.0403244267866
-0.0403240564095
-0.0403236921122
-0.0403233337995
-0.0403229813784
-0.0403226347567
-0.0403222938439
-0.0403219585508
-0.0403216287897
-0.0403213044741
-0.0403209855193
-0.0403206718411
-0.0403203633573
-0.0403200599867
-0.0403197616495
-0.040319468267
-0.0403191797619
-0.0403188960579
-0.0403186170801
-0.0403183427546
-0.040318073009
-0.0403178077717
-0.0403175469722
-0.0403172905414
-0.0403170384112
-0.0403167905146
-0.0403165467853
-0.0403163071588
-0.0403160715708
