125994.33438
244258.973308
247331.372052
250177.427498
252814.741124
255270.682061
257569.684136
259732.805423
261777.963531
263720.360317
265572.914323
267346.642285
269050.979434
270694.041049
272282.836791
273823.443199
275321.147579
276780.564009
278205.729994
279600.187788
280967.052706
282309.068909
283628.658647
284927.96437
286208.882693
287473.096315
288722.09972
289957.221893
291179.646223
292390.427997
293590.509522
294780.73312
295961.852696
297134.543457
298299.412185
299457.003062
300607.80668
301752.26434
302890.775343
304023.69971
305151.363675
306274.063723
307392.068078
308505.622167
309614.94957
310720.254097
311821.722999
312919.528402
314013.828434
315104.769376
316192.486222
317277.104482
318358.741161
319437.504963
320513.498321
321586.816507
322657.550048
323725.783972
324791.598989
325855.071911
326916.275533
327975.28018
329032.152694
330086.957525
331139.756778
332190.610537
333239.577229
334286.713446
335332.073877
336375.712876
337417.68294
338458.03598
339496.822519
340534.092628
341569.895711
342604.280316
343637.294657
344668.986603
345699.403297
346728.591769
347756.598902
348783.471274
349809.255296
350833.996975
351857.742877
352880.539024
353902.431622
354923.466828
355943.691248
356963.150805
357981.892552
358999.962764
360017.408735
361034.277279
362050.615892
363066.472074
364081.893806
365096.929299
366111.627244
367126.036285
368140.205885
369154.185658
370168.025819
371181.776971
372195.489913
373209.216236
374223.008043
375236.917828
376250.998654
377265.304271
378279.888967
379294.807627
380310.115724
381325.869489
382342.125852
383358.942379
384376.377508
385394.490042
386413.340311
387432.988645
388453.49685
389474.927055
390497.342764
391520.808261
392545.388152
393571.149047
394598.157839
395626.482898
396656.193241
397687.359292
398720.052222
399754.344856
400790.310842
696870.983842
693777.520128
690804.440675
687951.787358
685207.233998
682575.251995
680054.179387
677642.090809
675336.878742
673136.313032
671038.085188
669039.841598
667139.210155
665333.820827
663621.317814
661999.373962
660465.69957
659018.046616
657654.216802
656372.0632
655169.493994
654044.473723
652995.026046
652019.232627
651115.233948
650281.228949
649515.475758
648816.289281
648182.041765
647611.161047
647102.129845
646653.484471
646263.813537
645931.756693
645656.003556
645435.291517
645268.40631
645154.177934
645091.482013
645079.23703
645116.402851
645201.980637
645335.010254
645514.571389
645739.778679
646009.784131
646323.775358
646680.972618
647080.630214
647522.03433
648004.503208
648527.386099
649090.062203
649691.941072
650332.461977
651011.094625
651727.338886
652480.72561
653270.818155
654097.213793
654959.548813
655857.501964
656790.801928
657759.240065
658762.687475
659801.126691
660874.701413
