0.01266
0.0142616081831
0.0143263729733
0.0143948926126
0.0144672493234
0.0145434831398
0.0146236196018
0.0147076751135
0.0147956586974
0.0148875728914
0.0149834154768
0.0150831804118
0.0151868591706
0.0152944419066
0.0154059184781
0.0155212793017
0.0156405160157
0.0157636219493
0.0158905924052
0.0160214247719
0.0161561184855
0.0162946748652
0.016437096846
0.016583388632
0.01673355529
0.0168876023024
0.0170455350954
0.0172073585538
0.0173730765346
0.0175426913853
0.0177162034761
0.0178936107471
0.0180749082772
0.0182600878751
0.0184491376942
0.0186420418742
0.0188387802067
0.0190393278289
0.0192436549427
0.0194517265603
0.0196635022759
0.0198789360635
0.0200979761
0.0203205646147
0.0205466377621
0.0207761255215
0.02100895162
0.0212450334799
0.0214842821901
0.0217266025018
0.0219718928461
0.0222200453761
0.0224709460307
0.0227244746208
0.0229805049378
0.0232389048824
0.0234995366557
0.0237622567669
0.0240269164685
0.0242933618016
0.0245614338649
0.0248309690603
0.0251017993546
0.0253737525602
0.0256466526249
0.0259203199492
0.0261945717051
0.0264692221225
0.0267440830561
0.0270189640398
0.0272936728754
0.0275680159827
0.0278417988194
0.028114826321
0.0283869033687
0.0286578352885
0.0289274283904
0.0291954905593
0.0294618319113
0.0297262656951
0.0299886085344
0.0302486823241
0.0305063148543
0.0307613414171
0.03101360663
0.0312629667426
0.0315092926075
0.0317524735703
0.0319924226483
0.0322290835405
0.0324624402757
0.0326814626033
0.0328907925813
0.0330967507059
0.0332992866135
0.033498356277
0.0336939221408
0.0338885685577
0.0340744163989
0.0342592957319
0.0344405724764
0.0346182347995
0.0347922756606
0.0349626926348
0.0351294880224
0.0352926674715
0.0354522416015
0.0356082245729
0.0357606342044
0.0359094917736
0.0360548218182
0.0361966517839
0.0363350124573
0.0364699368076
0.0366014604538
0.0367296213091
0.0368544593983
0.0369760166803
0.037094336875
0.0372094652963
0.0373214486904
0.0374303350805
0.0375361736173
0.0376390144358
0.037738908519
0.0378359075669
0.0379300638732
0.0380214302075
0.0381100597041
0.0381960057571
0.0382793219215
0.0383600618208
0.0384382790595
0.0385140271424
0.0385873593987
0.0386583289123
0.0387269884559
0.0387933904318
0.0388575868162
0.0389196291088
0.0389795682864
0.039037454761
0.0390933383419
0.0391472682013
0.0391992928437
0.0392494600789
0.0392978169979
0.0393444099519
0.0393892845345
0.0394324855659
0.0394740570806
0.0395140423162
0.0395524837058
0.0395894228712
0.0396249006187
0.0396589569367
0.0396916309944
0.0397229611426
0.0397529849154
0.0397817390338
0.0398092594097
0.0398355811514
0.0398607385701
0.0398847651874
0.039907693743
0.0399295562037
0.0399503837729
0.0399702069006
0.0399890552937
0.0400069579274
0.0400239430561
0.0400400382255
0.0400552702842
0.0400696653961
0.0400832490527
0.0400960460857
0.0401080806798
0.0401193763852
0.0401299561303
0.040139842235
0.0401490564231
0.0401576198352
0.0401655530414
0.0401728760542
0.0401796083405
0.0401857688349
0.0401913759514
0.0401964475957
0.0402010011778
0.0402050536232
0.0402086213852
0.0402117204563
0.0402143663797
0.0402165742602
0.0402183587759
0.0402197341885
0.040220714354
0.0402213127334
0.0402215424029
0.0402214160638
