164769.7188
125233.701244
126430.11503
127698.016252
129007.318304
130352.497141
131731.973212
133144.876137
134590.566829
136068.54641
137578.507926
139120.307844
140693.973535
142299.696014
143937.81747
145608.815043
147313.282304
149051.909776
150825.46562
152634.777354
154480.715219
156364.177583
158286.078576
160247.338002
162248.873479
164291.594675
166376.399481
168504.17194
170675.781766
172892.085284
175153.927636
177462.146152
179817.57476
182221.049363
184673.41412
187175.528577
189728.275612
192332.570184
194989.368864
197699.680158
200464.575616
203285.201774
206162.792931
209098.684822
212094.329243
215151.309686
218271.358096
221456.372839
224708.438034
228029.844407
231423.111873
234891.014076
238436.605195
242063.249332
245774.652925
249574.900646
253468.525277
257460.43555
261556.136945
265761.681096
270083.75124
274529.740595
279107.835844
283827.116995
288697.663178
293730.695038
298938.722065
304335.645659
309937.284195
315761.171729
321827.158097
328157.700611
334778.303994
341718.055103
349010.277231
356693.33649
364811.643292
373416.906454
382569.717702
392341.880972
402817.832432
414099.757186
426310.965388
439602.166533
454159.629662
470216.459993
488068.476336
508097.040556
530802.671259
556855.892765
587176.588638
599741.062864
600315.274944
600855.661311
601363.028874
601837.171614
602280.116431
602690.613346
603070.431311
603418.877628
603736.88198
604024.941829
604283.571852
604513.302905
604714.526218
604888.111017
605034.471465
605154.18804
605247.850211
605316.054901
605359.405161
605378.650116
605374.116893
605346.562655
605296.602546
605224.85197
605131.92553
605018.436044
604884.993641
604732.20491
604560.672094
604370.992355
604163.757083
603939.551262
603698.952885
603442.532423
603170.852342
602884.466661
602583.920564
602269.75005
601942.481623
601602.632029
601250.708019
600887.206157
600512.612658
600127.403256
599732.043108
599326.986714
598912.677876
598489.549676
598058.02447
597618.513915
597171.419008
596717.130142
596256.027182
595788.479553
595314.846343
594835.476421
594350.708556
593860.871562
593366.284433
592867.256505
592364.087609
591857.068236
591346.479715
590832.594377
590315.675742
589795.978698
589273.749682
588749.226867
588222.64035
587694.212337
587164.157331
586632.682319
586099.986959
585566.263766
585031.698293
584496.469318
583960.749024
583424.703175
582888.491295
582352.266844
581816.177384
581280.364756
580744.965236
580210.109709
579675.923821
579142.528138
578610.038302
578078.56518
577548.21501
577019.089547
576491.286204
575964.898187
575440.014632
574916.720733
574395.097872
573875.223742
573357.172469
572841.014729
572326.817862
571814.645987
571304.560107
570796.618216
570290.8754
569787.383942
569286.19341
568787.350758
568290.900417
567796.884378
