1.49902961747
1.51978596174
1.51884401836
1.51618555141
1.51268946197
1.51010279162
1.50831362011
1.5070665388
1.50612081678
1.50543470902
1.50490280704
1.50447764031
1.5041307623
1.50384381291
1.50360425767
1.50340308037
1.50323349605
1.5030902139
1.50296899819
1.50286639381
1.50277954531
1.50270607132
1.50264397307
1.5025915652
1.50254742184
1.50251033354
1.50247927234
1.50245336315
1.50243185998
1.50241412616
1.50239961779
1.50238786974
1.50237848396
1.50237111953
1.5023654842
1.50236132732
1.50235843372
1.5023566186
1.50235572311
1.50235561064
1.50235616362
1.5023572808
1.50235887496
1.50236087088
1.50236320371
1.50236581746
1.50236866382
1.50237170105
1.50237489312
1.50237820887
1.50238162142
1.50238510752
1.50238864711
1.50239222288
1.50239581987
1.50239942524
1.5024030279
1.50240661835
1.50241018843
1.50241373118
1.50241724066
1.50242071185
1.50242414049
1.50242752302
1.50243085648
1.50243413843
1.5024373669
1.5024405403
1.50244365742
1.50244671732
1.50244971936
1.50245266312
1.50245554838
1.50245837511
1.50246114342
1.50246385356
1.50246650591
1.50246910093
1.50247163918
1.50247412128
1.50247654792
1.50247891986
1.50248123788
1.5024835028
1.50248571549
1.50248787682
1.5024899877
1.50249204904
1.50249406176
1.5024960268
1.5024979451
1.50249981759
1.5025016452
1.50250342887
1.50250516952
1.50250686807
1.50250852542
1.50251014249
1.50251172015
1.50251325928
1.50251476074
1.50251622539
1.50251765405
1.50251904756
1.50252040671
1.5025217323
1.5025230251
1.50252428588
1.50252551538
1.50252671432
1.50252788343
1.5025290234
1.50253013492
1.50253121865
1.50253227525
1.50253330536
1.50253430959
1.50253528857
1.50253624287
1.50253717309
1.5025380798
1.50253896353
1.50253982484
1.50254066425
1.50254148227
1.50254227941
1.50254305615
1.50254381297
1.50254455033
1.50254526869
1.5025459685
1.50254665017
1.50254731414
1.50254796081
1.50254859058
1.50254920383
1.50254980096
1.50255038233
1.50255094829
1.50255149921
1.50255203543
1.50255255727
1.50255306507
1.50255355914
1.5025540398
1.50255450734
1.50255496205
1.50255540424
1.50255583417
1.50255625212
1.50255665835
1.50255705313
1.50255743671
1.50255780933
1.50255817124
1.50255852267
1.50255886384
1.50255919499
1.50255951633
1.50255982808
1.50256013043
1.50256042359
1.50256070776
1.50256098314
1.5025612499
1.50256150824
1.50256175833
1.50256200034
1.50256223445
1.50256246082
1.50256267962
1.502562891
1.50256309511
1.50256329211
1.50256348214
1.50256366535
1.50256384188
1.50256401186
1.50256417542
1.50256433271
1.50256448384
1.50256462893
1.50256476811
1.50256490151
1.50256502922
1.50256515137
1.50256526806
1.50256537941
1.50256548551
1.50256558647
1.50256568238
1.50256577336
1.50256585948
1.50256594085
1.50256601755
1.50256608967
1.5025661573
1.50256622053
1.50256627943
1.50256633408
