1.014696
1.28807263242
1.39504572707
1.65144394519
1.76174994542
1.83032556151
1.87822574146
1.90309738146
1.91149671353
1.90136962023
1.89470761016
1.88555253062
1.8753036525
1.86468334557
1.8540559489
1.84360162605
1.8334065688
1.82350917931
1.81392355959
1.80465146119
1.79568838761
1.78702673101
1.77865739883
1.77057066639
1.76275662941
1.75520544712
1.74790747398
1.7408533311
1.73403394388
1.72744056041
1.72106475846
1.71489844529
1.70893385323
1.70316353231
1.69758034102
1.69217743604
1.68694826118
1.68188653599
1.67698624422
1.67224162237
1.66764714836
1.6631975305
1.65888769676
1.65471278444
1.6506681302
1.64674926054
1.64295188271
1.63927187599
1.63570528345
1.63224830406
1.62889728528
1.62564871596
1.62249921961
1.61944554811
1.61648457564
1.61361329302
1.61082880232
1.60812831177
1.60550913091
1.60296866607
1.60050441603
1.59811396794
1.59579499344
1.59354524504
1.5913625526
1.58924482008
1.58719002244
1.58519620266
1.58326146896
1.58138399214
1.57956200311
1.57779379041
1.57607769806
1.57441212329
1.57279551458
1.57122636968
1.56970323375
1.568224864
1.56678956189
1.5653961716
1.56404341117
1.56273003807
1.5614548478
1.56021667257
1.55901438002
1.55784687204
1.55671308359
1.55561198162
1.55454256401
1.55350385855
1.55249492196
1.55151483902
1.5505627216
1.54963770786
1.54873896143
1.54786567058
1.54701704752
1.54619232764
1.54539076879
1.54461165064
1.54385427405
1.54311796037
1.54240205092
1.54170590633
1.54102890605
1.54037044777
1.53972994689
1.53910683603
1.53850056455
1.53791059804
1.5373364179
1.53677752088
1.53623341864
1.53570363736
1.5351877173
1.53468521245
1.53419569011
1.53371873056
1.53325392668
1.53280088359
1.53235921834
1.53192855957
1.53150854719
1.53109883207
1.53069907576
1.53030895014
1.52992813722
1.52955632877
1.52919322613
1.52883853989
1.52849198968
1.52815330387
1.52782221939
1.52749848143
1.52718184326
1.52687206597
1.52656891827
1.52627217628
1.52598162332
1.52569704969
1.52541825251
1.52514503547
1.52487720872
1.52461458862
1.52435699758
1.52410426393
1.52385622168
1.52361271042
1.5233735751
1.52313866594
1.52290783821
1.52268095213
1.52245787271
1.5222384696
1.52202261696
1.52181019333
1.5216010815
1.52139516837
1.52119234483
1.52099250566
1.52079554938
1.52060137815
1.52040989769
1.52022101709
1.52003464881
1.51985070847
1.51966911485
1.51948978971
1.51931265775
1.51913764648
1.51896468616
1.51879370971
1.51862465258
1.51845745274
1.51829205053
1.51812838864
1.51796641199
1.51780606767
1.51764730489
1.51749007487
1.51733433081
1.5171800278
1.51702712275
1.51687557436
1.51672534304
1.51657639083
1.51642868139
1.51628217991
1.51613685305
1.51599266892
1.51584959702
1.51570760816
1.51556667445
1.51542676924
1.51528786707
1.51514994363
1.51501297572
1.51487694122
1.51474181903
1.51460758903
