309019.240392
426218.365401
367131.675657
301871.126757
259163.869513
233792.26178
219721.382829
212114.762279
206095.579362
203605.39998
202109.128478
201127.054419
200415.826132
199852.44245
199374.425788
198949.710312
198561.511817
198200.76531
197862.337855
197543.125905
197241.094609
196954.789246
196683.084185
196425.05194
196179.893338
195946.899045
195725.427409
195514.890916
195314.747334
195124.493481
194943.660559
194771.810457
194608.532709
194453.441915
194306.175523
194166.391884
194033.76854
193908.000708
193788.799921
193675.892818
193569.020051
193467.935303
193372.4044
193282.204503
193197.123375
193116.958712
193041.517531
192970.61561
192904.076972
192841.733411
192783.424053
192728.99495
192678.298705
192631.194123
192587.545884
192547.22424
192510.104735
192476.067938
192444.999193
192416.78839
192391.329746
192368.521595
192348.266202
192330.469575
192315.041297
192301.894359
192290.945013
192282.112623
192275.319527
192270.490912
192267.554686
192266.441364
192267.083956
192269.417864
192273.380781
192278.912595
192285.955302
192294.452916
192304.36862
192315.615703
192328.161071
192341.956043
192356.953592
192373.108276
192390.376179
192408.714852
192428.083259
192448.441721
192469.751869
192491.976593
192515.079998
192539.027357
192563.785073
192589.320633
192615.602575
192642.600449
192670.284778
192698.627031
192727.599584
192757.175693
192787.329463
192818.035818
192849.270476
192881.00992
192913.231377
192945.912788
192979.032788
193012.570684
193046.506432
193080.820617
193115.494433
193150.509665
193185.848667
193221.494348
193257.430154
193293.640049
193330.108504
193366.820477
193403.761401
193440.917167
193478.274116
193515.819018
193553.539066
193591.421859
193629.455392
193667.628046
193705.928572
193744.346088
193782.87006
193821.490298
193860.196942
193898.980458
193937.831622
193976.741518
194015.701523
194054.703304
194093.738807
194132.80025
194171.880115
194210.971142
194250.066318
194289.158877
194328.242287
194367.310245
194406.356672
194445.375707
194484.3617
194523.309206
194562.212979
194601.067968
194639.869312
194678.612332
194717.29253
194755.905578
194794.447321
194832.913767
194871.301084
194909.605594
194947.823773
194985.952242
195023.987767
195061.92725
195099.767731
195137.506381
195175.140498
195212.667506
195250.084949
195287.390488
195324.581899
195361.657069
195398.613993
195435.450772
195472.165606
195508.756799
195545.222746
195581.561941
195617.772965
195653.854489
195689.805271
195725.62415
195761.310048
195796.861966
195832.278981
195867.560243
195902.704976
195937.712474
195972.582098
196007.313275
196041.905498
196076.358321
196110.671357
196144.84428
196178.87682
196212.768762
196246.519945
196280.130259
196313.599646
196346.928094
196380.115642
196413.162373
