0.00471556608054
0.00471047074209
0.0047056186622
0.00470115470938
0.0046971637133
0.00469368856051
0.00469074186374
0.00468831488706
0.00468638435874
0.0046849177418
0.00468387655352
0.00468321999565
0.00468290643156
0.00468289495435
0.00468314636286
0.0046836237882
0.00468429306325
0.00468512290364
0.00468608495299
0.00468715373269
0.00468830652687
0.0046895232255
0.00469078614276
0.00469207982319
0.00469339084466
0.00469470762453
0.00469602023325
0.00469732021826
0.00469860043987
0.00469985491985
0.0047010787031
0.00470226773205
0.00470341873349
0.00470452911699
0.00470559688425
0.00470662054853
0.00470759906323
0.00470853175893
0.00470941828789
0.0047102585754
0.00471105280309
0.00471180128203
0.00471250452902
0.00471316318835
0.00471377801236
0.00471434984059
0.0047148795817
0.00471536819797
0.00471581669198
0.00471622609516
0.0047165974593
0.00471693184415
0.00471723031555
0.00471749393738
0.0047177259034
0.00471792264368
0.00471808767337
0.00471822039093
0.00471832540576
0.00471840173811
0.00471845028615
0.00471847198224
0.00471846773619
0.00471843843315
0.00471838493333
0.00471830807199
0.0047182086595
0.00471808748152
0.0047179452993
0.00471778285002
0.00471760084718
0.00471739998111
0.00471718091939
0.00471694430745
0.00471669076907
0.00471642090698
0.00471613530337
0.00471583452055
0.00471551910146
0.00471518957029
0.00471484643304
0.00471449017807
0.0047141212767
0.00471374018375
0.00471334733803
0.00471294316293
0.00471252806692
0.00471210244404
0.00471166667439
0.00471122110605
0.00471076573831
0.00471030134404
0.00470982825204
0.00470934676891
0.00470885719167
0.00470835980818
0.0047078548972
0.00470734272848
0.0047068235629
0.00470629765268
0.0047131635024
0.00472153840984
0.00473098712271
0.00474129239368
0.00475228284726
0.00476382010052
0.00477579225375
0.00478810877395
0.00480069638004
0.00481349572779
0.00482645873696
0.00483954643477
0.00485272721513
0.0048659754326
0.00487927026651
0.0048925948027
0.00490593529122
0.00491928054591
0.00493262145868
0.0049459506065
0.00495926193328
0.00497255049235
0.00498581223797
0.00499904385636
0.00501224262897
0.00502540632157
0.00503853309442
0.00505162142942
0.00506467007109
0.00507767797858
0.00509064428689
0.00510356827524
0.0051164493415
0.00512928698136
0.0051420807714
0.00515483035534
0.00516753543287
0.00518019575046
0.00519281109402
0.00520538128288
0.00521790616435
0.00523038561043
0.00524281951398
0.00525520778612
0.00526755035382
0.00527984715861
0.00529209815426
0.00530430330597
0.00531646258925
0.00532857598896
0.00534064349862
0.00535266511973
0.00536464086126
0.00537657073917
0.005388454776
0.00540029300056
0.00541208544758
0.00542383215745
0.00543553317599
0.00544718855423
0.0054587983482
0.00547036261876
0.00548188143144
0.00549335485627
0.00550478296762
0.00551616584412
0.00552750356847
0.00553879622736
0.00555004391134
0.00556124671469
0.00557240473534
0.00558351807476
0.00559458683787
0.00560561113289
0.00561659107134
0.00562752676785
0.00563841834016
0.00564926590896
0.00566006959786
0.00567082953327
0.00568154584437
0.00569221866296
0.00570284812345
0.00571343436276
0.00572397752024
0.0057344777376
0.00574493515885
0.00575534993024
0.00576572220018
0.00577605211915
0.00578633983969
0.0057965855163
0.00580678930538
0.00581695136518
0.00582707185575
0.00583715093885
0.00584718877793
0.00585718553804
0.00586714138581
0.00587705648936
