59550.469056
39479.5483291
39473.4307298
39467.894639
39462.8620544
39458.3074918
39454.2127017
39450.5612101
39447.3375933
39444.5273218
39442.116679
39440.0926954
39438.4430893
39437.1562138
39436.2210093
39435.6269592
39435.3640512
39435.422741
39435.7939194
39436.4688829
39437.439306
39438.6972167
39440.234973
39442.0452426
39444.1209832
39446.4554249
39449.042054
39451.8745976
39454.9470101
39458.25346
39461.7883185
39465.5464229
39469.5219627
39473.7101323
39478.1060098
39482.7048281
39487.5019671
39492.4929467
39497.6734199
39503.0391676
39508.5858884
39514.3100171
39520.207453
39526.274442
39532.5073375
39538.9025547
39545.4566206
39552.1661526
39559.0278537
39566.0385102
39573.2828986
39580.8071602
39588.4601954
39596.2393244
39604.1420392
39612.1659217
39620.3086098
39628.5677919
39636.9412054
39645.4266342
39654.0219083
39662.7249019
39671.5335319
39680.4457575
39689.4595781
39698.5730327
39707.7841987
39717.0911909
39726.4921606
39735.9852943
39745.5688132
39755.2409722
39765.0000588
39774.8443928
39784.772325
39794.782237
39804.8725398
39815.0416737
39825.2881074
39835.6103374
39846.0068872
39856.4763068
39867.0171725
39877.6280855
39888.3076721
39899.054583
39909.8674925
39920.7450982
39931.6861206
39942.6893025
39953.7534087
39964.8772252
39976.0595594
39987.2992389
39998.5951118
40009.9460459
40021.3509286
40032.8086661
40044.3181836
40055.8784246
40067.4883506
40079.1469409
40090.8531922
40102.6061183
40114.4047497
40126.2481338
40138.135334
40150.0654298
40162.0375164
40174.0507046
40186.1041204
40198.1969051
40210.3282146
40222.4972195
40234.7031051
40246.9450707
40259.2223299
40271.5341102
40283.8796528
40296.2582128
40308.6690585
40321.1114719
40333.5847483
40346.0881959
40358.6211364
40371.1829043
40383.7728472
40396.3903255
40409.0347127
40421.7053948
40434.4017712
40447.1232535
40459.8692667
40376.6017802
40389.354771
40944.1172173
41026.3409629
41076.158103
41105.1836701
41120.3093869
41125.9843925
41125.2017311
41120.0320216
41111.9388035
41101.9740894
41090.9040271
41079.2920641
41067.5553973
41056.0041352
41044.8689938
41034.3212135
41024.487096
41015.4587534
41007.30215
41000.0631796
40993.7723015
40988.4481058
40984.1000745
40980.7307352
40978.3373507
40976.9132519
40976.4488948
40976.9327042
40978.3517504
40981.8006157
40988.1765675
40995.4938141
41003.737522
41012.894804
41022.954006
41033.9047456
41045.7381692
41058.44713
41072.0263766
41086.4727522
41101.7854113
41117.9660637
41135.0192526
41152.9526768
41171.7775707
41191.5091535
41212.1671683
41233.7765301
41256.368113
41279.9797122
41304.6572268
41330.4561274
41357.4432899
41385.69931
41415.3214508
41446.4274416
41479.1604328
41513.6955501
41550.2487016
41589.088626
41630.5537138
41675.0760541
41723.2167691
41775.7196483
41833.5957938
