8.567535
-1.78307980843
-1.69507168397
-1.62583498191
-1.56379394757
-1.50835662555
-1.4589509028
-1.41503410329
-1.3760986133
-1.34167440621
-1.31132941868
-1.28466852433
-1.26133165406
-1.24099145074
-1.22335072202
-1.20813986475
-1.19511436942
-1.18405246864
-1.17475296259
-1.16703323476
-1.16072745764
-1.1556849806
-1.15176888725
-1.14885470773
-1.14682927015
-1.14558967613
-1.14504238579
-1.14510239905
-1.14569252098
-1.14674270066
-1.14818943405
-1.14997522273
-1.15204808143
-1.15436108837
-1.15687197311
-1.15954273778
-1.16233930786
-1.16523307864
-1.16819323081
-1.17119739012
-1.17422417627
-1.17725473746
-1.18027252795
-1.18326310165
-1.18621392043
-1.1891141763
-1.19195462648
-1.1947274408
-1.19742606061
-1.20004506863
-1.20258006906
-1.20502757735
-1.20738491918
-1.20965013798
-1.21182191047
-1.21389946979
-1.21588253567
-1.21777125111
-1.21956612522
-1.2212679817
-1.22287791251
-1.22439723645
-1.22582746205
-1.22717025467
-1.22842740718
-1.22960081415
-1.23069244903
-1.23170434416
-1.23263857335
-1.23349723667
-1.23428244729
-1.23499632024
-1.2356409627
-1.23621846579
-1.2367308977
-1.2371802979
-1.23756867241
-1.2378979899
-1.23817017865
-1.23838712411
-1.23855066709
-1.23866260247
-1.23872467828
-1.23873859528
-1.2387060067
-1.23862851839
-1.23850768911
-1.23834503108
-1.23814201056
-1.23790004871
-1.23762052246
-1.23730476545
-1.23695406909
-1.2365696836
-1.23615281916
-1.23570464695
-1.23522630036
-1.23471887606
-1.23418343518
-1.23362100435
-1.23303257688
-1.23241911375
-1.23178154475
-1.23112076944
-1.2304376582
-1.22973305319
-1.22900776927
-1.22826259498
-1.22749829339
-1.22671560296
-1.2259152384
-1.22509789143
-1.22426423163
-1.2234149071
-1.22255054527
-1.22167175355
-1.22077912
-1.21987321401
-1.2189545869
-1.21802377254
-1.21708128792
-1.21612763373
-1.21516329486
-1.21418874096
-1.21320442694
-1.21221079343
-1.21120826725
-1.2101972619
-1.20917817793
-1.20815140341
-1.20711731431
-1.20607627491
-1.20502863812
-1.20397474593
-1.20291492968
-1.20184951043
-1.20077879932
-1.19970309779
-1.19862269801
-1.19753788305
-1.19644892726
-1.19535609648
-1.19425964834
-1.1931598325
-1.19205689089
-1.19095105797
-1.18984256096
-1.18873162003
-1.18761844854
-1.18650325327
-1.18538623457
-1.18426758659
-1.18314749747
-1.18202614951
-1.18090371934
-1.17978037812
-1.17865629166
-1.17753162063
-1.17640652067
-1.17528114258
-1.17415563243
-1.17303013173
-1.17190477754
-1.17077970261
-1.16965503553
-1.16853090082
-1.16740741907
-1.16628470705
-1.16516287782
-1.16404204085
-1.1629223021
-1.16180376416
-1.16068652633
-1.15957068468
-1.15845633223
-1.15734355894
-1.15623245189
-1.15512309527
-1.15401557057
-1.15290995655
-1.15180632941
-1.15070476281
-1.14960532795
-1.14850809367
-1.14741312647
-1.14632049063
-1.14523024823
-1.14414245925
-1.14305718159
-1.14197447117
-1.14089438196
-1.13981696604
-1.13874227367
-1.13767035331
-1.13660125171
-1.13553501394
-1.13447168342
-1.133411302
-1.13235391
-1.13129954621
