34.2364114
22.9630929828
23.0270827032
23.0899799549
23.1518513837
23.2126935086
23.2725051943
23.3312979119
23.3890957913
23.4459333399
23.5018538549
23.5569066663
23.6111450217
23.6646240157
23.7173987501
23.7695227693
23.8210467922
23.8720177424
23.9224780604
23.9724652725
24.0220117828
24.0711448505
24.1198867185
24.1682548572
24.2162622936
24.2639179992
24.3112273135
24.3581923869
24.4048126262
24.451085134
24.4970051317
24.5425663612
24.5877614609
24.6325823127
24.677020359
24.7210668887
24.7647132916
24.8079512824
24.8507730947
24.8931716457
24.9351406731
24.9766748464
25.0177698526
25.0584224595
25.0986305565
25.1383931775
25.1777105042
25.2165838543
25.2550156547
25.2930094027
25.3305696156
25.3677017719
25.4044122436
25.4407082232
25.4765976454
25.5120891053
25.5471918064
25.5819153358
25.6162697978
25.650265573
25.6839132777
25.7172236784
25.750207609
25.7828758964
25.8152392743
25.8473083263
25.8790933991
25.9106045224
25.9418514117
25.9728432973
26.0035889282
26.0340964904
26.0643735402
26.0944269351
26.1242627607
26.1538862507
26.1833016981
26.2125123552
26.2415203159
26.2703263811
26.2989298783
26.3273284851
26.3555179611
26.3834918422
26.4112410484
26.4387533843
26.466012894
26.4929990225
26.5196855088
26.5460389095
26.5720166006
26.581275152
26.5812911046
26.5812965113
26.5812893614
26.5812682128
26.581231832
26.5811773992
26.5811096266
26.5810222856
26.5809166819
26.5807923911
26.5806490949
26.5804865691
26.5803047936
26.5801034566
26.5798826838
26.5796425334
26.5793831154
26.5791045856
26.5788071401
26.578490904
26.5781563565
26.5778036782
26.5774331831
26.5770452061
26.5766400995
26.5762182309
26.5757799804
26.575325739
26.574855906
26.5743708879
26.5738710965
26.5733569474
26.5728288589
26.5722872507
26.571732543
26.5711651553
26.5705855058
26.5699940105
26.5693910824
26.5687771311
26.5681525622
26.5675177769
26.566873171
26.5662191354
26.565556055
26.5648843089
26.56420427
26.5635163045
26.5628207722
26.5621180261
26.5614084121
26.5606922694
26.5599699297
26.5592417179
26.5585079516
26.5577689411
26.5570249896
26.5562763931
26.5555234405
26.5547664133
26.5540055863
26.553241227
26.552473596
26.5517029471
26.5509295271
26.5501535764
26.5493753284
26.5485950102
26.5478128426
26.5470290397
26.5462438097
26.5454573545
26.5446698702
26.5438815468
26.5430925686
26.5423031144
26.5415133573
26.5407234649
26.5399335999
26.5391439193
26.5383545753
26.5375657152
26.5367774812
26.5359900111
26.5352034378
26.5344178899
26.5336334915
26.5328503623
26.532068618
26.5312883703
26.5305097266
26.5297327907
26.5289576627
26.5281844386
26.5274132114
26.5266440702
26.5258771008
26.5251123858
26.5243500047
26.5235900335
26.5228325455
26.522077611
26.5213252974
26.5205756692
26.5198287885
26.5190847143
26.5183435036
26.5176052104
