0.197938284992
0.197764108668
0.197592975782
0.197425018253
0.197260078153
0.197098015716
0.19693870791
0.196782046485
0.196627935947
0.196476291689
0.196327038374
0.196180108535
0.196035441397
0.195892981882
0.195752679786
0.195614489061
0.195478367248
0.195344274968
0.195212175502
0.19508203444
0.194953819386
0.194827499694
0.194703046243
0.194580431261
0.194459628154
0.194340611382
0.194223356324
0.194107839186
0.193994036903
0.193881927067
0.193771487861
0.193662698007
0.193555536704
0.193449983591
0.193346018709
0.193243622463
0.193142775598
0.19304345917
0.192945654532
0.192849343309
0.19275450737
0.192661128839
0.192569190053
0.192478673574
0.192389562169
0.192301838797
0.192215486607
0.192130488931
0.192046829276
0.191964491322
0.191883458911
0.191803716048
0.191725246897
0.191648035776
0.191572067157
0.191497325652
0.191423796031
0.191351463201
0.191280312212
0.191210328256
0.191141496662
0.1910738029
0.191007232575
0.190941771425
0.190877405324
0.190814120279
0.190751902426
0.190690738038
0.190630613511
0.190571515373
0.19051343028
0.190456345016
0.190400246492
0.190345121745
0.190290957936
0.190237742354
0.190185462409
0.190134105635
0.190083659689
0.190034112351
0.18998545152
0.189937665219
0.189890741589
0.18984466889
0.189799435502
0.189755029923
0.189711440768
0.189668656768
0.189626666774
0.189585459747
0.189545024767
0.189505351027
0.189466427833
0.189428244604
0.189390790872
0.189354056279
0.189318030579
0.189282703636
0.189248065422
0.18921410602
0.189180815619
0.189148184517
0.189116203116
0.189084861926
0.189054151562
0.189024062742
0.18899458629
0.18896571313
0.188937434291
0.188909740901
0.18888262419
0.188856075489
0.188830086226
0.188804647929
0.188779752223
0.188755390831
0.188731555572
0.188708238359
0.188685431202
0.188663126203
0.188641315559
0.188619991558
0.188599146582
0.1885787731
0.188558863676
0.18853941096
0.188520407692
0.1885018467
0.1884837209
0.188466023294
0.188448746968
0.188431885096
0.188415430934
0.188400384581
0.18838572071
0.188371431288
0.188357508557
0.188343945018
0.188330733409
0.188317866694
0.188305338044
0.188293140833
0.188281268615
0.188269715124
0.188258474254
0.188247540057
0.188236906731
0.188226568614
0.188216520174
0.188206756006
0.188197270822
0.18818805945
0.188179116822
0.188170437977
0.188162018049
0.18815385227
0.188145935959
0.188138264525
0.188130833459
0.188123638332
0.188116674793
0.188109938569
0.188103425455
0.188097131319
0.188091052096
0.188085183789
0.188079522461
0.188074064243
0.188068805322
0.188063741947
0.188058870423
0.188054187114
0.188049688437
0.188045370864
0.188041230919
0.188037265178
0.188033470268
0.188029842867
0.1880263797
0.18802307754
0.188019933209
0.188016943574
0.188014105548
0.18801141609
0.188008872201
0.188006470927
0.188004209358
0.188002084625
0.1880000939
0.187998234399
0.187996503377
0.187994898128
0.187993415988
0.187992054331
0.18799081057
0.187989682156
0.187988666578
0.187987761362
0.187986964072
0.187986272306
