4.69086827351
6.7774717396
9.00021928003
10.8474635268
12.2037905709
13.1083842111
13.7097974684
14.1357282627
14.4682291908
14.7459186369
14.9920544589
15.218402989
15.4309273466
15.6327133623
15.8254273966
16.0100331795
16.1871428138
16.3571887635
16.5205084848
16.6773864038
16.8280750127
16.9728056982
17.1117944847
17.2452452359
17.3733515616
17.4962980536
17.6142611568
17.7274098347
17.8359061087
17.9399055157
18.0395575066
18.1350058008
18.2263887045
18.3138394003
18.3974862109
18.4774528412
18.5538586013
18.6268186128
18.6964439999
18.7628420677
18.8261164676
18.8863673535
18.9436915268
18.9981825739
19.0499309952
19.0990243271
19.1455472571
19.1895817334
19.2312070684
19.2705000378
19.3075349736
19.3423838544
19.3751163902
19.405800104
19.4345004095
19.4612806859
19.4862023485
19.5093249177
19.5307060837
19.5504017696
19.5684661914
19.5849519157
19.5999099152
19.6133896218
19.6254389778
19.6361044848
19.6454312517
19.6534630392
19.6602423041
19.6658102412
19.6702068242
19.6734708438
19.6756399462
19.6767506689
19.6768384755
19.6759377893
19.674082026
19.6713036245
19.6676340775
19.6631039601
19.6577429583
19.6515798957
19.6446427596
19.6369587269
19.6285541873
19.6194547681
19.609685356
19.5992701194
19.5882325298
19.5765953819
19.5643808141
19.551610327
19.5383048023
19.524484521
19.51016918
19.4953779101
19.4801292911
19.4644413683
19.4483316677
19.4318172103
19.414914527
19.3976396723
19.3800082376
19.3620353643
19.3437357564
19.325123693
19.3062130399
19.2870172611
19.2675494302
19.247822241
19.2278480182
19.2076387275
19.1872059854
19.1665610692
19.1457149258
19.124678181
19.1034611486
19.0820738383
19.0605259646
19.0388269543
19.016985955
18.9950118421
18.9729132264
18.9506984613
18.9283756498
18.9059526514
18.8834370883
18.8608363521
18.8381576102
18.8154078114
18.7925936921
18.7697217821
18.7467984098
18.7238297081
18.7008216193
18.6777799003
18.6547101279
18.6316177031
18.6085078564
18.5853856519
18.5622559921
18.5391236222
18.5159931343
18.4928689713
18.4697554315
18.4466566718
18.4235767119
18.4005194382
18.3774886068
18.3544878476
18.3315206674
18.3085904533
18.2857004758
18.2628538924
18.2400537502
18.2173029889
18.1946044442
18.1719608501
18.1493748418
18.1268489588
18.1043856469
18.081987261
18.0596560679
18.0373942482
18.015203899
17.9930870361
17.9710455963
17.9490814394
17.9271963506
17.9053920422
17.883670156
17.8620322651
17.8404798758
17.8190144294
17.7976373041
17.7763498167
17.7551532245
17.7340487269
17.7130374668
17.6921205324
17.6712989589
17.6505737297
17.629945778
17.6094159883
17.5889851979
17.5686541978
17.5484237344
17.528294511
17.5082671885
17.488342387
17.4685206868
17.4488026298
17.4291887205
17.409679427
17.3902751822
17.3709763848
17.3517834004
17.3326965624
17.3137161731
17.2948425043
