0.89981
0.924136076754
0.93035990322
0.936277808079
0.942071921338
0.947801311476
0.953502272921
0.959197213759
0.964899911717
0.970618779628
0.976358895014
0.982123261457
0.987913592417
0.993730798227
0.999575288627
1.00544716067
1.0113463154
1.01727253036
1.02322551755
1.02920489323
1.03521029343
1.04124131121
1.04729752314
1.05337849466
1.05948378262
1.06561293696
1.07176550176
1.07794101596
1.08413901391
1.09035902575
1.0966005777
1.10286319236
1.10914638898
1.11544968365
1.12177258959
1.12811461741
1.13447527531
1.14085406941
1.147250504
1.15366408182
1.16009430439
1.16654067232
1.17300268564
1.17947984417
1.18597164786
1.1924776323
1.19899725129
1.20553001229
1.21207542293
1.21863299193
1.2252022301
1.2317826511
1.23837377221
1.24497511494
1.25158620582
1.258206577
1.26483576705
1.27147332169
1.27811879457
1.28477174819
1.29143175472
1.29809839702
1.30477126967
1.31144998001
1.31813414934
1.32482341413
1.33151742732
1.33821585966
1.34491840112
1.35162476231
1.35833467596
1.3650478983
1.37176445603
1.37848382219
1.38520586425
1.39193021489
1.39865711667
1.40538645924
1.41211816638
1.41885218986
1.42558850164
1.43232709061
1.4390679331
1.44581099741
1.45255621731
1.45930347007
1.46605254947
1.47280313498
1.47955475871
1.48630677238
1.49305831784
1.49980830541
1.50655540442
1.5132980497
1.52003446574
1.52676270766
1.53348071486
1.54018635914
1.5468775447
1.55355221422
1.56020841141
1.56684430639
1.57345821109
1.58004858388
1.58661402633
1.59315327454
1.59966518699
1.60614873064
1.61260296745
1.61902704238
1.62542017212
1.63178163471
1.63811076051
1.64440692444
1.65066953961
1.65689805179
1.66309193491
1.6692506873
1.67537382844
1.68146089642
1.68751144573
1.69352504541
1.69950127757
1.70543973613
1.71134002576
1.71720176097
1.72302456539
1.72880807114
1.73455191827
1.74025575433
1.74591923393
1.75154201842
1.75712377559
1.76266417939
1.76816290967
1.77361965201
1.77903409748
1.78440594248
1.78973488855
1.79502058939
1.80026282898
1.80546131568
1.8106157654
1.81572590042
1.82079144855
1.82581214251
1.83078771956
1.83571792121
1.84060249302
1.84544118449
1.85023374885
1.854979943
1.85967952739
1.86433226596
1.86893792597
1.873496278
1.87800709583
1.88247015636
1.88688523953
1.89125212827
1.89557060841
1.89984046863
1.90406150035
1.90823349771
1.91235625749
1.91642957904
1.92045326424
1.92442711741
1.92835094529
1.93222455696
1.9360477638
1.93982037942
1.94354221962
1.94721310237
1.9508328477
1.95440127771
