20.0566802771
20.0566576917
20.0566358201
20.056614695
20.0565943284
20.0565747235
20.0565558777
20.0565377848
20.0565204363
20.0565038223
20.0564879319
20.0564727535
20.056458275
20.0564444843
20.0564313688
20.056418916
20.0564071134
20.0563959483
20.0563854081
20.0563754804
20.0563661526
20.0563574125
20.0563492476
20.0563416458
20.056334595
20.0563280833
20.0563220989
20.0563166301
20.0563116653
20.0563071932
20.0563032025
20.0562996822
20.0562966213
20.0562940091
20.0562918349
20.0562900883
20.056288759
20.0562878371
20.0562873124
20.0562871753
20.0562874161
20.0562880276
20.0562889976
20.0562903173
20.056291978
20.056293971
20.0562962879
20.0562989202
20.0563018598
20.0563050986
20.0563086286
20.0563124422
20.0563165317
20.0563208898
20.056325509
20.0563303525
20.0563354842
20.0563408521
20.0563464509
20.0563522751
20.0563583191
20.0563645769
20.0563710425
20.0563777107
20.0563845753
20.0563916309
20.0563988717
20.0564062925
20.056413888
20.056421653
20.0564295825
20.0564376715
20.0564459153
20.0564543092
20.0564628486
20.056471529
20.0564803461
20.0564892957
20.0564983715
20.0565075723
20.056516894
20.0565263325
20.056535884
20.0565455447
20.056555311
20.0565651796
20.0565751469
20.0565852097
20.0565953648
20.0566056091
20.0566159395
20.0566263531
20.056636847
20.0566474184
20.0566580646
20.0566687829
20.0566795707
20.0566904256
20.056701345
20.0567123267
20.0567233682
20.0567344673
20.0567456219
20.0567568298
20.0567680889
20.0567793972
20.0567907527
20.0568021535
20.0568135978
20.0568250838
20.0568366096
20.0568481737
20.0568597742
20.0568714097
20.0568830785
20.0568947791
20.0569065101
20.0569182699
20.0569300572
20.0569418706
20.0569537108
20.0569655738
20.0569774586
20.056989364
20.0570012892
20.057013233
20.0570251943
20.0570371721
20.0570491653
20.057061173
20.0570731941
20.0570852276
20.0570972728
20.0571093285
20.0571213941
20.0571334685
20.057145551
20.0571576407
20.057169737
20.057181839
20.0571939459
20.0572060571
20.0572181719
20.0572302896
20.0572424096
20.0572545311
20.0572666536
20.0572787766
20.0572908993
20.0573030213
20.057315142
20.0573272609
20.0573393774
20.0573514911
20.0573636015
20.0573757081
20.0573878104
20.0573999081
20.0574120006
20.0574240877
20.0574361688
20.0574482436
20.0574603118
20.0574723729
20.0574844266
20.0574964725
20.0575085104
20.0575205398
20.0575325606
20.0575445724
20.0575565748
20.0575685677
20.0575805508
20.0575925237
20.0576044862
20.0576164381
20.0576283792
20.0576403092
20.0576522279
20.057664135
20.0576760304
20.0576879138
20.0576997852
20.0577116441
20.0577234906
20.0577353244
20.0577471437
20.0577589506
20.0577707446
20.0577825256
20.0577942932
20.0578060474
20.0578177878
20.0578295144
20.057841227
20.0578529254
20.0578646096
20.0578762794
20.0578879348
20.0578995755
