0.375482009907
0.367719050837
0.362840828523
0.358652049586
0.35469152556
0.350845377404
0.347083612764
0.34339687078
0.339780915695
0.336232826619
0.332750062044
0.329330231257
0.32597103916
0.322670273187
0.319425800049
0.316235564448
0.313097587928
0.310009967494
0.306970873954
0.303978550051
0.30103130843
0.298127529504
0.29526565924
0.292444206913
0.289661742856
0.286916896212
0.284208352722
0.281534852548
0.278895188147
0.276288202204
0.273712785621
0.271167875576
0.268652453648
0.266165544008
0.263706211677
0.261273560858
0.258866733327
0.256484906895
0.25412729393
0.251793139947
0.249481722247
0.247192348631
0.244924356149
0.242677109923
0.240450002009
0.23824245031
0.236053897542
0.233883810242
0.231731677815
0.229597011632
0.227479344159
0.225378228129
0.223293235746
0.221223957929
0.219170003582
0.217130998899
0.215106586701
0.213096425796
0.211100190369
0.209117569399
0.207148266097
0.205191997371
0.203248493313
0.2013174967
0.19939876253
0.197492057562
0.195597159883
0.19371385849
0.19184195289
0.189981252714
0.18813157735
0.186292755583
0.184464625258
0.18264703295
0.180839833648
0.179042890452
0.17725607428
0.175479263589
0.173712344103
0.171955208548
0.170207756408
0.168469893677
0.166741532629
0.165022591588
0.163312994716
0.161612671799
0.159921558045
0.158239593889
0.156566724802
0.15490290111
0.153248077815
0.151602214423
0.149965274779
0.148337226908
0.146718042855
0.145107698537
0.143506173593
0.141913451246
0.140329518162
0.138754364316
0.137187982862
0.135630370005
0.134081524877
0.132541449421
0.131010148268
0.129487628625
0.127973900165
0.126468974917
0.12497286716
0.123485593317
0.122007171861
0.120537623205
0.119076969615
0.117625235109
0.116182445367
0.114748627638
0.113323810651
0.111908024528
0.110501300697
0.109103671811
0.107715171657
0.106335835083
0.104965697912
0.103604796866
0.102253169487
0.100910854059
0.0995778895348
0.0982543154616
0.0969401719057
0.0956354993815
0.09434033878
0.0930547312982
0.0917787183698
0.0905123415964
0.08925564268
0.0880086633558
0.0867714453266
0.0855440301971
0.0843264594095
0.0831187741801
0.0819210154363
0.0807332237541
0.0795554392972
0.0783877017561
0.0772300502883
0.0760825234592
0.0749451591835
0.0738179946679
0.072701066354
0.0715944098624
0.0704980599371
0.0694120503912
0.068336414053
0.0672711827131
0.0662163870722
0.0651720566898
0.0641382199339
0.063114903931
0.0621021345177
0.0610999361925
0.060108332069
0.0591273438299
0.0581569916817
0.0571972943105
0.056248268839
0.0553099307839
0.0543822940149
0.0534653707144
0.0525591713382
0.0516637045776
0.050778977322
0.0499049946229
0.0490417596592
0.048189273703
0.0473475360873
0.0465165441742
0.0456962933243
0.0448867768679
0.0440879860762
0.0432999101351
0.0425225361189
0.041755848966
0.0409998314557
0.0402544641857
0.0395197255513
0.0387955917261
0.0380820366432
0.037379031978
0.0366865471324
0.0360045492202
0.0353330030537
0.0346718711312
0.0340211136268
0.0333806883801
0.0327505508887
0.0321306543008
0.0315209494097
0.0309213846496
0.0303319060927
0.0297524574476
