1.384e-05
0.000338362035802
0.000338552949043
0.000338739331342
0.000338922388882
0.00033910306755
0.000339282098456
0.00033946004237
0.000339637324882
0.000339813198197
0.000339986201565
0.000340159995523
0.000340334572296
0.000340509928157
0.000340686041666
0.000340862879509
0.000341040400915
0.000341218560956
0.000341397294735
0.00034157661022
0.000341756407512
0.0003419366421
0.000342117330905
0.000342298378706
0.000342479769722
0.000342661472217
0.000342843457437
0.000343025699496
0.00034320817521
0.000343390863915
0.000343573747275
0.000343756809082
0.000343940035067
0.000344123412714
0.000344306931082
0.000344490580644
0.000344674353131
0.000344858241398
0.00034504223929
0.000345226341533
0.000345410543627
0.000345594841752
0.000345779232684
0.000345963713724
0.000346148282629
0.000346332937551
0.000346517676992
0.000346702499751
0.000346887404885
0.000347072391474
0.000347257459413
0.000347442608166
0.000347627837503
0.000347813147264
0.000347998916228
0.000348184012622
0.00034836956326
0.000348555194998
0.000348740908073
0.000348925537671
0.00034911257319
0.000349298533349
0.000349484575979
0.000349670701533
0.000349856910464
0.000350043203224
0.000350229580267
0.000350416042049
0.00035060258902
0.000350789221629
0.00035097594032
0.000351162745531
0.000351349637694
0.00035153365396
0.000351723668698
0.000351910827237
0.00035209807379
0.000352285408886
0.000352472832995
0.00035266034656
0.000352847950005
0.000353035643733
0.000353223428128
0.000353411303562
0.000353599270389
0.000353787328954
0.000353975479585
0.000354163722604
0.000354352058318
0.000354540487028
0.000354729009024
0.000354917624586
0.000355106333988
0.000355295137496
0.000355484035366
0.00035567302785
0.000355862115191
0.000356051297625
0.000356240575385
0.000356429934898
0.000356416493524
0.000356582092838
0.000356752629513
0.000356927207507
0.000357105075059
0.000357285623804
0.000357468361852
0.00035765289132
0.000357838890242
0.000358026097989
0.000358214303514
0.000358403335873
0.000358593056564
0.000358783353345
0.000358974135232
0.000359165328459
0.000359356873205
0.000359548720948
0.000359740832327
0.000359933175401
0.000360125724251
0.00036031845784
0.000360511359088
0.000360704414131
0.000360897611708
0.000361090942678
0.000361284399616
0.000361477976493
0.000361671668412
0.0003618654714
0.000362059382228
0.000362253398279
0.000362447517429
0.000362641737957
0.00036283605847
0.000363030477841
0.000363224995162
0.0003634196097
0.00036361432087
0.0003638091282
0.000364004031318
0.000364199029932
0.00036439412381
0.000364589312776
0.000364784596698
0.000364979975478
0.000365175449048
0.000365371017364
0.000365566680402
0.000365762438156
0.000365958290632
0.000366154237848
0.000366350279833
0.000366546416622
0.000366742648258
0.00036693897479
0.000367135396271
0.00036733191276
0.000367528524318
0.000367725231009
0.000367922032901
0.000368118930064
0.000368315922569
0.00036851301049
0.000368710193902
0.000368907472883
0.000369104847511
0.000369302317865
0.000369499884026
0.000369697546075
0.000369895304096
0.00037009315817
0.000370291108383
0.00037048915482
0.000370687297565
0.000370885536706
0.000371083872329
0.000371282304521
0.000371480833371
0.000371679458966
0.000371878181396
0.00037207700075
0.000372275917117
0.000372474930588
0.000372674041253
0.000372873249202
0.000373072554527
0.000373271957318
0.000373471457668
0.000373671055669
0.000373870751412
0.000374070544989
0.000374270436494
0.000374470426018
0.000374670513655
0.000374870699498
0.000375070983639
0.000375271366173
0.000375471847192
0.000375672426791
