-46.0005917728
-37.6121211478
-37.5795712657
-37.5479022065
-37.5168871729
-37.4864762693
-37.4566412914
-37.4273569155
-37.3985984214
-37.3703414223
-37.3425618376
-37.3152358952
-37.2883401363
-37.2618514208
-37.2357469322
-37.2100041814
-37.1846010106
-37.1595155963
-37.1347264522
-37.1102124309
-37.0859527253
-37.0619268698
-37.0381147406
-37.0144965555
-36.9910528733
-36.967764593
-36.9446129516
-36.9215795228
-36.8986462141
-36.8757952642
-36.8530092399
-36.8302710325
-36.8075638541
-36.7848712336
-36.7621770122
-36.7394653388
-36.7167206658
-36.6939277436
-36.6710716159
-36.6481376143
-36.6251113534
-36.6019787253
-36.578725894
-36.5553392904
-36.5318056068
-36.5081117913
-36.4842450428
-36.4601928055
-36.4359427637
-36.4114828366
-36.3868011734
-36.3618861485
-36.3367263563
-36.3113106068
-36.2856279213
-36.2596675275
-36.2334188558
-36.2068715352
-36.1800153894
-36.1528404331
-36.1253368688
-36.0974950837
-36.0693056462
-36.0407593036
-36.0118469795
-35.9825597713
-35.9528889481
-35.9228259491
-35.8923623819
-35.861490021
-35.8302008068
-35.7984868447
-35.7663404045
-35.7337539198
-35.7007199883
-35.6672313716
-35.6332809954
-35.5988619508
-35.5639674943
-35.5285910496
-35.4927262087
-35.4563667334
-35.4195065575
-35.3821397886
-35.3442607105
-35.305863786
-35.2669436595
-35.2274951601
-35.1875133051
-35.1469933033
-35.105930559
-35.0643206755
-35.0221594599
-34.9794429272
-34.9361673048
-34.8923290378
-34.8479247932
-34.8029514661
-34.7574061841
-34.7112863136
-34.6645894653
-34.6173134999
-34.5694565343
-34.5210169478
-34.4719933882
-34.4223847787
-34.3721903239
-34.3214095166
-34.2700421445
-34.2180882973
-34.1655483729
-34.1124230849
-34.0587134691
-34.0044208906
-33.9495470506
-33.8940939933
-33.8380641129
-33.7814601601
-33.724285249
-33.6665428636
-33.6082368644
-33.5493714947
-33.4899513864
-33.4299815667
-33.3694674632
-33.30841491
-33.2468301524
-33.1847198525
-33.1220910934
-33.0589513839
-32.9953086624
-32.9311713004
-32.8665481059
-33.067163892
-33.0005469624
-36.4128201132
-37.389280962
-38.2584276316
-39.0440123292
-39.7619661912
-40.423580263
-41.0372089288
-41.6092515277
-42.1447509679
-42.6477760532
-43.1216753132
-43.569251165
-43.9928828445
-44.3946153374
-44.7762251142
-45.1392696538
-45.4851253903
-45.8150172323
-46.1300418426
-46.4311862248
-46.7193427295
-46.995321294
-47.2598595185
-47.5136310307
-47.7572524826
-47.9912894428
-48.2162613878
-48.4326459514
-48.6408825582
-48.8413755374
-49.0344967976
-49.2205881238
-49.3999631447
-49.5729090108
-49.7396878127
-49.9005377621
-50.0556741531
-50.205290114
-50.3495571564
-50.4886255218
-50.6135412705
-50.7166729283
-50.814261676
-50.9063676665
-50.9930239873
-51.0742328976
-51.1499663701
-51.220162663
-51.2847230462
-51.3435077744
-51.3963311173
-51.4429552254
-51.4830825479
-51.5163464309
-51.5422994032
-51.5603984942
-51.5699866973
-51.5702693642
-51.5602838423
-51.5388599754
-51.5045680378
-51.4556490752
-51.3899200959
-51.3046424623
-51.1963349729
