1380.0
102870.272339
105678.572792
107987.097585
109875.637968
111419.18851
112684.270853
113725.698046
114577.762142
115327.936857
115953.800364
116497.695802
116978.549153
117411.106623
117806.801569
118174.464872
118520.896347
118851.318443
119169.732989
119479.200041
119782.054458
120080.073707
120374.607444
120666.677398
120957.054238
121246.31666
121534.431752
121823.195312
122111.418899
122399.679272
122688.123596
122976.761051
123265.724727
123555.025765
123844.685193
124134.712676
124425.109556
124718.977256
125006.989481
125298.453681
125590.247229
125882.356002
126174.765079
126467.459221
126760.423218
127053.642121
127347.10141
127640.7871
127934.68581
128228.784799
128523.197506
128817.666546
129112.298178
129407.085877
129702.019932
129997.091338
130292.291659
130587.613001
130883.047983
131178.5897
131474.231696
131769.967932
132065.792763
132361.700909
132657.687435
132953.74773
133249.87748
133546.072655
133842.329488
134138.644459
134435.014275
134731.435863
135027.906346
135324.423039
135620.983431
135917.585175
136214.226078
136510.90409
136807.617294
137104.363899
137401.142232
137697.950727
137994.787921
138291.652446
138588.543025
138885.458461
139182.397637
139479.359508
139776.343097
140073.34749
140370.371833
140667.415326
140964.477222
141261.556823
141558.653474
141855.766563
142152.895519
142450.039805
142747.198922
143044.372399
142686.36362
143078.089551
143466.122369
143848.895356
144225.581862
144595.842723
144959.649987
145317.169424
145668.68254
146014.534939
146355.102719
146690.770555
147021.917919
147348.910621
147672.095909
147991.799919
148308.326654
148621.957949
148932.954049
149241.554559
149547.979591
149852.431013
150155.093729
150456.136933
150755.715322
151053.970232
151351.03082
151647.014898
151942.030009
152236.174225
152529.537067
152822.200078
153114.237594
153405.717348
153696.701036
153987.244838
154277.399894
154567.212744
154856.725722
155145.977325
155435.002544
155723.833169
156012.498068
156301.023444
156589.433062
156877.748468
157165.989178
157454.172859
157742.315489
158030.431505
158318.533939
158606.63454
158894.743891
159182.871507
159471.02593
159759.214817
160047.445018
160335.722647
160624.053145
160912.441347
161200.891526
161489.407454
161777.992438
162066.649369
162355.380754
162644.188755
162933.075217
163222.041701
163511.089507
163800.219699
164089.433128
164378.73045
164668.112147
164957.578542
165247.129813
165536.76601
165826.487067
166116.29281
166406.182973
166696.157203
166986.215073
167276.356086
167566.579684
167856.885258
168147.272146
168437.739647
168728.287023
169018.913501
169309.61828
169600.400534
169891.259418
170182.194065
170473.203596
170764.287117
171055.443726
171346.672511
171637.972554
171929.342934
172220.782726
172512.291004
