0.000753294598834
0.0007081652818
0.000693983024368
0.000681376597209
0.000669497444346
0.000658288782499
0.000647714374911
0.000637737808485
0.000628322670743
0.000619433116056
0.000611034286799
0.000603092612234
0.000595576009077
0.000588454007818
0.000581697821868
0.000575280373281
0.000569176285827
0.000563361853883
0.000557814993781
0.000552515182669
0.00054744338916
0.000542581998536
0.00053791473517
0.00053342658389
0.000529103711686
0.000524933390821
0.00052090392409
0.000517004572782
0.00051322548773
0.000509557643681
0.000505992777133
0.000502523327701
0.000499142383006
0.000495843627041
0.000492621291921
0.000489470112927
0.000486385286689
0.000483362432386
0.000480397555812
0.000477487016135
0.000474627495229
0.000471815969387
0.0004690496833
0.000466326126121
0.000463643009499
0.000460998247437
0.000458389937834
0.000455816345604
0.000453275887246
0.000450767116748
0.00044828871274
0.000445839466774
0.000443418272664
0.000441024116779
0.000438656069226
0.000436313275838
0.000433994950912
0.000431700370615
0.000429428867012
0.000427179822667
0.000424952665749
0.000422746865612
0.000420561928805
0.000418397395462
0.000416252836055
0.00041412784846
0.000412022055313
0.000409935101637
0.000407866652692
0.00040581639206
0.000403784019905
0.000401769251423
0.00039977181544
0.000397791453164
0.000395827917055
0.000393880969815
0.000391950383488
0.00039003593864
0.000388137423639
0.000386254633999
0.000384387371797
0.000382535445147
0.000380698667736
0.000378876858399
0.000377069840742
0.000375277442807
0.000373499496767
0.000371735838654
0.000369986308116
0.000368250748196
0.000366529005132
0.000364820928187
0.000364228166551
0.000363796676109
0.000363484233756
0.000363259669681
0.000363099995993
0.000362988252356
0.00036291192146
0.00036286176286
0.000362830953914
0.000362814456479
0.000362808549798
0.000362810485827
0.000362818234828
0.000362830297551
0.000362845566553
0.00036286322379
0.000362882664979
0.000362903443735
0.000362925230313
0.000362947781129
0.000362970916245
0.00036299450274
0.000363018442428
0.000363042662781
0.000363067110224
0.000363091745184
0.000363116538436
0.000363141468393
0.000363166519114
0.00036319167883
0.00036321693885
0.000363242292763
0.000363267735837
0.000363293264582
0.000363318876426
0.000363344569477
0.000363370342341
0.000363396193995
0.00036342212369
0.00036344813088
0.000363474215166
0.00036350037626
0.000363526613957
0.00036355292811
0.000363579318618
0.000363605785413
0.000363632328451
0.000363658947705
0.000363685643164
0.000363712414823
0.000363739262688
0.000363766186769
0.000363793187079
0.000363820263637
0.00036384741646
0.000363874645571
0.000363901950991
0.000363929332744
0.000363956790854
0.000363984325345
0.000364011936244
0.000364039623575
0.000364067387364
0.000364095227638
0.000364123144422
0.000364151137744
0.00036417920763
0.000364207354108
0.000364235577203
0.000364263876944
0.000364292253358
0.000364320706473
0.000364349236315
0.000364377842914
0.000364406526297
0.000364435286493
0.000364464123529
0.000364493037434
0.000364522028236
0.000364551095965
0.000364580240649
0.000364609462317
0.000364638760998
0.000364668136722
0.000364697589517
0.000364727119414
0.000364756726443
0.000364786410632
0.000364816172012
0.000364846010614
0.000364875926466
0.000364905919601
0.000364935990048
0.000364966137837
0.000364996363001
0.000365026665569
0.000365057045574
0.000365087503045
0.000365118038015
0.000365148650515
0.000365179340576
0.000365210108231
0.000365240953511
0.000365271876449
0.000365302877077
0.000365333955427
0.000365365111531
0.000365396345422
