2.57367436481
2.60776995781
2.62738491564
2.64374753937
2.65927223789
2.6745597286
2.68976429135
2.70492862311
2.72006731892
2.73518774114
2.75029525365
2.76539454631
2.78048998012
2.7955856859
2.81068560018
2.82579348447
2.84091293942
2.85604741695
2.87120023122
2.8863745685
2.9015734964
2.91679997217
2.93205685043
2.94734689027
2.96267276174
2.9780370519
2.9934422703
3.00889085417
3.02438517306
3.03992753326
3.05552018185
3.07116531036
3.08686505834
3.10262151649
3.11843672968
3.13431269969
3.15025138782
3.16625471727
3.18232457531
3.19846281543
3.21467125921
3.23095169813
3.24730589524
3.2637355867
3.28024248326
3.29682827156
3.31349461544
3.33024315708
3.34707551805
3.36399330041
3.38099808757
3.39809144519
3.415274922
3.4325500505
3.44991834773
3.46738131581
3.4849404426
3.5025972022
3.52035305545
3.53820945036
3.55616782252
3.57422959548
3.59239618101
3.61066897946
3.62904937995
3.64753876059
3.66613848866
3.68484992078
3.70367440294
3.72261327068
3.74166784905
3.76083945265
3.78012938564
3.79953894167
3.81906940381
3.83872204444
3.85849812512
3.87839889645
3.89842559786
3.9185794574
3.93886169148
3.95927350463
3.97981608918
4.00049062495
4.02129827885
4.04224020455
4.06331754207
4.08453141728
4.1058829415
4.127373211
4.14900330644
4.17077429233
4.1926872165
4.21474310943
4.23694298364
4.25928783305
4.28177863223
4.30441633574
4.32720187731
4.35013616912
4.37322010095
4.39645453934
4.41984032671
4.44337828048
4.46706919211
4.49091382615
4.5149129192
4.53906717894
4.56337728303
4.587843878
4.61246757817
4.63724896444
4.66218858313
4.68728694475
4.71254452273
4.73796175213
4.76353902835
4.78927670572
4.81517509615
4.8412344677
4.86745504311
4.89383699833
4.92038046101
4.94708550891
4.97395216836
5.00098041262
5.02817016025
5.05552127341
5.08303355619
5.11070675282
5.13854054597
5.16653455491
5.19468833369
5.22300136931
5.25147307984
5.28010281251
5.30888984181
5.33783336751
5.36693251271
5.39618632186
5.42559375873
5.45515370439
5.4848649552
5.51472622071
5.5447361216
5.57489318763
5.60519585553
5.63564246691
5.66623126616
5.69696039836
5.72782790717
5.75883173275
5.78996970966
5.82123956479
5.85263891531
5.88416526658
5.91581601017
5.94758842182
5.97947965948
6.01148676136
6.04360664403
6.07583610054
6.10817179859
6.14061027877
6.17314795284
6.20578110206
6.23850587564
6.27131828914
6.30421422313
6.33718942174
6.37023949147
6.40335989999
6.43654597508
6.4697929037
6.50309573114
6.53644936036
6.56984855139
6.60328792096
6.63676194223
6.67026494467
6.7037911142
6.73733449341
6.77088898203
6.80444833763
6.83800617646
6.8715559746
6.90509106927
6.93860466044
6.97208981272
7.00553945742
7.03894639503
7.0723032979
7.10560271327
7.13883706657
7.17199866515
7.20507970224
7.23807226135
7.27096832098
7.30375975973
7.33643836181
