132169.401
94738.0442349
94411.1084511
94090.5930395
93776.3243655
93468.1389931
93165.8781065
92869.3861506
92578.5105947
92293.1019177
92013.0136281
91738.1022837
91468.2275015
91203.2519606
90943.0413954
90687.4645827
90436.3933216
90189.702409
89947.2696092
89708.9756207
89474.7040399
89244.3413219
89017.7767412
88794.9023506
88575.6129405
88359.8059987
88147.3816716
87938.2427263
87732.2945154
87529.4449434
87329.6044365
87132.6859138
86938.6047625
86747.2788147
86558.628328
86372.5759676
86189.0467913
86007.9682363
85829.2701082
85652.884571
85478.746138
85306.7916645
85136.9603395
84969.1936783
84803.4355142
84639.6319896
84477.7315458
84317.6849113
84159.4450884
84002.9673377
83848.2091601
83695.1302766
83543.6926051
83393.8602345
83245.5993959
83098.8784309
82953.6677566
82809.9398284
82667.6694574
82526.8323375
82387.4071375
82249.3740316
82112.7148454
81977.4135651
81843.455536
81710.8278371
81579.5191316
81449.5196062
81320.8209098
81193.4160913
81067.3001711
80942.4676013
80818.9158211
80696.6428438
80575.6477644
80455.9306952
80337.4927031
80220.3357466
80104.462614
79989.8768621
79876.5827564
79764.5852118
79653.8897349
79544.5023675
79436.4296313
79329.678474
79224.256217
79120.1705044
79017.4292539
78916.0406084
78816.0128903
78717.3545562
78620.0741536
78524.1802797
78429.6815404
78336.5865122
78244.9037046
78154.6415239
78065.8082396
77978.4119503
77892.4605525
77807.9617102
77724.9228251
77643.3510094
77563.2530582
77484.6354246
77407.5041948
77331.8650644
77257.7233168
77185.0838013
77113.9509128
77044.3285728
76976.220211
76909.6287474
76844.5565766
76781.0055516
76718.9769695
76658.4715577
76599.489054
76542.0298192
76486.0923945
76431.6751085
76378.7756651
76327.3911346
76277.5179464
76229.1518828
76182.2880726
76136.9209875
76093.0444374
76050.6515683
76009.7348605
75970.2861275
75932.2965166
75895.75651
75860.6559274
75826.983929
75794.7290204
75763.8790576
75734.4212539
75706.3421877
75679.6278109
75654.2634591
75630.2338622
75607.5231566
75586.1148981
75565.9920763
75547.1371296
75529.531961
75513.1579559
75497.9959998
75484.0264975
75471.2293931
75459.5841904
75449.0699754
75439.6654376
75431.348894
75424.0983125
75417.8903244
75412.7043216
75408.5163299
75405.3031749
75403.0414559
75401.707576
75401.2777691
75401.7281272
75403.0346268
75405.1731567
75408.119544
75411.8495816
75416.3390545
75421.5637663
75427.4995646
75434.1223673
75441.4081874
75449.3331576
75457.8735542
75467.0058205
75476.7065898
75486.9527068
75497.7212491
75508.9895475
75520.7352055
75532.9371388
75545.5714919
75558.6178345
75572.0550352
75585.8623198
75600.0192843
75614.5059074
75629.3025619
75644.3900255
75659.7494909
75675.362574
75691.2113219
75707.2782194
75723.5461952
75739.8991163
75756.6163692
75773.3898742
75790.3006738
