384542.8587
33227.0396658
33138.6431631
33052.3811294
32968.1592181
32885.9152694
32805.5974715
32727.1591202
32650.5562471
32575.7468425
32502.6904121
32431.3477883
32361.6810355
32293.6533929
32227.2292359
32162.3740436
32099.0543696
32037.2378155
31976.8930042
31917.9895543
31860.4980547
31804.3900404
31749.6379678
31696.2151911
31644.0959388
31593.255291
31543.6691568
31495.3142523
31448.1680792
31402.2089037
31357.4157357
31313.768309
31271.2470614
31229.8331155
31189.5082601
31150.2549317
31112.0561968
31074.8957344
31038.757819
31003.6273041
30969.4896063
30936.3306894
30904.1370491
30872.8956984
30842.5941529
30813.2193799
30784.7629658
30757.2107496
30730.5531532
30704.7800034
30679.8815509
30655.8484588
30632.6717911
30610.343002
30588.8539244
30568.1967602
30548.3640697
30529.3487617
30511.1440845
30493.7436163
30477.1412561
30461.3312155
30446.30801
30432.0664509
30418.6016375
30405.9089495
30393.9840397
30382.8228267
30372.421488
30362.7764536
30353.8843992
30345.7422402
30338.3471255
30331.6964318
30325.7877579
30320.6189191
30316.1879422
30312.4930601
30309.532707
30307.3055138
30305.8103031
30305.0460851
30305.0120533
30305.7075798
30307.132212
30309.2856683
30312.1678344
30315.7787596
30320.1186536
30325.1878827
30330.9869667
30337.5165757
30344.7775272
30352.7707828
30361.4974456
30370.9587572
30381.1560952
30392.0909706
30403.7650251
30416.1800286
30429.3378774
30443.240591
30457.8903107
30473.2892969
30489.4399274
30506.344695
30524.0062059
30542.4271772
30561.6104359
30581.5589162
30602.2756584
30623.7638068
30646.0266081
30669.0674098
30692.8896587
30717.4968991
30742.8927716
30769.0810112
30796.0654462
30823.8499965
30852.4386726
30881.8355736
30912.0448864
30943.0708841
30974.9179247
31007.59045
31041.0929838
31075.4301315
31110.606578
31146.627087
31183.4964995
31221.2197328
31259.8017792
31299.2477046
31339.5626479
31380.7518191
31422.8204985
31465.7740358
31509.6178483
31554.3574201
31599.9983011
31646.5461055
31694.0065108
31742.3852566
31791.6881434
31841.9210316
31893.0898402
31945.2005454
31998.2591799
32052.2718315
32107.2446415
32163.1838044
32220.0955659
32277.9862219
32336.8621176
32396.7296458
32457.5952463
32519.4654038
32582.3466475
32646.2455494
32711.1687231
32777.1228226
32844.1145412
32912.1506097
32981.2366622
33051.3818288
33122.5917063
33194.8731911
33268.2331949
33342.6786529
33418.2165264
33494.8538657
33572.59756
33651.4547089
33731.4323731
33812.5376355
33894.7775995
33978.159388
34062.6901417
34148.3770179
34235.2271891
34323.2478417
34412.4461745
34502.8293975
34594.4047304
34687.1794013
34781.1606453
34876.3557034
34972.7718206
35070.4162451
35169.2962269
35269.4202902
35370.7930756
35473.4232103
35577.3179107
35682.4844044
35788.929919
35896.6616775
36005.686895
36116.0127772
