1.89801577118
1.95047736666
2.00271659891
2.05473258159
2.10652446615
2.15809143679
2.2094327083
2.26054752447
2.3114351565
2.36209490163
2.41252608178
2.46272804232
2.51270015084
2.56244179614
2.61195238706
2.66123135157
2.71027813582
2.75909220322
2.8076730336
2.85602012245
2.90413298008
2.95201113096
2.99965411299
3.04706147685
3.09423278535
3.14116761287
3.18786554471
3.23432617661
3.28054911417
3.32653397238
3.37228037518
3.41778795472
3.46305635129
3.50808521267
3.55287419379
3.5974229563
3.64173116817
3.6857985034
3.72962464159
3.77320926888
3.81655207432
3.85965275281
3.90251100174
3.94512652494
3.987499029
4.02962822404
4.07151382417
4.11315554506
4.15455310594
4.19570622916
4.23662446007
4.27730763559
4.31775511125
4.35796625116
4.39794042776
4.43767702143
4.47717542025
4.5164350197
4.55545522238
4.59423543777
4.63277508196
4.67107357742
4.70913035279
4.7469448426
4.7845164871
4.82184473206
4.85892902853
4.89576883271
4.9323636057
4.96871281339
5.00481592624
5.04067241917
5.07628177135
5.11164346612
5.14675699078
5.18162183653
5.21623749827
5.25060347454
5.28471926738
5.3185843822
5.35219832772
5.38556061585
5.41867076159
5.45152828296
5.48413270092
5.51648353928
5.54858032463
5.58042258629
5.61200985625
5.6433416691
5.67441756197
5.70523707452
5.73579974886
5.76610512955
5.79615276354
5.82594220015
5.85547299106
5.88474469027
5.91375685409
5.94250904116
5.97100081241
5.99923173106
6.02720136263
6.05490927499
6.08235503827
6.10953822498
6.13645840998
6.16311517049
6.18950808614
6.21563673903
6.24150071368
6.26709959716
6.29243297907
6.31750045164
6.34230160974
6.36683605092
6.39110337554
6.41510318676
6.43883509064
6.46229869621
6.48549361553
6.50841946378
6.53107585933
6.55346242385
6.57557878236
6.59742456336
6.61899939888
6.64030292465
6.66133478013
6.68209460867
6.70258205758
6.7227967783
6.74273842644
6.76248101066
6.78194926246
6.80226053217
6.82250066426
6.84263338666
6.8626326886
6.88247865388
6.90215532098
6.92164947535
6.94094991443
6.9600469721
6.97893219523
6.99759811435
7.01603807525
7.03424611163
7.05221684626
7.06994541273
7.08742739215
7.10465876131
7.12163584942
7.13835530178
7.15481404883
7.17100927952
7.18693841834
7.20259910525
7.21799029254
7.23311969893
7.24798462353
7.26258251794
7.27691097395
7.29096771369
7.30475057973
7.31825752658
7.33148661291
7.34443599459
7.35710391837
7.36948871619
7.38158880006
7.39340265747
7.40492884728
7.41616599601
7.42711279464
7.43776799581
7.44813041131
7.4581989101
7.46797241659
7.47744990938
7.48663042035
7.49551303409
7.5040968879
7.51238117203
7.52036513058
7.52804806274
7.53542932478
7.54250833253
7.5492845647
7.55575756703
7.56192695739
7.56779243212
7.57335377378
7.57861086061
7.58356367815
7.58821233355
7.59255707322
7.59659830487
7.60033662529
7.60377285567
