-1.35736277826
-3.2383538697
-3.24044411319
-3.2426953704
-3.24508779126
-3.24760401888
-3.25022877182
-3.25294850195
-3.25575112491
-3.25862580799
-3.26156280092
-3.26455329858
-3.26758932803
-3.27066365248
-3.27376969344
-3.2769014597
-3.28005349264
-3.28322081005
-3.28639886713
-3.28958351448
-3.29277096552
-3.29595776608
-3.29914076751
-3.30231710274
-3.30548416461
-3.3086395863
-3.31178122351
-3.31490713814
-3.31801558338
-3.32110498982
-3.32417395274
-3.32722122014
-3.33024568173
-3.33324635857
-3.33622239335
-3.33917304135
-3.34209766191
-3.3449957104
-3.34786673073
-3.35071034822
-3.35352626301
-3.3563142438
-3.35907412195
-3.36180578603
-3.36450917665
-3.36718428164
-3.36983113154
-3.37244979541
-3.37504037693
-3.37760301076
-3.38013785916
-3.38264510888
-3.3851249683
-3.38757766473
-3.39000344201
-3.39240255826
-3.39477529021
-3.3971219058
-3.39944270081
-3.40173797176
-3.40400802088
-3.40625315492
-3.40847368392
-3.41066992029
-3.41284217788
-3.41499077114
-3.41711601447
-3.41921822154
-3.42129770477
-3.42335477486
-3.42538974036
-3.4274029073
-3.42939457892
-3.43136505538
-3.43331463356
-3.43524360689
-3.4371522652
-3.43904089459
-3.44090977737
-3.44275919197
-3.44458941293
-3.44640071083
-3.44819335232
-3.44996760011
-3.45172371296
-3.45346194576
-3.45518254951
-3.45688577139
-3.45857185479
-3.46024103939
-3.46189356117
-3.4635296525
-3.46514954222
-3.46675345563
-3.46834161464
-3.46991423778
-3.47147154027
-3.4730137341
-3.47454102811
-3.47605362799
-3.47755173643
-3.47903555311
-3.48050527479
-3.4819610954
-3.48340320603
-3.48483179506
-3.48624704817
-3.48764914842
-3.48903827629
-3.49041460974
-3.49177832425
-3.4931295929
-3.49446858639
-3.49579547308
-3.49711041909
-3.49841358828
-3.49970514232
-3.50098524076
-3.50225404103
-3.5035116985
-3.50475836651
-3.50599419642
-3.50721933766
-3.50843393773
-3.50963814225
-3.510832095
-3.51201593797
-3.51318981134
-3.51435385359
-3.51550820145
-3.51665298998
-3.51778835258
-3.51891442103
-3.5200313255
-3.52113919462
-3.52223815543
-3.52332833349
-3.52440985283
-3.52548283604
-3.52654740425
-3.52760367716
-3.52865177307
-3.52969180892
-3.53072390027
-3.53174816135
-3.53276470508
-3.53377364307
-3.53477508567
-3.53576914196
-3.53675591977
-3.53773552573
-3.53870806526
-3.53967364258
-3.54063236075
-3.54158432167
-3.54252962612
-3.54346837373
-3.54440066304
-3.5453265915
-3.54624625548
-3.54715975027
-3.54806717014
-3.54896860829
-3.54986415694
-3.55075390726
-3.55163794944
-3.5525163727
-3.55338926526
-3.5542567144
-3.55511880645
-3.55597562679
-3.55682725989
-3.55767378928
-3.55851529763
-3.55935186666
-3.56018357725
-3.5610105094
-3.56183274221
-3.56265035398
-3.56346342213
-3.56427202324
-3.56507623309
-3.56587612661
-3.56667177796
-3.56746326046
-3.56825064666
-3.56903400832
-3.56981341642
-3.57058894119
-3.57136065206
-3.57212861775
-3.5728929062
-3.57365358464
-3.57441071955
-3.57516437668
-3.57591462107
-3.57666151707
-3.57740512828
-3.57814551765
-3.5788827474
