0.000748277398154
0.000751027091793
0.00075374653631
0.000756440336119
0.000759110989269
0.000761759928387
0.000764388040086
0.000766995924355
0.000769584024421
0.000772152692135
0.000774702221282
0.000777232864933
0.000779744844862
0.000782238356928
0.000784713574562
0.000787170651123
0.000789609721704
0.000792030904682
0.000794434303098
0.000796820005735
0.000799188088297
0.000801538614404
0.000803871636541
0.000806187196955
0.000808485328486
0.000810766055366
0.000813029393964
0.000815275353507
0.000817503936755
0.000819715140647
0.000821908956928
0.000824085372735
0.000826244371167
0.000828385931833
0.000830510031366
0.000832616643929
0.000834705741688
0.000836777295274
0.000838831274215
0.000840867647353
0.000842886383242
0.000844887450521
0.000846870818272
0.000848836456355
0.000850784335726
0.00085271442873
0.000854626709387
0.000856521153644
0.000858397739621
0.000860256447829
0.00086209726138
0.000863920166175
0.00086572515107
0.000867512208036
0.0008692813323
0.000871032522464
0.000872765781981
0.00087448111378
0.00087617852859
0.000877858039494
0.000879519663373
0.000881163420954
0.000882789336846
0.000884397439567
0.000885987761563
0.000887560339216
0.000889115212846
0.000890652426702
0.000892172028947
0.000893674071641
0.000895158610711
0.000896625705919
0.000898075420822
0.000899507822735
0.000900922982677
0.000902320975322
0.000903701878945
0.000905065775365
0.000906412749877
0.000907742891196
0.000909056291382
0.000910353045779
0.000911633252937
0.000912897014541
0.000914144435339
0.000915375623064
0.000916590688356
0.000917789744686
0.000918972908273
0.000920140298011
0.000921292035381
0.000922428244375
0.000923549051412
0.000924654585259
0.000925744976949
0.000926820359695
0.000927880868815
0.000928926641646
0.000929957817465
0.000930974537407
0.000931976944383
0.000932965183005
0.0009339393995
0.000934899741636
0.00093584635864
0.000936779401123
0.000937699021002
0.000938605371422
0.000939498606685
0.000940378882171
0.000941246354265
0.000942101180289
0.000942943518423
0.00094377352764
0.000944591367632
0.000945397198747
0.000946191181913
0.000946973478581
0.000947744250653
0.000948503660418
0.000949251870494
0.000949989043761
0.000950715343302
0.000951430932343
0.000952135974196
0.000952830632201
0.000953515069671
0.000954189449836
0.000954853935789
0.000955508690438
0.000956153876449
0.000956789656202
0.000957416191739
0.000958033644719
0.00095864217637
0.000959241947447
0.000959833118186
0.000960415848262
0.000960990296751
0.000961556622087
0.000962114982025
0.000962665533602
0.000963208433104
0.000963743836028
0.00096427189705
0.00096479276999
0.000965306607784
0.000965813562451
0.000966313785065
0.000966807425725
0.000967294633532
0.000967775556558
0.000968250341823
0.000968719135274
0.000969182081757
0.000969639325
0.000970091007589
0.000970537270948
0.000970978255322
0.00097141409976
0.000971844942092
0.000972270918921
0.000972692165602
0.000973108816228
0.000973521003621
0.000973928859312
0.000974332513536
0.000974732095218
0.000975127731962
0.000975519550042
0.000975907674394
0.000976292228607
0.000976673334917
0.000977051114198
0.000977425685958
0.000977797168334
0.000978165678084
0.000978531330588
0.000978894239838
0.000979254518444
0.000979612277621
0.000979967627197
0.000980320675606
0.000980671529888
0.000981020295692
0.000981367077271
0.000981711977488
0.000982055097813
0.000982396538329
0.00098273639773
0.000983074773325
0.000983411761041
0.000983747455429
0.000984081949663
0.000984415335544
0.000984747703511
0.000985079142638
0.000985409740644
0.000985739583894
0.000986068757411
