0.0607999124258
0.0607563892542
0.0607112348093
0.0606646611656
0.0606168077909
0.060567791908
0.0605177144364
0.0604666637458
0.0604147183513
0.0603619488723
0.0603084194688
0.06025418891
0.0601993113771
0.0601438370792
0.0600878127311
0.0600312819324
0.0599742854738
0.0599168615881
0.059859046161
0.0598008729108
0.0597423735432
0.0596835778879
0.0596245140189
0.059565208363
0.0595056857984
0.0594459697435
0.0593860822394
0.0593260440257
0.0592658746105
0.0592055923342
0.0591452144369
0.059084757106
0.0590242355358
0.0589636639768
0.0589030557826
0.0588424234552
0.0587817786867
0.0587211323997
0.058660494785
0.0585998753375
0.0585392828907
0.0584787256484
0.0584182112158
0.0583577466289
0.058297338382
0.0582369924544
0.0581767143356
0.0581165090491
0.058056381176
0.0579963348758
0.0579363739083
0.0578765016527
0.0578167211269
0.0577570350057
0.0576974456379
0.0576379550628
0.057578565026
0.0575192769946
0.0574600921714
0.0574010115084
0.0573420357206
0.0572831652977
0.0572244005167
0.057165741453
0.0571071879914
0.0570487398365
0.0569903965227
0.0569321574237
0.0568740217616
0.0568159886155
0.0567580569299
0.0567002255226
0.056642493092
0.0565848582248
0.0565273194025
0.0564698750079
0.056412523332
0.056355262579
0.0562980908731
0.0562410062629
0.0561840067274
0.0561270901807
0.0560702544765
0.0560134974128
0.0559568167364
0.0559002101464
0.0558436752987
0.0557872098096
0.055730811259
0.0556744771939
0.0556182051319
0.0555619925638
0.055505836957
0.0554497357576
0.0553936863937
0.0553376787248
0.0552817273775
0.0552258195432
0.0551699526391
0.0551141241802
0.0550583316345
0.055002572436
0.0549468439954
0.0548911437083
0.0548354689613
0.0547798171367
0.0547241856159
0.0546685717824
0.0546129730239
0.0545570617149
0.0545015775931
0.0544460781109
0.0543905623627
0.0543350340377
0.0542794950299
0.0542239459028
0.0541683862947
0.0541128152041
0.0540572311879
0.0540016325003
0.05394601719
0.053890383168
0.0538347282545
0.0537790502126
0.0537233467713
0.0536676156417
0.0536118545286
0.0535560611386
0.0535002331856
0.0534443683947
0.0533884645056
0.0533325192738
0.0532765304731
0.0532204958954
0.0531644133527
0.0531082806766
0.0530520957193
0.0529958563538
0.0529395604739
0.0528832059944
0.0528267908514
0.052770313002
0.0527137704247
0.052657161119
0.0526004831058
0.0525437344271
0.0524869131459
0.0524300173463
0.0523730451336
0.0523159946335
0.052258863993
0.0522016513794
0.0521443549807
0.0520869730053
0.0520295036821
0.0519719452599
0.0519142960077
0.0518565542144
0.0517987181885
0.0517407862583
0.0516827567712
0.0516246280941
0.0515663986131
0.0515080667327
0.0514496308768
0.0513910894872
0.0513324410246
0.0512736839675
0.0512148168127
0.0511558380745
0.0510967462851
0.051037539994
0.0509782177679
0.0509187781906
0.0508592198626
0.0507995414013
0.0507397414404
0.0506798186297
0.0506197716354
0.0505595991392
0.0504992998387
0.0504388724469
0.0503783156919
0.0503176283171
0.0502568090806
0.0501958567552
0.0501347701283
0.0500735480014
0.0500121891901
0.049950692524
0.0498890568464
0.0498272810139
0.0497653638967
0.0497033043778
0.0496411013535
0.0495787537325
0.0495162604363
0.0494536203988
0.0493908325658
0.0493278958954
