774795.14496
1325229.97962
1322703.05036
1320565.71236
1318770.37173
1317293.74777
1316119.51948
1315233.89493
1314624.40235
1314279.52123
1314188.537
1314341.45871
1314728.95725
1315342.31277
1316173.36779
1317214.48484
1318458.50794
1319898.72752
1321528.84839
1323342.9605
1325335.51207
1327501.28511
1329835.37284
1332333.15897
1334990.29865
1337802.70093
1340766.51254
1343878.103
1347134.05072
1350531.1303
1354066.30066
1357736.69406
1361539.60592
1365472.48536
1369532.92641
1373718.65982
1378027.54546
1382457.56516
1387006.81615
1391673.50482
1396455.94101
1401352.53252
1406361.78015
1411482.27294
1416712.68374
1422051.7651
1427498.34538
1433051.32513
1438709.67372
1444472.42612
1450338.67996
1456307.59273
1462378.37923
1468550.30906
1474822.70448
1481194.93819
1487666.43147
1494236.65232
1500905.11385
1507671.37269
1514535.02763
1521495.71834
1528553.12422
1535706.96338
1542956.99175
1550303.00229
1557744.82432
1565282.32297
1572915.39879
1580643.98738
1588468.05927
1596387.61978
1604402.70909
1612513.40243
1620719.81032
1629022.07902
1637420.39101
1645914.9657
1654506.06015
1663193.96999
1671979.03045
1680861.61749
1689842.14908
1698921.08659
1708098.9363
1717376.25101
1726753.63179
1736231.72988
1745811.24855
1755492.94525
1765277.63369
1775166.1861
1785159.5355
1795258.67809
1805464.67559
1815778.65771
1826201.82456
1836735.44906
1847380.87934
1858139.54101
1869012.93942
1880002.66174
1891110.37889
1902337.84726
1913686.91025
1925159.49943
1936757.6354
1948483.42835
1960339.07799
1972326.87321
1984449.19096
1996708.49464
2009107.33176
2021648.3308
2034334.19728
2047167.70889
2060151.7096
2073289.1028
2086582.84318
2100035.9275
2113651.38398
2127432.26042
2141381.61083
2155502.4806
2169797.89014
2184270.81692
2198924.17591
2213760.79837
2228783.40899
2243994.60138
2259396.81192
2274992.2921
2290783.0792
2306770.96569
2322957.46718
2339343.78919
2355930.79295
2372718.96027
2389708.3578
2406898.6009
2424288.81739
2441877.61145
2459663.02809
2477642.51839
2495812.90604
2514170.35544
2532710.34186
2551427.62404
2570316.21963
2589369.3839
2608579.59218
2627938.52635
2647437.06578
2667065.28314
2686812.44519
2706667.01909
2726616.68417
2746648.34945
2766748.17703
2786901.6112
2807093.38826
2827307.67512
2847527.97166
2867737.25517
2887918.01333
2908052.30428
2928121.82047
2948107.95569
2967991.87475
2987754.58502
3007377.00924
3026840.05881
3046124.7069
3065212.06052
3084083.43104
3102720.40226
3121104.89549
3139219.23098
3157046.18516
3174569.04318
3191771.64624
3208638.43343
3225154.47768
3241305.51569
3257077.97158
3272458.97925
3287436.37313
3301998.72289
3316135.31189
3329836.13442
3343091.88212
3355893.92483
3368234.28601
3380105.61321
3391501.1439
3402414.66688
3412840.4799
3422773.34369
3432208.43283
3441141.28388
