94.6484269051
90.7360321693
91.0072333958
91.2751474087
91.539769876
91.8010923187
92.0591062858
92.3138043218
92.5651802515
92.8132293136
93.0579482513
93.2993353822
93.5373906543
93.7721156885
94.0035138112
94.2315900756
94.4563512754
94.6778059491
94.895964379
95.1108385825
95.3224422991
95.5307909718
95.7359017242
95.937793334
96.136486202
96.3320023185
96.5243652255
96.7135999759
96.89973309
97.0827925074
97.2628075374
97.439808805
97.613828194
97.7848987871
97.9530548027
98.1183315286
98.280765253
98.4403931923
98.5972534168
98.7513847733
98.902826806
99.0516196754
99.1978040759
99.3414211514
99.4825124105
99.6211196415
99.7572848268
99.8910500571
100.022457448
100.151549054
100.278366789
100.402952345
100.525347113
100.645592105
100.763727886
100.879794499
100.993831397
101.105877386
101.215970504
101.324148176
101.430446852
101.534902163
101.637548398
101.738420201
101.837549883
101.934969186
102.030708799
102.124798332
102.217266296
102.308140082
102.397446199
102.485209248
102.571453479
102.656201719
102.73947564
102.82129577
102.901681492
102.980651057
103.058221594
103.134409123
103.20922857
103.282693787
103.354817568
103.425611676
103.495086862
103.563252895
103.630118582
103.695691803
103.759979535
103.822987885
103.884722122
103.945186709
104.004385336
104.062320954
104.118995814
104.174411495
104.228568949
104.281468532
104.333110045
104.383492769
104.432615504
104.480476609
104.52707404
104.572405386
104.616467915
104.659258605
104.700774189
104.741011191
104.779965969
104.817634748
104.854013665
104.889098807
104.922886243
104.955372073
104.986552456
105.016423653
105.044982065
105.072224264
105.098147096
105.122747473
105.146022766
105.167970602
105.18858896
105.2078762
105.225831093
105.242452859
105.25774119
105.271696285
105.284318871
105.295610239
105.30557226
105.314207419
105.321518829
105.327510261
105.332186161
105.335551669
105.337612637
105.338375646
105.337848021
105.336037845
105.332953968
105.32860602
105.323004417
105.31616037
105.308085889
105.298793789
105.288297686
105.276612005
105.263751971
105.249733611
105.234573749
105.218289995
105.200900741
105.182425153
105.162883152
105.142295411
105.120683333
105.098068979
105.074475266
105.049925678
105.024444372
104.998056152
104.970786444
104.94266127
104.913707223
104.883951444
104.853421593
104.822145824
104.790152757
104.757471449
104.724131366
104.690162355
104.65559461
104.620458648
104.58478527
104.548605542
104.511950753
104.474852393
104.437342116
104.399451714
104.361213085
104.322658203
104.283819156
104.244727873
104.205416407
104.165916755
104.126260835
104.086480472
104.046607369
104.00667308
103.966708991
103.926746288
103.88681594
103.846948673
103.807174949
103.767524947
103.727976122
103.688705991
103.649604028
