64.9369152448
64.968054762
64.9992545265
65.0305145005
65.0618346575
65.0932149816
65.1246554667
65.1561561159
65.1877169408
65.2193379613
65.2510192049
65.2827607063
65.3145625071
65.3464246551
65.3783472045
65.4103302151
65.4423737523
65.4744778867
65.5066426938
65.5388682539
65.5711546518
65.6035019766
65.6359103217
65.6683797842
65.7009104651
65.733502469
65.766155904
65.7988708816
65.8316475164
65.8644859263
65.8973862319
65.930348557
65.9633730278
65.9964597736
66.029608926
66.0628206193
66.0960949899
66.1294321771
66.1628323219
66.1962955679
66.2298220607
66.263411948
66.2970653796
66.3307825072
66.3645634845
66.3984084668
66.4323176116
66.4662910779
66.5003290266
66.5344316202
66.5685990228
66.6028314003
66.6371289199
66.6714917505
66.7059200626
66.7404140279
66.7749738197
66.8095996127
66.844291583
66.8790499079
66.9138747662
66.9487663379
66.9837248042
67.0187503477
67.0538431521
67.0890034023
67.1242312844
67.1595269856
67.1948906942
67.2303225997
67.2658228927
67.3013917647
67.3370294084
67.3727360172
67.408511786
67.4443569103
67.4802715867
67.5162560128
67.5523103869
67.5884349085
67.6246297777
67.6608951957
67.6972313644
67.7336384866
67.770116766
67.8066664069
67.8432876146
67.8799804833
67.9167451558
67.9535818433
67.9904907576
68.0274721111
68.0645261168
68.1016529883
68.13885294
68.1761261868
68.213472944
68.2508934277
68.2883878546
68.3259564416
68.3635994064
68.4013169673
68.4391093427
68.4769767519
68.5149194143
68.55293755
68.5910313795
68.6292011235
68.6674470034
68.7057692408
68.7441680576
68.7826436762
68.8211963193
68.8598262099
68.8985335712
68.9373186269
68.9761816006
69.0151227165
69.0541421988
69.0932402721
69.132417161
69.1716730904
69.2110082852
69.2504229705
69.2899173717
69.3294917139
69.3691462226
69.4088811231
69.4486966411
69.4885930018
69.5285704307
69.5686291533
69.6087693948
69.6489957023
69.689303986
69.7301381758
69.7710542396
69.8120521616
69.8531319469
69.8942935254
69.9355367356
69.9768613317
70.0182669954
70.059753348
70.1013199608
70.1429663629
70.1846920476
70.2264964777
70.2683790887
70.3103392919
70.3523764761
70.3944900091
70.4366792384
70.4789434919
70.5212820776
70.5636942841
70.6061793796
70.6487366115
70.691365206
70.7340643665
70.7768332732
70.8196710813
70.86257692
70.9055498909
70.9485890661
70.9916934864
71.0348621597
71.0780940581
71.1213877761
71.1647422563
71.2081564315
71.2516291912
71.2951593787
71.3387457878
71.3823871588
71.4260821747
71.4698294568
71.513627559
71.5574749626
71.6013700698
71.6453111965
71.6892965645
71.7333242919
71.7773923827
71.8214987151
71.8656410272
71.9098169012
71.9540237444
71.9982587668
72.0425189551
72.0868010408
72.1311014616
72.1754163144
72.2197412967
72.264071632
72.3084019752
72.3527262868
72.3970376649
72.4413281121
72.4855882011
