11.0529110977
10.9994537534
10.9471212414
10.8958814764
10.8457034048
10.7965569032
10.748412727
10.7012424796
10.6550185913
10.6097142998
10.5653036333
10.5217613939
10.4790631407
10.4371851733
10.3961045155
10.3557988992
10.3162467473
10.2774271583
10.2393198897
10.2019053421
10.1651645436
10.1290791339
10.0936313489
10.0588040053
10.0245804856
9.99094472301
9.95788118722
9.92537486945
9.89341126851
9.86197637677
9.83105666643
9.80063907609
9.7707109975
9.74126026263
9.71227513096
9.68374427707
9.65565677849
9.62800210377
9.60077010085
9.57395098571
9.54753533127
9.52151405651
9.49587841592
9.47061998915
9.44573067094
9.42120266135
9.39702845611
9.37320083736
9.34971286456
9.32655786564
9.30372942839
9.28122139211
9.25902783947
9.23714308857
9.21556168525
9.1942783956
9.1732881987
9.15258627955
9.13216802219
9.11202900307
9.09216498451
9.07257190851
9.05324589054
9.03418321371
9.01538032298
8.99683381959
8.97854045567
8.96049712895
8.94270087772
8.92514887589
8.90783842816
8.89076696544
8.87393204031
8.85733132267
8.84096259554
8.8248237509
8.80891278579
8.79322779841
8.77776698441
8.76252863326
8.74751112477
8.73271292565
8.71813258627
8.70376873743
8.68962008736
8.67568541851
8.66196358482
8.64845350885
8.63515417908
8.62206464724
8.60918402575
8.5965114852
8.58404625201
8.57178760602
8.55973487825
8.5478874487
8.53624474423
8.52480623644
8.51357143972
8.50253990927
8.4917112392
8.48108506073
8.47066104036
8.46043887817
8.45041830613
8.44059908649
8.43098101013
8.4215638951
8.41234758508
8.40333194789
8.39451687418
8.38590227593
8.37748808521
8.36927425282
8.36126074706
8.35344755247
8.34583466866
8.33842210911
8.33120990007
8.32419807943
8.31738669566
8.31077580673
8.30436547914
8.29815578686
8.29214681042
8.28633863593
8.28073135416
8.27532505964
8.27011984981
8.26511582413
8.26031308326
8.25571172824
8.25131185972
8.24711357716
8.24311697808
8.23932215733
8.23572920637
8.23233821256
8.22914925849
8.22616242128
8.22337777197
8.22079537486
8.2184152869
8.21623755706
8.21426222577
8.21248932433
8.21091887435
8.2095508872
8.20838536348
8.2074222925
8.20666165176
8.20610340772
8.20574751088
8.20559390074
8.20564250295
8.20589322892
8.20634597549
8.20700062447
8.2078570423
8.2089150796
8.21017457083
8.21163533391
8.21329716985
8.21515986242
8.21722317779
8.21948686423
8.22195065178
8.22461425195
8.22747735743
8.23053964182
8.23380075933
8.23726034457
8.24091801226
8.24477335698
8.24882595303
8.25307535409
8.25752109313
8.26216268213
8.26699961194
8.27203135212
8.27725735071
8.28267703415
8.2882898071
8.29409505231
8.30009213051
8.30628038026
8.31265911792
8.31922763748
8.32598521051
8.33293108611
8.34006449081
8.34738462851
8.3548906805
8.36258180534
8.37045713889
8.37851579428
8.38675686191
8.39517940944
8.4037824818
8.41256509907
