0.0140220092082
0.0138973260706
0.0137784283821
0.0136649823312
0.0135566796314
0.013453235669
0.0133543872988
0.0132598908223
0.0131695201847
0.0130830653709
0.0130003309746
0.0129211349199
0.0128453073159
0.0127726894293
0.0127031327596
0.0126364982067
0.0125726553185
0.0125114816112
0.0124528619532
0.0123966880057
0.0123428577148
0.0122912748485
0.0122418485748
0.0121944930769
0.0121491272002
0.0121056741302
0.0120640610967
0.0120242191019
0.0119860826709
0.0119495896222
0.0119146808556
0.011881300128
0.0118493939918
0.0118189114458
0.0117898039053
0.0117620250273
0.0117355305777
0.0117102783085
0.011686227843
0.01166334057
0.0116415795443
0.0116209093947
0.0116012962381
0.0115827075989
0.0115651123346
0.0115484805653
0.0115327836105
0.0115179939254
0.0115040850234
0.0114910314786
0.0114788088183
0.0114673935007
0.0114567628661
0.011446895095
0.0114377691673
0.011429364831
0.0114216625611
0.0114146435276
0.0114082781959
0.0114025328499
0.0113973922625
0.0113928416908
0.0113888668815
0.0113854540481
0.0113825898521
0.011380261386
0.0113784561565
0.0113771620692
0.0113763674132
0.0113760608475
0.0113762313874
0.0113768683917
0.011377961551
0.0113795008758
0.0113814766857
0.0113838795994
0.0113867005241
0.011389930647
0.0113935614257
0.0113975845798
0.011401992083
0.0114067761555
0.0114119292562
0.011417444076
0.0114233135312
0.0114295307568
0.011436089101
0.0114429821187
0.0114502035665
0.0114577473975
0.0114656077558
0.0114737789722
0.0114822555593
0.0114910322074
0.0115001037801
0.0115094653107
0.0115191119979
0.0115290392028
0.0115392424449
0.0115497173991
0.0115604598927
0.0115714659022
0.0115827315503
0.0115942531038
0.0116060269704
0.0116180496965
0.0116303179649
0.0116428285925
0.0116555785284
0.0116685648514
0.0116817847686
0.0116952356135
0.011708914844
0.0117228200411
0.0117369489073
0.011751299265
0.0117658690552
0.0117806563365
0.0117956592834
0.0118108761856
0.0118263054467
0.0118419455833
0.0118577952241
0.0118738531091
0.0118901180884
0.0119065891223
0.0119232652799
0.0119401457388
0.0119572297846
0.0119745168102
0.0119920063157
0.0120096979079
0.0120275912998
0.01204602321
0.0120646436765
0.012031638951
0.012001745942
0.0119747813404
0.0119506155742
0.0119291427294
0.0119102700214
0.0118939132923
0.0118799948617
0.0118684424153
0.0118591883799
0.0118521695353
0.0118473267479
0.011844604768
0.0118439520622
0.0118453206688
0.0118486660678
0.0118539470629
0.0118611256753
0.0118701670469
0.0118810393545
0.011893713735
0.0119081642209
0.0119243676881
0.0119423038153
0.0119619550555
0.0119833066214
0.0120063464829
0.0120310653808
0.012057455932
0.0120854380538
0.0121150144179
0.0121461904874
0.0121789746485
0.0122133783338
0.012249416183
0.0122871062267
0.0123264701
0.0123675332901
0.0124103254235
0.012454880596
0.0125012377546
0.0125494411375
0.0125995407832
0.0126515931185
0.0127056616407
0.0127618177109
0.0128201414792
0.0128807229677
0.0129436633441
0.0130090764264
0.0130770904702
0.0131478503053
0.0132215199052
0.0132982855023
0.0133783593942
0.0134619846385
0.0135494409021
0.0136410518343
0.0137371944801
0.013838311479
0.0139449271394
0.014057669038
0.0141772977106
0.0143047485789
0.0144411931047
