19.9634107966
19.9641633544
19.9648805657
19.9655644801
19.9662169905
19.9668398447
19.9674346589
19.96800293
19.9685460468
19.9690652998
19.9695618899
19.9700369362
19.9704914831
19.9709265065
19.9713429195
19.9717415778
19.9721232836
19.9724887906
19.9728388072
19.9731740001
19.9734949974
19.9738023916
19.9740967418
19.9743785765
19.9746483956
19.9749066721
19.9751538544
19.9753903676
19.9756166152
19.9758329804
19.9760398275
19.9762375033
19.9764263372
19.9766066439
19.9767787229
19.9769428601
19.9770993283
19.9772483882
19.977390289
19.9775252689
19.9776535559
19.9777753684
19.9778909154
19.9780003976
19.9781040072
19.9782019286
19.978294339
19.9783814085
19.9784633007
19.9785401727
19.9786121756
19.9786794548
19.9787421504
19.9788003971
19.9788543249
19.9789040589
19.9789497197
19.9789914238
19.9790293484
19.979063694
19.9790945554
19.979122024
19.9791461885
19.9791671346
19.9791849452
19.9791997005
19.9792114781
19.9792203534
19.9792263992
19.979229686
19.9792302823
19.9792282541
19.9792236658
19.9792165795
19.9792070556
19.9791951525
19.9791809269
19.9791644337
19.9791457263
19.9791248564
19.979101874
19.9790768277
19.9790497647
19.9790207308
19.9789897701
19.9789569258
19.9789222395
19.9788857517
19.9788475014
19.9788075268
19.9787658646
19.9787225506
19.9786776193
19.9786311042
19.9785830378
19.9785334515
19.9784823758
19.9784298402
19.978375873
19.978320502
19.9782637536
19.9782056538
19.9781462274
19.9780854984
19.9780234901
19.9779602247
19.9778957239
19.9778300084
19.9777630983
19.9776950127
19.9776257702
19.9775553884
19.9774838845
19.9774112747
19.9773375746
19.9772627992
19.9771869626
19.9771100785
19.9770321597
19.9769532185
19.9768732664
19.9767923144
19.9767103728
19.9766274514
19.9765435592
19.9764587047
19.9763728957
19.9762861396
19.9761984429
19.9761098118
19.9760202518
19.9759297677
19.975838364
19.975744696
19.9756501896
19.9758262933
19.9759791679
19.9761107473
19.9762224555
19.9763154399
19.9763906714
19.9764489963
19.9764911666
19.9765178594
19.9765296896
19.9765272185
19.9765109614
19.9764813921
19.9764389474
19.97638403
19.9763170119
19.9762382363
19.9761480197
19.9760466535
19.9759344058
19.9758115223
19.9756782276
19.9755347259
19.975381202
19.975217822
19.9750447336
19.9748620666
19.9746699332
19.9744684329
19.9742580462
19.9740388143
19.9738107618
19.9735738965
19.9733282088
19.9730736709
19.9728102366
19.9725378396
19.9722563932
19.9719657883
19.9716658925
19.9713565477
19.9710375686
19.9707087399
19.9703698137
19.9700205058
19.9696604924
19.9692894053
19.9689068265
19.9685122822
19.9681052354
19.9676850768
19.9672511148
19.9668025623
19.9663385217
19.9658579661
19.9653597159
19.96484241
19.9643044693
19.9637440503
19.9631589844
19.9625466986
19.9619041082
19.9612274697
19.9605121729
19.9597524372
