-4.14456406869
338.173055071
337.04988744
335.929743125
334.812503816
333.698058265
332.586300106
331.477125939
330.370434506
329.266126425
328.164104135
327.064271937
325.966536068
324.870804778
323.776988408
322.684999466
321.594752691
320.50616511
319.419156096
318.333647405
317.249563223
316.166830192
315.085377439
314.005136596
312.926041816
311.848029783
310.771039718
309.69501338
308.619895063
307.545631589
306.472172299
305.399469038
304.327476136
303.256150393
302.185451053
301.115339779
300.045780626
298.976740011
297.908186682
296.840091685
295.772428327
294.705172141
293.638300847
292.571794316
291.505634525
290.439805517
289.374293362
288.309086113
287.244173757
286.179548181
285.115203118
284.051134106
282.987338446
281.923815148
280.860564895
279.79758999
278.734894313
277.672483276
276.610363774
275.548544143
274.487034112
273.42584476
272.364988467
271.304478874
270.244330834
269.18456037
268.125184633
267.066221854
266.007691307
264.94961326
263.892008939
262.83490048
261.778310896
260.722264029
259.666784515
258.611897741
257.557629811
256.504007502
255.451058232
254.398810018
253.347291445
252.296531625
251.246560166
250.197407137
249.149103033
248.101678742
247.055165513
246.009594927
244.964998863
243.921409467
242.878859127
241.83738044
240.797006185
239.757769298
238.71970284
237.682839979
236.647213956
235.612858068
234.579805638
233.548089998
232.517744462
231.488802306
230.461296747
229.435260924
228.410727874
227.387730521
226.366301651
225.346473895
224.328279719
223.311751399
222.296921012
221.283820417
220.272481245
219.262934883
218.255212462
217.249344843
216.24536261
215.243296055
214.243175169
213.245029633
212.248888807
211.254781727
210.262737087
209.272783245
208.284948202
207.299259609
206.315744751
205.334430548
204.355343547
203.37850992
202.40395546
201.431705576
200.461785292
199.494219245
198.529031681
197.566246455
196.605887029
195.647976474
194.692537681
193.739592502
192.789163045
191.841268997
190.895935131
189.953180288
189.013024809
188.075488643
187.14059135
186.20835211
185.278789721
184.351922607
183.427768819
182.506346038
181.587671579
180.671762395
179.75863508
178.848305874
177.940790667
177.036105002
176.134264082
175.235282771
174.339175601
173.445956776
172.555640176
171.668239363
170.783767584
169.902237779
169.023662582
168.148054328
167.275426754
166.405788176
165.539151815
164.675528849
163.814930185
162.957366462
162.102848053
161.251385073
160.402987379
159.557664576
158.715426023
157.876280835
157.04023789
156.207305829
155.377493066
154.550807787
153.727257958
152.906851324
152.089595417
151.275497561
150.464564869
149.656804252
148.852222421
148.050825891
147.252620982
146.457613823
145.665810356
144.877216337
144.091837342
143.309678764
142.530745821
141.755043555
