7.13338214903
-7.52171173774
-7.52957766458
-7.53692516803
-7.54376899048
-7.5501213835
-7.55599384752
-7.56139737513
-7.5663425105
-7.57083938344
-7.57489773789
-7.57852695752
-7.58173608902
-7.58453386332
-7.58692871497
-7.58892879983
-7.5905420114
-7.59177599563
-7.59263816467
-7.59313570943
-7.59327561121
-7.59306465238
-7.59250942626
-7.59161634628
-7.59039165441
-7.58884142902
-7.58697159215
-7.58478791627
-7.58229603059
-7.57950142688
-7.57640946494
-7.57302537774
-7.56935427612
-7.56540115329
-7.56117077257
-7.55666814445
-7.55189780925
-7.54686432891
-7.54157216618
-7.53602568774
-7.53023111376
-7.5241868205
-7.51790263909
-7.51138074098
-7.50462501518
-7.49763930742
-7.49042738467
-7.48299293708
-7.4753395799
-7.46747085532
-7.45939023419
-7.45110111768
-7.44260683888
-7.43391066431
-7.4250157954
-7.41592536991
-7.40664246326
-7.39717008987
-7.3875112044
-7.37766873594
-7.36764537252
-7.35744408214
-7.34706753582
-7.33651839955
-7.32579927457
-7.31491276637
-7.30386137007
-7.29264754145
-7.28127372568
-7.26974226779
-7.25805550316
-7.2462157187
-7.23418673609
-7.22188660649
-7.20944744516
-7.19687111957
-7.18415940098
-7.17131402998
-7.15833671581
-7.14522913677
-7.13199294067
-7.11862974536
-7.10514113919
-7.0915286815
-7.07779390314
-7.06393830687
-7.04996336791
-7.03587053435
-7.02166122763
-7.007336843
-6.99289874996
-6.97834829271
-6.96368679061
-6.94891553859
-6.93403580761
-6.91904884506
-6.90395587524
-6.8887580997
-6.87345669776
-6.85805282682
-6.84254762285
-6.82694220078
-6.81123765487
-6.79543505913
-6.77953546774
-6.7635399154
-6.74744941774
-6.73126497171
-6.71498755596
-6.69861813118
-6.68215764054
-6.66560700999
-6.64896714869
-6.63223894931
-6.61542328844
-6.59852102692
-6.58153301019
-6.56446006863
-6.54730301794
-6.53006265942
-6.51273978037
-6.49533515438
-6.47784954166
-6.46028368937
-6.44263833195
-6.42491419143
-6.40711197775
-6.38923238902
-6.37127611191
-6.35324382188
-6.3351361835
-6.31695385076
-6.29869746733
-5.86669774909
-5.84656592538
-10.9270273266
-17.0794447452
-22.0508461182
-26.1983274705
-29.7389267221
-32.814219118
-35.5216005697
-37.9309147004
-40.0939447824
-42.0501486256
-43.8302872213
-45.4588104736
-46.955477413
-48.3364875058
-49.6152898364
-50.8031742196
-51.9097111355
-52.9430846308
-53.9103480058
-54.8176228508
-55.6702558814
-56.4729438987
-57.2298343682
-57.9446071302
-58.6205413532
-59.26057083
-59.8673299799
-60.4431923787
-60.9903032323
-61.5106069032
-62.0058703695
-62.4775194076
-62.9256308476
-63.3533207112
-63.7618260868
-64.152282784
-64.5257354816
-64.8831463175
-65.2254025642
-65.5533233265
-65.867665432
-66.1691286039
-66.4583599939
-66.7359581369
-67.0024763799
-67.2584258198
-67.5042777777
-67.74046582
-67.9673873268
-68.1854045909
-68.3948454126
-68.5960031317
-68.7891360064
-68.9744658095
-69.1521754496
-69.3224053428
-69.4852481363
-69.6407411945
-69.788855972
-69.9294829314
-70.0624099067
-70.1872905234
-70.3035970034
-70.410547455
