5.1945895296
6.55012992231
6.57504827675
6.59720012554
6.61833766597
6.63894303294
6.65915677558
6.67902893435
6.69858508628
6.71784373363
6.73682091536
6.7555314589
6.77398934543
6.79220783912
6.8101995517
6.82797648756
6.84555008164
6.86293123352
6.88013033859
6.897157317
6.91402164041
6.93073235682
6.94729811372
6.96372717954
6.98002746364
6.99620653494
7.01227163934
7.02822971585
7.04408741181
7.05985109697
7.07552687677
7.09112060474
7.10663789405
7.12208412848
7.13746447256
7.15278388119
7.1680471087
7.18325871726
7.19842308498
7.21354441334
7.22862673443
7.24367391758
7.25868967583
7.27367757193
7.28864102409
7.30358331148
7.31850757946
7.33341684454
7.34831399921
7.36320181655
7.37808295466
7.39295996099
7.40783527649
7.42271123974
7.43759009093
7.45247397576
7.46736494937
7.48226498017
7.49717595369
7.51209967642
7.52703787966
7.54199222349
7.55696430064
7.57195564062
7.58696771376
7.60200193553
7.6170596708
7.63214223842
7.6472509158
7.6623869438
7.67755153167
7.69274586228
7.70797109758
7.72322838421
7.7385188594
7.75384365714
7.76920391461
7.78460077884
7.8000354137
7.8155090072
7.83102277903
7.84657798846
7.86217594249
7.87781800434
7.89350560223
7.90924023843
7.92502349863
7.94085706152
7.95674270867
7.97268233459
7.98867795704
8.00473172745
8.02084594147
8.03702304967
8.05326566818
8.06957658935
8.08595879234
8.10241545348
8.11894995648
8.13556590225
8.1522671183
8.16905766769
8.18594185721
8.20292424497
8.22000964698
8.23720314278
8.25451007994
8.27193607715
8.289487026
8.307169091
8.32498870793
8.34295258018
8.36106767297
8.37934120532
8.39778063952
8.416393668
8.43518819745
8.45417232998
8.4733543412
8.49274265518
8.51234581611
8.53217245653
8.55223126224
8.57253093373
8.59308014414
8.6138874939
8.63496146207
8.6563103545
8.67794224907
8.69986493818
8.72208586887
8.74461208082
8.76745014278
8.79060608783
8.81408534803
8.8378926891
8.86203214577
8.88650695851
8.91131951253
8.93647127963
8.96196276404
8.98779345292
9.01396177244
9.04046505044
9.06729948642
9.09446012973
9.12194086681
9.14973441809
9.17783234529
9.20622506967
9.23490190148
9.26385108109
9.29305983186
9.3225144247
9.35220025413
9.38210192554
9.412203353
9.44248786711
9.4729382677
9.50353719826
9.53426691278
9.56510964978
9.59604771605
9.62706363061
9.65814026994
9.68926101279
9.72040988308
9.75157168949
9.78273216011
9.81387807105
9.84499736761
9.87607927698
9.90711441155
9.93809486203
9.96901427979
9.99986794802
10.0306528414
10.0613676744
10.0920129379
10.1225909253
10.1531057471
10.1835633359
10.2139714421
10.244339871
10.274679461
10.3050035526
10.3353269597
10.3656661778
10.3960393408
10.4264661757
10.4569679538
10.487567442
10.5182888532
10.5491577979
10.5802012366
10.6114474354
10.6429259241
10.6746674571
10.7067039798
10.7390685984
