0.018578543859
0.0186316527698
0.0186484823429
0.0186454728753
0.0186326433854
0.0186159159981
0.0185986733038
0.018582755515
0.0185690825835
0.0185580361146
0.018549691138
0.0185439553217
0.018540650914
0.0185395661332
0.0185404776156
0.0185431693663
0.018547439351
0.0185531029611
0.0185599939661
0.0185679641008
0.018576881949
0.0185866315102
0.0185971106705
0.0186082296998
0.0186199098402
0.0186320820122
0.0186446856757
0.0186576677116
0.0186709815863
0.0186845865141
0.0186984467449
0.0187125309394
0.018726811622
0.0187412647016
0.018755869053
0.0187706061493
0.0187854597407
0.0188004155739
0.0188154611452
0.0188305854852
0.0188457789699
0.0188610331551
0.0188763406313
0.0188916948971
0.0189070902469
0.0189225216742
0.0189379847852
0.018953475724
0.0189689911067
0.0189845279636
0.0190000836885
0.019015655994
0.019031242873
0.0190468425639
0.0190624535209
0.0190780743874
0.0190937039731
0.0191093412336
0.0191249852524
0.0191406352256
0.0191562904478
0.0191719503002
0.0191876142404
0.0192032817922
0.0192189525384
0.0192346261131
0.0192503021957
0.019265980505
0.0192816607948
0.0192973428495
0.0193130264801
0.0193287115214
0.0193443978286
0.0193600852754
0.0193757737512
0.0193914631593
0.0194071534155
0.0194228444463
0.0194385361877
0.0194542285838
0.0194699215863
0.019485615153
0.0195013092476
0.0195170038385
0.0195326988986
0.0195483944044
0.0195640903359
0.019579786676
0.0195954834102
0.0196111804921
0.0196268779528
0.0196425757835
0.0196582739757
0.019673972522
0.0196896714164
0.0197053706544
0.0197210702328
0.0197367701491
0.0197524704019
0.0197681710244
0.0197681710244
0.0197681710244
0.0197681710244
0.0197681710244
0.0197681710244
0.0197681710244
0.0197681710244
0.0197681710244
0.0197681710244
0.0197681710244
0.0197681710244
0.0197681710244
0.0197681710244
0.0197681710244
0.0197681710244
0.0197681710244
0.0197681710244
0.0197681710244
0.0197681710244
0.0197681710244
0.0197681710244
0.0197681710244
0.0197681710244
0.0197681710244
0.0197681710244
0.0197681710244
0.0197681710244
0.0197681710244
0.0197681710244
0.0197681710244
0.0197681710244
0.0197681710244
0.0197681710244
0.0197681710244
0.0197681710244
0.0197681710244
0.0197681710244
0.0197681710244
0.0197681710244
0.0197681710244
0.0197681710244
0.0197681710244
0.0197681710244
0.0197681710244
0.0197681710244
0.0197681710244
0.0197681710244
0.0197681710244
0.0197681710244
0.0197681710244
0.0197681710244
0.0197681710244
0.0197681710244
0.0197681710244
0.0197681710244
0.0197681710244
0.0197681710244
0.0197681710244
0.0197681710244
0.0197681710244
0.0197681710244
0.0197681710244
0.0197681710244
0.0197681710244
0.0197681710244
0.0197681710244
0.0197681710244
0.0197681710244
0.0197681710244
0.0197681710244
0.0197681710244
0.0197681710244
0.0197681710244
0.0197681710244
0.0197681710244
0.0197681710244
0.0197681710244
0.0197681710244
0.0197681710244
0.0197681710244
0.0197681710244
0.0197681710244
0.0197681710244
0.0197681710244
0.0197681710244
0.0197681710244
0.0197681710244
0.0197681710244
0.0197681710244
0.0197681710244
0.0197681710244
0.0197681710244
0.0197681710244
0.0197681710244
0.0197681710244
0.0197681710244
0.0197681710244
0.0197681710244
0.0197681710244
0.0197681710244
