1783.91094807
1776.28563428
1768.67847396
1761.08883584
1753.51587696
1745.9587333
1738.41656791
1730.88858145
1723.37401312
1715.87213924
1708.38227139
1700.90375445
1693.43596487
1685.97830889
1678.53022107
1671.09116274
1663.66062072
1656.23810598
1648.82315253
1641.41531628
1634.01417402
1626.61932247
1619.23037735
1611.84697261
1604.46875956
1597.0954062
1589.72659649
1582.36202974
1575.00141994
1567.64449529
1560.29099756
1552.94068165
1545.59331513
1538.24867774
1530.90656103
1523.56676794
1516.22911244
1508.89341918
1501.5595232
1494.22726956
1486.89651312
1479.56711823
1472.23895851
1464.91191658
1457.58588387
1450.26076039
1442.93645457
1435.61288303
1428.28997044
1420.96764938
1413.64586016
1406.32455069
1399.00367637
1391.68319995
1384.36309146
1377.04332805
1369.72389396
1362.4047804
1355.08598547
1347.76751412
1340.44937805
1333.13159568
1325.81419208
1318.49719895
1311.18065456
1303.86460372
1296.54909774
1289.23419442
1281.91995805
1274.60645934
1267.29377544
1259.98198994
1252.67119286
1245.36148061
1238.05295606
1230.74572848
1223.43991358
1216.13563351
1208.83301687
1201.53219873
1194.23332062
1186.93653058
1179.64198314
1172.34983937
1165.06026686
1157.77343978
1150.48953884
1143.20875138
1135.93127131
1128.65729916
1121.38704212
1114.12071398
1106.85853522
1099.60073293
1092.34754088
1085.09919951
1077.85595588
1070.61806371
1063.38578334
1056.15938172
1048.93913238
1041.72531542
1034.51821743
1027.31813148
1020.12535708
1012.94020005
1005.76297254
998.593992901
991.433585588
984.282081093
977.139815816
970.007131948
962.884377337
955.771905342
948.670074673
941.579249221
934.499797864
927.432094272
920.376516685
913.333447682
906.303273932
899.286385928
892.283177705
885.294046544
878.319392651
871.359618832
864.415130136
857.486333495
850.573637338
843.677451193
836.798185277
829.93625006
823.09205583
816.266012231
809.458527802
802.670009494
795.900862186
789.151488193
782.422286764
775.713653585
769.025980268
762.35965386
755.715056337
749.092564121
742.492547593
735.915370629
729.361390144
722.830955662
716.3244089
709.842083379
703.384304069
696.951387052
690.543639231
684.161358067
677.804831352
671.474337035
665.170143073
658.892507339
652.641677577
646.41789137
640.221376205
634.052349552
627.911018992
621.797582402
615.712228165
609.655135447
603.626474489
597.62640696
591.65508633
585.71265829
579.799261188
573.915026505
568.060079353
562.234538987
556.438519342
550.672129583
544.935474667
539.228655909
533.551771561
527.904917386
522.288187235
516.701673626
511.145468312
505.619662841
500.124349126
494.659619981
489.22556966
483.822294386
478.449892863
473.108466782
467.798121308
462.518965561
457.27111308
452.054682282
446.869796897
441.716586411
436.595186479
431.505739344
426.448394236
421.423307771
