-1.18067325331
8.62628635528
8.71998346931
8.79260383497
8.84792863185
8.89037493083
8.92397642119
8.95202647836
8.97703805387
9.00083511443
9.02468467127
9.04942714386
9.07558839733
9.10346927665
9.13321399731
9.16486077226
9.19837840376
9.23369220898
9.27070205556
9.3092946769
9.34935190131
9.39075601784
9.43339314118
9.47715521042
9.52194106343
9.56765689726
9.61421632977
9.66154021031
9.70955628004
9.75819874924
9.80740783634
9.85712929773
9.90731396634
9.95791731034
10.0088868029
10.0602123818
10.1118465133
10.1637589822
10.2159230795
10.268314559
10.3209114398
10.3736938114
10.426643648
10.4797446355
10.5329820115
10.5863424189
10.6398137728
10.6933851393
10.7470466256
10.8007892805
10.8546050042
10.9084864674
10.9624270369
11.0164207097
11.0704620523
11.1245461466
11.1786685404
11.2328252031
11.2870124855
11.3412270831
11.3954660036
11.4497265369
11.5040062284
11.5583028544
11.6126144003
11.6669390406
11.7212751208
11.7756211416
11.8299757433
11.8843376935
11.938705874
11.9930792708
12.0474569637
12.1018381175
12.1562219738
12.2106078442
12.264995103
12.3193831816
12.3737715631
12.4281597772
12.4825473961
12.53693403
12.5913193239
12.6457029544
12.700084626
12.7544640694
12.8088410382
12.8632153074
12.9175866708
12.9719549397
13.026319941
13.0806815157
13.1350395177
13.1893938125
13.2437442762
13.2980907944
13.3524332614
13.4067715792
13.4611056572
13.5154354109
-0.876865661409
-0.896088839321
-0.911864692701
-0.924687389699
-0.93497784505
-0.94309633863
-0.949352311174
-0.954012182019
-0.957305717861
-0.959431304288
-0.960560362034
-0.960841080251
-0.960401593657
-0.959352699922
-0.95779019252
-0.955796869069
-0.953444264025
-0.950794146009
-0.947899813397
-0.944807216486
-0.941555929842
-0.938179997963
-0.934708663588
-0.931167007352
-0.92757649785
-0.923955471635
-0.920319549901
-0.916682000573
-0.913054052987
-0.909445171379
-0.905863292578
-0.902315032592
-0.898805866135
-0.895340282639
-0.891921921806
-0.888553691366
-0.885237869357
-0.88197619295
-0.878769935553
-0.875619973727
-0.872526845248
-0.869490799454
-0.866511840881
-0.86358976708
-0.860724201348
-0.857914621056
-0.855160382143
-0.85246074027
-0.849814869081
-0.847221875943
-0.844680815505
-0.842190701342
-0.839750515968
-0.837359219399
-0.835015756486
-0.832719063162
-0.830468071759
-0.828261715508
-0.826098932349
-0.823978668122
-0.82189987924
-0.819861534906
-0.817862618937
-0.815902131252
-0.813979089068
-0.812092527847
-0.810241502023
-0.80842508555
-0.806642372288
-0.80489247626
-0.803174531784
-0.801487693518
-0.799831136417
-0.798204055617
-0.796605666274
-0.795035203334
-0.793491921287
-0.791975093862
-0.79048401372
-0.789017992106
-0.7875763585
-0.78615846024
-0.784763662149
-0.783391346148
-0.782040910868
-0.780711771257
-0.779403358191
-0.778115118086
-0.776846512504
-0.77559701778
-0.774366124635
-0.773153337806
-0.771958175681
-0.770780169932
-0.769618865168
-0.768473818581
-0.767344599611
-0.766230789612
-0.765131981526
