5.04060160595
5.04844087928
5.04653871958
5.03939153902
5.02971461377
5.01909781655
5.00843935659
4.99822068934
4.98867657801
4.97989870478
4.9718981158
4.96464247806
4.9580778572
4.95214226992
4.94677152227
4.94190410895
4.93748286301
4.93345576557
4.92977611891
4.92640236712
4.92329774163
4.92042983212
4.91777014001
4.91529364553
4.9129784042
4.91080517937
4.90875710507
4.90681942154
4.90497917877
4.9032250274
4.90154701836
4.89993642749
4.89838560231
4.89688782808
4.89543721077
4.89402857474
4.89265737326
4.89131961033
4.89001177223
4.88873076772
4.8874738756
4.88623869895
4.88502312495
4.8838252898
4.88264354792
4.88147644505
4.88032269463
4.87918115712
4.87805082191
4.87693079144
4.87582026731
4.87471853805
4.87362496847
4.87253899032
4.87146009401
4.8703878215
4.86932175992
4.86826153611
4.86720681169
4.8661572789
4.8651126568
4.86407268804
4.863037136
4.86200578223
4.86097842433
4.85995487393
4.85893495506
4.85791850262
4.85690536113
4.85589538354
4.85488843024
4.8538843682
4.85288307019
4.8518844141
4.85088828234
4.84989456135
4.84890314112
4.8479139148
4.84692677835
4.84594163023
4.84495837112
4.84397690372
4.84299713252
4.84201896358
4.84104230447
4.84006706403
4.83909315231
4.83812048042
4.83714896049
4.83617851487
4.83520904016
4.83424045555
4.83327267856
4.8323056261
4.83133921516
4.83037336305
4.8294079876
4.82844300711
4.82747834039
4.8265138974
4.87188276635
4.91680670239
4.9611545852
5.0048581137
5.04788165529
5.09020854066
5.13183365049
5.17275927025
5.21299266266
5.25254456208
5.29142818157
5.32965851915
5.36725184927
5.4042253364
5.4405967343
5.47638414821
5.51160584563
5.54628010517
5.58042509602
5.61405878239
5.6471988483
5.6798626391
5.71206711671
5.74382882621
5.77516387171
5.80608789979
5.83661608918
5.86676314553
5.89654330021
5.92597031247
5.95505747418
5.98381761671
6.01226311938
6.04040591923
6.06825752167
6.09582901185
6.12313106648
6.15017396601
6.17696760692
6.20352151407
6.22984485306
6.25594644239
6.28183476556
6.30751798285
6.33300394294
6.35830019416
6.38341399558
6.40835232762
6.4331219025
6.45772917427
6.48218034856
6.50648139199
6.53063804126
6.55465581192
6.57854000687
6.60229572449
6.62592786651
6.6494411456
6.67284009266
6.69612906382
6.71931224724
6.74239366957
6.76537720222
6.78826656739
6.81106534382
6.83377697238
6.85640476142
6.87895189187
6.90142142223
6.92381629331
6.94613933275
6.96839325948
6.99058068788
7.01270413186
7.03476600875
7.05676864306
7.07871427002
7.10060503913
7.1224430174
7.14423019259
7.16596847626
7.18765970672
7.20930565188
7.23090801197
7.25246842212
7.27398845494
7.29546962287
7.31691338058
7.33832112712
7.35969420812
7.38103391785
7.40234150118
7.42361815549
7.44486503252
7.46608324011
7.48727384389
7.50843786893
7.52957630127
7.55069008944
7.57178014591
