0.0001
0.00103558436269
0.00103719015315
0.00103874295392
0.00104024263055
0.001041689582
0.00104308442176
0.0010444278451
0.00104572057482
0.00104696333888
0.00104815686109
0.00104930185705
0.00105039903233
0.00105144908145
0.00105245268735
0.00105341052101
0.00105432324117
0.00105519149407
0.0010560159133
0.00105679711961
0.00105753572083
0.00105823231179
0.00105888747422
0.00105950177672
0.00106007577481
0.00106061001084
0.00106110501413
0.00106156130094
0.00106197937457
0.00106235972545
0.00106270283125
0.00106300915695
0.00106327915505
0.00106351326563
0.00106371191656
0.00106387552362
0.00106400449072
0.00106409921003
0.00106416006221
0.00106418741659
0.00106418163137
0.00106414305382
0.00106407202051
0.0010639688575
0.0010638338806
0.00106366739554
0.00106346969824
0.00106324107502
0.00106298180283
0.00106269214948
0.00106237237386
0.0010620227262
0.00106164344828
0.00106123477367
0.00106079692796
0.001060330129
0.00105983458712
0.00105931050535
0.00105875807969
0.0010581774993
0.00105756894673
0.00105693259817
0.00105626862364
0.00105557718724
0.00105485844735
0.00105411255687
0.00105333966339
0.00105253990948
0.00105171343281
0.00105086036645
0.00104998083899
0.00104907497482
0.00104814289429
0.00104718471391
0.00104620054657
0.00104519050172
0.00104415468555
0.00104309320124
0.00104200614905
0.00104089362659
0.00103975572898
0.001038592549
0.00103740417731
0.00103619070262
0.00103495220765
0.00103368878591
0.00103240051723
0.00103108748415
0.00102974976811
0.00102838744959
0.00102700060829
0.00102558932324
0.00102415367303
0.00102269373587
0.00102120958982
0.00101970131288
0.00101816898317
0.00101661267905
0.00101503247929
0.00101342846315
0.00101180071059
0.00101014930234
0.00100847432006
0.00100677584646
0.00100505396542
0.00100330876214
0.00100154032321
0.000999748736778
0.000997934092623
0.000996096482296
0.000994235999216
0.000992352738779
0.000990446798463
0.000988518277926
0.000986567279106
0.000984593906317
0.000982598266342
0.000980580468517
0.000978540624824
0.000976478849974
0.000974395261483
0.000972289979753
0.000970163128145
0.000968014833051
0.000965845223962
0.000963654433532
0.000961442597639
0.000959209855443
0.000956956349445
0.000954682225532
0.000952387633027
0.000950072724738
0.000947737656992
0.000945382589676
0.000943007686271
0.000940613113883
0.000938199043265
0.000935765648845
0.000933313108743
0.000930841604788
0.000928351322525
0.00092584245123
0.00092331518391
0.000920769717302
0.000918206251874
0.000915624991816
0.000913026145027
0.000910409923103
0.000907776541318
0.000905126218601
0.00090245917751
0.000899775720253
0.000897075929554
0.000894360106761
0.000891628490284
0.000888881320999
0.000886118842767
0.000883341302621
0.000880548950816
0.000877742040803
0.00087492082919
0.000872085575678
0.000869236542998
0.000866373996838
0.00086349820577
0.000860609441168
0.00085770797713
0.000854794090391
0.000851868060236
0.00084893016841
0.000845980699026
0.000843019938465
0.000840048175284
0.000837065700108
0.000834072805536
0.000831069786026
0.000828056937797
0.000825034558713
0.000822002948175
0.000818962407008
0.000815913237346
0.000812855742517
0.000809790226924
0.000806716995929
0.000803636355732
0.000800548613249
0.000797454075993
0.000794353051952
0.000791245849464
0.000788132777094
0.000785014143514
0.000781890257375
0.000778761427186
0.000775627961187
0.000772490167232
0.000769348352658
0.000766202824167
0.000763053887705
0.000759901848336
0.00075674694304
