18.5664
1873.36313656
1875.03032262
1876.12806069
1876.78595735
1877.10286571
1877.15421651
1876.99762118
1876.67714004
1876.22652681
1875.67169173
1875.03257023
1874.3245403
1873.55949784
1872.77066583
1871.89343447
1871.00493815
1870.08589296
1869.13973757
1868.16919014
1867.17640521
1866.16528335
1865.1328459
1864.08232835
1863.01460697
1861.93038322
1860.83021925
1859.71456561
1858.58378301
1857.43815951
1856.27792412
1855.10325765
1853.91430147
1852.71116445
1851.49392869
1850.26036756
1849.01507783
1847.73529771
1846.48238524
1845.1953304
1843.8942651
1842.57919693
1841.25011809
1839.90700756
1838.54983825
1837.17857718
1835.79318716
1834.3936277
1832.9798556
1831.55182547
1830.10949002
1828.65280039
1827.18170636
1825.69615655
1824.19609856
1822.68147912
1821.1522442
1819.60833909
1818.04970849
1816.47629659
1814.8880471
1813.28490333
1811.66680819
1810.03370428
1808.38553388
1806.72223898
1805.04376131
1803.35004236
1801.6410234
1799.91664546
1798.17684939
1796.42157584
1794.65076526
1792.86435794
1791.06229397
1789.24451328
1787.41095565
1785.56156066
1783.69626776
1781.81501622
1779.91774516
1778.00439353
1776.07490014
1774.12920364
1772.1672425
1770.18895507
1768.19427951
1766.18315383
1764.15551591
1762.11130343
1760.05045395
1757.97290484
1755.87859331
1753.76745645
1751.63943113
1749.4944541
1747.33246193
1745.15339103
1742.95717763
1740.74375782
1738.51306749
1736.2650424
1733.9996181
1731.71672999
1729.41631331
1727.09830311
1724.76263426
1722.40924147
1720.05607943
1717.64899151
1715.26006759
1712.8170696
1710.39211694
1707.91294287
1705.45169367
1702.9360767
1700.42021573
1697.88596503
1695.33325784
1692.76202713
1690.17220566
1687.56372594
1684.93652023
1682.29052056
1679.62565867
1676.94186611
1674.2390742
1671.51721401
1668.77621642
1666.0160121
1663.23653151
1660.43770489
1657.6194623
1654.78173357
1651.92444835
1649.04753606
1646.15092595
1643.23454704
1640.29832816
1637.34219792
1634.36608473
1631.36991681
1628.35362214
1625.31712854
1622.26036357
1619.18325462
1616.08572885
1612.96771322
1609.82913446
1606.66991912
1603.4899935
1600.28928372
1597.06771567
1593.82732121
1590.56382412
1587.27923825
1583.97349184
1580.6465114
1577.29822243
1573.92854977
1570.53741783
1567.12475067
1563.69047207
1560.23450555
1556.75677438
1553.25720161
1549.73571007
1546.19222233
1542.62666077
1539.03894751
1535.42900447
1531.79675331
1528.14211549
1524.46501223
1520.76536451
1517.04309309
1513.29811849
1509.53036102
1505.73974072
1501.92617742
1498.08959072
1494.22989996
1490.34702426
1486.44088251
1482.51139335
1478.55847519
1474.58204618
1470.58202426
1466.55832712
1462.51087219
1458.43957668
1454.34435755
1450.22513152
1446.07998714
1441.91240213
1437.72065204
1433.50456288
1429.26404855
1424.99902345
1420.70940214
