52.8222317657
-244.372111781
-243.139787371
-241.904661851
-240.666922046
-239.426730152
-238.184238037
-236.939589363
-235.692920301
-234.444360028
-233.194031172
-231.94205021
-230.688527838
-229.433569307
-228.177274736
-226.919739394
-225.661053967
-224.401304805
-223.140574145
-221.878940324
-220.616477978
-219.35325822
-218.089348818
-216.824814349
-215.559716355
-214.294113481
-213.028061607
-211.761613975
-210.49482131
-209.227731922
-207.960386286
-206.692839492
-205.425127484
-204.15728994
-202.889364606
-201.62138737
-200.353392351
-199.085411962
-197.817477004
-196.549626419
-195.281869989
-194.014244088
-192.74676506
-191.479467265
-190.212368305
-188.945489465
-187.678853903
-186.412473942
-185.146370977
-183.880564194
-182.659035558
-181.438253314
-180.216067161
-178.992525229
-177.767673936
-176.541558273
-175.314221854
-174.085706975
-172.856054663
-171.625304729
-170.393495811
-169.160665425
-167.926850009
-166.692084966
-165.456404706
-164.219842687
-162.982431455
-161.74420268
-160.505187196
-159.265415036
-158.024915467
-156.783717021
-155.541847534
-154.299334172
-153.056203467
-151.812481344
-150.568193153
-149.323363695
-148.078017256
-146.832177626
-145.585868134
-144.339111669
-143.091930706
-141.844347336
-140.596383283
-139.348059934
-138.099398359
-136.850419337
-135.601143374
-134.351590731
-133.10178144
-131.851735329
-130.601472041
-129.351011056
-128.100371709
-126.849573212
-125.598634672
-124.347575111
-123.096413483
-121.845168696
-120.593859627
-119.342505141
-118.09112411
-116.839735428
-115.58835803
-114.337010911
-113.085713136
-111.834483863
-110.583342359
-109.332308012
-108.08140035
-106.830639057
-105.580043986
-104.329635179
-103.079432875
-101.829457535
-100.579729846
-99.3302707454
-98.0811014288
-96.8322433682
-95.5837183248
-94.3355483637
-93.0877558677
-91.8403635512
-90.5933944742
-89.3468720557
-88.1008200872
-86.8552627461
-85.6102246089
-84.3657306643
-83.121806326
-81.8784774456
-80.6357703252
-80.0884226682
-78.8454560158
-80.479817609
-77.8868448433
-75.6402000946
-73.6164126341
-71.7436241529
-69.9771744949
-68.287910746
-66.6560685775
-65.0678433465
-63.5133609423
-61.9854223048
-60.4786973071
-58.9891907111
-57.5138787856
-56.0504562843
-54.5971567046
-53.1526223534
-51.7158089661
-50.2859147428
-48.8623269208
-47.4445811312
-46.0323301989
-44.6253200041
-43.2278340873
-41.8740279563
-40.5213050733
-39.1696269952
-37.8189798045
-36.4693743087
-35.1208374942
-33.7734099843
-32.4271432638
-31.0820974613
-29.738339623
-28.3959423881
-27.054982998
-25.715542583
-24.3777056844
-23.0415599778
-21.7071961734
-20.3747080736
-19.0441927754
-17.7157510102
-16.3894876157
-15.0655121445
-13.7439396108
-12.4248913893
-11.1084962788
-9.79489175299
-8.48422542575
-7.17665676772
-5.87235912016
-4.57152206591
-3.27435423379
-1.98108663464
-0.691976656265
0.592687116437
1.87257903717
3.14732919782
4.41651449848
5.67964745083
6.93616197323
8.18539513991
9.42656342014
10.658731335
