388.344613539
388.337033393
388.329017676
388.320566343
388.311679343
388.30235662
388.292598122
388.282403795
388.271773587
388.260707448
388.249205329
388.237267182
388.22489296
388.212082616
388.198836104
388.18515338
388.171034399
388.156479119
388.141487497
388.12605949
388.110195058
388.093894157
388.07715675
388.059982794
388.04237225
388.024325079
388.005841243
387.986920702
387.967563417
387.947769352
387.927538469
387.906870729
387.885766096
387.864224534
387.842246005
387.819830474
387.796977903
387.773688258
387.749961502
387.7257976
387.701196517
387.676158218
387.650682668
387.624769832
387.598419677
387.571632167
387.544407269
387.51674495
387.488645174
387.46010791
387.431133125
387.401720784
387.371870856
387.341583308
387.310858108
387.279695224
387.248094625
387.216056278
387.183580154
387.150666221
387.117314449
387.083524807
387.049297265
387.014631795
386.979528366
386.943986951
386.90800752
386.871590046
386.834734501
386.797440857
386.759709088
386.721539167
386.682931069
386.643884768
386.604400239
386.564477457
386.5241164
386.483317042
386.442079363
386.400403339
386.358288949
386.315736172
386.272744988
386.229315376
386.185447319
386.141140797
386.096395794
386.051212292
386.005590276
385.95952973
385.91303064
385.866092992
385.818716774
385.770901973
385.72264858
385.673956583
385.624825974
385.575256744
385.525248887
385.474802397
385.423917268
385.372593495
385.320831078
385.268630012
385.215990298
385.162911937
385.109394928
385.055439276
385.001044984
384.946212057
384.890940501
384.835230324
384.779081535
384.722494144
384.665468162
384.608003601
384.550100476
384.491758802
384.432978595
384.373759874
384.314102657
384.254006966
384.193472822
384.132500249
384.071089271
384.009239914
383.946952207
383.884226177
383.821061855
383.757459273
383.693418464
383.628939462
383.564022302
383.498667022
383.43287366
383.366642257
383.299972852
383.232865489
383.165320212
383.097337065
383.028916094
382.960057348
382.890760876
382.821026727
382.750854954
382.680245609
382.609198746
382.537714421
382.46579269
382.393433611
382.320637242
382.247403646
382.173732882
382.099625014
382.025080106
381.950098224
381.874679433
381.798823802
381.722531401
381.645802299
381.568636569
381.491034283
381.412995518
381.334520347
381.25560885
381.176261104
381.09647719
381.016257191
380.935601188
380.854509268
380.772981516
380.69101802
380.608618872
380.525784161
380.44251398
380.358808426
380.274667594
380.190091582
380.105080492
380.019634425
379.933753485
379.847437777
379.760687411
379.673502496
379.585883144
379.497829468
379.409341586
379.320419615
379.231063675
379.141273889
379.051050382
378.960393281
378.869302714
378.777778815
378.685821715
378.593431553
378.500608465
378.407352594
378.313664083
378.219543078
