-0.76404608016
-0.808532348829
-0.804093200796
-0.799951876588
-0.79607351962
-0.792428841118
-0.788993121781
-0.785745365313
-0.782667565184
-0.77974469373
-0.776963620645
-0.774313007037
-0.771783013896
-0.769365062041
-0.767051633869
-0.764836109169
-0.76271262875
-0.760675980879
-0.758721506454
-0.75684501961
-0.755042741088
-0.753311242166
-0.751647397362
-0.750048344448
-0.748511450556
-0.747034283385
-0.745614586681
-0.744250259311
-0.742939337361
-0.74167997878
-0.740470450192
-0.739309115522
-0.738194426179
-0.737124912561
-0.736099176673
-0.735115885706
-0.734173766441
-0.733271600342
-0.732408219259
-0.73158250164
-0.730793369193
-0.730039782431
-0.729320746542
-0.728635292164
-0.727982487503
-0.727361432285
-0.726771255837
-0.72621111557
-0.7256801956
-0.725177705495
-0.724702879111
-0.724254973538
-0.723833268117
-0.723437063537
-0.723065680995
-0.722716328272
-0.722394697846
-0.722093911288
-0.721815418598
-0.721558633948
-0.721322987534
-0.721107925207
-0.720912908172
-0.720737411714
-0.720580927247
-0.720442958584
-0.720323023647
-0.72022065355
-0.720135392196
-0.720066795914
-0.720014433093
-0.719977883835
-0.719956739626
-0.719950603002
-0.719959087247
-0.719981816082
-0.720018423375
-0.720068552861
-0.720131859271
-0.720207999643
-0.720296650506
-0.720397492162
-0.720510213578
-0.720634512116
-0.720770093283
-0.720916670499
-0.721073964873
-0.721241704991
-0.721419626707
-0.721607472948
-0.721804993523
-0.722011944931
-0.722228090186
-0.722453198638
-0.722687045802
-0.722929413196
-0.723180088174
-0.723438863775
-0.723705538566
-0.723979916496
-0.724261806752
-0.724551023618
-0.724847386338
-0.725150718986
-0.725460850334
-0.725777613728
-0.726100846965
-0.726430392175
-0.726766095707
-0.727107808012
-0.727455383539
-0.727808680623
-0.728167561386
-0.728531891636
-0.728901540765
-0.729276381657
-0.729656290593
-0.730041147165
-0.730430834182
-0.730825237588
-0.731224245205
-0.731627754156
-0.732035654692
-0.732447844716
-0.73286422478
-0.733284698048
-0.733709170245
-0.734137549603
-0.734569746803
-0.735005674912
-0.735445249324
-0.735888387702
-0.736335009913
-0.736785037975
-0.737238396002
-0.737695010142
-0.738154808529
-0.73861772123
-0.739083680188
-0.739552619182
-0.74002447377
-0.740499181246
-0.740976680594
-0.74145691244
-0.741939819014
-0.742425344101
-0.742913433008
-0.743404032514
-0.743897090839
-0.744392557603
-0.744890383788
-0.745390521703
-0.74589292495
-0.746397548386
-0.746904348095
-0.747413281352
-0.747924306592
-0.74843738338
-0.748952472381
-0.74946953533
-0.749988535006
-0.750509435202
-0.751032200699
-0.75155679724
-0.752083191504
-0.752611351083
-0.753141244455
-0.753672840965
-0.754206110795
-0.754741024951
-0.755277555232
-0.755815674216
-0.756355355236
-0.756896572362
-0.757439300378
-0.757983514768
-0.758529191694
-0.759076307979
-0.75962484109
-0.76017476912
-0.760726070773
-0.761278725346
-0.761832712715
-0.762388013319
-0.762944608144
-0.763502478712
-0.764061607778
-0.764621973829
-0.765183563871
-0.765746360996
-0.766310349252
-0.766875512985
-0.767441837022
-0.76800930664
-0.768577907549
-0.769147625878
-0.769718448157
-0.770290361304
-0.770863352619
