11.5333344701
11.5213409471
11.5099245541
11.4990672831
11.4887518961
11.4789619736
11.4696818683
11.4608966537
11.4525920755
11.444754507
11.4373709084
11.4304287898
11.4239161764
11.4178215776
11.4121339576
11.4068427086
11.4019376266
11.3974088882
11.3932470297
11.3894429272
11.385987779
11.3828730881
11.3800906472
11.3776325235
11.3754910453
11.3736587895
11.3721285697
11.3708934247
11.3699466087
11.3692815814
11.3688919987
11.3687717046
11.3689147227
11.3693152489
11.3699676445
11.3708664292
11.372006275
11.3733820006
11.3749885652
11.3768210636
11.3788747213
11.3811448895
11.3836270409
11.3863167655
11.3892097665
11.3923018563
11.3955889539
11.3990670785
11.4027323504
11.4065809875
11.4106092983
11.414813683
11.419190629
11.4237367095
11.4284485795
11.433322976
11.4383567133
11.4435466821
11.4488873273
11.4543720772
11.4599983794
11.4657637364
11.4716657066
11.477701903
11.4838699921
11.4901676929
11.4965927754
11.5031430599
11.5098164158
11.5166107605
11.523524059
11.530554322
11.5376996059
11.5449580118
11.552327684
11.5598068103
11.5673936201
11.5750863847
11.5828834158
11.5907830651
11.5987837237
11.6068838215
11.6150818263
11.6233762434
11.631765615
11.6402485196
11.6488235714
11.6574894197
11.6662447487
11.6750882768
11.6840187557
11.6930349709
11.7021357402
11.7113199139
11.720586374
11.7299340343
11.7393618392
11.748868764
11.7584538142
11.768116025
11.7778544614
11.7876682173
11.7975564154
11.8075182069
11.8175527711
11.827659315
11.8378370733
11.8480853076
11.8584033066
11.8687903854
11.8792458857
11.8897691748
11.9003596462
11.9110167186
11.9217398362
11.932528468
11.9433821079
11.9543002744
11.9652825103
11.9763283824
11.9874374814
11.998609422
12.009843842
12.0211404029
12.0324987888
12.0439187074
12.0553998886
12.0669420852
12.0785450723
12.0902086475
12.1019326302
12.1137168621
12.1255612064
12.1375457714
12.1495872116
12.1501221625
12.1512634089
12.1529892711
12.1552863498
12.1581439058
12.1615521335
12.1655015522
12.1699827993
12.1749865812
12.1805036864
12.1865250195
12.1930416407
12.2000448017
12.2075259782
12.2154768964
12.2238895549
12.2327562429
12.2420695544
12.2518224011
12.262008022
12.2726199922
12.2836522318
12.2950990125
12.3069549658
12.3192150909
12.3318747626
12.3449297411
12.358376182
12.3722104356
12.3864118997
12.40097892
12.4159102631
12.4312051431
12.4468632425
12.4628847403
12.4792703428
12.4960213178
12.513139534
12.5306275061
12.5484884453
12.5667263171
12.585345908
12.6043529008
12.6237539619
12.6435568408
12.6637704861
12.6844051794
12.7054726909
12.7269864617
12.7489618183
12.7714162257
12.7943695887
12.8178446125
12.8418672385
12.866467174
12.8916785434
12.9175406969
12.9440992262
12.9714072574
12.9995271234
13.0285325618
13.0585116652
13.0895709336
13.1218409958
13.1554849645
