139.49711
83.0392668672
82.9711882532
82.9066142073
82.8454677496
82.7876752312
82.733165489
82.6818695032
82.6337194196
82.5886488518
82.5465927276
82.5074872766
82.4712700317
82.4378798327
82.407256831
82.3793424921
82.3540795968
82.3314122396
82.3112858255
82.2936470648
82.2784439656
82.2656258254
82.2551432203
82.2469479932
82.2409932405
82.237233298
82.2356237246
82.2361212864
82.238683939
82.2432708093
82.2498421761
82.2583594511
82.2687851585
82.2810829142
82.2952174051
82.3111543673
82.3288605651
82.3483037686
82.3694527319
82.3922771712
82.4167477422
82.4428360185
82.470514469
82.499756436
82.5305361132
82.5628284741
82.5966094804
82.631855638
82.66854436
82.7066537725
82.7461627247
82.7870507685
82.8292981376
82.8728857283
82.9177950789
82.964008351
83.01150831
83.0602783064
83.1103022575
83.1615646295
83.2140504191
83.2677451367
83.3226347892
83.3787058632
83.4359453086
83.4943405228
83.5538793347
83.6145499897
83.6763411345
83.7392418026
83.8032413997
83.8683296902
83.9344967829
84.0017331184
84.0700294553
84.139376858
84.2097666844
84.2811905733
84.3536404328
84.4271084292
84.501586975
84.5770687186
84.6535465333
84.731013507
84.8094629321
84.8888882952
84.9692832683
85.0506416983
85.1329575988
85.2162251407
85.3004386435
85.3855925669
85.4716815026
85.5587001661
85.6466433889
85.7355061109
85.825283373
85.9159703095
86.0075621414
86.1000541694
86.193441767
86.2877203741
86.3828854906
86.4789326701
86.5758575139
86.673655665
86.7723228026
86.871854636
86.9722468996
87.0734953472
87.1755957473
87.2785438775
87.3823355197
87.4869664556
87.5924324617
87.6987293049
87.8058527381
87.9137984958
88.0225622899
88.1321398055
88.2425266975
88.3537185859
88.4657110528
88.5784996382
88.692079837
88.8064470951
88.9215968062
89.0375243088
89.154224883
89.2716937473
89.3899260557
89.5089168953
89.628661283
89.7491541633
89.8703904056
89.9923648018
90.1150720642
90.2385068227
90.3626636234
90.487536926
90.6131211023
90.739410434
90.8663991111
90.9940812304
91.1224507938
91.2515017067
91.3812277771
91.511622714
91.6426801263
91.7743935219
91.9067563064
92.0397617828
92.1734031502
92.3076735035
92.4425658326
92.5780730222
92.7141878513
92.8509029929
92.9882110139
93.1261043751
93.2645754313
93.4036164312
93.5432195179
93.6833767292
93.8240796732
93.9653208146
94.1070915799
94.2493835831
94.392188341
94.5354972709
94.6793016913
94.8235929913
94.9683619544
95.113599776
95.2592973876
95.4054456273
95.5520352416
95.6990568871
95.8465011325
95.99435846
96.142619268
96.2912738729
96.440312511
96.5897253413
96.7395024476
96.8896338408
97.0401094616
97.1909191832
97.3420528139
97.4935000996
97.645250727
97.7972946719
97.9496208402
98.1022190658
98.2550788381
98.4081895963
98.561540736
98.7151216137
98.8689215514
99.0229298394
