102.663722149
131.790802558
131.80883904
131.824458216
131.837754751
131.848806782
131.857687209
131.864465271
131.86920696
131.871975285
131.872830487
131.871830239
131.869029818
131.864482272
131.858238562
131.8503477
131.840856863
131.829811513
131.817255494
131.803231125
131.787779288
131.770939505
131.752750012
131.733247822
131.712468794
131.690447683
131.667218195
131.642813039
131.617263966
131.590601819
131.562856566
131.53405734
131.504232469
131.473409514
131.441613944
131.408874706
131.375215727
131.340661765
131.305236939
131.268964751
131.231886906
131.19396995
131.155290163
131.115851886
131.075675171
131.034780204
130.993186679
130.950913804
130.907980321
130.864404514
130.820204222
130.775396853
130.729999389
130.684028405
130.637500071
130.590430166
130.542834086
130.494726853
130.446123124
130.397037481
130.347481474
130.297472486
130.247022218
130.196143559
130.14484899
130.093151101
130.04106173
129.988592494
129.935754998
129.882560178
129.829018959
129.775141976
129.720662361
129.664983554
129.609033441
129.5528224
129.496358478
129.439649528
129.382703204
129.325526966
129.268128078
129.210513618
129.152690474
129.094665355
129.036444785
128.978035115
128.919442517
128.860672995
128.801732382
128.742626346
128.68336039
128.623939858
128.564369933
128.504655644
128.444801867
128.384813326
128.324694595
128.264450106
128.204084142
128.143600847
128.083004226
128.022298145
127.961486335
127.900572394
127.83955979
127.778451861
127.717251816
127.655962741
127.594587598
127.533129227
127.471590348
127.409973563
127.348281359
127.286516105
127.224680061
127.162775372
127.100804075
127.038768099
126.976669264
126.914509286
126.852289778
126.790012246
126.7276781
126.665288647
126.602845095
126.540348555
126.477800042
126.415200474
126.352550678
126.289851386
126.227103236
126.164306778
126.101462472
127.976650554
127.915498604
118.186268357
106.304446361
97.0556521078
89.5652381099
83.3215849626
78.0024674071
73.3931608008
69.344074862
65.7471889669
62.5221596862
59.6077300449
56.9562011496
54.5297522223
52.2979188862
50.2358210485
48.3228897409
46.541934395
44.8784475333
43.3200782985
41.8562281744
40.4777365538
39.176633322
37.9459420883
36.779522155
35.6719404429
34.6183668175
33.6144878675
32.6564353597
31.7407264598
30.8642134578
30.0240412216
29.21664149
28.431550842
27.6752763299
26.9457997477
26.2412571145
25.5599208909
24.9001845162
24.2605482483
23.6396065631
23.0360367549
22.4485885129
21.8760742786
21.3173602043
20.7713575444
20.2370143128
19.7133070372
19.19923243
18.6937987744
18.1960167936
17.7048897228
17.219402238
16.7385077965
16.2611138085
15.7860638598
15.312115915
14.8379150029
14.3619582376
13.8825490247
13.3977357178
12.9052273905
12.4022750068
11.8854985519
11.3506264536
