138.3642
120.087704307
120.057044429
120.026854053
119.996945403
119.967240404
119.937705104
119.908323587
119.879087423
119.849991404
119.821031805
119.792205682
119.763510578
119.734944402
119.706505378
119.678192011
119.650003077
119.621937611
119.593994893
119.566174446
119.538476024
119.510899604
119.48344538
119.456113751
119.42890532
119.401820879
119.374861409
119.348028065
119.321322175
119.294745228
119.268298873
119.241984904
119.215805262
119.189762021
119.163857386
119.138093685
119.112473362
119.086998976
119.061673185
119.036498751
119.011478528
118.986615457
118.961912564
118.937372951
118.912999791
118.888796328
118.864765864
118.840911762
118.817237436
118.79374635
118.770442012
118.747327969
118.724407804
118.701685133
118.679163598
118.656846867
118.634738628
118.612842584
118.591162453
118.569701963
118.548464849
118.527454848
118.506675698
118.486131136
118.465824891
118.445760686
118.425942232
118.406373226
118.387057349
118.367998264
118.349199613
118.330665012
118.312398055
118.294402305
118.276681298
118.259238535
118.242077485
118.22520158
118.208614214
118.192318742
118.176318478
118.160616691
118.145216608
118.130121407
118.115333951
118.10085785
118.086695882
118.072851022
118.059326195
118.046124272
118.033248067
118.020700338
118.008483784
117.996601045
117.9850547
117.973847266
117.962981199
117.95245889
117.942282665
117.932454786
117.922977448
117.913852778
117.905082837
117.896669615
117.888615034
117.880920946
117.873589132
117.8666213
117.860019088
117.85378406
117.847917707
117.842421447
117.837296624
117.832544505
117.828166285
117.82416308
117.820535934
117.81728581
117.8144136
117.811920113
117.809806085
117.808072174
117.806718958
117.805746939
117.805156541
117.80494811
117.805121911
117.805678134
117.806616887
117.807938204
117.809642036
117.811728257
117.814196664
117.817046973
117.820278823
117.823891774
117.82788531
117.832258833
117.837011672
117.842143074
117.847652212
117.85353818
117.859799996
117.866436601
117.873446862
117.880829568
117.888583433
117.896707097
117.905199126
117.914058011
117.923282169
117.932875498
117.942826094
117.953136245
117.963804399
117.974828746
117.986207329
117.997938092
118.010018896
118.022447532
118.035221718
118.048339108
118.06179729
118.075593787
118.08972606
118.104191506
118.11898746
118.134111198
118.149559936
118.16533083
118.18142098
118.197827428
118.214547163
118.231577116
118.248914167
118.266555144
118.284496822
118.302735929
118.321269141
118.340093089
118.359204356
118.378599481
118.398274958
118.418227241
118.43845274
118.458947825
118.47970883
118.500732049
118.52201374
118.543550127
118.565337402
118.587371722
118.609649216
118.632165982
118.65491809
118.677901584
118.701112484
118.724546784
118.748200457
118.772063781
