12.9804032221
12.4712881874
11.9977895431
11.558417543
11.1517627495
10.7763329537
10.430541607
10.1127238348
9.82115892567
9.55409482076
9.30977282448
9.08645124239
8.88242712628
8.6960549175
8.52576207431
8.37006107968
8.22755798945
8.09695771309
7.97706637232
7.86679116312
7.7651381799
7.67120865638
7.58419404677
7.50337032333
7.42809180994
7.35778481328
7.29194125749
7.23011247769
7.17190328423
7.11696637265
7.06499712543
7.01572882794
6.96892830392
6.92439196287
6.88194224275
6.84142442559
6.80270379997
6.76566314279
6.73020049209
6.69622718334
6.6636661228
6.6324502729
6.60252132664
6.57382854969
6.54632777088
6.51998050359
6.4947531824
6.47061650085
6.44754483804
6.42551576275
6.40450960547
6.38450908961
6.36549901433
6.3474659823
6.33039816653
6.31428511114
6.29911756164
6.28488732072
6.2715871263
6.25921054865
6.24775190425
6.23720618403
6.22756899405
6.21883650707
6.21100542349
6.2040729405
6.19803672842
6.19289491331
6.18864606525
6.18528919162
6.18282373497
6.18124957519
6.18056703567
6.18077689342
6.18188039317
6.18387926549
6.18677574902
6.19057261837
6.19527321583
6.20088148998
6.20740204123
6.21484017566
6.22320196882
6.23249434185
6.24272515278
6.25390330678
6.26603889046
6.27914333759
6.29229444386
6.30502200594
6.31735871423
6.32933323391
6.34097087382
6.35229405378
6.36332269222
6.37407454097
6.38456546828
6.39480970723
6.40482006845
6.41460812407
6.42418436648
6.43355834556
6.4427387873
6.45173369629
6.46055044442
6.46919584757
6.47767627
6.48599754217
6.49416521223
6.50218443837
6.51006009054
6.51779676871
6.5253988308
6.53287038809
6.54021542072
6.54743768751
6.55454079033
6.56152818217
6.5684031791
6.57516897071
6.58182862922
6.58838511744
6.59484129571
6.60119992804
6.60746368751
6.61363516103
6.61971685353
6.62571119177
6.63162052765
6.63744714128
6.6431932437
6.64886097934
6.65445242835
6.65996960861
6.66541447776
6.67078893494
6.67609482248
6.68133392756
6.68650798365
6.69161867199
6.69666762297
6.70165641744
6.70658658803
6.71145962036
6.71627695424
6.72103998491
6.72575006411
6.73040850128
6.73501656458
6.73957548207
6.7440864427
6.74855059735
6.75296905991
6.75734290824
6.76167318518
6.76596089951
6.77020702693
6.77441251095
6.7785782639
6.78270516773
6.78679407499
6.79084580966
6.79486116802
6.79884091946
6.80278580735
6.80669654983
6.81057384057
6.81441834957
6.81823072392
6.82201158852
6.82576154679
6.8294811814
6.83317105495
6.83683171063
6.84046367287
6.84406744799
6.84764352478
6.85119237518
6.85471445477
6.85821020343
6.8616800458
6.86512439192
6.86854363766
6.8719381653
6.87530834398
6.87865453018
6.8819770682
6.88527629061
6.88855251865
6.89180606272
6.8950372227
6.89824628843
6.90143354003
6.9045992483
6.90774367507
6.91086707357
6.9139696887
6.91705175743
6.92011350907
6.92315516556
