45752.0218375
115323.201795
115540.738494
115746.217052
115940.99146
116125.253011
116299.207221
116463.102556
116617.225545
116761.893219
116897.453837
117024.271146
117142.725813
117253.208723
117356.116444
117451.847159
117540.797085
117623.357368
117699.911427
117770.832832
117836.483402
117897.21187
117953.352798
118005.225807
118053.135078
118097.369088
118138.200537
118175.886447
118210.6684
118242.772891
118272.411764
118299.782732
118325.069933
118348.444538
118370.065377
118390.07958
118408.623217
118425.821946
118441.79164
118456.639005
118470.46218
118483.35131
118495.389107
118506.65137
118517.207492
118527.120936
118536.449681
118545.24665
118553.560099
118561.433996
118568.908362
118576.019599
118582.800788
118589.281968
118595.490397
118601.450789
118607.185535
118612.714913
118618.057266
118623.229183
118628.245657
118633.120227
118637.865115
118642.491346
118647.008864
118651.426629
118655.752717
118659.994398
118664.158217
118668.250067
118672.275248
118676.238529
118680.1442
118683.996118
118687.797756
118691.552232
118695.262358
118698.930659
118702.559411
118706.150663
118709.706263
118713.227876
118716.717004
118720.175007
118723.603112
118727.002432
118730.373977
118733.718663
118737.037324
118740.330721
118743.599547
118746.844441
119746.016544
119738.285041
119730.967595
119723.966259
119717.208784
119710.641824
119704.225953
119697.932007
119691.738393
119685.629099
119679.592233
119673.618949
119667.702644
119661.838377
119656.02243
119650.251992
119644.524921
119638.83957
119633.194657
119627.589171
119622.0223
119616.493383
119611.001867
119605.547281
119600.129215
119594.747305
119589.40122
119584.090654
119578.815321
119573.57495
119568.36928
119563.19806
119558.061045
119552.957996
119547.888677
119542.852858
119537.850309
119532.880806
119527.944126
119523.040047
119518.168349
119513.328817
119508.521234
119503.745387
119499.001063
119494.288051
119489.606143
119484.95513
119480.334806
119475.744966
119471.185407
119466.655927
119462.156325
119457.686402
119453.24596
119448.834801
119444.452732
119440.099557
119435.775085
119431.479125
119427.211485
119422.971977
119418.760415
119414.576611
119410.420381
119406.291541
119402.189909
119398.115303
119394.067545
119390.046454
119386.051853
119382.083567
119378.14142
119374.225238
119370.334848
119366.470078
119362.630759
119358.816721
119355.027796
119351.263817
119347.524618
119343.810034
119340.119901
119336.454058
119332.812342
119329.194594
119325.600654
119322.030363
119318.483565
119314.960104
119311.459825
119307.982573
119304.528196
119301.096542
119297.687459
119294.300799
119290.936413
119287.594151
119284.273869
119280.975419
119277.698656
119274.443438
119271.209621
119267.997063
119264.805623
119261.635161
119258.485538
119255.356616
