-0.418618826002
-0.410848563894
-0.411000520667
-0.411132075205
-0.411248908884
-0.41135265118
-0.41144413549
-0.411524013719
-0.411592876729
-0.411651280583
-0.411699754222
-0.411738802986
-0.411768896588
-0.411790527433
-0.411804141086
-0.411810136859
-0.411808938785
-0.411800939995
-0.411786516959
-0.41176602976
-0.411739822339
-0.411708222754
-0.411671543453
-0.411630081589
-0.411584119363
-0.411533924411
-0.41147975022
-0.411421836584
-0.411360410081
-0.41129568457
-0.41122786171
-0.411157131479
-0.41108367271
-0.411007653619
-0.410929232328
-0.410848557385
-0.410765768273
-0.410680995898
-0.410594363074
-0.410505984979
-0.410415969602
-0.410324418163
-0.410231425523
-0.410137080568
-0.410041466573
-0.409944661552
-0.409846738585
-0.409747766129
-0.409647808307
-0.409546925188
-0.409445173043
-0.409342604589
-0.409239269215
-0.409135213198
-0.409030479906
-0.408925109981
-0.408819141516
-0.408712610224
-0.408605549587
-0.408497990896
-0.408389963914
-0.408281495947
-0.408172613014
-0.408063339435
-0.407953698032
-0.407843710231
-0.407733396147
-0.407622774673
-0.407511863553
-0.40740067946
-0.407289238059
-0.407177554076
-0.407065641355
-0.406953512914
-0.406841180997
-0.406728657126
-0.40661595214
-0.406503076244
-0.406390039047
-0.406276849596
-0.406163516416
-0.40605004754
-0.405936450539
-0.405822732552
-0.405708900311
-0.40559496017
-0.405480918124
-0.405366779833
-0.405252550641
-0.405138235599
-0.405023839478
-0.404909366792
-0.404794821808
-0.404680208564
-0.404565530881
-0.404450792379
-0.404335996488
-0.404221146458
-0.404106245369
-0.403991296147
-0.403876301567
-0.403761264264
-0.403646186743
-0.403531071385
-0.403415920453
-0.403300736105
-0.403185520392
-0.40307027527
-0.402955002605
-0.402839704176
-0.402724381682
-0.402609036746
-0.40249367092
-0.402378285688
-0.402262882471
-0.402147462631
-0.402032027473
-0.401916578249
-0.401801116164
-0.401685642371
-0.401570157982
-0.401454663337
-0.401339160936
-0.401223651033
-0.401108134586
-0.40099261252
-0.40087708573
-0.40076155508
-0.400646021407
-0.400530485523
-0.400414948213
-0.40029941024
-0.400183872345
-0.400068335249
-0.399952799651
-0.399837266233
-0.39972173566
-0.399606208578
-0.39949068562
-0.39937516798
-0.399259655099
-0.39914414815
-0.399028647711
-0.398913154346
-0.398797668609
-0.398682191043
-0.398566722179
-0.398451262541
-0.398335812642
-0.398220372988
-0.398104944073
-0.397989526389
-0.397874120414
-0.397758726624
-0.397643345485
-0.397527977459
-0.397412622999
-0.397297282555
-0.397181956569
-0.397066645479
-0.396951349718
-0.396836069713
-0.396720805887
-0.39660555866
-0.396490328443
-0.396375115649
-0.396259920683
-0.396144743948
-0.396029585841
-0.395914446759
-0.395799327093
-0.395684227232
-0.395569147561
-0.395454088462
-0.395339050316
-0.395224033498
-0.395109038384
-0.394994065343
-0.394879114746
-0.394764186959
-0.394649282345
-0.394534401266
-0.394419544081
-0.394304711149
-0.394189902823
-0.394075119457
-0.393960361402
-0.393845629006
-0.393730922617
-0.393616242581
-0.393501589239
-0.393386962935
-0.393272364007
-0.393157792793
-0.39304324963
-0.392928734852
-0.392814248793
-0.392699791783
-0.392585364152
-0.392470966229
