112.279015893
112.538540733
112.757358263
112.938545673
113.084946732
113.199189611
113.283703322
113.340732895
113.372353384
113.3804828
113.366894046
113.333225944
113.280993411
113.211596865
113.126330903
113.026392326
112.912887544
112.786839426
112.64919362
112.500824398
112.342540055
112.175087898
111.999158853
111.815391733
111.624377168
111.42666125
111.222748891
111.013106939
110.798167043
110.578328318
110.353959794
110.125402687
109.892972501
109.656960962
109.417637815
109.175252479
108.930035581
108.682200374
108.431944043
108.179448922
107.924883606
107.668403993
107.410154235
107.150267631
106.888867436
106.626067623
106.361973581
106.096682764
105.830285283
105.562864466
105.294497364
105.025255226
104.755203935
104.484404414
104.212912998
103.94078178
103.66805893
103.39478899
103.121013151
102.846769499
102.572093254
102.297016985
102.021570807
101.745782568
101.46967802
101.193280975
100.916613454
100.639695817
100.362546894
100.085184096
99.8076235226
99.5298800629
99.2519674839
98.9738985163
98.6956849323
98.4173376181
98.13886664
97.8602813067
97.581590226
97.3028013577
97.0239220623
96.7449591464
96.4659189038
96.1868071548
95.9076292815
95.6283902608
95.3490946949
95.0697468396
94.7903506302
94.5109097061
94.2314274323
93.9519069208
93.6723510492
93.3927624786
93.1131436697
92.8334968868
92.5538242573
92.2741277151
91.9944090594
91.7146699543
91.4349119384
91.1551364346
90.8753447587
90.5955381274
90.315717666
90.0358844148
89.7560393362
89.4761833199
89.1963171887
88.9164414274
88.6365573091
88.3566651908
88.0767656741
87.7968593152
87.5169466285
87.2370280899
86.9571041393
86.6771751837
86.3972415996
86.1173037348
85.8373619114
85.557416427
85.2774675568
84.9975155555
84.7175606585
84.4376030836
84.157643032
83.87768069
83.5977162298
83.3177498107
83.0377815799
82.7578116738
82.4778402182
82.1978673297
81.917893116
81.6379176768
81.3579411043
81.0779634837
80.7979848938
80.5180054076
80.2380250925
79.9580440109
79.6780622205
79.3980797747
79.1180967227
78.8381131104
78.5581289798
78.2781443702
77.9981593175
77.7181738552
77.4381880144
77.1582018234
76.8782153089
76.5982284953
76.3182414053
76.0382540597
75.7582664781
75.4782786782
75.1982906768
74.9183024892
74.6383141296
74.3583256111
74.078336946
73.7983481454
73.5183592198
73.2383701788
72.9583810315
72.6783917859
72.3984024499
72.1184130305
71.8384235341
71.558433967
71.2784443348
70.9984546425
70.7184648952
70.4384750972
70.1584852526
69.8784953654
69.598505439
69.3185154768
69.0385254818
68.7585354568
68.4785454045
68.1985553272
67.9185652273
67.6385751069
67.3585849678
67.0785948119
66.7986046409
66.5186144562
66.2386242594
65.9586340518
65.6786438346
65.3986536089
65.1186633759
64.8386731366
64.5586828918
64.2786926425
63.9987023894
63.7187121334
