-33.2563456279
-29.4611507861
-29.5102796414
-29.5592038593
-29.6079354727
-29.6564873367
-29.7048716077
-29.7530996035
-29.8011818502
-29.8491281439
-29.8969476102
-29.9446487569
-29.9922395227
-30.0397273209
-30.0871190788
-30.1344212742
-30.1816399682
-30.2287808354
-30.2758491908
-30.3228500154
-30.3697879788
-30.4166674604
-30.4634925688
-30.5102671592
-30.5569948499
-30.6036790373
-30.6503229096
-30.6969294597
-30.7435014967
-30.790041657
-30.836552414
-30.883036063
-30.9294948315
-30.9759307291
-31.0223456639
-31.0687414206
-31.1151196673
-31.161481961
-31.2078297531
-31.2541643943
-31.3004871392
-31.3467991507
-31.3931015037
-31.4393951888
-31.4856811158
-31.5319601167
-31.5782329661
-31.624500253
-31.6707626978
-31.7170208713
-31.7632751801
-31.8095260704
-31.8557738967
-31.9020189541
-31.9482614639
-31.9945016367
-32.0407395772
-32.086975341
-32.1331196187
-32.1791291663
-32.2251412061
-32.2711554466
-32.3171715237
-32.3631890307
-32.4092075179
-32.455226492
-32.5012454163
-32.547263711
-32.5932807525
-32.6392958737
-32.6853083636
-32.7313174674
-32.7773223856
-32.8233222744
-32.8693162447
-32.9153033623
-32.9612826468
-33.007253072
-33.0532135645
-33.0991630039
-33.1451002216
-33.1910240009
-33.2369330758
-33.2828261305
-33.3287017989
-33.3745586638
-33.4203952561
-33.4662100541
-33.5120014827
-33.5577679125
-33.6035076592
-33.6492189826
-33.6949000857
-33.7405491138
-33.7861641538
-33.8317432328
-33.8772843177
-33.9227853138
-33.968244064
-34.0136583478
-34.05902588
-34.10434431
-34.1496112206
-34.1948241268
-34.239980475
-34.2850776413
-34.3301129311
-34.3750835776
-34.4199867403
-34.4648195046
-34.50957888
-34.554261799
-34.5988651161
-34.6433856066
-34.6878199651
-34.7321648044
-34.7764166544
-34.8205719606
-34.8646270832
-34.9085782954
-34.9524217826
-34.9961536406
-35.0397698749
-35.0832663992
-35.126639034
-35.1698835054
-35.2129954443
-35.2559703843
-35.2988037613
-35.3414909119
-35.3840270719
-35.4264073758
-35.4686268551
-35.7387554084
-35.7807703072
-41.1948722223
-42.4301380289
-43.5235724076
-44.5118623393
-45.4175324535
-46.2555753251
-47.0365913945
-47.7684331481
-48.4571356418
-49.1074767957
-49.7233322335
-50.3079096054
-50.8639088574
-51.3936351742
-51.899080638
-52.3819846004
-52.8438791939
-53.2861242377
-53.7099344222
-54.1164007705
-54.5065077905
-54.8811473337
-55.2411299014
-55.5871939492
-55.9200135993
-56.2402050742
-56.5483320882
-56.844910382
-57.1301510261
-57.3823186399
-57.6230068156
-57.8525514975
-58.0712531742
-58.2793719203
-58.4771322876
-58.664722761
-58.8422958328
-59.0099677091
-59.1678176205
-59.3158867068
-59.4541764357
-59.5826465026
-59.7012121386
-59.8097407373
-59.908047686
-59.9958912522
-60.072966341
-60.1388968832
-60.1932265482
-60.2354073829
-60.2647858612
-60.2805856569
-60.2818862325
-60.2675960137
-60.2364184714
-60.1868087802
-60.1169177655
-60.0245184127
-59.9069080026
-59.7607754534
-59.5820177936
-59.3654802063
-59.1045775391
-58.7907250242
-58.4124479889
