7.02148451129
7.02019367028
7.0189868366
7.01786749382
7.0168355694
7.01588944218
7.01502676693
7.01424487848
7.01354099221
7.01291230466
7.01235604458
7.01186949892
7.01145002611
7.01109506245
7.01080223274
7.01056897613
7.01039299792
7.01027207064
7.01020403845
7.01018681896
7.01021840289
7.01029685296
7.01042030218
7.01058683402
7.01079489268
7.0110427807
7.01132887777
7.0116516318
7.01200790238
7.01240038256
7.01282480283
7.01328004896
7.01376495902
7.01427836297
7.01481911091
7.0153860857
7.01597820815
7.01659443877
7.01723377772
7.01789526414
7.01857797497
7.01928102381
7.02000355955
7.02074476519
7.0215038565
7.02228008085
7.02307271602
7.023881069
7.02470447493
7.025542296
7.02639392041
7.02725876138
7.02813625616
7.02902586511
7.02992707078
7.03083937707
7.03176230835
7.03269540868
7.03363824105
7.03459038656
7.03555144377
7.03652102795
7.03749877046
7.03848431806
7.0394773323
7.04047748895
7.04148447738
7.04249800005
7.04351777195
7.0445435201
7.04557498304
7.04661191042
7.04765406244
7.04870120953
7.04975313184
7.05080961888
7.05187046912
7.05293548966
7.05400449578
7.05507731071
7.05615376521
7.0572336973
7.05831695197
7.05940338084
7.06049284193
7.06158519934
7.06268032306
7.06377808868
7.06487837714
7.06598107454
7.06708607192
7.06819326503
7.06930255412
7.07041384379
7.07152704279
7.07264206381
7.07375882336
7.07487724159
7.07599724211
7.07711875187
7.07824170104
7.0793660228
7.08049165327
7.08161853138
7.08274659872
7.08387579945
7.08500608018
7.08613738987
7.08726967972
7.08840290307
7.08953701533
7.09067197386
7.09180773793
7.09294426857
7.09408152857
7.09521948233
7.09635809585
7.09749733664
7.09863717362
7.09977757711
7.10091851876
7.10205997145
7.1032019093
7.10434430754
7.10548714253
7.10663039169
7.10777403343
7.10891804713
7.11006241309
7.11120711248
7.11235212734
7.11349744048
7.1146430355
7.11578889673
7.11693500921
7.11808135864
7.11922793136
7.12037471433
7.1215216951
7.12266886178
7.12381620301
7.12496370793
7.1261113662
7.12725916791
7.12840710363
7.12955516434
7.13070334142
7.13185162665
7.13300001218
7.13414849052
7.13529705451
7.13644569732
7.13759441242
7.1387431936
7.1398920349
7.14104093065
7.14218987543
7.14333886408
7.14448789165
7.14563695344
7.14678604495
7.14793516189
7.14908430015
7.15023345582
7.15138262519
7.15253193725
7.15368118874
7.15483041087
7.1559796177
7.15712881445
7.15827800215
7.15942717996
7.16057634619
7.1617254988
7.16287463565
7.1640237546
7.16517285357
7.16632193056
7.16747098363
7.16862001093
7.16976901072
7.1709179813
7.17206692106
7.17321582848
7.17436470208
7.17551354047
7.17666234232
7.17781110634
7.17895983134
7.18010851613
7.18125715962
7.18240576075
7.18355431851
7.18470283193
7.1858513001
7.18699972212
7.18814797374
7.18929623493
7.19044448098
