3.44498951028
4.29806868682
5.13620211867
5.77953202687
6.21757202122
6.46864894342
6.59093580634
6.63571225133
6.63773195627
6.61386654246
6.57496102014
6.52702426074
6.4734962843
6.41645278685
6.35722722714
6.29673115674
6.23562163276
6.17439141589
6.11341984884
6.05300331891
5.99337478004
5.93471714318
5.87717302596
5.82085219258
5.7658374264
5.71218927251
5.65994992492
5.60914644233
5.55979342385
5.51189524268
5.46544791434
5.42044066053
5.37685721829
5.33467693571
5.29387568812
5.25442664342
5.21630090045
5.17946802051
5.14389646898
5.10955398132
5.07640786553
5.0444252511
5.01357329315
4.98381933885
4.95513106232
4.92747657299
4.90082450188
4.8751440693
4.8504051371
4.82657824808
4.80363465461
4.78154633835
4.76028602259
4.73982717852
4.72014402645
4.70121153288
4.68300540433
4.66550207828
4.64867871213
4.63251317025
4.61698401042
4.60207046675
4.58775243507
4.57401045627
4.56082569907
4.54817994277
4.53605556002
4.52443549941
4.51330326836
4.50264291598
4.49243901633
4.4826766518
4.47334139689
4.4644193023
4.45589687934
4.44776108479
4.43999930606
4.43259934685
4.42554941308
4.41883809935
4.41245437573
4.40638757497
4.40062738012
4.3951638125
4.38998722013
4.38508826645
4.38045791953
4.37608744149
4.37196837843
4.36809255059
4.36445204294
4.361039196
4.35784659709
4.35486707179
4.35209367574
4.34951968678
4.34713859726
4.34494410672
4.34293011483
4.34109071449
4.33942018529
4.33791298711
4.33656375408
4.33536728856
4.33431855558
4.33341267724
4.33264492752
4.33201072711
4.33150563856
4.33112536152
4.33086572816
4.33072269882
4.33069235773
4.33077090896
4.33095467244
4.3312400802
4.33162367268
4.33210209522
4.33267209466
4.33333051601
4.33407429936
4.33490047675
4.33580616927
4.33678858422
4.33784501234
4.33897282516
4.34016947251
4.34143247996
4.34275944654
4.34414804235
4.34559600642
4.34710114455
4.3486613272
4.35027448755
4.35193861955
4.35365177607
4.35541206708
4.35721765791
4.35906676762
4.36095766732
4.36288867862
4.36485817214
4.366864566
4.36890632444
4.37098195643
4.37309001434
4.37522909269
4.37739782688
4.37959489197
4.38181900159
4.38406890674
4.38634339475
4.38864128821
4.39096144395
4.39330275206
4.39566413492
4.3980445463
4.40044297045
4.40285842121
4.4052899412
4.407736601
4.41019749834
4.41267175736
4.41515852784
4.4176569845
4.42016632631
4.42268577577
4.42521457833
4.42775200166
4.43029733511
4.43284988908
4.43540899442
4.4379740019
4.44054428166
4.44311922264
4.44569823212
4.44828073518
4.45086617421
4.45345400848
4.45604371363
4.45863478128
4.46122671855
4.46381904764
4.46641130548
4.46900304326
4.4715938261
4.47418323263
4.47677085468
4.47935629688
4.48193917633
4.48451912227
4.48709577577
4.48966878938
4.49223782685
4.49480256282
4.49736268253
4.49991788154
4.50246786545
4.50501234966
4.50755105907
