2.18940569936
2.21328374903
2.22159683791
2.22991040165
2.23822451164
2.24653916242
2.25485434404
2.2631700445
2.27148625011
2.27980294587
2.28812011562
2.29643774247
2.30475580898
2.31307429734
2.32139318964
2.329712468
2.33803211473
2.34635211246
2.35467244425
2.36299309366
2.37131404484
2.37963528256
2.38795679228
2.39627856013
2.40460057297
2.41292281837
2.42124528461
2.42956796068
2.43789083625
2.44621390168
2.45453714797
2.46286056673
2.47118415019
2.47950789115
2.48783178293
2.49615581939
2.50447999485
2.51280430411
2.52112874236
2.52945330524
2.53777798872
2.54610278915
2.55442770317
2.56275272776
2.57107786014
2.57940309783
2.58772843855
2.59605388026
2.60437942111
2.61270505945
2.6210307938
2.62935662282
2.63768254534
2.64600856029
2.65433466674
2.66266086388
2.67098715096
2.67931352737
2.68763999255
2.69596654602
2.70429318738
2.71261991628
2.72094673242
2.72927363556
2.73760062552
2.74592770213
2.75425486527
2.76258211486
2.77090945084
2.77923687317
2.78756438187
2.79589197692
2.80421965837
2.81254742627
2.82087528067
2.82920322166
2.83753124931
2.84585936373
2.85418756501
2.86251585327
2.87084422863
2.87917269121
2.88750124113
2.89582987852
2.90415860353
2.91248741628
2.92081631692
2.92914530558
2.93747438241
2.94580354753
2.95413280111
2.96246214327
2.97074760163
2.97907777729
2.98740804702
2.99573840838
3.0040688596
3.01239939942
3.02073002695
3.02906074154
3.03739154279
3.04572243041
3.05405340424
3.06238446418
3.07071561021
3.07904684236
3.08737816067
3.09570956521
3.10404105608
3.11237263338
3.12070429722
3.12903604773
3.13736788502
3.14569980921
3.15403182045
3.16236391884
3.17069610452
3.17902837762
3.18736073826
3.19569318656
3.20402572264
3.21235834663
3.22069105864
3.22902385879
3.2373567472
3.24568972399
3.25402278925
3.26235594312
3.27068918568
3.27902251706
3.28735593735
3.29568944666
3.30402304509
3.31235673274
3.32069050971
3.3290243761
3.337358332
3.34569237751
3.35402651271
3.36236073769
3.37069505255
3.37902945738
3.38736395225
3.39569853725
3.40403321246
3.41236797797
3.42070283385
3.42903778018
3.43737281704
3.4457079445
3.45404316264
3.46237847152
3.47071387122
3.4790493618
3.48738494334
3.49572061589
3.50405637953
3.51239223432
3.52072818032
3.52906421759
3.53740034618
3.54573656617
3.5540728776
3.56240928053
3.57074577501
3.5790823611
3.58741903885
3.5957558083
3.60409266952
3.61242962254
3.62076666741
3.62910380418
3.63744103289
3.64577835359
3.65411576631
3.66245327111
3.67079086801
3.67912855706
3.68746633829
3.69580421174
3.70414217745
3.71248023545
3.72081838577
3.72915662844
3.7374949635
3.74583339098
3.7541719109
3.76251052329
3.77084922819
3.7791880256
3.78752691557
3.79586589811
3.80420497324
3.812544141
3.82088340139
3.82922275444
3.83756220017
3.84590173859
3.85424136973
3.86258109359
