1719.57110158
1131.52140435
980.354409696
818.278548087
678.302497114
576.469046012
511.856427629
473.214906119
450.006089574
435.193220625
424.640085385
416.634317872
409.997881283
404.124295245
398.70180161
393.569067876
388.641339333
383.872918262
379.238135767
374.721690306
370.313726245
366.007314201
361.797151571
357.678885241
353.648753088
349.703389852
345.839718515
342.054886678
338.346227063
334.71123125
331.14753096
327.652883819
324.225161962
320.862342539
317.562499592
314.323796964
311.144482035
308.022880128
304.95738948
301.946476706
298.98867267
296.082568725
293.226813277
290.420108618
287.661208019
284.94891304
282.28207103
279.659572814
277.080350533
274.543375619
272.047656913
269.592238886
267.176199977
264.798651019
262.458733763
260.155619474
257.888507614
255.656624586
253.459222548
251.295578285
249.164991216
247.066786097
245.000306441
242.964917362
240.960003752
238.984969445
237.039236428
235.122244077
233.233448441
231.372321545
229.538350743
227.731038082
225.949899709
224.194465302
222.464277518
220.758891482
219.077874284
217.420804508
215.78727178
214.176876335
212.589228606
211.023948828
209.480666666
207.959020852
206.458658844
204.9792365
203.520417764
202.081874367
200.663285544
199.264337757
197.884724444
196.524145762
195.182308354
193.858925121
192.553715008
191.266402795
189.9967189
188.744399191
187.509184806
186.290821982
185.089061886
183.903660463
182.734378284
181.580980399
180.443236208
179.32091932
178.213807434
177.121682217
176.04432919
174.981537616
173.933100398
172.898813976
171.878478231
170.871896397
169.878874965
168.899223605
167.932755083
166.979285182
166.03863263
165.110619027
164.195068777
163.291809021
162.400669577
161.521482877
160.654083909
159.798310163
158.954001574
158.121000472
157.299151535
156.488301736
155.688300299
154.898998657
154.120250406
153.351911264
152.593839031
151.845893555
151.107936685
150.379832247
149.661446
148.952645605
148.253300595
147.563282338
146.882464014
146.210720578
145.547928734
144.893966908
144.24871522
143.612055456
142.983871044
142.36404703
141.752470051
141.149028312
140.553611563
139.966111077
139.386419628
138.814431467
138.250042304
137.693149285
137.143650974
136.601447331
136.066439695
135.538530762
135.017624569
134.503626474
133.996443142
133.49598252
133.002153828
132.514867537
132.034035351
131.559570198
131.091386206
130.62939869
130.173524139
129.723680196
129.279785646
128.841760402
128.409525486
127.983003019
127.562116204
127.146789314
126.736947676
126.332517658
125.933426658
125.539603086
125.150976356
124.767476868
124.389035999
124.015586088
123.647060427
123.283393244
122.924519692
122.570375842
122.220898662
121.876026015
121.53569664
121.199850143
120.868426988
120.541368483
120.218616768
119.900114808
