2.222655552
1.33913439613
1.33354897049
1.32814560887
1.32291530581
1.31784976672
1.31294129329
1.30818272314
1.30356738144
1.2990890383
1.29474187071
1.29052042831
1.28641960274
1.28243459994
1.27856091513
1.27479431027
1.27113079358
1.26756660093
1.26409817898
1.2607221698
1.25743539688
1.25423485226
1.25111768492
1.24808118999
1.24512279894
1.24224007058
1.23943068273
1.23669242461
1.23402318981
1.23142096978
1.22888384784
1.22640999972
1.22399766413
1.22164517451
1.21935093027
1.21711339874
1.21493111147
1.21280266063
1.21072669571
1.20870192055
1.20672709036
1.20480100917
1.20292252728
1.20109053893
1.19930398019
1.19756182684
1.19586304465
1.19420690457
1.19259230694
1.19101820035
1.18948399593
1.18798877504
1.18653174943
1.18511215656
1.18372930928
1.1823823863
1.18107075768
1.17979379545
1.17885060123
1.17838188565
1.17792901946
1.17749195333
1.17707040635
1.17666410556
1.17627278547
1.17589618779
1.17553406119
1.17518616103
1.17485224921
1.17453209388
1.17422546932
1.17393215569
1.1736519389
1.1733846104
1.17312996702
1.17288781086
1.17265794909
1.17244019383
1.17223436203
1.1720402753
1.17185775983
1.17168664627
1.17152676958
1.17137796896
1.17124008775
1.17111297329
1.17099647687
1.17089045362
1.17079476244
1.17070926589
1.17063383015
1.17056832489
1.17051262324
1.17046660173
1.17043014019
1.17040312168
1.17038543247
1.17037696196
1.17037760259
1.17038724985
1.17040580219
1.17043316094
1.17046923035
1.17051391743
1.170567132
1.17062878661
1.17069879649
1.17077707952
1.17086355619
1.17095814958
1.17106078529
1.17117139144
1.17128989861
1.17141623984
1.17155035056
1.17169216863
1.1718416342
1.17199868981
1.17216328027
1.17233535269
1.17251485642
1.17270174307
1.17289596646
1.1730974826
1.17330624966
1.17352222802
1.17374538015
1.17397567069
1.17421306635
1.17445753598
1.1747090505
1.1749675829
1.17523310823
1.17143983621
1.17172643272
1.18942119048
1.19940073173
1.20752277249
1.21428461922
1.22002466258
1.22498172326
1.22932914359
1.23319576629
1.23667934005
1.23985535149
1.2427830048
1.24550937027
1.24807232603
1.25050268509
1.25282576032
1.25506253403
1.25723054455
1.25934456667
1.26141714025
1.26345898508
1.26547932976
1.26748617487
1.26948650529
1.27148646311
1.27349148935
1.27550644134
1.27753569048
1.2795832046
1.28170186527
1.28799998473
1.2943868134
1.30086993288
1.30745642785
1.31415416093
1.32097101591
1.32791517959
1.33499521331
1.34222013103
1.34959948409
1.35714345443
1.36486295859
1.37276976474
1.38087662586
1.38919743259
1.39774738997
1.4065432236
1.4156034218
1.42494852208
1.43460145284
1.4445879438
1.45493702312
1.46568162467
1.47685933641
1.48851333202
1.50069354274
1.51345814885
1.52687550239
1.54102664164
1.55600863251
1.57193908992
1.58896242339
1.6072586716
1.6270563493
1.64865174746
1.67243908299
