469.369749808
468.062399221
466.75742775
465.454849972
464.154679765
462.85693051
461.56161519
460.268746432
458.978336539
457.690397507
456.404941038
455.121978556
453.841521219
452.56357993
451.288165345
450.015287889
448.744957765
447.477184961
446.211979261
444.949350258
443.689307357
442.431859788
441.177016612
439.92478673
438.675178892
437.428201702
436.183863626
434.942173
433.703138035
432.466766827
431.233067357
430.002047502
428.77371504
427.548077654
426.325142937
425.104918398
423.88741147
422.672629506
421.460579794
420.251269554
419.044705944
417.840896065
416.639846964
415.441565637
414.246059035
413.053334063
411.863397587
410.676256436
409.491917404
408.310387254
407.131672718
405.955780504
404.782717293
403.612489747
402.445104508
401.280568197
400.118887423
398.96006878
397.80411885
396.651044204
395.500851405
394.353547007
393.20913756
392.067629609
390.929029695
389.793344357
388.660580131
387.530743557
386.403841171
385.279879515
384.158865129
383.04080456
381.925704356
380.813571071
379.704411263
378.598231495
377.495038338
376.394838367
375.297638163
374.203444315
373.11226342
372.024102079
370.938966902
369.856864507
368.777801516
367.701784562
366.628820282
365.558915322
364.492076332
363.428309971
362.367622902
361.310021796
360.255513329
359.204104179
358.155801032
357.110610577
356.068539507
355.029594517
353.993782304
352.961109567
351.931583009
350.905209328
349.881995226
348.861947402
347.845072551
346.831377369
345.820868545
344.813552765
343.809436708
342.808527046
341.810830444
340.816353559
339.825103037
338.837085511
337.852307605
336.870775926
335.89249707
334.917477614
333.945724118
332.977243126
332.012041159
331.050124718
330.091500282
329.136174302
328.184153209
327.235443403
326.290051256
325.34798311
324.409245275
323.473844029
322.541785612
321.613076232
320.687722053
319.765729204
318.847103769
317.93185179
317.019979265
316.111492142
315.206396323
314.304697659
313.406401947
312.511514931
311.6200423
310.731989683
309.847362651
308.966166712
308.088407312
307.214089829
306.343219577
305.475801798
304.611841663
303.75134427
302.894314643
302.040757728
301.190678391
300.344081417
299.50097151
298.661353286
297.825231277
296.992609923
296.163493575
295.33788649
294.515792831
293.697216664
292.882161956
292.070632573
291.262632278
290.458164731
289.657233484
288.859841981
288.065993556
287.275691431
286.488938714
285.705738396
284.926093353
284.150006339
283.377479988
282.608516812
281.843119197
281.081289403
280.323029564
279.568341681
278.817227614
278.069689117
277.325727792
276.58534511
275.848542402
275.115320861
274.385681541
273.659625353
272.937153066
272.218265307
271.502962554
270.791245142
270.083113257
269.378566935
268.677606066
267.980230385
267.286439478
266.596232778
