0.999623933008
0.999624132661
0.999624332208
0.99962453165
0.999624730986
0.999624930216
0.99962512934
0.999625328358
0.999625527271
0.999625726079
0.999625924781
0.999626123377
0.999626321868
0.999626520254
0.999626718534
0.999626916709
0.999627114779
0.999627312744
0.999627510604
0.999627708359
0.999627906008
0.999628103553
0.999628300993
0.999628498329
0.999628695559
0.999628892685
0.999629089707
0.999629286623
0.999629483436
0.999629680143
0.999629876747
0.999630073246
0.999630269641
0.999630465931
0.999630662118
0.9996308582
0.999631054178
0.999631250052
0.999631445823
0.999631641489
0.999631837052
0.99963203251
0.999632227865
0.999632423117
0.999632618264
0.999632813308
0.999633008249
0.999633203086
0.99963339782
0.99963359245
0.999633786977
0.999633981401
0.999634175722
0.99963436994
0.999634564054
0.999634758066
0.999634951974
0.99963514578
0.999635339483
0.999635533082
0.99963572658
0.999635919974
0.999636113266
0.999636306455
0.999636499542
0.999636692526
0.999636885408
0.999637078188
0.999637270865
0.99963746344
0.999637655913
0.999637848283
0.999638040552
0.999638232718
0.999638424783
0.999638616745
0.999638808606
0.999639000365
0.999639192022
0.999639383577
0.999639575031
0.999639766383
0.999639957634
0.999640148783
0.99964033983
0.999640530776
0.999640721621
0.999640912365
0.999641103007
0.999641293548
0.999641483988
0.999641674327
0.999641864565
0.999642054702
0.999642244739
0.999642434674
0.999642624508
0.999642814242
0.999643003875
0.999643193407
0.999643382839
0.99964357217
0.999643761401
0.999643950531
0.999644139561
0.999644328491
0.99964451732
0.999644706049
0.999644894678
0.999645083207
0.999645271636
0.999645459965
0.999645648194
0.999645836322
0.999646024352
0.999646212281
0.99964640011
0.99964658784
0.999646775471
0.999646963001
0.999647150432
0.999647337764
0.999647524996
0.999647712129
0.999647899163
0.999648086097
0.999648272932
0.999648459668
0.999648646305
0.999648832843
0.999649019282
0.999649205621
0.999649391862
0.999649578004
0.999649764048
0.999649949992
0.999650135838
0.999650321586
0.999650507234
0.999650692784
0.999650878236
0.999651063589
0.999651248844
0.999651434001
0.999651619059
0.999651804019
0.999651988881
0.999652173645
0.99965235831
0.999652542878
0.999652727348
0.99965291172
0.999653095994
0.99965328017
0.999653464248
0.999653648229
0.999653832112
0.999654015898
0.999654199586
0.999654383176
0.999654566669
0.999654750065
0.999654933363
0.999655116564
0.999655299668
0.999655482675
0.999655665584
0.999655848397
0.999656031112
0.999656213731
0.999656396252
0.999656578677
0.999656761005
0.999656943236
0.99965712537
0.999657307408
0.999657489349
0.999657671194
0.999657852942
0.999658034593
0.999658216148
0.999658397607
0.999658578969
0.999658760236
0.999658941406
0.99965912248
0.999659303457
0.999659484339
0.999659665125
0.999659845814
0.999660026408
0.999660206906
0.999660387309
0.999660567615
0.999660747826
0.999660927941
0.99966110796
0.999661287884
0.999661467713
0.999661647446
