384542.8587
-31211.3862773
-31155.1081307
-31100.7120736
-31048.136812
-30997.3343929
-30948.2627719
-30900.8829966
-30855.1580618
-30811.0524329
-30768.5318389
-30727.5631737
-30688.1144416
-30650.1547213
-30613.6541364
-30578.5838298
-30544.915939
-30512.6235728
-30481.6807879
-30452.062566
-30423.744792
-30396.7042313
-30370.9185087
-30346.366087
-30323.0262459
-30300.8790621
-30279.9053885
-30260.086835
-30241.4057493
-30223.8451974
-30207.3889458
-30192.0214431
-30177.7278023
-30164.4937836
-30152.3057774
-30141.1507882
-30131.0164178
-30121.8908504
-30113.7628366
-30106.6216791
-30100.4572175
-30095.2598146
-30091.0203425
-30087.7301689
-30085.3811442
-30083.9655888
-30083.4762807
-30083.9064432
-30085.2497335
-30087.500231
-30090.6524263
-30094.7012106
-30099.6418652
-30105.4700508
-30112.1817986
-30119.7734997
-30128.2418963
-30137.5840729
-30147.7974467
-30158.87976
-30170.8290712
-30183.6437471
-30197.3224552
-30211.8641559
-30227.2680951
-30243.5337974
-30260.661059
-30278.6499408
-30297.5007622
-30317.2140946
-30337.7907554
-30359.2318019
-30381.5385255
-30404.7124462
-30428.7553071
-30453.669069
-30479.4559055
-30506.1181978
-30533.6585299
-30562.0796836
-30591.3846346
-30621.5765473
-30652.6587708
-30684.6348346
-30717.5084979
-30751.2835329
-30785.9640389
-30821.5542264
-30858.058467
-30895.4812894
-30933.827376
-30973.1015591
-31013.308818
-31054.4542752
-31096.5431932
-31139.5809717
-31183.573144
-31228.525374
-31274.4434536
-31321.333299
-31369.2009486
-31418.0525595
-31467.8944048
-31518.7328711
-31570.5744554
-31623.4257625
-31677.2935025
-31732.1844876
-31788.1056302
-31845.0639396
-31903.0665199
-31962.1205671
-32022.2333669
-32083.4122916
-32145.6647983
-32208.9984258
-32273.4207923
-32338.939593
-32405.5625973
-32473.2976469
-32542.1526525
-32612.1355923
-32683.2545085
-32755.5175055
-32828.9327475
-32903.5084553
-32979.2529047
-33056.1744232
-33134.2813883
-33213.5822242
-33294.0853999
-33375.7994266
-33458.7328548
-33542.8942721
-33628.2923007
-33714.9355947
-33802.8328377
-33891.99274
-33982.4240362
-34074.1354828
-34167.1358552
-34261.4339455
-34357.0385596
-34453.9585148
-34552.2026373
-34651.7797592
-34752.6987162
-34854.9683448
-34958.5974797
-35063.5949514
-35169.9695833
-35277.7288678
-35386.8843123
-35497.4432684
-35609.4145352
-35722.8068731
-35837.6290128
-35953.889657
-36071.5974789
-36190.761121
-36311.3891922
-36433.4902655
-36557.0728757
-36682.1455165
-36808.7166385
-36936.7946461
-37066.3878955
-37197.504692
-37330.1532875
-37464.3418785
-37600.078603
-37737.3715389
-37876.2287013
-38016.6580402
-38158.6674383
-38302.2647089
-38447.4575936
-38594.2537601
-38742.6608006
-38892.686229
-39044.3374796
-39197.6219047
-39352.5467731
-39509.1192679
-39667.3464851
-39827.2354316
-39988.7930237
-40152.0260855
-40316.9413474
-40483.5454444
-40651.8449152
-40821.8462005
-40993.5556418
-41166.9794806
-41342.1238566
-41518.9948074
-41697.5982673
-41877.9400663
-42060.0259296
-42243.8632036
