-118.307417948
-236.482413961
-237.032226387
-237.563763148
-238.07816688
-238.577106945
-239.062303932
-239.535339586
-239.997595647
-240.45024862
-240.894286869
-241.330534849
-241.759677877
-242.182284911
-242.598828238
-243.009700278
-243.415227873
-243.815683765
-244.211296486
-244.60225834
-244.988732052
-245.370856235
-245.748749901
-246.12251617
-246.492245315
-246.85801726
-247.219903624
-247.577969384
-247.932274231
-248.282873658
-248.629819845
-248.97316236
-249.312948718
-249.649224817
-249.982035285
-250.311423736
-250.637432972
-250.960105132
-251.279481792
-251.595604045
-251.908512548
-252.21824755
-252.524848913
-252.828356109
-253.128808226
-253.426243956
-253.720701585
-254.012218983
-254.300833589
-254.586582402
-254.869501966
-255.149628365
-255.426997208
-255.701643632
-255.973602287
-256.242907339
-256.509592897
-256.773691295
-257.035235666
-257.294258232
-257.550790735
-257.804864443
-258.056510151
-258.305758193
-258.552638445
-258.79718033
-259.039412832
-259.279364498
-259.517063446
-259.752537376
-259.985813577
-260.216918933
-260.445879933
-260.67272268
-260.897472894
-261.120155926
-261.340796762
-261.559420029
-261.776050008
-261.990710636
-262.203425513
-262.414217913
-262.623110786
-262.83012677
-263.03528819
-263.238617072
-263.440135142
-263.639863837
-263.837824308
-264.034037428
-264.228523794
-264.421303735
-264.612397316
-264.801824344
-264.98960437
-265.175756699
-265.360300388
-265.543254256
-265.724636888
-265.904466633
-266.082761616
-266.259539739
-266.434818684
-266.608615916
-266.780948691
-266.951834055
-267.121288851
-267.28932972
-267.455973105
-267.621235257
-267.785132232
-267.947679902
-268.108893952
-268.268789886
-268.427383028
-268.584688526
-268.740721356
-268.895496323
-269.049028062
-269.201331046
-269.352419582
-269.502307818
-269.651009745
-269.798539197
-269.944909855
-270.090135249
-270.234228762
-270.377203626
-270.519072934
-270.659849633
-270.799546529
-270.938176292
-271.075751454
-271.212284413
-271.347787434
-271.482272651
-271.615752068
-271.748237564
-271.879740888
-272.010273669
-272.139847413
-272.268473502
-272.396163202
-272.522927661
-272.648777908
-272.77372486
-272.89777932
-273.020951979
-273.143253417
-273.264694106
-273.385284408
-273.505034581
-273.623954776
-273.74205504
-273.859345319
-273.975835457
-274.091535195
-274.206454178
-274.320601951
-274.433987964
-274.54662157
-274.658512025
-274.769668497
-274.880100055
-274.989815681
-275.098824264
-275.207134604
-275.314755412
-275.421695312
-275.527962842
-275.633566451
-275.738514506
-275.842815289
-275.946476997
-276.049507748
-276.151915576
-276.253708435
-276.354894199
-276.455480662
-276.555475542
-276.654886477
-276.753721029
-276.851986684
-276.949690852
-277.046840871
-277.143444001
-277.239507432
-277.335038279
-277.430043588
-277.52453033
-277.618505408
-277.711975656
-277.804947835
-277.897428641
-277.9894247
-278.08094257
-278.171988744
-278.262569647
-278.352691639
-278.442361014
