1332330.2314
2104280.23764
2134090.99089
2162946.91962
2190848.35678
2217853.40825
2244028.7283
2269438.01381
2294139.71723
2318186.97137
2341628.00627
2364506.63857
2386862.73441
2408732.62601
2430149.48141
2451143.63147
2471742.85878
2491972.65295
2511856.43652
2531415.76498
2550670.50415
2569638.98771
2588338.15727
2606783.68722
2624990.096
2642970.84567
2660738.4309
2678304.45888
2695679.72092
2712874.25697
2729897.41367
2746757.89666
2763463.8179
2780022.73844
2796441.7071
2812727.29559
2828885.63041
2844922.42174
2860842.98983
2876652.28896
2892354.92931
2907955.19686
2923457.07165
2938864.24434
2954180.13145
2969407.88923
2984550.42641
2999610.41577
3014590.30487
3029492.32577
3044318.50397
3059070.66657
3073750.44981
3088359.30589
3102898.50927
3117369.1624
3131772.20098
3146108.39875
3160378.37185
3174582.58285
3188721.34436
3202794.82234
3216803.0391
3230745.87603
3244623.07607
3258434.24589
3272178.85797
3285856.25234
3299465.6382
3313006.0954
3326476.57569
3339875.90387
3353202.77881
3366455.77431
3379633.33995
3392733.80169
3405755.36256
3418696.10311
3431553.98193
3444326.83601
3457012.38116
3469608.21225
3482111.80359
3494520.50915
3506831.56284
3519042.0788
3531149.05162
3543149.35668
3555039.75045
3566816.87079
3578477.23742
3590017.25226
3601433.20001
3612721.24866
3623877.45014
3634897.74107
3645777.94351
3656513.76595
3667100.80429
3677534.54301
3687810.35642
3697923.51008
3707869.16237
3717642.36617
3727238.07077
3736651.12385
3745876.27376
3754908.1719
3763741.3753
3772370.34947
3780789.47137
3788993.0327
3796975.24329
3804730.23484
3812252.06483
3819534.72069
3826572.12424
3833358.13636
3839886.56194
3846151.15505
3852145.62446
3857863.63934
3863298.83529
3868444.82065
3873295.18302
3877843.49612
3882083.32688
3886008.24286
3889611.81982
3892887.64973
3895829.34882
3898430.56608
3900684.9919
3902586.36694
3904128.49127
3905305.23368
3906110.54125
3906538.44903
3906583.08995
3906238.70489
3905499.65282
3904360.42116
3902815.63614
3900860.07333
3898488.66816
3895696.52652
3892478.93534
3888831.37318
3884749.52073
3880229.27133
3875266.74129
3869858.2802
3864000.48096
3857690.18974
3850924.51566
3843700.84029
3836016.82679
3827870.42882
3819259.89911
3810183.79765
3800640.9995
3790630.70218
3780152.43261
3769206.05358
3757791.76974
3745910.13303
3733562.04757
3720748.774
3707471.93324
3693733.50955
3679535.85307
3664881.68164
3649774.08199
3634216.51024
3618212.79169
3601767.11999
3584884.05551
3567568.52306
3549825.80887
3531661.55687
3513081.76421
3494092.77617
3474701.2802
3454914.29939
3434739.18517
3414183.60935
3393255.55542
3371963.30926
3350315.44915
3328320.83508
3305988.59755
3283328.12565
3260349.05456
3237061.25253
3213474.80721
3189600.01151
3165447.34885
3141027.47805
3116351.21754
3091429.52929
