9.89829092546
9.85246462603
9.82053916049
9.79171845831
9.76357177904
9.73546502192
9.70722871491
9.67881511353
9.65020843962
9.62140133914
9.59238870027
9.5631660276
9.5337290131
9.50407342193
9.47419506129
9.4440897712
9.41375342136
9.3831819096
9.35237116107
9.3213171276
9.29001578738
9.25846314477
9.22665523031
9.19458810094
9.16225784029
9.1296605593
9.09679239686
9.06364952071
9.03022812846
8.99652444881
8.9625347429
8.92825530587
8.89368246856
8.85881259939
8.82364210638
8.7881674394
8.75238509254
8.7162916067
8.6798835723
8.64315763222
8.60611048492
8.56873888772
8.53103966026
8.49300968822
8.45464592712
8.41594540642
8.37690523377
8.33752259949
8.29779478117
8.25771914864
8.21729316899
8.17651441186
8.13538055504
8.09388939009
8.05203882841
8.00982690734
7.96725179661
7.92431180499
7.88100538711
7.83733115061
7.79328786344
7.74887446144
7.70409005615
7.65893394284
7.61340560874
7.56750474162
7.52123123845
7.47458521439
7.42756701197
7.38017721053
7.3324166358
7.28428636977
7.23578776074
7.18692243357
7.1376923001
7.08809956982
7.03814676064
6.98783670986
6.93717258529
6.88615789651
6.83479650623
6.78309264178
6.73105090666
6.67867629218
6.62597418913
6.57295039948
6.51961114804
6.46596309413
6.41201334318
6.35776945817
6.303239471
6.24843189367
6.19335572923
6.13802048249
6.08243617039
6.02661333205
5.97056303841
5.91429690134
5.85782708232
5.80116630043
5.74432783975
5.68732555596
5.63017388221
5.57288783403
5.51548301333
5.45797561127
5.40038241006
5.34272078344
5.28500869592
5.22726470047
5.16950793478
5.11175811579
5.05403553248
4.99636103693
4.93875603319
4.88124246432
4.82384279709
4.7665800045
4.70947754588
4.65255934453
4.59584976287
4.53937357488
4.4831559359
4.42722234966
4.37159863248
4.31631087476
4.26138539948
4.20684871801
4.15272748304
4.09904843883
4.04583836877
3.99312404037
3.94093214787
3.88928925259
3.8382217212
3.78775566216
3.73791686063
3.68873071207
3.64022215489
3.59241560254
3.54533487528
3.4990031323
3.4534428043
3.40867552725
3.36472207763
3.32160230968
3.27933509516
3.23793826605
3.19742856064
3.15782157358
3.11913171016
3.08137214529
3.04455478767
3.00869024921
2.97378782024
2.93985545056
2.90689973665
2.87492591502
2.84393786197
2.81393809877
2.78492780468
2.75690683436
2.72987374185
2.70382581008
2.67875908554
2.65466841796
2.63154750447
2.60938893786
2.58818425845
2.56792400919
2.54859779328
2.53019433407
2.51270153653
2.49610654984
2.48039583075
2.46555520695
2.45156994038
2.43842478966
2.4261040716
2.41459172121
2.40387134997
2.39392630202
2.38473970819
2.37629453575
2.36857364246
2.36155981652
2.35523582221
2.34958443967
2.34458850186
2.34023092842
2.33649475649
2.33336316857
2.33081951722
2.32884734701
2.32743041354
2.32655269966
2.3261984291
2.32635207757
2.32699838129
2.32812234341
