0.9
1.38490092237
1.3830147455
1.38112838877
1.37924194657
1.37735555509
1.37546935435
1.37358347213
1.37169801869
1.36981308657
1.36792875242
1.3660450795
1.36416212006
1.36227991754
1.36041124662
1.35851781985
1.35663813403
1.3547592998
1.35288134798
1.35100430233
1.34912818228
1.34725224652
1.34537801176
1.34350475229
1.34163247859
1.33976120122
1.33789093058
1.33602167685
1.33415344986
1.3322862592
1.33042011414
1.32855502369
1.32669099662
1.32482804144
1.32296616646
1.32110616501
1.31924648342
1.31741266041
1.31553055129
1.31367413946
1.31181887945
1.30996476633
1.30811180057
1.30625998559
1.3044093262
1.30255982792
1.30071149662
1.29886433831
1.29701835897
1.29517356457
1.29332996098
1.29148755401
1.28964634933
1.28780635256
1.2859675692
1.28413000466
1.28229366426
1.28045855321
1.27862467665
1.27679203963
1.27496064712
1.273130504
1.27130161508
1.26947398506
1.26764761862
1.26582252032
1.26399869466
1.26217614608
1.26035487895
1.25853489757
1.25671620617
1.25489880893
1.25308270996
1.25126791331
1.24945442298
1.2476422429
1.24583137697
1.244021829
1.24221360279
1.24040670205
1.23860113047
1.23679689168
1.23499398925
1.23319242673
1.23139220761
1.22959333534
1.22779581332
1.22599964493
1.22420483348
1.22241138226
1.22061929453
1.21882857349
1.21703922231
1.21525124413
1.21346464206
1.21167941917
1.20989557848
1.20811312302
1.20633205574
1.20455237959
1.20277409748
1.20099721229
1.19922172687
1.19744764405
1.19567496663
1.19390369737
1.19213383902
1.19036539429
1.18859834185
1.18683275337
1.18506854349
1.18330580109
1.18154444325
1.17978455677
1.17802606096
1.17626904045
1.17451343856
1.17275927524
1.17100655336
1.1692552756
1.1675054445
1.16575706254
1.16401013212
1.16226465564
1.16052063545
1.15877807387
1.15703697324
1.15529733582
1.15355916391
1.15182245976
1.1500872256
1.14835346365
1.14662117613
1.14489036522
1.14316103309
1.1414331819
1.13970681379
1.13798193088
1.13625853528
1.13453662909
1.13281621438
1.13109729323
1.12937986767
1.12766393974
1.12594951147
1.12423658486
1.1225251619
1.12081524458
1.11910683484
1.11739993466
1.11569454595
1.11399067065
1.11228831067
1.11058677241
1.10888744156
1.10718963563
1.10549335464
1.10379859946
1.10210537138
1.10041367196
1.09872350286
1.09703486578
1.09534776247
1.09366219469
1.09197816417
1.09029567267
1.0886147219
1.08693531359
1.08525744945
1.08358113119
1.08190636048
1.08023313901
1.07856146843
1.07689135041
1.07522278657
1.07355577856
1.07189032799
1.07022643648
1.0685641056
1.06690333696
1.06524413212
1.06358649265
1.06193042009
1.060275916
1.0586229819
1.0569716193
1.05532182973
1.05367361466
1.0520269756
1.05038191401
1.04873843136
1.04709652911
1.0454562087
1.04381807864
1.04218096247
1.04054539882
1.03891142059
1.03727903015
1.0356482294
1.03401901997
