3.28687744461
3.25654973875
3.22634735981
3.19638885056
3.16670801322
3.13732124208
3.10824121201
3.07947954888
3.05104734243
3.02295523995
2.9952134593
2.96783178681
2.94081957291
2.91418572786
2.88793871802
2.86208656282
2.83663683245
2.81159664619
2.78697267153
2.76277112395
2.73899776742
2.71565791563
2.69275643387
2.67029774175
2.64828581644
2.62672419672
2.60561598769
2.58496386611
2.56477008642
2.54503648741
2.52576449943
2.50695515233
2.4886090838
2.4707265484
2.45330742705
2.436351237
2.41985714223
2.40382396439
2.38825019398
2.37313400195
2.35847325167
2.34426551108
2.33050806511
2.31719792834
2.30433185777
2.2919063657
2.27991773276
2.26836202091
2.25723508644
2.24653259297
2.2362500244
2.22638269764
2.21692577532
2.20787427828
2.19922309781
2.1909670077
2.18310067609
2.17561867686
2.16851549976
2.16178556511
2.15542322971
2.14942279919
2.14377853858
2.13848467766
2.13353542566
2.12892497639
2.12464751715
2.12069723659
2.11706833202
2.11375501644
2.11075152463
2.10805212105
2.10565110313
2.10354280814
2.10172161784
2.10018196312
2.09891832819
2.09792525446
2.09719734411
2.09672926324
2.09651574476
2.09655159097
2.09683167579
2.09735094677
2.09810442679
2.09908721547
2.10029449045
2.10172150826
2.10336360516
2.10521619761
2.10727478268
2.10953493815
2.11199232256
2.11464267501
2.11748181484
2.12050564123
2.12371013258
2.12709134584
2.13064541571
2.13436855375
2.13825704741
2.14230725896
2.14651562438
2.15087865215
2.15539292205
2.16005508381
2.16486185584
2.16981002382
2.17489643932
2.18011801841
2.18547174017
2.19095464531
2.19656383463
2.20229646767
2.20814976114
2.21412098754
2.22020747369
2.22640659928
2.23271579688
2.23913254577
2.2456543762
2.2522788654
2.25900363647
2.26582635712
2.27274473842
2.27975653346
2.28685953621
2.29405158022
2.3013305375
2.3086943174
2.31614086541
2.32366816221
2.33127422252
2.33895709417
2.3467148571
2.35454562242
2.36244753153
2.37041875528
2.37845749309
2.38656197221
2.39473044693
2.40296119791
2.41125253143
2.41960277883
2.4280102958
2.43647346188
2.44499067988
2.45356037534
2.46218099613
2.4708510119
2.47956891375
2.48833321378
2.49714244478
2.50599515984
2.51488993212
2.52382535452
2.53280003944
2.54181254642
2.55086165101
2.55994597992
2.5690642137
2.57821505808
2.58739723837
2.59660949851
2.60585060079
2.61511932577
2.62441447226
2.63373485726
2.64307931597
2.65244670179
2.6618358863
2.67124575933
2.68067522895
2.69012322153
2.69958868181
2.7090705729
2.71856787644
2.72807959255
2.73760474
2.74714235626
2.75669149753
2.76625123892
2.77582075224
2.78539901546
2.79498520735
2.80457848797
2.81417802947
2.82378302208
2.83339267527
2.84300621799
2.85262289874
2.86224198569
2.87186276671
2.88148454945
2.89110666137
2.90072844981
2.9103503337
2.91996936579
2.92958640374
2.93920073795
