0.000273452
0.000288205434175
0.000295396652693
0.000302312435671
0.000309086531898
0.000315772625017
0.000322403475382
0.000328998954502
0.000335570883544
0.000342126057899
0.000348668136092
0.000355198819229
0.000361718586695
0.000368227154953
0.000374723763667
0.000381207354219
0.000387676681234
0.000394130382406
0.000400567022415
0.000406985120742
0.000413383169485
0.000419759644987
0.000426113015614
0.000432441747171
0.000438744306849
0.000445019166269
0.000451264803973
0.000457479707587
0.000463662375774
0.000469811320064
0.000475925066625
0.000482002157991
0.000488041154766
0.000494040637333
0.000499999207558
0.0005059154905
0.000511788136133
0.000517615821087
0.000523397250393
0.000529131159254
0.000534816314839
0.000540451518098
0.000546035605602
0.00055156747735
0.000557046011811
0.000562470167257
0.00056783894412
0.00057315138743
0.000578406589267
0.000583603691182
0.000588741886619
0.000593820423398
0.000598838606285
0.000603795799682
0.000608691430459
0.000613524990963
0.000618296042218
0.000623004217361
0.000627649225326
0.000632230854826
0.000636748978653
0.000641203558366
0.000645594649348
0.000649920838205
0.000654186092754
0.000658388427035
0.000662528412186
0.000666606719024
0.000670624521231
0.000674582270463
0.000678480656865
0.000682321383519
0.00068610581601
0.000689835502902
0.000693512182401
0.000697137786701
0.000700714443764
0.000704244477661
0.000707730390783
0.000711174855139
0.000714580678018
0.000717950756204
0.000721288010069
0.000724595294486
0.00072787528426
0.000731130334134
0.000734362317379
0.00073757245243
0.000740761133391
0.000743927786039
0.000747070774053
0.000750187378171
0.000753273862552
0.000756325628598
0.000759337440458
0.000762303687138
0.000765218678721
0.000768076872726
0.000770873087547
0.00077360264351
0.000776261445798
0.00077884601577
0.00078135348246
0.000783781546608
0.000786128388717
0.000788392745374
0.000790573694062
0.000792670658279
0.000794683354422
0.000796611744867
0.000798455997517
0.000800216451384
0.000801893587618
0.000803488005274
0.000805000401152
0.000806431553061
0.000807782305943
0.000809053560353
0.000810246262891
0.000811361398215
0.000812399982354
0.000813363057079
0.000814251685137
0.000815066946179
0.000815809933279
0.0008164817499
0.000817083507269
0.000817616322054
0.000818081314314
0.00081847960567
0.000818812317659
0.000819080570252
0.000819285480507
0.000819428161336
0.00081950972038
0.000819531258977
0.00081949387121
0.000819398643031
0.00081924665145
0.000819038963796
0.000818776637024
0.000818460717088
0.000818092238363
0.000817672223107
0.000817201680987
0.000816681608633
0.000816112989243
0.000815496792229
0.000814833972899
0.000814125472174
0.00081337221635
0.000812575116889
0.000811735070237
0.000810852957688
0.000809929645265
0.00080896598364
0.000807962808073
0.000806920938387
0.000805841178961
0.00080472431875
0.000803571131329
0.000802382374957
0.000801158792662
0.000799901112345
0.000798610046905
0.00079728629438
0.000795930538098
0.000794543446855
0.000793125675098
0.000791677863123
0.000790200637288
0.000788694610233
0.000787160381113
0.000785598535841
0.000784009647335
0.000782394275779
