-258.001567777
-114.040181677
-113.311873511
-112.607658245
-111.934362779
-111.29249728
-110.681009441
-110.098512382
-109.543599708
-109.014922754
-108.511206081
-108.031247223
-107.573912675
-107.138133244
-106.722899537
-106.327257754
-105.950305822
-105.591189836
-105.24910079
-104.923271567
-104.612974166
-104.317517143
-104.036243254
-103.768527268
-103.513773946
-103.271416173
-103.040913222
-102.821749138
-102.613431247
-102.415488759
-102.22747147
-102.048948558
-101.87950745
-101.718752772
-101.566305363
-101.421801353
-101.284891304
-101.155239397
-101.032522678
-100.916430342
-100.806663063
-100.70293237
-100.604960045
-100.512477572
-100.425225606
-100.342953474
-100.265418706
-100.192386591
-100.12362975
-100.058927744
-99.9980666887
-99.9408388955
-99.887042531
-99.8364812893
-99.788964082
-99.7443047422
-99.7023217413
-99.662837919
-99.6256802247
-99.5906794693
-99.5576700882
-99.5264899126
-99.4969799503
-99.4689841743
-99.4423493196
-99.4169246864
-99.3925619506
-99.3691149801
-99.3464396567
-99.3243937041
-99.3028365201
-99.2816290135
-99.2606334458
-99.2397132764
-99.2187330119
-99.1975580582
-99.1760545765
-99.1540893417
-99.1315296042
-99.1082429532
-99.0840971832
-99.0589601626
-99.0326997037
-99.0051834357
-98.976278678
-98.9458523165
-98.913770681
-98.8798994234
-98.8441033985
-98.8062465453
-98.76619177
-98.72380083
-98.6789342196
-98.6314510569
-98.5812089715
-98.5280639942
-98.4718704481
-98.4124808403
-98.3497457565
-98.2835137563
-98.2136312703
-98.1399424996
-98.0622893168
-97.9805111699
-97.8944449876
-97.8039250879
-97.7087830892
-97.6088478247
-97.503945259
-97.3938984093
-97.2785272697
-97.157648739
-97.0310765536
-96.8986212239
-96.7600899755
-96.6152866958
-96.4640118848
-96.3060626122
-96.1412324787
-95.9693115842
-95.7900865013
-95.603340254
-95.4088523037
-95.2063985402
-94.9957512788
-94.7766792634
-94.5489476755
-94.3123181485
-94.066548787
-93.8113941915
-93.546605487
-93.2719303565
-92.9871130763
-92.6918945558
-92.3860123778
-92.0692008412
-91.7411910031
-91.4017107212
-91.0504846944
-90.6872345014
-90.3116786358
-89.9235325375
-89.5225086201
-89.1083162915
-88.680661971
-88.2392490989
-87.7837781412
-87.3139465899
-86.8294489576
-86.3299767709
-85.8152185623
-85.2848598642
-84.7385832089
-84.1760681376
-83.5969912253
-83.0010261264
-82.3878436494
-81.7571118686
-81.1084962834
-80.4416600349
-79.7562641937
-79.051968132
-78.3284299951
-77.5853072879
-76.8222558993
-76.0389375889
-75.2350113536
-74.4101409563
-73.5639948373
-72.6962477949
-71.8065829198
-70.8946938039
-69.960287043
-69.0030850514
-68.0228292036
-67.0192833188
-65.9922374965
-64.9415123115
-63.8669633707
-62.7684862291
-61.6460216567
-60.4995612417
-59.3291533088
-58.1349091218
-56.9170093327
-55.6757106307
-54.4113525309
-53.1243642379
-51.8152715038
-50.4847033913
-49.1333988425
-47.7622128171
-46.3721226
-44.9642323937
-43.5397783296
-42.1001320997
-40.6468036981
-39.1814430192
-37.7058401633
-36.2219243056
