7.9162
10.706929852
10.7071761071
10.7068266486
10.7066353661
10.7067946826
10.7073473546
10.7082965558
10.7096352324
10.7113539315
10.7134428848
10.7158925583
10.7186937904
10.7218378208
10.7253162897
10.7291212293
10.733245053
10.7376805451
10.7424208495
10.7474594594
10.7527902075
10.758407256
10.7643050874
10.7704784955
10.776922577
10.7836327232
10.7906046127
10.7978342039
10.8053177282
10.8130516836
10.8210328286
10.8292581766
10.8377249908
10.8464307788
10.8553732889
10.8645505051
10.8739606439
10.8836021503
10.8934736952
10.9035741724
10.9139026959
10.9244585981
10.9352414275
10.9462509477
10.9574871354
10.9689501804
10.9806404837
10.9925586584
11.0047055284
11.0170821294
11.0296897086
11.042529726
11.055603855
11.0689139836
11.0824622157
11.0962508732
11.1102824976
11.1245598522
11.1390859248
11.15386393
11.1688973122
11.1841897492
11.1997451546
11.2155676825
11.2316617305
11.2480319441
11.2646832209
11.2816207149
11.2988498415
11.316376282
11.334205989
11.3523451912
11.3708003991
11.3895784108
11.408686317
11.4281315074
11.4479216767
11.4680648303
11.4885692906
11.5094437034
11.5306970439
11.5523386229
11.5743780934
11.5968254564
11.6196910673
11.6429856414
11.6667202602
11.6909063766
11.7155558204
11.740680803
11.7662939221
11.7924081658
11.8190369157
11.8461939502
11.8738934466
11.902149982
11.930978534
11.9603944799
11.9904135947
12.0210520479
12.0523263991
12.0842535912
12.1168509428
12.1501361378
12.1841272132
12.2188425449
12.2543008301
12.2905210675
12.3275225348
12.3653247619
12.4039475015
12.4434106955
12.4837344379
12.5249389323
12.567044446
12.6100712584
12.654039605
12.698969615
12.744881244
12.7917942005
12.8397278662
12.8887012097
12.9387326939
12.9898401765
13.0420408029
13.0953508938
13.1497858234
13.2053598929
13.2620861953
13.3199764746
13.3790409777
13.4392883009
13.50072523
13.5633565762
13.6271850063
13.6922108706
13.7584320278
13.8258436674
13.8944381333
13.9642047477
14.0351296368
14.1071955625
14.1803817586
14.2546637751
14.330013333
14.4063981903
14.4837820223
14.5621243181
14.641380295
14.7215008339
14.8024324365
14.8841172073
14.9664928614
15.0494927602
15.1330459756
15.217077385
15.3015077961
15.3862541041
15.4712294783
15.5563435812
15.6415028162
15.7266106047
15.8115676894
15.8962724629
15.9806213028
16.0645090044
16.1478290747
16.2304741922
16.3123366001
16.3933085198
16.4732825648
16.5521521527
16.6298119096
16.7061580638
16.7810888252
16.8545047467
16.926309064
16.9964080117
17.0647111126
17.1311314384
17.1955858398
17.257995145
17.318284326
17.3763826317
17.432223688
17.4857455666
17.5368908205
17.5856064905
17.6318440819
17.675559514
17.716713044
17.7552691935
17.7911965267
17.8244676578
17.8550590003
17.8829506184
17.9081260452
17.9305720903
17.9502786409
17.967238457
