3.00019
2.97905029412
2.9771045973
2.97596930265
2.97528875785
2.97491553901
2.97475946975
2.97476490833
2.97489733057
2.97513514278
2.97546467557
2.97587712483
2.97636668145
2.97692938764
2.97756243738
2.97826374813
2.97903169858
2.97986496757
2.98076243511
2.98172312113
2.98274614746
2.98383071392
2.98497608299
2.98618156987
2.98744653568
2.98877038275
2.99015255095
2.99159251496
2.99308978181
2.99464388882
2.99625440163
2.99792091234
2.99964303771
3.00142041733
3.00325271186
3.00513960117
3.00708078251
3.0090759686
3.01112488567
3.01322727145
3.01538287309
3.01759144498
3.01985274649
3.02216649799
3.02453251755
3.02695055925
3.02942037378
3.03194170495
3.03451428592
3.0371378356
3.03981205475
3.04253662206
3.04531118982
3.04813537942
3.05100877639
3.05393092508
3.05690132287
3.05991941387
3.06298458202
3.06609614355
3.06925333879
3.07245532306
3.07570115687
3.07899213882
3.08232160147
3.08569172243
3.0891009493
3.09254760748
3.09602959298
3.09954529094
3.10309275009
3.10666913164
3.1102717831
3.11389777171
3.11754386606
3.12120652021
3.12488186089
3.12856567987
3.13225343784
3.13594027573
3.13962105026
3.14329039035
3.14694278479
3.15057270665
3.15417477951
3.15774398699
3.16127592156
3.16476705999
3.16821504309
3.17161892714
3.17497936859
3.17829870476
3.18158090469
3.18483138478
3.18805670878
3.19126421249
3.19446160408
3.19765659922
3.20085660722
3.20406850923
3.20729851976
3.21055212349
3.21383407078
3.21714841368
3.22049862291
3.22388747103
3.22731732461
3.23079013014
3.23430748092
3.237870676
3.24148077067
3.24513861902
3.24884490932
3.25260019316
3.25640490919
3.26025940247
3.26416394001
3.26811872337
3.27212389867
3.2761795647
3.2802857793
3.28444256451
3.2886499107
3.29290777971
3.29721610754
3.3015748063
3.30598376588
3.31044285517
3.31495192313
3.31951079948
3.3241192954
3.32877720396
3.33348430048
3.33824034281
3.34304507157
3.34789821025
3.35279946538
3.35774852654
3.36274506644
3.36778874098
3.37287918916
3.3780160332
3.38319887839
3.38842731319
3.3937009091
3.39901922069
3.40438178551
3.40978812408
3.41523773985
3.42073011912
3.42626473103
3.43184102748
3.43745844314
3.44311639534
3.44881428407
3.45455149193
3.4603273841
3.46614130829
3.4719925947
3.47788055601
3.48380448736
3.48976366629
3.49575735276
3.5017847891
3.50784520005
3.51393779268
3.52006175646
3.52621626322
3.53240046718
3.53861350495
3.54485449557
3.55112254052
3.55741672376
3.56373611178
3.57007975364
3.576446681
