0.0985325
0.114960953133
0.131344199212
0.147719033121
0.164086458088
0.180447304971
0.196802362513
0.213152358588
0.229497950212
0.245839719467
0.262178172854
0.27851374256
0.294846788764
0.311177602478
0.327506408601
0.343833369027
0.360158585712
0.376482103637
0.392803915238
0.409123955737
0.425442119422
0.441758249394
0.458072145725
0.474383566558
0.490692230168
0.506997816903
0.523299971024
0.539598302429
0.555892388286
0.572181774573
0.588465977519
0.604744484969
0.621016757659
0.637282230412
0.653540313258
0.669790392479
0.686031831582
0.702263972195
0.718486134902
0.73469762
0.750897708194
0.767085661215
0.78326072238
0.79942211707
0.815569053144
0.831700721282
0.847816295221
0.863914931972
0.879995771899
0.896057938719
0.912100539417
0.928122664054
0.94412338546
0.96010175881
0.976056821065
0.99198759026
1.00789306464
1.02377222159
1.03962401642
1.05544738083
1.07124122122
1.08700441665
1.10273581651
1.11843423781
1.13409846209
1.14972723186
1.16531924656
1.18087315789
1.19638756463
1.21186100664
1.22729195823
1.24267882071
1.25801991549
1.27331347033
1.28855761447
1.3037503647
1.31888961908
1.33397314072
1.34899854917
1.36396331151
1.37886473623
1.3936999794
1.40846602875
1.42315974182
1.43777787089
1.45231711479
1.46677419618
1.48114596906
1.49542956006
1.50962254305
1.52372314105
1.53773044117
1.55164459982
1.56546700758
1.57920038101
1.59284875375
1.60641735297
1.61991235132
1.63334060511
1.64670924863
1.6600253649
1.67329568256
1.68652634265
1.69972274495
1.71288947021
1.72603026573
1.73914807747
1.75224511259
1.76532291961
1.77838247635
1.79142427678
1.8044484119
1.81745464241
1.83044246255
1.84341115495
1.85635983694
1.86928749924
1.88219303786
1.89507528018
1.90793300613
1.92076496525
1.9335698904
1.94634650863
1.95909354979
1.9718097533
1.98449387338
1.99714468314
2.00976097758
2.02234157597
2.03488532343
2.04739109213
2.05985778208
2.07228432154
2.08466966725
2.09701280446
2.10931274675
2.12156853581
2.13377924109
2.14594395937
2.15806181501
2.17013195735
2.18215356226
2.19412583094
2.20604798936
2.21791928775
2.22973900002
2.2415064232
2.25322087692
2.26488170287
2.27648826427
2.28803994539
2.29953615105
2.31097630608
2.32235985494
2.33368626119
2.3449550071
2.35616559318
2.36731753777
2.37841037667
2.38944366269
2.40041696535
2.41132987044
2.42218197971
2.43297291052
2.44370229548
2.45436978219
2.4649750329
2.47551772418
2.48599754671
2.49641420491
2.50676741676
2.5170569135
2.52728243937
2.5374437514
2.54754061915
2.55757282452
