-10.2926591756
-7.51325021464
-7.51633293507
-7.51872364996
-7.52052942698
-7.52176471978
-7.52243422621
-7.52254630501
-7.52211473571
-7.52115843132
-7.51970071754
-7.51776846533
-7.51539124686
-7.51260036944
-7.50942809578
-7.50590688406
-7.50206874999
-7.49794474764
-7.49356457029
-7.48895626493
-7.48414604818
-7.4791582089
-7.47401508164
-7.46873707503
-7.46334274085
-7.45784887123
-7.45227061347
-7.44662159424
-7.44091404666
-7.43515893543
-7.4293660769
-7.4235442516
-7.41770130839
-7.41184425926
-7.40597936471
-7.40011221039
-7.39424777486
-7.38839048973
-7.3825442923
-7.37671267201
-7.37089871096
-7.36510511933
-7.35933426655
-7.35358820857
-7.34786871176
-7.34217727405
-7.33651514371
-7.33088333589
-7.3252826476
-7.319713671
-7.31417680554
-7.30867226881
-7.30320010657
-7.2977602016
-7.29235228209
-7.28697592884
-7.28163058199
-7.27631554683
-7.2710299988
-7.26577298777
-7.26054344127
-7.25534016683
-7.25016185318
-7.24500707028
-7.23987426795
-7.23476177287
-7.22966778398
-7.22459036555
-7.21952743815
-7.21447676653
-7.20943594436
-7.20440237501
-7.19937324742
-7.1943455064
-7.18931581577
-7.18428051273
-7.17923555941
-7.17417643965
-7.16909812112
-7.16399491034
-7.15886032028
-7.15368688928
-7.14846594608
-7.14318730075
-7.13783883248
-7.13240593078
-7.12687072828
-7.12121099492
-7.11905566024
-7.11884756172
-7.11866058595
-7.11849360401
-7.11834574717
-7.11821622836
-7.11810433196
-7.11800938314
-7.11793075343
-7.11786785182
-7.11782012066
-7.11778703179
-7.11776808316
-7.11776279599
-7.11777071228
-7.11779139261
-7.11782441442
-7.11786937039
-7.11792591659
-7.11799251989
-7.11807202086
-7.11816089702
-7.11825986096
-7.11836857113
-7.1184866979
-7.11861387623
-7.11874988166
-7.11889436389
-7.11904702498
-7.11920757409
-7.11937572731
-7.11955120742
-7.11973374375
-7.11992307202
-7.12011893414
-7.12032107814
-7.12052925805
-7.12074323378
-7.12096277098
-7.12118764102
-7.12141762084
-7.12165249288
-7.12189204502
-7.12213607045
-7.12238436762
-7.12263674017
-7.12289299681
-7.1231529513
-7.12341642228
-7.1236832333
-7.12395321266
-7.12422619338
-7.12450201304
-7.12478051381
-7.12506154231
-7.1253449495
-7.12563059064
-7.12591832522
-7.12620801684
-7.12649953314
-7.12679274573
-7.12708753009
-7.12738376551
-7.127681335
-7.12798012519
-7.12828002627
-7.12858093191
-7.12888273916
-7.1291853484
-7.12948866324
-7.12979259044
-7.13009703986
-7.13040192436
-7.13070715973
-7.13101266462
-7.13131836044
-7.13162417135
-7.13193002415
-7.13223584818
-7.13254157531
-7.13284713982
-7.13315247842
-7.13345753006
-7.13376223596
-7.13406653953
-7.13437038628
-7.13467372379
-7.13497650165
-7.13527867137
-7.13558018636
-7.13588100187
-7.13618107492
-7.13648036427
-7.13677883032
-7.13707643514
-7.13737314235
-7.13766891712
-7.13796372607
-7.1382575373
-7.13855032029
-7.13884204584
-7.1391326861
-7.13942221449
-7.13971060562
-7.13999783534
-7.14028388062
-7.14056871955
-7.14085233132
-7.14113469616
-7.14141579529
-7.14169561095
-7.14197412631
