-0.00971459549459
-0.00771930680435
-0.0077615333637
-0.00790098860751
-0.00790305358165
-0.00783414767184
-0.00779086107683
-0.00776535546765
-0.00775078680403
-0.00774242540532
-0.00773015795542
-0.00772667829281
-0.00772421198261
-0.00772223115765
-0.00772046007765
-0.00771875884652
-0.00771705981455
-0.00771533320613
-0.00771356869686
-0.00771176561232
-0.00770992776245
-0.00770806075892
-0.00770617065697
-0.00770426329909
-0.00770234402681
-0.00770041758189
-0.0076984881016
-0.00769655915772
-0.00769463381326
-0.00769271468323
-0.0076908039933
-0.00768890363334
-0.00768701520495
-0.00768514006293
-0.00768327935107
-0.00768143403288
-0.00767960491785
-0.00767779268384
-0.00767599789612
-0.00767422102363
-0.00767246245275
-0.00767072249901
-0.00766900141712
-0.00766729940942
-0.00766561663313
-0.00766395320649
-0.00766230921403
-0.00766068471104
-0.00765907972739
-0.00765749427079
-0.00765592832999
-0.00765438187565
-0.00765285486468
-0.00765134724046
-0.00764985893478
-0.00764838986916
-0.00764693995595
-0.00764550909935
-0.00764409719622
-0.00764270413691
-0.00764132980584
-0.00763997408209
-0.00763863683993
-0.00763731794927
-0.00763601727601
-0.00763473468246
-0.0076334700276
-0.00763222316741
-0.00763099395512
-0.00762978224142
-0.00762858787472
-0.00762741070131
-0.00762625056556
-0.00762510731011
-0.00762398077599
-0.00762287080279
-0.00762177722879
-0.00762069989112
-0.00761963862584
-0.00761859326809
-0.00761756365219
-0.00761654961175
-0.00761555097977
-0.00761456758875
-0.00761359927076
-0.00761264585754
-0.00761170718061
-0.00761078307133
-0.00760987336096
-0.0076089778808
-0.0076080964622
-0.00760722893666
-0.00760637513593
-0.007605534892
-0.00760470803726
-0.00760389440448
-0.00760309382691
-0.00760230613835
-0.00760153117316
-0.00760076876638
-0.00760001875371
-0.00759928097162
-0.00759855525736
-0.00759784144901
-0.00759713938556
-0.00759644890689
-0.00759576985388
-0.00759510206839
-0.00759444539334
-0.0075937996727
-0.00759316475159
-0.00759254047622
-0.00759192669403
-0.0075913232536
-0.0075907300048
-0.0075901467987
-0.00758957348768
-0.00758900992541
-0.00758845596688
-0.00758791146841
-0.0075873762877
-0.00758685028381
-0.0075863333172
-0.00758582524974
-0.0075853259447
-0.00758483526681
-0.0075843530822
-0.0075838792585
-0.00758341366476
-0.00758295617153
-0.0075825066508
-0.00758206497606
-0.00758163102229
-0.00758120466593
-0.00758078578494
-0.00758037425875
-0.00757996996828
-0.00757957279597
-0.0075791826257
-0.00757879934289
-0.00757842283442
-0.00757805298865
-0.00757768969544
-0.0075773328461
-0.00757698233343
-0.00757663805169
-0.00757629989658
-0.00757596776527
-0.00757564155638
-0.00757532116994
-0.00757500650743
-0.00757469747175
-0.00757439396718
-0.00757409589943
-0.00757380317559
-0.00757351570414
-0.0075732333949
-0.00757295615908
-0.00757268390922
-0.00757241655919
-0.0075721540242
-0.00757189622076
-0.00757164306668
-0.00757139448105
-0.00757115038425
-0.0075709106979
-0.00757067534488
-0.0075704442493
-0.0075702173365
-0.007569994533
-0.00756977576655
-0.00756956096605
-0.00756935006159
-0.00756914298439
-0.00756893966682
-0.00756874004237
-0.00756854404566
-0.00756835161237
-0.00756816267929
-0.00756797718428
-0.00756779506624
-0.00756761626511
-0.00756744072188
-0.00756726837851
-0.00756709917801
-0.00756693306434
-0.00756676998244
-0.00756660987821
-0.00756645269848
-0.00756629839105
-0.00756614690459
-0.00756599818869
-0.00756585219385
-0.00756570887141
-0.0075655681736
-0.0075654300535
-0.00756529446501
-0.00756516136288
-0.00756503070264
-0.00756490244064
