37394.235648
46537.848781
46794.4735742
47020.4686554
47238.3300262
47454.2265167
47669.8447939
47885.6673207
48101.8523241
48318.4697914
48535.5648545
48753.1748738
48971.3340866
49190.0749094
49409.4283357
49629.4240864
49850.0906892
50071.4555353
50293.5449276
50516.3841222
50739.9973663
50964.4079321
51189.6381471
51415.7094214
51642.6422718
51870.4563435
52099.1704283
52328.8024815
52559.3696354
52790.8882113
53023.3737291
53256.8409149
53491.3037069
53726.7752596
53963.2679457
54200.7933573
54439.3623047
54678.9848144
54919.6701254
55161.4266837
55404.2621365
55648.1833243
55893.1962724
56139.3061805
56386.5174122
56634.8334829
56884.2570466
57134.7898821
57386.4328779
57639.1860172
57893.0483607
58148.0180299
58404.092189
58661.2670265
58919.5377364
59178.8984984
59439.3424577
59700.8617055
59963.4472576
60227.0890339
60491.7758378
60757.4953346
61024.234031
61291.9772545
61560.7091325
61830.4125724
62101.069242
62372.6595507
62645.1626308
62918.5563203
63192.8171467
63467.9203117
63743.8396775
64020.5477541
64298.0156891
64576.2132585
64855.1088605
65134.6695102
65414.8608385
65695.6470917
65976.9911358
66258.8544624
66541.1971991
66823.9781225
67107.1546755
67390.6829884
67674.5179042
67958.6130089
68242.9206654
68527.3920533
68811.9772133
69096.6250977
69381.2836251
69665.8997423
69950.4194912
70234.7880822
70518.9499736
70802.8489579
71086.4282536
71369.6306048
71652.3983859
71934.6737147
72216.3985699
72497.5149173
72777.9648407
73057.6906798
73336.6351739
73614.7416117
73891.9539861
74168.2171538
74443.4770006
74717.6806098
74990.7764347
75262.7144734
75533.446447
75802.925978
76071.1087701
76337.9527875
76603.4184332
76867.4687243
77130.0694652
77391.1894153
77650.800451
77908.8777217
78165.3997967
78420.348803
78673.7105519
78925.4746539
79175.6346198
79424.1879465
79671.1361878
79916.4850062
80160.244207
80402.4277524
80643.0537545
80882.1444465
81119.726131
81355.829105
81590.487561
81823.7394636
82055.6264011
82286.1934138
82515.4887963
82743.5638777
82970.4727774
83196.2721402
83421.0208496
83644.7797228
83867.6111884
84089.5789489
84310.7476312
84531.1824266
84750.9487255
84970.1117471
85188.7361706
85406.8857693
85624.6230529
85842.0089213
86059.1023339
86275.9599987
86492.6360854
86709.1819654
86925.6459837
87142.073265
87358.5049327
87574.9804342
87791.5338963
88008.1964193
88224.9955303
88441.9552467
88659.0961883
88876.4357338
89093.9882228
89311.7652006
89529.7757031
89748.0265787
89966.5228435
90185.2680668
90404.2647795
90623.5149043
90843.0201992
91062.7827116
91282.8052358
91503.0917709
91723.6479714
91944.4815884
92165.6028961
92387.0250982
92608.764714
92830.8419379
93053.2809727
93276.1103336
93499.363122
93723.0772694
93947.295751
94172.06677
94397.4439133
94623.4862816
94850.258845
95077.8315342
