1.4977
1.50052451821
1.50048665725
1.50045258415
1.50042000738
1.50038860869
1.5003583039
1.50032903936
1.50030076794
1.50027344591
1.50024703243
1.50022148921
1.50019678034
1.50017287208
1.50014973268
1.50012733225
1.5001056426
1.50008463711
1.50006429062
1.50004457932
1.50002548066
1.50000697325
1.49998903679
1.49997165198
1.49995480048
1.49993846481
1.49992262832
1.49990727512
1.49989239006
1.49987795863
1.49986396697
1.49985040182
1.49983725048
1.49982450073
1.4998121409
1.49980015975
1.49978854648
1.4997772907
1.49976638243
1.4997558121
1.49974557032
1.4997356482
1.49972603704
1.49971672858
1.49970771472
1.49969898766
1.49969053988
1.49968236402
1.49967445304
1.49966680009
1.49965978442
1.49965302987
1.49964649293
1.4996401653
1.49963404157
1.49962811679
1.49962238615
1.49961684499
1.49961148875
1.49960631298
1.49960131334
1.49959648561
1.49959182562
1.49958732935
1.49958299282
1.49957881217
1.49957478362
1.49957090344
1.49956716801
1.49956357377
1.49956011724
1.49955679499
1.49955360367
1.49955053999
1.49954760074
1.49954478273
1.49954208286
1.49953949809
1.4995370254
1.49953466184
1.49953240454
1.49953025062
1.4995281973
1.49952624181
1.49952438145
1.49952261355
1.49952093548
1.49951934465
1.49951783853
1.49951641461
1.49951507041
1.4995138035
1.49951261149
1.499511492
1.49951044272
1.49950946133
1.49950854558
1.49950769323
1.49950690207
1.49950616993
1.49950549466
1.49950487414
1.49950430628
1.499503789
1.49950332028
1.49950289809
1.49950252045
1.49950218539
1.49950189096
1.49950163524
1.49950141635
1.49950123239
1.49950108152
1.4995009619
1.49950087173
1.4995008092
1.49950077255
1.49950076001
1.49950076986
1.49950080039
1.49950084988
1.49950091666
1.49950099907
1.49950109546
1.4995012042
1.49950132369
1.49950145232
1.49950158851
1.49950173071
1.49950187737
1.49950202694
1.49950217793
1.49950232882
1.49949742022
1.49949751316
1.50010829745
1.50010662581
1.5000776226
1.5000467179
1.50001642742
1.49998693425
1.49995821422
1.49993023829
1.49990298395
1.49987643207
1.49985056453
1.49982536317
1.49980080935
1.49977688387
1.49975356699
1.49973083851
1.49970867787
1.49968706426
1.49966597664
1.49964539383
1.49962529452
1.49960565729
1.49958646062
1.49956778609
1.49955043747
1.49953345213
1.49951676587
1.49950035347
1.49948419342
1.49946826401
1.49945254291
1.49943700703
1.49942163233
1.49940639376
1.499391265
1.49937621835
1.4993612245
1.49934625228
1.49933126838
1.49931623708
1.49930111986
1.49928587498
1.49927045704
1.49925481641
1.49923889857
1.49922264333
1.49920598399
1.49918884618
1.49917114662
1.49915279154
1.49913367478
1.49911367547
1.49909265516
1.49907045422
1.49904688731
1.49902173764
1.49899474951
1.49896561857
1.49893397892
1.49889938558
1.49886129045
1.49881900835
1.49877166787
1.49871813824
1.49865691615
