238.63707
231.572892391
236.716235853
239.233233298
245.525919161
251.233801669
254.981916581
257.301882294
258.71717046
259.205641635
259.798618318
260.229844032
260.572664942
260.866653095
261.132988392
261.382985758
261.62270538
261.8554132
262.082888308
262.306116704
262.52565974
262.741850178
262.954896819
263.164940522
263.372084322
263.576409716
263.777985511
263.976872686
264.173127088
264.36680096
264.55794382
264.746602988
264.93282392
265.11665042
265.298124799
265.477287983
265.65417961
265.828838097
266.001300712
266.171603626
266.339781962
266.505869849
266.669900456
266.831906038
266.991917969
267.149966779
267.306082186
267.460293125
267.61262778
267.763113611
267.911777378
268.058645171
268.203742431
268.347093972
268.488724651
268.628656813
268.766914172
268.903519256
269.038494074
269.171860132
269.30363845
269.43384958
269.562513624
269.689650248
269.815278698
269.939417817
270.062086057
270.183301495
270.303081844
270.421444469
270.538406399
270.653984337
270.768194673
270.881053497
270.992576608
271.102779524
271.211677494
271.319285506
271.425618297
271.530690364
271.634515967
271.737109146
271.838483719
271.938653298
272.037631292
272.135430914
272.23206519
272.327546964
272.421888903
272.515103506
272.607203106
272.698199879
272.788105847
272.876932881
272.964692711
273.051396924
273.137056976
273.221684186
273.305289751
273.387884739
273.469480101
273.550086669
273.629715162
273.708376186
273.786080241
273.862837719
273.938658909
274.013554001
274.087533083
274.16060615
274.2327831
274.304073737
274.374487778
274.444034846
274.512724479
274.580566128
274.647569158
274.713742852
274.779096407
274.843638942
274.907379495
274.970327022
275.032490403
275.093878438
275.154499854
275.214363297
275.273477341
275.331850482
275.389491146
275.446407681
275.502608364
275.5581014
275.612894919
275.666996982
275.720415578
275.773158623
275.825233964
275.876649378
275.92741257
275.977531178
276.027012769
276.075864839
276.124094818
276.171710066
276.218717874
276.265125466
276.310939996
276.356168552
276.400818154
276.444895754
276.488408236
276.53136242
276.573765056
276.615622828
276.656942355
276.697730189
276.737992816
276.777736656
276.816968064
276.855693329
276.893918676
276.931650264
276.968894188
277.005656479
277.041943103
277.077759962
277.113112896
277.14800768
277.182450028
277.216445588
277.249999949
277.283118636
277.315807112
277.348070779
277.379914979
277.41134499
277.442366033
277.472983267
277.50320179
277.533026644
277.562462807
277.591515204
277.620188696
277.64848809
277.676418133
277.703983517
277.731188875
277.758038785
277.784537768
277.81069029
277.836500762
277.86197354
277.887112925
277.911923166
277.936408455
277.960572936
277.984420695
278.007955771
278.031182146
278.054103757
