0.31332
0.535395791632
0.546389493339
0.557362914415
0.568315511123
0.579246766911
0.590156200677
0.601043364177
0.611907838805
0.622749232618
0.633567177678
0.64436132768
0.65513135583
0.665876952953
0.676597825782
0.687293695432
0.697964296016
0.708609373399
0.719228684066
0.729821994107
0.740389078277
0.750929719161
0.761443706394
0.771930835964
0.782390909566
0.792823734011
0.803229120686
0.813606885059
0.823956846217
0.834278826447
0.844572650845
0.854838146957
0.86507514444
0.87528347476
0.885462970897
0.895613465465
0.905734797027
0.915826799852
0.925889310478
0.935922165783
0.945925202795
0.955898258509
0.965841169718
0.975753772851
0.985635903824
0.995487397892
1.00530808951
1.01509781222
1.02485639851
1.03458367968
1.04427948577
1.05394364544
1.06357598582
1.0731763325
1.08274450933
1.0922803384
1.10178363993
1.11125423219
1.12069193137
1.13009655158
1.13946790469
1.1488058003
1.15811004565
1.16738044553
1.17661680224
1.18581891548
1.19498658232
1.20411959709
1.21321775134
1.22228083375
1.23130863009
1.24030092313
1.24925749083
1.2581781165
1.26706256426
1.2759106118
1.28472202025
1.29349655722
1.30223397929
1.31093404603
1.31959650902
1.32822111647
1.33680761608
1.34535574875
1.35386525254
1.36233586162
1.3707673062
1.37916511104
1.38752708395
1.39584992226
1.40413330912
1.41237691667
1.42058041321
1.42874346314
1.43686572687
1.44494686077
1.45298651709
1.46098434391
1.46893998507
1.47685308012
1.48472326424
1.49255016818
1.50033341819
1.508072636
1.51576743869
1.52341743868
1.53102224365
1.53858145646
1.54609467513
1.55356149273
1.56098149735
1.56835427203
1.57567939469
1.58295643808
1.5901849697
1.59736455177
1.60449474115
1.61157508926
1.61860514207
1.62558443998
1.63251251782
1.63938890475
1.64621312419
1.65298469382
1.65970312547
1.66636792508
1.67297859263
1.67953462212
1.68603550146
1.69248071248
1.6988697308
1.70520202585
1.71147706077
1.72684339599
1.7330807557
2.04744338769
2.12657647193
2.19963000875
2.26816359016
2.33310600751
2.39505506283
2.45441829087
2.51148610843
2.56647292061
2.61954168671
2.67081934817
2.72040691857
2.76838630641
2.81482505804
2.859779731
2.90329833939
2.94542215444
2.98618704752
3.02562450226
3.06376238335
3.10062552405
3.13623617669
3.17061435856
3.20377811703
3.23574373153
3.26652586584
3.29613768074
3.32459091446
3.3518959369
3.37806178176
3.40309615983
3.4270054558
3.44979471001
3.4694179397
3.48763407925
3.50460050488
3.52031349678
3.53476692649
3.54795256475
3.55985980264
3.57047544993
3.5797835017
3.58776486698
3.59439705203
3.59965378977
3.60350460416
3.60591429581
3.60684233147
3.60624211491
3.60406011077
3.60023478409
3.59469530641
3.58735996365
3.57813417774
3.56690802247
3.55355306668
3.53791830993
3.51982487127
3.49905893197
3.47536217835
3.44841857411
3.41783558545
3.38311673399
3.34362003973
3.29849237741
