0.0631949505849
0.0631944958786
0.063187607633
0.0631753929817
0.0631586092681
0.0631378309298
0.0631135174262
0.0630860516295
0.0630557622075
0.0630229371285
0.0629878321714
0.0629506765693
0.0629116769636
0.0628710203282
0.0628290690976
0.06278550582
0.062740787364
0.0626950247531
0.0626483234901
0.0626007832587
0.0625524966337
0.0625035650229
0.0624540429395
0.0624040040656
0.0623535141605
0.0623026319917
0.0622514101647
0.0621998957608
0.0621481308572
0.062096152969
0.0620439954371
0.0619916877756
0.0619392559863
0.0618867228463
0.0618341081718
0.0617814121426
0.0617286735253
0.061675676408
0.0616229790678
0.0615702193526
0.0615174222069
0.061464604172
0.0614117749385
0.061358939957
0.0613061019122
0.0612532615481
0.0612004181564
0.0611475698761
0.0610947138904
0.061041846566
0.0609889635583
0.0609360598967
0.0608831300563
0.0608301680209
0.060777167339
0.0607241211746
0.0606710223535
0.0606178634048
0.0605646366005
0.0605113339904
0.0604579474344
0.0604044686331
0.0603508891543
0.0602972004586
0.0602433939222
0.0601894608575
0.0601353925327
0.0600811801889
0.0600268150561
0.0599722883673
0.0599175913722
0.0598627153484
0.0598076516121
0.0597523915282
0.0596969265184
0.0596412480692
0.0595853477386
0.0595292171625
0.0594728480594
0.0594162322361
0.0593593615908
0.0593022281174
0.0592448239082
0.0591871411564
0.0591291721584
0.0590709093155
0.059012345135
0.0589534722316
0.0588942833278
0.0588347712544
0.0587749289506
0.0587147494643
0.0586542259513
0.058593351675
0.0585321200061
0.0584705244211
0.0584085585021
0.0583462159351
0.0582834905092
0.058220376115
0.0581568667437
0.0580929564849
0.0580286395256
0.0579639101487
0.0578987627309
0.0578331917411
0.0577671917389
0.0577007573728
0.0576338876313
0.0575665664869
0.0574988007699
0.0574305741349
0.0573618933142
0.0572927419435
0.0572231268527
0.0571530317598
0.0570824593537
0.0570114043989
0.0569398620025
0.0568678275237
0.0567952964864
0.0567222645306
0.0566487273863
0.0565746808585
0.0565001208182
0.0564250431974
0.0563494439854
0.0562733192258
0.0561966650147
0.0561194774988
0.0560417528733
0.0559634873809
0.0558846773099
0.0558053189928
0.0557254088051
0.0556449431634
0.0555639185246
0.0554823313841
0.0554001782749
0.055317455766
0.0552341604612
0.0551502889983
0.0550658380472
0.0549808043093
0.0548951845161
0.0548089754284
0.0547221738347
0.0546347765506
0.0545467804176
0.0544581823021
0.0543689790945
0.0542791677081
0.0541887450784
0.054097723801
0.0540060784617
0.0539138090804
0.0538209143978
0.0537273923661
0.0536332405245
0.0535384561999
0.0534430366131
0.0533469789352
0.0532502803168
0.0531529379036
0.0530549488443
0.0529563102946
0.0528570194188
0.0527570733904
0.0526564693926
0.0525552046175
0.0524532762665
0.052350681549
0.0522474176827
0.0521434818925
0.0520388714104
0.0519335834749
0.0518276153308
0.0517209642282
0.0516136274225
0.0515056021738
0.0513968857467
0.0512874754096
0.0511773684345
0.0510665620965
0.0509550536736
0.0508428404464
0.0507299196972
0.0506162887105
0.0505019447721
0.0503868851688
0.0502711071885
0.0501546081195
0.0500373852505
0.0499194223291
0.0498007353964
0.0496813200441
0.049561171931
0.0494402874722
0.049318663491
0.0491962970259
