22.6043935954
22.2974596587
21.999830089
21.7111650154
21.4311395052
21.1594421128
20.8957743692
20.6398504367
20.3913967766
20.1501518019
19.9158655119
19.6882991115
19.4672246171
19.2524244538
19.0436910437
18.8408263915
18.6436416677
18.4519567916
18.2656000181
18.0844075283
17.9082230269
17.7368973479
17.5702880691
17.4082591385
17.2506805116
17.0974278019
16.9483819452
16.803428878
16.6624592297
16.5253680314
16.3920544378
16.262421466
16.1363757482
16.0138273003
15.8946893039
15.7788779042
15.6663120208
15.5569131722
15.450605314
15.3473146886
15.2469696873
15.1495007244
15.0548401207
14.9629219979
14.8736821828
14.7870581197
14.7029887916
14.6214146489
14.5422775448
14.4655206785
14.3910885431
14.3189268797
14.2489826366
14.1812039324
14.1155400242
14.0519412788
13.9903591475
13.9307461434
13.8730558225
13.8172427652
13.7632625622
13.7110718002
13.660628044
13.6118898437
13.5648167064
13.5193690938
13.475508414
13.4331970139
13.3923981721
13.353076092
13.3151959027
13.2787236288
13.2436262085
13.209871478
13.1774281651
13.1462658823
13.1163551192
13.0876672349
13.0601744506
13.0338498411
13.0086673259
12.9846016608
12.9616284276
12.9397240251
12.9188656582
12.899031327
12.8801998161
12.8623506826
12.8454642439
12.8295215651
12.8145044464
12.8003954091
12.7871776822
12.7748351879
12.7633525271
12.752714964
12.7429084113
12.7339194138
12.7257351328
12.7183433293
12.7117323474
12.7058910971
12.7008090374
12.6964761578
12.6928829615
12.6900204463
12.6878800867
12.6864538154
12.6857340043
12.6857134456
12.6863853326
12.6877432404
12.6897811066
12.6924932115
12.6958741584
12.6999188538
12.7046224877
12.7099805133
12.715988627
12.7226427489
12.7299390019
12.7378736917
12.7464432871
12.7556443993
12.7654737623
12.7759282128
12.7870046702
12.7987001167
12.8110115776
12.8239361018
12.8374707424
12.8516125372
12.8663584898
12.8817055508
12.8976505993
12.9141904244
12.931321707
12.9490410029
12.9673447245
12.9862291245
13.0056902793
13.0257240725
13.0463261798
13.0674920533
13.0892169073
13.111495704
13.1343231401
13.1576936338
13.1816013124
13.2060400011
13.2310032117
13.2564841325
13.2824756186
13.3089701838
13.3359599918
13.3634368496
13.3913922012
13.4198171313
13.4487023292
13.4780381203
13.5078144497
13.5380208802
13.5686465915
13.59968038
13.6311106593
13.6629254616
13.6951124409
13.7276588754
13.7605516725
13.7937773736
13.8273221601
13.8611718603
13.8953119568
13.9297275954
13.9644035938
13.999324452
14.0344743629
14.0698372235
14.1053966473
14.1411359766
14.1770382961
14.2130864466
14.2492630283
14.2855504514
14.3219309124
14.3583864244
14.3948988327
14.4314498313
14.4680209788
14.5045937161
14.5411493824
14.5776692331
14.6141344561
14.6505261896
14.6868255392
14.7230135947
14.759072953
14.7949826315
14.8307242841
14.866279114
