46.8595025143
46.7525579076
46.645475756
46.5382624445
46.4309240512
46.323466391
46.2158950367
46.108215336
46.0004324268
45.8925512514
45.7845765692
45.6765129688
45.5683648782
45.4601365757
45.3518321982
45.2434557507
45.1350111133
45.0265020489
44.9179322104
44.809305146
44.7006243061
44.5918930483
44.4831146422
44.3742922748
44.2654290546
44.1565280156
44.0475921216
43.9386242695
43.8296272929
43.7206039654
43.6115570033
43.502489069
43.393402773
43.2843006772
43.1751852966
43.066059102
42.9569245221
42.8477839453
42.7386397219
42.6294941657
42.5203495577
42.4112081403
42.30207213
42.1929437115
42.0838250409
41.9747182473
41.8656254336
41.7565486783
41.6474900363
41.5384515401
41.4294352011
41.3204430104
41.21147694
41.1025389434
40.993630957
40.8847549008
40.7759126791
40.6671061815
40.5583372836
40.4496078484
40.3409197252
40.2322747526
40.1236747581
40.015121559
39.9066169626
39.7981627676
39.6897607643
39.5814127348
39.4731204547
39.3648856925
39.256710211
39.1485957676
39.0405437206
38.9325545697
38.8246300899
38.7167720537
38.6089822318
38.5012623935
38.3936143071
38.2860397401
38.1785404603
38.0711182355
37.9637748341
37.856512026
37.7493315823
37.6422352763
37.5352248833
37.4283021818
37.3214689531
37.2147269821
37.1080780579
37.0015239736
36.8950665273
36.788707522
36.6824487664
36.576292075
36.4702392686
36.3642921747
36.258452628
36.1527224703
36.0471035517
35.9415977301
35.8362068723
35.7309328541
35.6257775606
35.5207428866
35.4158307374
35.3110430284
35.2063816865
35.1018486495
34.9974458672
34.8931753015
34.7890389267
34.6850387303
34.581176713
34.4774548892
34.3738752875
34.2704399511
34.1671509381
34.064010322
33.9610201921
33.8581826539
33.7554998295
33.6529738579
33.550606896
33.448401118
33.3463587167
33.2444819037
33.1427729097
33.0412339849
32.9398673995
32.8386754444
32.7376604313
32.6359256778
32.5343718625
32.4044849574
32.2748104493
32.1453626657
32.0161539356
31.8871999069
31.7585199286
31.6301362766
31.5020732502
31.3743564059
31.2470119716
31.1200664219
30.9935461809
30.8674774222
30.7418859409
30.6167970795
30.4922356914
30.3682261339
30.2447922815
30.1219575533
29.9997449525
29.8781771125
29.7572763494
29.637064718
29.5175640718
29.3987961245
29.2807825136
29.163544867
29.0471048696
28.9314843336
28.81670527
28.7027899628
28.589760617
28.4776361993
28.3664398595
28.2561953858
28.1469273018
28.0386609693
27.9314227011
27.8252398819
27.7201411022
27.6161563041
27.5133169436
27.4116561709
27.3112090321
27.2120126967
27.1141067147
27.0175333099
26.9223377161
26.8285685633
26.736278328
26.6455238567
26.5563669834
26.4688752608
26.3831228346
26.2991914971
26.2171719718
26.1371654948
26.0592857862
25.9836615426
25.9104396374
25.8397893042
25.7719077204
25.7070276433
25.6454281587
25.5874503527
