0.0
0.0
0.0
0.0
0.0
0.0
0.0
0.0
0.0
0.0
0.0
0.0
0.0
0.0
0.0
0.0
0.0
0.0
0.0
0.0
0.0
0.0
0.0
0.0
0.0
0.0
0.0
0.0
0.0
0.0
0.0
0.0
0.0
0.0
0.0
0.0
0.0
0.0
0.0
0.0
0.0
0.0
0.0
0.0
0.0
0.0
0.0
0.0
0.0
0.0
0.0
0.0
0.0
0.0
0.0
0.0
0.0
0.0
0.0
0.0
0.0
0.0
0.0
0.0
0.0
0.0
0.0
0.0
0.0
0.0
0.0
0.0
0.0
0.0
0.0
0.0
0.0
0.0
0.0
0.0
0.0
0.0
0.0
0.0
0.0
0.0
0.0
0.0
0.0
0.0
0.0
0.0
0.0
0.0
0.0
0.0
0.0
0.0
0.0
0.0
0.0
0.0
0.0
0.0
0.0
0.0
0.0
0.0
0.0
0.0
0.0
0.0
0.0
0.0
0.0
0.0
0.0
0.0
0.0
0.0
0.0
0.0
0.0
0.0
0.0
0.0
0.0
0.0
0.0
0.0
0.0
0.0
0.0
0.0
42.7281013999
96.8838486239
139.242881653
174.689314406
205.165651939
231.873938082
255.612928868
276.942655439
296.272523645
313.911985342
330.101398275
345.031718765
358.857565888
371.706177426
383.68372447
394.879873424
405.371152815
415.223485241
424.494123602
433.233154172
441.484679291
449.287759439
456.677172065
463.684029095
470.336656643
476.665128082
482.690508632
488.433660747
493.913593609
499.147680888
504.151843223
508.940708517
513.527750317
517.925408622
522.145195815
526.197789993
530.093117591
533.840426865
537.44835357
540.92497994
544.277887952
547.514207685
550.64066151
553.663604756
556.589063426
559.422769513
562.170194413
564.836580935
567.426974412
569.946253431
572.399160773
574.790335189
577.124344802
579.405723066
581.639008455
583.828789421
585.979756637
588.096765299
590.184911333
592.249627001
594.296803966
596.33295592
598.365439565
600.40276407
602.455039275
604.534650396
