77.3978478259
32.203713971
32.2229174151
32.2429441961
32.2638997167
32.2857807256
32.3085586326
32.3321997791
32.3566705484
32.3819385959
32.4079730832
32.4347446637
32.4622254074
32.4903887172
32.519209247
32.5486628248
32.5787263814
32.6093778844
32.6405962771
32.6723614214
32.7046540459
32.7374556964
32.7707486914
32.8045160796
32.8387416016
32.8734096537
32.9085052541
32.9440140128
32.9799221023
33.0162162314
33.052883621
33.089911981
33.1272894901
33.1650047766
33.2030469007
33.2414053387
33.2800699689
33.3190310579
33.3582792494
33.3978055531
33.4376013364
33.4776583152
33.5179685482
33.5585244302
33.5993186881
33.6403443772
33.6815948786
33.7230638981
33.7647454658
33.8066339367
33.8487239931
33.8910106466
33.933489243
33.9761554668
34.0190053479
34.0620352682
34.1052419709
34.1486225697
34.1921745595
34.2358958292
34.2797846742
34.3238398119
34.368060397
34.4124460398
34.4569968242
34.5017133287
34.5465966483
34.5916484177
34.6368708371
34.6822666985
34.7278394152
34.7735930521
34.8195323583
34.865662802
34.9119906071
34.9585227924
35.0052672127
35.0522326028
35.0994286234
35.14686591
35.1945561248
35.2425120102
35.290747447
35.3392775139
35.3881185516
35.437288229
35.4868056139
35.5366912466
35.5869672172
35.6376572471
35.6887867742
35.7403830423
35.7924751951
35.845094374
35.8982738212
35.9520489872
36.0064576432
36.0615399987
36.1173388247
36.173899582
36.2312705549
36.2895029914
36.348651249
36.4087729467
36.4699291232
36.5321844024
36.5956071644
36.6602697247
36.7262485198
36.7936242999
36.8624823297
36.9329125962
37.0050100251
37.0788747038
37.1546121139
37.2323333712
37.3121554738
37.3942015598
37.4786011716
37.5654905312
37.6550128219
37.7473184801
37.8425654955
37.940919719
38.0425551804
38.1476544135
38.2564087895
38.3690188586
38.4856946985
38.6066562702
38.7321337809
38.8623680514
38.9976108905
39.1381254716
39.2841867144
39.436081667
39.5941098896
39.7585838369
39.9298292372
40.1081854669
40.2940059177
40.4876583532
40.6895252527
40.9000041382
41.1195078808
41.3484649824
41.5873198274
41.8365329001
42.0965809599
42.36795717
42.6511711704
42.9467490888
43.2552334791
43.5771831794
43.9131730782
44.2637937774
44.6296511405
45.0113657127
45.4095719977
45.8249175772
46.2580620568
46.7096758199
47.1804405036
47.6710397917
48.182168479
48.7145231232
49.2688012944
49.84569877
50.445906394
51.0701065792
51.7189694299
52.3931484633
53.0932759101
53.8199575749
54.5737672397
55.3552405972
56.1648687037
57.0030909449
57.8702875164
58.766771423
59.6927800126
60.6484660656
61.6338884744
62.6490025562
63.693650055
64.7675489057
65.8702828439
67.0012909636
68.1598572927
69.3451008118
70.5559653456
71.7912104575
73.0494028153
74.3289085129
75.6278865135
76.9442834347
78.2758299026
79.6200387011
80.9742049394
82.335408448
