309.13677224
163.709267037
160.079985905
156.667692133
153.46913458
150.470492381
147.656588345
145.013007745
142.526515844
140.18506606
137.977714282
135.89451711
133.926433305
132.065233072
130.303415934
128.634136949
127.051140657
125.548702068
124.121574019
122.76494022
121.474373385
120.245797885
119.075456409
117.959880189
116.895862369
115.880434178
114.910843565
113.984536038
113.099137448
112.252438497
111.442380783
110.667044221
109.924635663
109.213478624
108.532003961
107.87874143
107.25231201
106.65142093
106.074851316
105.521458396
104.99016422
104.479952822
103.989865803
103.518998278
103.066495162
102.631547757
102.213390615
101.811298656
101.424584503
101.052596033
100.694714111
100.350350499
100.01894592
99.6999682642
99.3929109309
99.0972912843
98.8126492248
98.5385458584
98.2745622601
98.0202983225
97.7753716831
97.5394167239
97.3120836381
97.0930375584
96.8819577418
96.6785368083
96.4824800268
96.2935046477
96.1113392762
95.9357232856
95.7664062652
95.6031475034
95.4457155009
95.2938875132
95.1474491203
95.0061938217
94.8699226543
94.7384438332
94.6115724121
94.4891299636
94.3709442771
94.2568490736
94.1466837361
94.0402930548
93.9375269866
93.8382404267
93.7422929934
93.6495488238
93.5598763803
93.4731482674
93.3892410586
93.308035131
93.2294145099
93.1532667207
93.0794826484
93.0079564044
92.9385852001
92.8712692271
92.805911543
92.7424179637
92.6806969605
92.6206595628
92.5622192656
92.5052919418
92.4497957587
92.3956510992
92.3427804864
92.291108513
92.2405617734
92.1910687996
92.142560001
92.0949676069
92.0482256117
92.0022697238
91.9570373172
91.9124673847
91.8685004954
91.8250787532
91.7821457583
91.7396465707
91.6975276765
91.6557369551
91.6142236498
91.5729383387
91.5318329092
91.4908605327
91.4499756419
91.4091339095
91.3682922281
91.3274086923
91.2864425812
91.2453543435
91.2041055825
91.1626590438
91.1209786027
91.0790292538
91.0367771012
90.99418935
90.951234298
90.9078813292
90.8641009079
90.8198645727
90.7751449328
90.7299156636
90.6841515033
90.6378282506
90.5909227622
90.543412951
90.4952777847
90.446497285
90.3970525264
90.346925636
90.2960997928
90.2445592276
90.1922892227
90.1392761117
90.0855072791
90.0309711597
89.9756572383
89.9195560487
89.8626591722
89.8049592365
89.7464499136
89.6871259171
89.6269829994
89.5660179481
89.5042285814
89.4416137435
89.3781732985
89.3139081235
89.2488201013
89.1829121116
89.1161880212
89.0486526728
88.9803118736
88.911172381
88.8412418882
88.7705290078
88.6990432536
88.626795021
88.5537955657
88.4800569798
88.4055921667
88.3304148131
88.2545393587
88.1779809635
88.1007554722
88.0228793756
87.9443697683
87.8652443035
87.7855211432
87.7052189047
87.6243566015
87.5429535802
87.4610294508
87.378604011
87.2956971637
87.2123288267
87.1285188342
87.0442868288
