5.1945895296
6.5362532079
6.56172452757
6.58443388736
6.60613596379
6.62731579214
6.64811482935
6.66858298875
6.68874534144
6.70861978126
6.72822173445
6.74756544217
6.76666433361
6.7855311558
6.80417803653
6.82261652745
6.84085763978
6.85891187645
6.87678926146
6.89449936712
6.91205133926
6.92945392067
6.94671547287
6.96384399639
6.98084714966
6.99773226658
7.01450637297
7.03117620184
7.04774820777
7.06422858023
7.08062325616
7.09693793165
7.11317807292
7.12934892667
7.14545552971
7.16150271802
7.17749513533
7.19343724113
7.20933331822
7.22518747986
7.24100367647
7.25678570203
7.27253720004
7.28826166928
7.30396246918
7.31964282496
7.33530583258
7.35095446339
7.36659156859
7.38221988358
7.39784203207
7.4134605301
7.4290777899
7.44469612366
7.46031774724
7.47594478375
7.49157926715
7.5072231457
7.52287828555
7.53854647416
7.55422942386
7.56992877534
7.58564610126
7.60138290986
7.61714064872
7.6329207085
7.6487244269
7.66455309267
7.68040794979
7.69629020181
7.71220101631
7.72814152965
7.74411285175
7.76011607128
7.77615226093
7.79222248298
7.80832779513
7.82446925656
7.84064793432
7.85686490992
7.87312128632
7.88941819513
7.90575680417
7.9221383253
7.93856402259
7.9550352208
7.97155331412
7.98811977522
8.00473616465
8.02140414041
8.03812546781
8.05490202959
8.0717358362
8.08862903624
8.10558392709
8.1226029655
8.13968877839
8.15684417344
8.17407214972
8.19137590813
8.20875886156
8.22622464481
8.24377712397
8.26142040541
8.27915884408
8.29699705103
8.31493990014
8.33299253375
8.35116036724
8.36944909223
8.38786467839
8.4064133736
8.42510170241
8.44393646244
8.46292471885
8.48207379636
8.50139126894
8.52088494688
8.54056286109
8.56043324446
8.58050451025
8.60078522727
8.62128409178
8.64200989606
8.6629714936
8.68417776078
8.7056375552
8.72735967061
8.74935278847
8.77162542643
8.79418588381
8.81704218425
8.84020201599
8.86367266995
8.88746097615
8.91157323889
8.93601517119
8.9607918291
8.98590754665
9.01136587188
9.03716950505
9.0633202395
9.08981890623
9.11666532301
9.14385824879
9.17139534446
9.19927314065
9.22748701363
9.25603116982
9.28489863994
9.31408128322
9.34356980233
9.37335376954
9.40342166421
9.43376092208
9.46435799605
9.49519842867
9.52626693563
9.55754750013
9.58902347724
9.62067764077
9.65249256555
9.6844503757
9.71653312698
9.74872288614
9.78100187359
9.81335260772
9.84575804943
9.87820174525
9.91066796759
9.94314185075
9.97560952124
10.0080582212
10.040476424
10.0728539405
10.1051820156
10.1374534147
10.1696624988
10.2018052884
10.2338795161
10.2658846679
10.2978220135
10.3296946257
10.3615073891
10.3932670003
10.4249822081
10.4566627975
10.488321059
10.5199707644
10.5516273772
10.5833080122
10.6150313909
10.6468177948
10.6786890172
10.7106683141
10.7427803561
10.7750511804
10.8075081452
10.8401798871
10.8730962804
