1.50152615431
1.48983579551
1.48438427519
1.48199517226
1.48109839492
1.48091842609
1.48107293639
1.48137415204
1.48173051538
1.48209799356
1.48245597583
1.48279534971
1.48311260878
1.48340694575
1.48367882233
1.48392926842
1.48415954122
1.48437096117
1.48456483487
1.48474242028
1.48490491239
1.48505343872
1.48518905932
1.48531276882
1.48542549928
1.48552812336
1.48562145732
1.4857062641
1.48578325611
1.48585309789
1.48591640869
1.48597376481
1.48602570191
1.48607271718
1.48611527138
1.48615379082
1.48618866931
1.48622026991
1.48624892677
1.48627494675
1.4862986111
1.48632017697
1.486339879
1.48635793068
1.48637452581
1.4863898398
1.48640403094
1.48641724164
1.48642959961
1.4864412189
1.48645220103
1.48646263594
1.48647260296
1.48648217166
1.48649140275
1.48650034881
1.48650905507
1.48651756004
1.48652589622
1.48653409067
1.48654216557
1.48655013872
1.48655802403
1.48656583194
1.48657356985
1.48658124245
1.48658885209
1.48659639905
1.48660388188
1.48661129756
1.48661864182
1.48662590928
1.48663309367
1.486640188
1.48664718465
1.48665407559
1.48666085241
1.48666750649
1.48667402906
1.48668041126
1.48668664424
1.48669271923
1.48669862755
1.48670436067
1.48670991027
1.48671526825
1.48672042675
1.48672537818
1.48673011526
1.48673463098
1.48673891866
1.48674297195
1.48674678479
1.48675035149
1.48675366665
1.48675672522
1.48675952247
1.486762054
1.4867643157
1.48676630381
1.48676801487
1.4867694457
1.48677059345
1.48677145553
1.48677202964
1.48677231377
1.48677230617
1.48677200533
1.48677141002
1.48677051925
1.48676933224
1.48676784849
1.48676606767
1.48676398969
1.48676161468
1.48675894295
1.48675597501
1.48675271156
1.48674915346
1.48674530178
1.48674115773
1.48673672268
1.48673199817
1.48672698588
1.48672168761
1.48671610534
1.48671024114
1.48670409723
1.48669767594
1.48669097971
1.4866840111
1.48667677276
1.48666926745
1.48666149803
1.48665346742
1.48664517867
1.48663663486
1.48662783919
1.48661879491
1.48660950533
1.48659997386
1.48659020392
1.48658019903
1.48656996274
1.48655949865
1.48654881042
1.48653790173
1.48652677632
1.48651543795
1.48650389043
1.48649213758
1.48648018325
1.48646803134
1.48645568574
1.48644315037
1.48643042917
1.48641752608
1.48640444508
1.48639119013
1.4863777652
1.48636417428
1.48635042135
1.48633651039
1.48632244539
1.48630823032
1.48629386916
1.48627936588
1.48626472442
1.48624994873
1.48623504276
1.48622001041
1.48620485559
1.4861895822
1.4861741941
1.48615869514
1.48614308915
1.48612737994
1.48611157131
1.486095667
1.48607967076
1.4860635863
1.48604741729
1.48603116741
1.48601484027
1.48599843948
1.4859819686
1.48596543117
1.48594883069
1.48593217063
1.48591545444
1.48589868552
1.48588186725
1.48586500295
1.48584809594
1.48583114947
1.48581416678
1.48579715107
1.48578010548
1.48576303314
1.48574593713
