6.1491
18.9206491718
21.9696893818
24.6015619063
26.4571269724
27.5697313754
28.1888903599
28.5227487398
28.7032890561
28.7830062603
28.8455387743
28.8856442192
28.9140036584
28.9360312262
28.9544804077
28.9707634949
28.9856156064
28.9994284659
29.0124184268
29.0247113252
29.0363855329
29.0474939425
29.0580752975
29.0681601046
29.0777737782
29.0869383567
29.0956734747
29.1039969421
29.1119251089
29.1194731116
29.1266550502
29.133484122
29.1399727285
29.1461325622
29.1519746796
29.1575095637
29.1627471769
29.1676970078
29.1723681115
29.1767691449
29.1809083979
29.1847938211
29.1884330501
29.1918334274
29.1950020216
29.1979456449
29.2006708688
29.2031840382
29.2054912843
29.207598536
29.2095115307
29.211235824
29.2127767984
29.2141396719
29.2153295051
29.2163512088
29.2172095498
29.2179091577
29.21845453
29.2188500376
29.2190999302
29.2192083398
29.2191792866
29.2190166821
29.2187243332
29.218305946
29.2177651296
29.2171053988
29.2163301776
29.2154428024
29.2144465243
29.2133445125
29.2121398562
29.2108355675
29.2094345839
29.2079397699
29.2063539199
29.2046797598
29.2029199492
29.2010770832
29.1991536942
29.1971522538
29.1950751742
29.1929248102
29.1907034605
29.188413369
29.1860567269
29.1836356734
29.1811522972
29.1786086383
29.1760066883
29.1733483925
29.1706356508
29.1678703182
29.165054207
29.1621890869
29.1592766864
29.1563186938
29.1533167581
29.1502724899
29.1471874622
29.1440632117
29.1409012389
29.1377030097
29.1344699555
29.1312034745
29.1279049323
29.1245756623
29.121216967
29.1178301181
29.1144163576
29.1109768982
29.107512924
29.1040255912
29.1005160287
29.0969853384
29.0934345963
29.0898648524
29.086277132
29.0826724356
29.0790517396
29.075415997
29.0717661377
29.068103069
29.0644276762
29.0607408229
29.0570433516
29.0533360839
29.0496198212
29.0458953451
29.0421634175
29.0384247815
29.0346801614
29.0309302631
29.0271757748
29.023417367
29.0196556932
29.0158913898
29.012125077
29.0083573588
29.0045888233
29.0008200432
28.9970515761
28.9932839647
28.9895177372
28.9857534076
28.9819914758
28.9782324284
28.9744767382
28.9707248654
28.9669772569
28.9632343476
28.9594965597
28.9557643035
28.9520379776
28.9483179692
28.9446046538
28.9408983964
28.9371995507
28.9335084603
28.9298254581
28.926150867
28.9224850001
28.9188281605
28.9151806421
28.9115427293
28.9079146977
28.9042968137
28.9006893351
28.8970925113
28.8935065832
28.8899317837
28.8863683377
28.8828164622
28.8792763668
28.8757482534
28.8722323168
28.8687287446
28.8652377175
28.8617594091
28.8582939868
28.8548416111
28.8514024365
28.8479766108
28.8445642762
28.8411655687
28.8377806186
28.8344095504
28.8310524831
28.8277095305
28.8243808007
28.8210663971
28.8177664177
28.8144809557
28.8112100995
28.8079539328
28.8047125346
28.8014859797
28.7982743382
28.7950776761
