0.9
0.9944655336679306
0.99459458137539
0.9947065296994404
0.9948035029750609
0.9948873828491568
0.9949598309784472
0.9950223110760692
0.995076111380227
0.9951223555554302
0.9951620375865098
0.995196020318799
0.9952250592269727
0.9952498137266432
0.9952708587794887
0.9952886953043125
0.9953037593976007
0.9953164304748968
0.9953270384409582
0.9953358699910346
0.9953431741385794
0.9953491670570143
0.9953540363152592
0.9953579445789701
0.9953610328419643
0.9953634232453403
0.9953652215353381
0.9953665192050944
0.9953673953601131
0.9953679183424875
0.995368147144626
0.9953681326394312
0.9953679186505352
0.9953675428831841
0.9953670377338021
0.9953664309939296
0.9953657464622352
0.9953650044765421
0.9953642223762624
0.9953634149042954
0.9953625945562694
0.9953617718839883
0.9953609557590444
0.9953601536018022
0.9953593715802507
0.9953585830933209
0.9953578837319882
0.9953571919991605
0.9953565329044133
0.9953559112687331
0.9953553286789555
0.9953547862897056
0.9953542848875541
0.995353833607766
0.9953546610591274
0.9953554914642125
0.9953563250517058
0.9953571623500856
0.9953580037833784
0.9953588496859574
0.995359700315384
0.995360555863537
0.9953613890264574
0.9953622821789997
0.995363153143191
0.9953640293027021
0.9953649106446524
0.9953657971313655
0.9953666887047465
0.9953675852898553
0.9953684867979666
0.995369393129205
0.9953703041747991
0.9953712198190148
0.9953721399408088
0.9953730644152392
0.9953739931146642
0.9953749259097634
0.995375862670399
0.9953768032663429
0.9953777475678883
0.995378695446357
0.9953796467745231
0.9953806014269607
0.9953815592803269
0.9953825202135904
0.9953834841082118
0.9953844508482834
0.9953854203206354
0.9953863924149113
0.995387367023618
0.9953883440421566
0.9953893233688325
0.9953903049048514
0.9953912885543038
0.9953922742241375
0.9953932618241208
0.995394251266801
0.9953952424674539
0.9953962353440328
0.9953971749676682
0.9953986153281174
0.9954001181371679
0.9954016636513167
0.9954032358933302
0.9954048224463609
0.9954064137237085
0.9954080023738954
0.9954095828095134
0.9954111508342403
0.9954127033474138
0.9954142381099481
0.9954157535588137
0.9954172486599981
0.9954187227919766
0.9954201756533881
0.9954216071899217
0.9954230175364587
0.995424406971322
0.9954257758801527
0.9954271247274228
0.995428454034021
0.9954297643596588
0.9954310562891018
0.9954323304214404
0.9954335873617725
0.9954348277147914
0.9954360520798933
0.9954372610474769
0.9954384551961912
0.9954396350909317
0.9954408012814163
0.9954419543012322
0.9954430946672328
0.9954442228792225
0.9954453394198537
0.9954464447546949
0.9954475393324207
0.9954486235851013
0.9954496979285621
0.9954507627627913
0.9954518184723861
0.9954528654270216
0.9954539039819317
0.9954549344783994
0.9954559572442458
0.9954569725943166
0.9954579808309609
0.9954589822445025
0.9954599771136987
0.9954609657064248
0.9954619482791088
0.9954629250787207
0.9954638963274697
0.9954648622992487
0.9954658231630985
0.9954667791453637
0.9954677304477756
0.9954686772634466
0.9954696197777555
0.995470558168673
0.9954714926070616
0.9954724232569605
0.9954733502758581
0.9954742738149568
0.9954751940192177
0.9954761110284639
0.9954770249762648
0.9954779359910879
0.9954788441962844
0.995479749710284
0.9954806526467936
0.9954815531149827
0.9954824512196655
0.9954833470614741
0.9954842407370249
0.9954851323390741
0.9954860219566763
0.9954869096753268
0.9954877955771028
0.9954886797407975
0.995489562242052
0.9954904431534753
0.995491322544767
0.9954922004828275
0.9954930770318708
0.9954939522535274
0.9954948262069454
0.9954956989488872
0.9954965705338225
0.9954974410140169
0.9954983104396173
0.9954991788587346
0.9955000463175209
0.9955009128602464
0.9955017785293705
0.9955026433656133
0.9955035074080204
0.9955043706940289
0.9955052332595273
