17.05556
29.432260477970832
29.462212882787867
29.491377762714794
29.519812865281775
29.547572864052512
29.574707314303797
29.601260974277306
29.627274356859637
29.652784236003026
29.67782408432483
29.702424449329133
29.726613277807683
29.750416196668155
29.773856757001962
29.79695664700294
29.819735878377955
29.842212950105722
29.864404992761973
29.88632789611059
29.907996422232554
29.929424306113656
29.950624345321568
29.97160848016057
29.99238786549122
30.012972935232636
30.033373460423903
30.05359860160045
30.073656956140013
30.093556601146638
30.113305132367707
30.132909699575777
30.152377038793354
30.171713501692402
30.190925082460268
30.210017442389272
30.22899584712451
30.247865528249353
30.26663119138228
30.285297374033483
30.303868376726633
30.322348277898584
30.34074094766751
30.3590500605713
30.377279107366945
30.39543140597213
30.413510111622198
30.431518226309386
30.449458607562594
30.467333976623035
30.48514692606355
30.502899926896692
30.520595335211063
30.53823539837304
30.555822260827032
30.573357969524277
30.590844479008616
30.608283656183616
30.62567728478493
30.643027069579027
30.660334640307216
30.677601555393295
30.694829299271905
30.712019581999737
30.729173188583786
30.746291765988758
30.763376511765845
30.780428659962087
30.798689271781907
30.817880615812523
30.837024243696703
30.856121271464048
30.875172855713412
30.894180111309122
30.91314411115586
30.93206588756748
30.950946433778554
30.96978670541209
30.988587621881837
31.007350067729828
31.026074893901903
31.044762918964093
31.0634149302634
31.08203168503487
31.100613911458165
31.11916230966635
31.137677552708194
31.156160287467287
31.17461113553946
31.19303069407041
31.211419536555653
31.229778213604465
31.24810725366924
31.266407163742322
31.284678430021195
31.302921518543755
31.321136875795165
31.339324929287024
31.357486088110583
31.37562074346487
31.393729269160765
31.41181202210217
31.42986934274518
31.447901555536163
31.465908969329767
31.483891877787183
31.501850559756505
31.519785279634405
31.537696287711398
31.555583820500285
31.573448101048943
31.59128933923787
31.609107732063045
31.62690346390494
31.644676706783883
31.662427620602323
31.680156353374688
31.697863041445117
31.71554780969352
31.733210771730274
31.750852030080306
31.768471676356413
31.786069791422737
31.80364644554819
31.821201698550393
31.838735599930704
31.856248189000173
31.87373949499665
31.891209537193934
31.908658325002634
31.926085858063
31.943492126330217
31.960877110152193
32.84019062963484
32.85317799610612
42.97035564070473
42.33909023942188
41.727553077778715
41.13418871711642
40.557519551804575
39.99618741064881
39.44895025661128
38.91467204778638
38.392311828466994
37.88091333721672
37.37959548985316
36.88754382171525
36.40400286424899
35.92826938409316
35.459686395466605
34.997637853944354
34.54154394407718
34.09085688075542
33.645057152627906
33.20365014417623
32.766163080688415
32.332142247156085
31.901150437975808
31.47276459928878
31.046573629898845
30.62217631003728
30.19917932985421
29.777195391467068
29.35584135972621
28.93473643758834
28.51350034212521
28.091751456718505
27.669104933864936
27.2451707211632
26.819551480378173
26.391840365826287
25.96161862350043
25.528452966078767
25.09189267087331
24.65146633737059
24.20667822763427
23.757004095555423
23.301886388504204
22.84072867561426
22.372889118286846
21.897672747085366
21.414322240049923
20.922006803377794
20.419808625706317
19.9067061958183
19.386057172450048
18.868048270925954
18.336004241727053
17.78827061219431
17.222919469355773
16.63767468726648
16.029810232548687
15.396006427679087
14.7321411261682
14.032975129440148
13.291659939192916
12.498918922944286
11.641602554986143
10.69989025314268
9.641171180593457
