1.5008745442712466
1.5010990552351389
1.5010352605936745
1.5009410167287018
1.5008487789915919
1.5007621693951767
1.500681179711093
1.500605393133658
1.5005343886959588
1.5004677860179045
1.5004052451916767
1.500346461911146
1.5002911627915854
1.5002391013619787
1.5001900546724054
1.5001438204144917
1.5001002144662485
1.5000590687891386
1.5000202296189356
1.4999835559028465
1.499948917944046
1.4999161962216805
1.4998852803599625
1.4998560682244533
1.499828465127273
1.499802383125946
1.499777740403015
1.4997544607155682
1.499732472905471
1.4997117104624766
1.4996921111335275
1.499673616572526
1.4996561720256587
1.4996397260480319
1.499624230256898
1.4996096390564189
1.4995959095136542
1.499583001087237
1.499570875490477
1.4995594965289247
1.4995488299765787
1.4995388433619787
1.4995295059677192
1.4995207886398962
1.4995126637610747
1.4995051049821482
1.4994980873473178
1.4994915871365746
1.4994861623607685
1.499481499643031
1.4994772743662037
1.499473431284036
1.4994699498715829
1.4994668145955057
1.4994640111194824
1.4994615257948676
1.4994593455689778
1.4994574579479256
1.4994558509679392
1.499454513169216
1.4994534335714549
1.499452601650851
1.499452007318445
1.499451640899721
1.4994514931153686
1.4994515550631258
1.4994518182006287
1.4994522743292016
1.4994529155785208
1.4994537343920968
1.4994547235135205
1.4994558759734242
1.4994571850771123
1.4994586443928184
1.4994602477405514
1.4994619891814938
1.4994638630079182
1.4994658637335927
1.499467986084644
1.4994702249908545
1.4994725755773655
1.4994750331567654
1.4994775932215412
1.4994802514368715
1.4994830036337448
1.4994858458023836
1.4994887740859586
1.4994917847745781
1.4994948742995382
1.4994980392278188
1.499501276256816
1.4995045822092958
1.49950795402856
1.499511388773814
1.4995148836157244
1.499518435832161
1.499522042804111
1.4995257020117592
1.4995294110307253
1.4995331675284531
1.4995369692607414
1.4995408140684137
1.4995446998741178
1.4995486246792513
1.4995525865610067
1.4995565836695297
1.4995606142251898
1.499564676515953
1.4995687688948551
1.4995728897775746
1.499577037640093
1.4995812110164466
1.499585408496562
1.4995896287241737
1.4995938703948177
1.499598132253902
1.4996024130948487
1.4996067117573029
1.499611027125411
1.499615358126161
1.4996197037277834
1.4996240629382118
1.4996284348036004
1.4996328184068943
1.499637212866454
1.4996416173347282
1.4996460309969772
1.49965045307004
1.4996548828011487
1.4996593194667847
1.499663762371577
1.499668210847239
1.4996726642515465
1.4996929011177893
1.499698369754172
1.5007063548838544
1.500796565714143
1.5007722097069216
1.5007325795607631
1.500690367307488
1.5006474995504895
1.5006044832360097
1.5005615794917782
1.5005189665403642
1.5004767730324333
1.5004350917168263
1.50039398810488
1.500353506701959
1.5003136756424504
1.5002745101872077
1.5002360153881191
1.500198188133076
1.5001610187238834
1.500124492097798
1.5000885887739535
1.5000532855849205
1.500018556238443
1.4999843717432122
1.4999507007242368
1.4999175096470874
1.4998847629654835
1.4998524232029375
1.499820450976175
1.4997888049655939
1.4997574418359592
1.4997263161086773
1.4996953799853336
1.4996645831204913
1.499633872340091
1.499603191299949
1.4995724800768044
1.499541674681971
1.4995107064847655
1.4994795015293476
1.4994479797241738
1.4994160538776244
1.4993836285461128
1.4993505986515032
1.4993168478121786
1.4992822463154258
1.4992466486362976
1.4992098903773423
1.4991717844609824
1.4991321163464901
1.4990906379581685
1.4990470598876624
1.4990010412506718
1.4989521763032472
1.4988999764990392
1.49884411875121
1.4987841227322465
1.4987184045646809
1.49864566412892
1.4985642859061452
1.4984721059566415
1.4983661189833768
1.4982419818475972
1.4980930936832109
1.497908713868298
1.4976696112838954
