0.010952240922059502
0.01128871477451956
0.01132996872377263
0.011274535515894048
0.011175901956169073
0.011051169187165078
0.010907901602036998
0.010750553047397578
0.01058218576032533
0.010405059526421036
0.010220908763711112
0.010031104845277852
0.009836766909995165
0.009638830639008392
0.009438099570954966
0.009235279670878966
0.009031003149167015
0.008825844876384393
0.008620333675282069
0.008414960060894653
0.00821018151433385
0.008006426042142755
0.007804094543284995
0.007603562347741115
0.00740518018206402
