357.40988166146127
356.8923916118764
356.3752247892943
355.8585340924046
355.34239970055415
354.8268603108561
354.3119348159192
353.79763280061644
353.28395947826095
352.77091800329345
352.25851055358646
351.7467388366103
351.23560432610384
350.72510837281317
350.2152522564353
349.706037210127
349.1974644322213
348.6895350919696
348.1822503324935
347.67561127242254
347.1696190069082
346.66427460833444
346.15957912687526
345.6555335909661
345.15213900773045
344.6493963633662
344.14730662351116
343.6458707335869
343.14508961912225
342.6449641860636
342.1454953210684
341.6466838902369
341.1485307444348
340.6510367139117
340.15420261075485
339.65802922911473
339.1625173454058
338.66766771851326
338.1734810900038
337.67995818433087
337.18709970904024
336.6949063549692
336.2033787964435
335.7125176914711
335.22232368193306
334.73279739377233
334.2439394371815
333.7557504067886
333.26823088184335
332.7813814264024
332.29520258951504
331.80969490541014
331.3248588936827
330.8406950594841
330.35720389371113
329.8743858732001
329.392241460921
328.9107711061758
328.4299752447984
327.9498542993595
327.4704086793731
326.99163878150733
326.5135449898008
326.0361276758792
325.5593871991811
325.08332390718346
324.6079381356358
324.13323020879625
323.6592004396737
323.1858491302758
322.71317657186074
322.241183045195
321.7698688208163
321.2992341593033
320.82927931154853
320.3600045190395
319.89141001414356
319.4234960204002
318.95626275281836
318.4897104181797
318.0238392153479
317.55864933558456
317.09414096287003
316.6303142742314
316.16716944007607
315.70470662453107
315.24292598578876
314.78182767645956
314.321411843929
313.8616786307217
313.4026281748717
312.94426061029856
312.48657606718876
312.0295746723845
311.5732565497765
311.1176218207048
310.66267060436354
310.20840301821266
309.75481917839477
309.30191920015744
308.84970319828244
308.3981712875189
307.94732358302224
307.4971602007999
307.0476812581604
306.59888687416924
306.15077717010877
305.7033522699445
305.2566123007951
304.81055739340854
304.3651876826414
303.920503307946
303.47650441385827
303.03319115049396
302.5905636740466
302.1486221472921
301.7073667400959
301.26679762823454
300.8269149988492
300.3877190462153
299.9492099737484
299.51138799454225
299.07425333191014
298.6378062199244
298.2020469039589
297.7669756412328
297.33259270135994
296.89889836689855
296.4658929339074
296.0335767125031
295.60195002742194
295.1710132185852
294.7407666416666
294.31121066866484
293.88234568847736
293.45417210747837
293.0266903501002
292.5999008594172
292.17380409773307
291.7484005471703
291.3236907102651
290.89967511056193
290.4763542932139
290.0537288255851
289.6317992978552
289.21056632362934
288.7900305405483
288.37019261090364
287.9510532222548
287.53261308805185
287.1148729482567
286.6978335699723
286.2814957480727
285.8658603058364
285.45092809558435
285.03669999931964
284.62317692937313
284.21035982904976
283.7982496732813
283.38684746928124
282.97615425720437
282.56617111080965
282.15689913812855
281.7483394821361
281.34049332142723
280.9333618708981
280.5269463824308
280.1212481455842
279.71626848828885
279.31200877754776
278.9084704201422
278.50565486334335
278.1035635956288
277.7021981474063
277.3015600917427
276.9016510450995
276.50247266807474
276.10402666615215
275.70631479045727
275.3093388385204
274.9131006550469
274.51760213269625
274.1228452128683
273.72883188649814
273.33556419512587
272.94304423066376
272.551274137653
272.1602561133512
271.76999240862284
271.3804853288112
270.9917372346065
270.60375054292086
270.2165277277722
269.8300713211767
269.4443839140558
269.0594681571507
268.67532676195333
268.2919625016453
267.9093782120541
267.52757679261856
