54.27120756352879
54.34590777850055
54.41825131289497
54.48975557918882
54.56068958019708
54.631158220212164
54.70120907704994
54.7708638457543
54.840132186264384
54.909018152100586
54.977523188402614
55.04564752966601
55.11339085105166
55.18075257187385
55.24773199717539
55.31432838400525
55.38054097270919
55.44636900197421
55.51181171632998
55.57686837014455
55.64153822998582
55.70582057621432
55.76971470420857
55.833219925407654
55.89633556825675
55.959060979094915
56.021395523003356
56.08333858462276
56.14488956894345
56.20604790207032
56.26681303196344
56.32718442222526
56.38716157904316
56.44674401541768
56.505931273178824
56.564722919703335
56.62311854825185
56.68111777849904
56.738720257069666
56.795925658061755
56.85273368355176
56.909144064079115
56.96515655910915
57.02077095747418
57.0759870777926
57.13080476886592
57.185223910053885
57.239244411627816
57.29286621510233
57.346089293545496
57.39891365186757
57.45133932708855
57.50336638858464
57.55499493831388
57.60622511102097
57.657057074421544
57.70749102936615
57.75752720998399
57.80716588380677
57.85640735187268
57.90525194881088
57.95370004290657
58.00175203614708
58.04940836424896
58.096669496666394
58.14353593658138
58.19000822087554
58.23608692008417
58.281772638332654
58.32706601325544
58.37196771589802
58.416478450602014
58.46059895487376
58.504329999236816
58.5476723870684
58.59062695442018
58.63319456982391
58.67537613408206
58.7171725800436
58.75858487236579
58.79961400726159
58.84026101223369
58.880526945795076
58.92041289717669
58.95991998602248
58.999049362072014
59.037802204831394
59.07617972323241
59.114183155280685
59.15181376769287
59.18907285552332
59.225961741780864
59.26248177703559
59.2986343390165
59.33442083220008
59.36984268739019
59.404901361289845
59.43959833606509
59.47393511890129
59.507913241552444
59.54153425988363
59.5747997534072
59.607711324812776
59.64027059949187
59.672479225056975
59.70433887085594
59.735851227481746
59.76701800627802
59.79784093884079
59.82832177651685
59.85846228989877
59.88826426831738
59.917729519331566
59.946859868216265
59.97565715744836
60.004123246191405
60.03226000977905
60.06006934069336
60.08755314244233
60.114713336740074
60.141551858517836
60.16807065621974
60.194271691340234
60.220156937917395
60.24572838202173
60.27098802124461
60.295937864187714
60.32057992995421
60.34491624764202
60.36894885583966
60.39267980212487
60.41611114256603
60.43924494122712
60.46208326967581
60.484628206495415
60.50688183680068
60.52884625175745
60.550523548106774
60.57191582769328
60.59302519699814
60.613853766676826
60.634403651101664
60.65467696790946
60.674675837554396
60.69440238286604
60.71385872861289
60.73304700107149
60.75196932760113
60.770627836224286
60.789024655213005
60.807161912681096
60.82504173618239
60.842666252315155
60.86003758633251
60.877157861759144
60.89402920001426
60.91065372004089
60.92703353794141
60.943170766619566
60.9590675154288
60.974725889827056
60.99014799103795
61.005335915718454
61.020291755632904
61.03501759733348
61.049515521847155
61.06378760436895
61.07783591396154
61.09166251326138
61.10526945819085
61.1186587976769
61.13183257337583
61.14479281940418
61.15754156207583
61.17008081964504
61.18241260205556
61.194538910695705
61.20646173815896
61.2181830680108
61.22970487456085
61.241029122640626
61.25215776738698
61.263092754030836
61.27383601769105
61.28438948458671
61.294755067179715
61.304934669295875
61.31493018375945
61.324743492263565
61.3343764652311
61.343830961658504
61.35310882895456
61.36221190277965
61.37114200688724
61.3799009529688
61.38849054050221
61.396912556603546
61.40516877588241
61.413260960300605
61.42119085903383
