0.00493768389974143
0.004923514143330729
0.004913404016199441
0.004907324870351119
0.004904595086655453
0.0049043788802028525
0.004905905632110583
0.0049085431900690625
0.004911807597064864
0.004915346145170645
0.004918912343100524
0.004922341157772638
0.004925527753816745
0.004928410514387089
0.0049309580689003655
0.004933143635376286
0.0049350089524618284
0.0049365401532380105
0.00493775512033606
0.0049386743194430975
0.004939319152634167
0.004939711025755253
0.00493987074527358
0.004939818145830446
0.004939571878893751
0.004939149311682536
0.004938566499852817
0.004937838208106101
0.00493697796068305
0.004935998109323167
0.004934909910267359
0.00493372360469488
0.0049324484989472905
0.004931093042247582
0.004929664900547756
0.0049281710257630135
0.0049266177200664885
0.004925010695188149
0.004923355126833256
0.004921655704438705
0.004919916676543741
0.00491814189207916
0.004916334837886967
0.004914498672778037
0.004912636258423031
0.004910750187355229
0.004908842808345088
0.004906916249386881
0.004904972438518172
0.0049030131226741715
0.004901039884761282
0.004899054159117355
0.00489705724551111
0.004895050321818727
0.0048930344555028335
0.004891010614007475
0.004888979674171552
0.004886942430753881
0.0048848996041539
0.0048828518474043
0.004880799752504329
0.004878743856156318
0.004876684644961701
0.00487462256012766
0.004872558001730769
0.004870491332579128
0.004868422881711235
0.004866352947565666
0.004864281800852617
0.0048622096871554586
0.004860136829287708
0.004858063429428506
0.004855989671057352
0.004853915720707115
0.004851841729552329
0.0048497678348483255
0.004847694161235153
0.004845620809242073
0.004843546631543125
0.004841473525081579
0.004839401352876303
0.004837330053895989
0.004835259620095817
0.004833191211845083
0.004831121968593392
0.004829053935451261
0.00482698705498967
0.004824921298798537
0.004822856665954562
0.004820793169837485
0.004818730830691177
0.004816669671539909
0.004814609715981031
0.004812550987054538
0.004810493506653769
0.004808437295291835
0.004806382372031676
0.004804328754508568
0.004802276458998931
0.004800225500509904
0.004848144949838757
0.004905344000200049
0.004967590062794805
0.005032670882375826
0.005099326048917263
0.005166830046713666
0.005234760005297043
0.005302864844728596
0.005370991340702883
0.005439042257582233
0.005506952594206988
0.005574676082026714
0.005642177497207892
0.005709428275442126
0.005776404005904031
0.005843082996010303
0.005909445449282139
0.005975472982225514
0.006041148360408243
0.006106455330105845
0.006171378524061241
0.006235903403015666
0.006300016218460329
0.006363703987359161
0.006426954473509424
0.006489756172463852
0.006552098298240213
0.006613970770797577
0.006675364203695098
0.006736269891604713
0.00679667979749856
0.006856586539420221
0.006915983288253134
0.006974864097526388
0.007033223393923093
0.007091056353520717
0.007148358500282557
0.007205126146405674
0.007261356090053355
0.007317045662546808
0.0073721927124498045
0.007426795589016314
0.007480853125434504
0.007534364621939764
0.007587329828853396
0.007639748929595635
0.007691622523716306
0.007742951609982711
0.007793737569561157
0.007843982149325539
0.007893687445324619
0.00794285588643652
0.00799149021823779
0.008039593487111026
0.0080871690246142
0.008134220432131854
0.008180751565826651
0.00822676652190814
0.008272269622233056
0.008317265400250266
0.00836175858730127
0.008405754099285973
0.00844925702370113
0.008492272607058055
0.008534806242684448
0.00857686345891359
0.008618449907663384
0.008659571353406052
0.008700233662528438
0.00874044279308182
0.008780204784919027
0.008819525750215978
0.008858411864373675
0.008896869357296333
0.008934904505040262
0.008972523621827794
0.009009733052419816
0.00904653916484033
0.00908294834344535
0.009118966982329064
0.009154601479059025
0.009189858228732199
0.009224743618343547
0.009259264021458654
0.00929342579318142
0.009327235265408351
0.009360698742360207
0.009393822496382466
0.009426612764005308
0.009459075742254498
0.009491217585204171
0.0095230444007629
0.009554562247683928
0.00958577713279168
0.009616695008415159
0.009647321770020765
0.009677663254035808
0.00970772523585479
0.009737513428020582
0.009767033478572983
