33823.2
58544.600943923935
55176.711191391485
50736.18205677181
44323.66696065636
42471.782391552595
41642.752345869914
41119.19016527051
40800.69414570455
40616.64623267189
40520.35680359281
40480.88984285928
40480.59055271764
40504.948913590175
40546.1313996387
40598.605757296966
40658.67299927796
40723.848853147705
40792.45476322963
40863.352887018475
40935.76949647262
41009.17555314974
41083.21004618784
41157.625187711536
41232.25071683085
41306.96941064667
41381.70004136664
41456.387384974136
41530.99242327297
41605.48828756591
41679.856618531645
41754.08375191033
41828.16080569488
41902.08110103447
41975.840399263056
42049.43502734554
42122.863178002975
42196.12227383433
42269.210806452094
42342.12814468215
42414.87337940295
42487.44504701707
42559.84216414861
42632.064927589316
42704.11135659027
42775.981736208945
42847.67417688768
42919.18892680593
42990.524224542976
43061.6794968693
43132.65379947535
43203.44616021608
43274.05525188743
43344.48063438974
43414.7212203439
43484.77509591244
43554.64195908582
43624.320366671556
43693.80918353293
43763.10721365061
43832.213207387285
43901.12591092693
43969.844346312006
44038.36663663266
44106.69225936058
44174.81938115207
44242.74667708487
44310.47343502515
44377.99779989361
44445.318685700746
44512.43553802911
44579.35538431789
44646.172979063405
44712.05861706012
44779.38266695745
44844.123364154555
44910.089858686406
44975.73888045007
45041.08974433518
45106.246812721016
44515.138473654966
44575.007649849234
44635.20316708038
44695.58695793228
44756.060174132355
44816.54860081751
44876.99584727648
44937.35888116652
44997.60475801558
45057.70817207483
45117.64961271092
45177.4139734975
45236.98950126397
45296.367000743776
45355.53923189291
45414.500452503984
45473.24607067163
45531.77238034565
45590.07635993038
45648.155518526626
45706.007778635365
45763.631386381014
45821.02484283527
45878.18685133099
45935.116277094065
45991.812116131616
46048.27347144014
46104.49953456316
46160.48957143134
46216.24291143217
46271.75893890861
46327.037086636155
46382.076830699094
46436.877686553766
46491.439205921306
46545.7609743422
46599.84260929305
46653.683758655374
46707.28409947867
46760.64333704573
46813.76120401634
46866.63745982871
46919.271890051576
46971.664305972336
47023.81454414404
47075.72246601432
47127.38795756624
47178.810929025305
47229.99131450907
47280.9290717932
47331.624181994885
47382.07664928551
47432.286500654605
47482.25378559509
47531.97857586497
47581.46096522625
47630.70106909293
47679.699024367925
47728.4549890855
47776.96914215917
47825.241683117274
47873.272831806404
47921.0628281038
47968.611931645624
48015.92042154841
48062.98859609418
48109.8167724808
48156.4052864925
48202.754492260436
48248.8647619416
48294.73648542627
48340.37007007591
48385.76594040298
48430.9245378171
48475.8463203132
48520.531762192964
48564.981353770425
48609.19560110673
48653.17502571343
48696.920164267496
48740.43156834393
48783.70980412949
48826.75545212269
48869.569106893374
48912.151376806796
48954.50288372502
48996.62426274892
49038.51616196717
49080.179242158236
49121.61417655816
49162.82165058422
49203.802361571776
49244.55701852405
49285.08634186886
49325.391063180476
49365.471924963254
49405.32968037402
49444.96509300635
49484.37893663684
49523.57199496307
49562.54506143255
49601.29893891809
49639.8344395902
49678.152384596906
49716.2536038953
49754.13893603409
49791.80922788169
49829.265334463744
49866.508118728234
49903.53845133359
49940.35721044949
49976.96528152352
50013.363557152465
50049.55293677559
50085.53432656551
50121.30863922087
50156.876793710995
50192.23971518439
50227.39833471759
50262.353589144775
