19.71028670347485
19.712669225703262
19.713881790898572
19.714987584064918
19.71599815152758
19.716923249052137
19.7177713266256
19.718549775244576
19.719265097442598
19.719923040593628
19.72052870553469
19.72108663647868
19.721600896067113
19.722075128409674
19.72251261232148
19.72291630650766
19.723288888094036
19.723632785629828
19.723950207500522
19.724243166367362
19.72451350049061
19.724762892194004
19.72499288400567
19.725204892767547
19.725400222138518
19.725580073462456
19.725745555470308
19.725897692855497
19.72603743389496
19.726165657239132
19.726283177976452
19.72639075306274
19.726489086193084
19.72657883218317
19.726660600917814
19.726734960916794
19.726802442561425
19.726863541019814
19.72691871890382
19.72696840868667
19.72701301490661
19.727052916178838
19.72708846703547
19.727119999610764
19.727147825187085
19.727172235615036
19.727193504619983
19.727211889005588
19.727227629764048
19.72724095310146
19.727252071386065
19.72726118402609
19.727268478283495
19.727274130029006
19.72727830444348
19.727281156670042
19.727282832421103
19.727283468543845
19.727283193547542
19.7272821280957
19.727280385465765
19.727278071978855
19.727275287401802
19.727272125323577
19.72726867350792
19.72726501422399
19.727261224556575
19.72725737669723
19.727253538217834
19.72724977232759
19.727246138114776
19.727242690774155
19.72723948182104
19.727236559292912
19.727233967939338
19.72723174940102
19.72722994237864
19.727228582792133
19.727227703930964
19.727227336596066
19.727227509233824
19.72722824806267
19.72722957719274
19.727231518738947
19.727234092927915
19.72723731819913
19.727241211300598
19.727245787379452
19.72725106006761
19.727257041562932
19.7272637427061
19.727271173053364
19.727279340945536
19.727288253573317
19.72729791703922
19.727308336416296
19.7273195158038
19.727331458379947
19.727344166451992
19.727357641503723
19.7273718842405
19.727386894632023
19.72740267195289
19.727419214821115
19.727436521234686
19.72745458860629
19.727473413796254
19.727492993143866
19.727513322497085
19.72753439724082
19.727556212323726
19.727578762283745
19.727602041272306
19.727626043077365
19.727650761145302
19.727676188601716
19.72770231827124
19.727729142696333
19.727756654155158
19.72778484467865
19.727813706066634
19.727843229903275
19.727873407571707
19.727904230267967
19.727935689014252
19.727967774671544
19.728000477951646
19.72803378942858
19.72806769954948
19.728102198644965
19.728137276938998
19.72817292455826
19.72820913154112
19.728245887846125
19.728283183360148
19.728321007906054
19.72835935125011
19.728398203108966
19.728437553156347
19.728477391029386
19.72851770633468
19.728558488654105
19.728599727550243
19.728641412571672
19.72868353325792
19.728726079144245
19.72876903976612
19.728812404663586
19.728856163385327
19.728900305492584
19.728944820562898
19.728989698193637
19.72903492800537
19.729080499645097
19.729126402789284
19.729172627146802
19.72921916246168
19.72926599851574
19.72931312513112
19.72936053217262
19.729408209550016
19.729456147220176
19.72950433518913
19.729552763513997
19.729601422304814
19.729650301726327
19.729699391999613
19.729748683403663
19.729798166276883
19.729847831018468
19.729897668089784
19.72994766801558
19.729997821385222
19.73004811885378
19.730098551143108
19.730149109042827
19.730199783411262
19.73025056517633
19.73030144533637
19.730352414960883
19.730403465191294
19.73045458724161
19.73050577239903
19.73055701202455
19.730608297553488
19.730659620495977
19.73071097243743
19.73076234503896
19.730813730037756
19.73086511924742
19.73091650455829
19.73096787793772
19.731019231430324
19.731070557158173
19.731121847321013
19.731173094196393
19.73122429013982
19.73127542758485
19.73132649904317
19.731377497104642
