0.0028290625571543546
0.002933693056941802
0.003034881647607945
0.0031319108265376954
0.00322406717202143
0.003310706688205623
0.0033912833083953944
0.0034653662901187425
0.0035326501932179443
0.003592957872807526
0.0036462366819469154
0.0036925503344733776
0.003732063734682796
0.003765027770952938
0.0037917612583953
0.0038126331269750704
0.003828045595596853
0.0038384190759844
0.003844179250629857
0.0038457465084130436
0.0038435277168955492
0.0038379101660598034
0.003829257429806944
0.00381790684908724
0.0038041683328302713
0.0037883241886546466
0.0037706297253746195
0.003751314406176335
0.003730583369846651
0.0037086191741733726
0.0036855836486671
0.0036616197721135884
0.0036368535140441378
0.0036113955981701192
0.0035853431607096344
0.003558781287880698
0.003531784425276966
0.0035044176579471305
0.00347673786422034
0.0034487947491617897
0.0034206317402363105
0.0033922869092477734
0.0033637935251961434
0.0033351808088879806
0.0033064744560086724
0.003277697126557617
0.0032488688683873076
0.0032200074864586954
0.00319112886497231
0.003162247243220222
0.0031333754560570366
0.0031045251530618
0.0030757069168626254
0.0030469305079973415
0.003018204915479542
0.0029895385276067516
0.002960939150860327
0.002932414138978146
0.002903970441204642
0.002875614655223789
0.0028473530686941415
0.0028191916930823883
0.002791136290556695
0.0027631923937987087
0.002735365320187414
0.002707660184677335
0.002680081907288901
0.002652635213533104
0.0026253246371729854
0.002598154525994235
0.0025711290142093517
0.00254425205243301
0.0025175273820288928
0.0024909585334856555
0.002464548819549199
0.0024383013277299854
0.0024122189122405776
0.0023863041853707423
0.0023605595082448047
0.0023349869808468116
0.0023095884311243055
0.0022843654029044923
0.002259319142259122
0.002234450581846565
0.0022097603226292274
0.002185248612225907
0.0021613413587947606
0.002138275042697208
0.0021160047522468385
0.0020944897485667305
0.002073693894256537
0.0020535809805026515
0.0020341206004073527
0.0020152838055368973
0.001997043678638375
0.0019793751475933293
0.0019622547886150605
0.00194566065068646
0.0019295721034328656
0.001913969705550252
0.0018988350907872963
0.001884150868883938
0.00186990054066314
0.0018560684171298933
0.0018426395614868929
0.001829599725820433
0.0018169353010969562
0.0018046332718661428
0.0017926811760218262
0.0017810670689422923
0.001769779491415246
0.0017588074408381043
0.0017481403452593459
0.0017377680398866456
0.0017276807457435306
0.0017178690501993992
0.001708323889139181
0.0016990365305688951
0.0016899985594842116
0.0016812018638532183
0.0016726386215825477
0.001664301288358024
0.001656182586262034
0.0016482754930858166
0.0016405732322649642
0.0016330692633751286
0.0016257572731353197
0.0016186311668706945
0.001611685060395223
0.0016049132722776942
0.0015983103164606512
0.0015918708952048792
0.0015855898923350705
0.0015794623667666917
0.0015734835462940077
0.0015676488216243472
0.0015619537406423778
0.0015563940028925985
0.0015509654542671908
0.0015456640818898506
0.0015404860091848117
0.0015354274911231103
0.0015304849096376984
0.0015256547692005958
0.0015209336925552544
0.0015163184165970843
0.0015118057883975657
0.0015073927613658553
0.0015030763915427554
0.001498853834022377
0.0014947223394973057
0.0014906792509223386
0.0014867220002931475
0.001482848105536064
0.0014790551675044887
0.0014753408670795172
0.0014717029623701535
0.0014681392860107112
0.0014646477425518376
0.001461226305941879
0.0014578730170958438
0.001454585981549203
0.001451363367193486
0.0014482034020910765
0.001445104372366595
0.0014420646201721758
0.001439082541724523
0.001436156585411017
0.0014332852499626414
0.0014304670826917236
0.0014277006777917952
0.0014249846746980422
0.0014223177565059848
0.001419698648446208
0.001417126116413815
0.0014145989655499928
0.0014121160388742894
0.0014096762159664365
0.0014072784116942064
0.001404921574987979
0.0014026046876586809
0.0014003267632580804
0.0013980868459804391
0.0013958840096032052
0.0013937173564660685
0.0013915860164866183
0.001389489146211447
0.0013874259279012641
0.001385395568649381
0.0013833972995312427
0.0013814303747852097
0.0013794940710224086
0.001377587686465097
0.0013757105402126878
0.001373861971533848
0.0013720413391840602
0.001370248020747938
0.0013684814120050052
0.0013667409263181803
0.0013650259940442516
