1066172.4106415112
2669730.2276395536
2673562.0464813397
2677095.010431468
2680355.5316050025
2683345.6105573387
2686068.08891809
2688527.217310053
2690728.5318191657
2692678.6997553464
2694385.3586362572
2695856.9164701826
2697102.546086496
2698131.801071828
2698954.6301883343
2699581.2095607105
2700021.820654093
2700286.7482473594
2700386.188361879
2700330.169989349
2700128.4893802833
2699790.6561253155
2699325.8501209887
2698742.8884204812
2698050.200933227
2697255.8139329506
2696367.34036715
2695391.97600229
2694336.5005089124
2693207.282661896
2692010.2889041016
2690751.094608959
2689434.89744645
2688066.532336957
2686650.487544588
2685190.921527994
2683691.68022345
2682156.314490973
2680588.0974988756
2678990.041865722
2677364.916413973
2675715.262422667
2674043.409291654
2672351.489555086
2670641.4532001386
2668915.081263695
2667173.9986928906
2665419.6864675153
2663653.4929897445
2661876.6447558803
2660090.2563272817
2658295.3396257698
2656492.8125787107
2654683.5071434695
2652868.176740157
2651047.503124773
2649222.102734555
2647392.5325342314
2645559.2953974144
2643722.8450498115
2641883.590606245
2640041.9007272557
2638198.1074232208
2636352.509531942
2634505.375893136
2632656.9482429246
2630807.4438508465
2628957.0579188513
2627105.965761743
2625254.3247865574
2623402.2762884554
2621549.9470774764
2619697.450950909
2617844.890025307
2615992.3559394036
2614139.930939733
2612287.6888600965
2610435.6960034086
2608584.011935676
2606732.6902000788
2604881.7789584585
2603031.3215670097
2601181.357092841
2599331.9207767774
2597483.044447979
2595634.756894433
2593787.084194369
2591940.0500126234
2590093.6758642187
2588247.981350615
2586402.9843692943
2584558.701300528
2605783.1389730363
2603669.297788244
2601566.896442782
2599473.380351578
2597386.9346258193
2595306.2683557644
2593230.462163773
2591158.8602736527
2589090.9940196928
2587026.5275983936
2584965.219574005
2582906.8955549113
2580851.428791471
2578798.726398058
2576748.7195667033
2574701.356615342
2572656.598049009
2570614.4130516103
2568574.776992506
2566537.669655615
2564503.0739805214
2562470.97516814
2560441.360044818
2558414.216610914
2556389.5337194167
2554367.300847154
2552347.507933189
2550330.145262673
2548315.2033848166
2546302.673054065
2544292.545188829
2542284.8108410286
2540279.461175456
2538276.487453518
2536275.881023348
2534277.633310963
2532281.7358150813
2530288.1801023744
2528296.9578046883
2526308.060616425
2524321.480292891
2522337.2086489554
2520355.237557527
2518375.558949059
2516398.164810543
2514423.047184753
2512450.1981699355
2510479.6099186703
2508511.274638314
2506545.1845894037
2504581.332086045
2502619.7094948604
2500660.3092350694
2498703.1237777583
2496748.145645334
2494795.3674115906
2492844.7817006963
2490896.38118738
2488950.158596073
2487006.1067007137
2485064.2183244242
2483124.4863389195
2481186.90366429
2479251.463268574
2477318.1581674563
2475386.981423647
2473457.9261469245
2471530.9854932553
2469606.1526647746
2467683.420909615
2465762.7835208913
2463844.2338369526
2461927.765240833
2460013.371159868
2458101.0450651357
2456190.7804718395
2454282.570937896
2452376.41006479
2450472.291495814
2448570.208917425
2446670.156057487
2444772.1266853902
2442876.1146124415
2440982.113690399
2439090.1178116975
2437200.1209093626
2435312.1169563383
2433426.099965253
2431542.06398811
2429660.0031162365
2427779.9114794973
2425901.7832464105
2424025.612623636
2422151.393855742
2420279.121224853
2418408.789050583
2416540.3916894686
2414673.923534714
2412809.3790160473
2410946.7525995066
2409086.0387867144
2407227.2321151886
2405370.327157656
2403515.3185220947
2401662.2008509384
2399810.9688214636
2397961.617145001
2396114.140567129
