0.0003765419148770325
0.0003812077586641711
0.00038441399457441865
0.00038732021667951556
0.0003901749268814606
0.00039304094084655387
0.00039593463982253894
0.0003988606278574338
0.0004018205227876204
0.00040481519035504
0.0004078453126231459
0.00041091153288464155
0.0004140144928099929
0.00041715484215877564
0.00042033324150262275
0.0004235503631698889
0.0004268068917406698
0.00043010352443145013
0.0004334409714562188
0.0004368199563864924
0.0004402412165162251
0.00044370550323333464
0.00044721358239856553
0.00045076623473207125
0.00045436425620807685
0.00045800845845793284
0.00046169966918189115
0.00046543873256993027
0.00046922650973194117
0.0004730638791376339
0.00047695173706647056
0.0004808909980679846
0.000484882595432816
0.0004889274816748235
0.000493026629024613
0.0004971810299348778
0.0005013916975978419
0.0005056596664752613
0.0005099859928413121
0.0005143717553387444
0.0005188180555487142
0.0005233260185746694
0.0005278967936407077
0.0005325315547047975
0.0005372315010872734
0.0005419978581150496
0.0005468318777819688
0.0005517348394256869
0.0005567080504215787
0.000561752846894106
0.0005668705944460416
0.0005720626889060981
0.000577330557095326
0.0005826756576128357
0.0005880994816412497
0.0005936035537723831
0.0005991894328536517
0.000604858712855643
0.0006106130237613983
0.0006164540324778085
0.0006223834437696853
0.0006284030012169508
0.0006345144881954284
0.0006407197288817407
0.0006470206016272352
0.0006534189918627385
0.0006599168628630422
0.0006665162130855866
0.0006732190867894452
0.0006800275755000621
0.000686943819266605
0.0006939700078941865
0.0007011083821905043
0.0007083612352372869
0.0007157309136894523
0.0007232198191029143
0.0007308304092914771
0.0007385651997130216
0.0007464267648851932
0.0007544177398306333
0.0007625408215518161
0.0007707987705354728
0.0007791944122864604
0.0007877306388909225
0.0007964104106084501
0.000805236757492856
0.0008142127810411169
0.000823341655869821
0.0008326266314184511
0.000842071033678579
0.0008516782669479673
0.0008614518156083579
0.0008713952459255597
0.0008815122078702629
0.0008918064369577341
0.0009022817561043723
0.0009129420774987981
0.0009237914044848629
0.0009348338334537484
0.000946073555741812
0.000957514859530709
0.0009691621317457348
0.000981019859948028
0.0009930926342157926
0.0010053851490091992
0.0010179022050131594
0.0010306487109514781
0.0010436296853654893
0.0010568502583494321
0.001070315673234252
0.0010840312882107403
0.0010980025778821343
0.001112235134735427
0.001126734670519797
0.0011415070175195027
0.001156558129707697
0.001171894083766382
0.0011875210799567053
0.0012034454428224402
0.00121967362170834
0.0012362121910735218
0.0012530678505787804
0.0012702474249250194
0.001287757863418539
0.0013056062392371873
0.0013237997483696003
0.0013423457081980028
0.001361251555693112
0.0013805248451876644
0.0014001732456931718
0.0014202045377222972
0.0014406266095771969
0.0014614474530618771
0.0014826751585745328
0.001504317909533383
0.0015263839760875492
0.0015488817080619895
0.0015718195270834998
0.0015952059178325345
0.0016190494183636465
0.0016433586094351904
0.0016681421027873954
0.0016934085283060291
0.0017191665200077416
0.0017454247007818633
0.0017721916658227652
0.0017994759646865403
0.0018272860819057654
0.0018556304160967142
0.0018845172574947157
0.0019139547638550147
0.0019439509346594042
0.001974513583572161
0.0020056503090934382
0.0020373684633637206
0.002069675119079463
0.0021025770344882204
0.002136080616440397
0.0021701918814858593
0.002204916415015481
0.0022402593284617856
0.0022762252145883204
0.002312818100914655
0.0023500414013432097
0.0023878978660748086
0.002426389529923181
0.0024655176591629126
0.002505282697072128
0.002545684208359423
0.0025867208226942424
0.00262839017759139
0.0026706888609325757
0.0027136123534415735
0.002757154971463168
0.0028013098104308276
0.002846068689441363
0.002891422097388645
0.002937359141139886
0.0029838674962682867
0.003030933360883066
0.0030785414131218303
0.0031266747728903163
0.0031753149684495023
0.003224441908459483
0.003274033860092478
0.003324067433823132
0.0033745175754921514
0.003425357566218628
0.0034765590307067992
0.0035280919544537453
0.0035799247103155056
0.003632024094830496
0.003684355374630294
0.003736882343189645
0.0037895673880806754
0.0038423715688005503
0.0038952547051390113
0.00394817547594365
0.004001091528026492
0.004053959594839305
