9.46136920344599
9.463771192695136
9.465139135104918
9.465488666510746
9.464843027170408
9.46322665880254
9.460663629128126
9.457177265135583
9.452790088869213
9.447523827920328
9.441399443339133
9.434437160618442
9.426656500213362
9.418076306782213
9.408714777015046
9.398589486082912
9.387717412778494
9.376114963423783
9.363797994617684
9.35078183489214
9.337081305340723
9.322710739279417
9.307684000995298
9.292014503635126
9.275715226282408
9.258798730268378
9.241277174759402
9.223162331660564
9.204465599872705
9.185198018937863
9.165370282105894
9.144992748853
9.124075456881098
9.102628133625148
9.080660207293983
9.058180817468692
9.03519882528116
9.01172282319407
8.987761144402489
8.963321871875971
8.938412847059064
8.91304167824714
8.887215748653466
8.86094222418266
8.83422806092476
8.80708001238345
8.779504636451234
8.75150830214368
8.723097196104229
8.694277328890491
8.66505454105237
8.635434509011848
8.605422750753787
8.575024631336621
8.544245368231392
8.513090036497166
8.48156357380052
8.44967078528636
8.417416348307066
8.384804817016597
8.351840626835862
8.318528098795477
8.284871443761633
8.250874766550638
8.216542069937434
8.181877259378261
8.146884144336786
8.111566444525037
8.075927792689825
8.039971738159876
8.003701750316583
7.967121221990774
7.9302334727887995
7.893041752351458
7.855549243549252
7.817759065617349
7.779674277233517
7.741297879542172
7.702632819127573
7.663681990939125
7.624448241171584
7.58493437010293
7.545143134892545
7.505077252342259
7.464739401622768
7.424132226967784
7.383258340338303
7.3421203240591995
7.300720733430389
7.2590620993146455
7.217146930704174
7.174977717267932
7.132556931881657
7.0898870331424835
7.04697046787004
7.003809673595755
6.960407081042182
6.916765116593997
6.872886204762353
6.828772770644172
6.784427242377959
6.7398520535976445
6.69504964588595
6.65002247122868
6.604772994471359
6.559303695779555
6.513617073104182
6.46771564465308
6.421601951370032
6.375278559422459
6.328748062698868
6.282013085317156
6.235076284144804
6.187940351331926
6.140608016858105
6.093082051093888
6.045365267377745
5.997460524609241
5.949370729859098
5.901098840996754
5.852647869335965
5.804020882298871
5.755221006098932
5.70625142844297
5.65711540125251
5.607816243404456
5.558357343491088
5.508742162599156
5.458974237107785
5.4090571815047035
5.358994691220197
5.308790545477967
5.258448610161931
5.207972840697759
5.157367284947774
5.106636086117545
5.055783485672312
5.004813826261038
4.953731554645664
4.902541224632737
4.851247500004299
4.7998551574445445
4.7483690894582855
4.6967943072769485
4.645135943747239
4.593399256197212
4.541589629273888
4.489712577746027
4.437773749265028
4.3857789270763075
4.333734032672814
4.281645128381575
4.2295184198734495
4.177360258585408
4.125177144043808
4.072975726076252
4.020762806898644
3.9685453430631057
3.9163304472513594
3.8641253898971746
3.8119376006203565
3.759774669453644
3.7076443478427863
3.6555545493988952
3.603513350381037
3.5515289898859113
3.4996098697202984
3.447764553930946
3.396001767965454
3.3443303974368037
3.2927594864632677
3.241298235554651
3.1899559990151785
3.1387422818328337
3.0876667360246377
3.036739156407232
2.985969475762287
2.935367759366609
2.8849441988575433
2.834709105405294
2.784672902165166
2.7348461159845443
2.6852393683416396
2.635863365495726
2.5867288878317822
2.5378467783861227
2.4892279305438687
2.4408832749038765
2.3928237653120927
2.3450603640702554
2.29760402633331
2.25046568371599
2.2036562271365696
2.1571864889338626
2.111067224302093
2.065309092097182
2.019922635077251
1.9749182596496624
1.9303062152065837
1.8860965731407673
