1.4779874304770158
1.4755241180928873
1.473060805708759
1.4705974933246304
1.4681341809405022
1.465670868556374
1.4632075561722453
1.460744243788117
1.4582809314039888
1.4558176190198604
1.4533543066357322
1.4508909942516037
1.4484276818674753
1.445964369483347
1.4435010570992186
1.4410377447150902
1.438574432330962
1.4361111199468335
1.4336478075627053
1.431184495178577
1.4287211827944484
1.4262578704103201
1.4237945580261917
1.4213312456420633
1.418867933257935
1.4164046208738066
1.4139413084896784
1.4114779961055501
1.4090146837214215
1.4065513713372932
1.404088058953165
1.4016247465690364
1.3991614341849081
1.3966981218007797
1.3942348094166515
1.3917714970325232
1.3893081846483946
1.3868448722642663
1.3843815598801381
1.3819182474960097
1.3794549351118812
1.3769916227277528
1.3745283103436245
1.3720649979594963
1.3696016855753679
1.3671383731912394
1.3646750608071112
1.3622117484229828
1.3597484360388543
1.357285123654726
1.3548218112705976
1.3523584988864694
1.349895186502341
1.3474318741182125
1.3449685617340843
1.3425052493499559
1.3400419369658274
1.3375786245816992
1.3351153121975707
1.3326519998134425
1.330188687429314
1.3277253750451856
1.3252620626610574
1.322798750276929
1.3203354378928007
1.3178721255086723
1.3154088131245438
1.3129455007404156
1.3104821883562874
1.308018875972159
1.3055555635880305
1.303092251203902
1.3006289388197738
1.2981656264356454
1.295702314051517
1.2932390016673887
1.2907756892832605
1.288312376899132
1.2858490645150036
1.2833857521308754
1.280922439746747
1.2784591273626185
1.27599581497849
1.2735325025943618
1.2710691902102336
1.2686058778261051
1.2661425654419767
1.2636792530578485
1.26121594067372
1.2587526282895918
1.256289315905463
1.2538260035213349
1.2513626911372067
1.2488993787530782
1.24643606636895
1.2439727539848215
1.241509441600693
1.2390461292165649
1.2365828168324364
1.234119504448308
1.2316561920641798
1.2291928796800513
1.226729567295923
1.2242662549117946
1.2218029425276662
1.219339630143538
1.2168763177594095
1.214413005375281
1.2119496929911528
1.2094863806070244
1.2070230682228962
1.2045597558387677
1.2020964434546393
1.199633131070511
1.1971698186863828
1.1947065063022542
1.192243193918126
1.1897798815339977
1.1873165691498693
1.184853256765741
1.1823899443816124
1.1799266319974842
1.177463319613356
1.1750000072292273
1.172536694845099
1.1700733824609708
1.1676100700768424
1.1651467576927141
1.1626834453085855
1.1602201329244572
1.157756820540329
1.1552935081562004
1.1528301957720721
1.150366883387944
1.1479035710038155
1.1454402586196872
1.1429769462355588
1.1405136338514303
1.1380503214673021
1.1355870090831737
1.1331236966990452
1.130660384314917
1.1281970719307886
1.1257337595466603
1.123270447162532
1.1208071347784034
1.1183438223942752
1.115880510010147
1.1134171976260183
1.11095388524189
1.1084905728577616
1.1060272604736334
1.1035639480895052
1.1011006357053765
1.0986373233212483
1.09617401093712
1.0937106985529916
1.0912473861688632
1.0887840737847347
1.0863207614006065
1.0838574490164783
1.0813941366323496
1.0789308242482214
1.0764675118640932
1.0740041994799647
1.0715408870958363
1.069077574711708
1.0666142623275796
1.0641509499434514
1.0616876375593227
1.0592243251751945
1.0567610127910663
1.0542977004069378
1.0518343880228094
1.0493710756386812
1.0469077632545527
1.0444444508704245
1.041981138486296
1.0395178261021676
1.0370545137180394
1.034591201333911
1.0321278889497827
1.0296645765656542
1.0272012641815258
1.0247379517973976
1.0222746394132693
1.0198113270291407
1.0173480146450125
1.014884702260884
1.0124213898767558
1.0099580774926273
1.007494765108499
1.0050314527243707
1.0025681403402424
1.0001048279561138
0.9976415155719855
0.9951782031878572
0.9927148908037289
0.9902515784196004
0.9877882660354721
