328.79095883237176
328.5711725653484
328.35135015261955
328.1314915369076
327.91159666083877
327.6916654669435
327.47169789765593
327.2516938953138
327.0316534021585
326.8115763603347
326.5914627118905
326.37131239877675
326.1511253628473
325.9309015458592
325.7106408894713
325.49034333524565
325.27000882464625
325.0496372990394
324.82922869969315
324.60878296777776
324.38830004436494
324.1677798704281
323.9472223868417
323.72662753438203
323.5059952537259
323.28532548545144
323.0646181700373
322.84387324786275
322.6230906592078
322.4022703442524
322.181412243077
321.96051629566176
321.73958244188685
321.51861062153216
321.297600774277
321.07655283969996
320.8554667572792
320.6343424663915
320.41317990631296
320.19197901621806
319.9707397351802
319.74946200217096
319.5281457560602
319.3067909356161
319.08539747950465
318.86396532628964
318.6424944144326
318.4209846822922
318.199436068125
317.97784851008424
317.7562219462204
317.53455631448077
317.31285155270905
317.09110759864603
316.8693243899282
316.6475018640888
316.42563995855676
316.203738610657
315.98179775761025
315.75981733653265
315.5377972844357
315.3157375382264
315.09363803470643
314.8714987105727
314.64931950241663
314.42710034672444
314.2048411798765
313.98254193814756
313.7602025577066
313.5378229746163
313.3154031248331
313.0929429442073
312.87044236848226
312.64790133329495
312.425319774175
312.2026976265456
311.98003482572216
311.7573313069127
311.53458700521816
311.3118018556312
311.0889757930369
310.8661087522122
310.6432006678258
310.4202514744379
310.1972611065003
309.97422949835595
309.75115658423897
309.5280422982743
309.3048865744777
309.0816893467554
308.8584505489045
308.63517011461164
308.4118479774541
308.1884840708988
307.9650783283026
307.74163068291165
307.51814106786173
307.2946094161777
307.07103566077365
306.84741973445233
306.62376156990547
306.4000610997131
306.1763182563437
305.95253297215396
305.72870517938856
305.50483481018017
305.2809217965489
305.05696607040255
304.8329675635362
304.608926207632
304.3848419342592
304.16071467487393
303.9365443608186
303.71233092332255
303.4880742935009
303.2637744023554
303.03943118077336
302.81504455952796
302.5906144692779
302.3661408405674
302.1416236038259
301.9170626893678
301.69245802739226
301.4678095479835
301.24311718110977
301.0183808566242
300.7936005042637
300.568776053649
300.3439074342853
300.1189945755607
299.89403740674726
299.669035857
299.4439898553571
299.2188993307397
298.9937642119516
298.76858442767923
298.54335990649133
298.3180905768387
298.0927763670544
297.8674172053529
297.6420130198309
297.416563738466
297.1910692891173
296.9655295995249
296.73994459731006
296.51431420997443
296.2886383649004
296.0629169893506
295.8371500104679
295.61133735527505
295.38547895067484
295.15957472344945
294.93362460026043
294.7076285076489
294.48158637203454
294.25549811971655
294.02936367687215
293.8031829695575
293.57695592370686
293.35068246513276
293.12436251952556
292.89799601245346
292.671582869362
292.44512301557444
292.21861637629075
291.99206287658853
291.7654624414216
291.53881499562067
291.3121204638928
291.0853787708213
290.85858984086565
290.63175359836094
290.40486996751804
290.1779388724235
289.95096023703866
289.7239339852005
289.4968600406205
289.2697383268849
289.0425687674548
288.81535128566503
288.5880858047251
288.36077224771816
288.13341053760104
287.9060005972043
287.67854234923175
287.4510357162604
287.2234806207402
286.99587698499374
286.7682247312165
286.54052378147594
286.312774057712
286.0849754817364
285.85712797523274
285.6292314597562
285.40128585673335
285.17329108746196
284.9452470731107
284.71715373471903
284.4890109931973
284.26081876932574
