5.1945895296
6.036759525628973
6.0616436319475975
6.0847070729341235
6.107295634587308
6.129764850973294
6.152208831087672
6.174654040466459
6.197109411727793
6.219579289406606
6.242066778212497
6.26457461193212
6.28710538120608
6.309661595294654
6.332245700714985
6.354860088575922
6.377507098856557
6.400189023775148
6.422908110809759
6.445666565531094
6.468466554279174
6.491310206726171
6.514199618305058
6.537136852542953
6.560123943279249
6.583162896796266
6.60625569385419
6.629404291641909
6.65261062565157
6.675876611469796
6.6992041465103025
6.722595111671818
6.746051372937626
6.769574782917601
6.793167182334099
6.8168304014593355
6.8405662615019525
6.864376575953212
6.8882631518853055
6.912227791218377
6.936272291942467
6.960398449310784
6.984608056999464
7.008902908236988
7.033284796905956
7.0577555186186025
7.082316871768828
7.1069706585608445
7.131718686016972
7.1565627669689835
7.181504721026928
7.206546375532942
7.231689566504981
7.256936139558718
7.282287950823628
7.307746867841255
7.33331477046007
7.358993551716306
7.3847851187091536
7.410691393463311
7.436714313795367
7.462855834162296
7.489117926517488
7.5155025811542675
7.542011807547963
7.568647635202371
7.5954121144840405
7.622307317467399
7.649334356936674
7.676497310610106
7.703797340211718
7.731236614826861
7.75881732820388
7.786541700467465
7.814411979260427
7.8424304406785055
7.870599390155416
7.898921163337955
7.927398126964588
7.956032679748769
7.984827253271515
8.0137843128808
8.042906358600566
8.072195926048845
8.10165558736671
8.131287952157022
8.161095668435358
8.191081423592575
8.221247945369974
8.251598002847421
8.282134407446154
8.31286001394542
8.343777721514392
8.374890474759802
8.406201264790958
8.437713130300446
8.469429158664397
8.501352487059773
8.533486303602295
8.565833848503662
8.598398415249065
8.631183351797818
8.664192061804117
8.697428005862207
8.730894702774606
8.764595730844944
8.798534729195216
8.832715399109949
8.867141505405675
8.901816877828255
8.936745412477205
8.97193107325912
9.007377893369055
9.04308997680151
9.07907149989097
9.115326712882188
9.15185994153036
9.18867558873183
9.225778136184537
9.263172146077917
9.300862262812556
9.338853214748548
9.377149815981156
9.415756968143382
9.454679662234371
9.493922980470211
9.533492098156682
9.573392285580496
9.613628909916555
9.654207437146775
9.695133433987662
9.7364125698209
9.778050618621513
9.820053460879132
9.862427085502292
9.905177591701877
9.94831119084118
9.991834208245647
10.035753084959882
10.080074379440363
10.124804769170165
10.169951052182137
10.21552014847251
10.261519101289192
10.307955078273809
10.354835372438833
10.402167402953497
10.449958715718243
10.498216983697336
10.54695000698412
10.59616571256582
10.645872153758235
10.69607750927252
10.746790081879714
10.798018296633131
10.849770698607575
10.90205595011245
10.95488282733434
11.008260216361972
11.062197108545233
11.116702595138516
11.17178586117719
11.227456178535462
11.283722898113128
11.340595441096715
11.398083289245536
11.456195974146693
11.514943065390923
11.574334157619528
11.63437885639381
11.695086762846715
11.756467457074036
11.81853048023196
11.881285315310636
11.944741366561248
12.008907937560865
12.073794207907714
12.139409208549571
12.20576179575633
12.272860623761424
12.340714116107847
12.409330435745732
12.478717453945569
12.548882718104062
12.619833418531737
12.691576354334128
12.764117898505011
12.837463962374516
12.911619959564492
12.986590769623067
13.062380701523058
13.138993457224284
13.21643209551175
13.294698996335196
13.373795825884605
13.453723502644358
13.53448216467608
13.616071138383479
13.698488909014191
13.781733093151603
