1.4796876610561016
1.5092437224763318
1.5375033775101796
1.564545695716465
1.5904420182554675
1.6152577040727207
1.6390529129561202
1.6618831879550937
1.6837999456046762
1.7048508985205617
1.7250804224362444
1.7445298765434398
1.7632378842788585
1.7812405804317086
1.798571829439793
1.8152634189301495
1.8313452319004742
1.8468454003984864
1.8617904431136427
1.8762053889301138
1.8901138881868866
1.9035383131383699
1.9164998488976719
1.9290185759672818
1.9411135453122441
1.952802846804234
1.9641036724839636
1.9750323716189007
1.9856045057120393
1.9958348951898266
2.005757289778597
2.0153845517989124
2.0247282491701295
2.033799446737236
2.0426087328563236
2.0511662445656262
2.059481691101091
2.067564375852214
2.075423216882879
2.0830667661342934
2.09050322741626
2.097740473282831
2.104786060879325
2.111647247179847
2.118331001963802
2.1248440220787526
2.131192743546616
2.137383353307367
2.143421800321287
2.1493138060661403
2.1550648744706753
2.1606803013224085
2.166165183184555
2.171524425854144
2.176762752390823
2.1818847107435357
2.186894681000159
2.191796882283277
2.196595379313504
2.201294088660217
2.205896784698064
2.210407105286325
2.214828557186947
2.219164521236002
2.223418257282262
2.2275929089056605
2.2316915079275517
2.2357169787238704
2.2396721423515786
2.243559720498102
2.2473823392628387
2.2511425327792542
2.254842746685531
2.258485341451266
2.2620725955672407
2.2656067086048735
2.2690898041515672
2.272523932627808
2.2759110739915216
2.279253140334888
2.282551978378525
2.285809371867662
2.289027043874689
2.292206659012221
2.295349825560584
2.298458097513453
2.3015329765451336
2.304575913902838
2.3075883122271157
2.3105715273034337
2.31352686974777
2.3164556066289324
2.3193589630301705
2.322238123552554
2.325094233762445
2.327928401585296
2.3307416986478953
2.3335351615710853
2.3363097932148955
2.339066563877927
2.3418064124527525
2.3445302475390144
2.3472389485158476
2.3499333665751414
2.3526143257171364
2.3552826237097575
2.357939033013036
2.3605843016699146
2.3632191541646743
2.3658442922501735
2.3684603957450423
2.371068123301916
2.3736681131477693
2.3762609837973465
2.378847334740663
2.381427747105498
2.3840027842957787
2.3865729926067107
2.3891389018174634
2.3917010257622278
2.394259862880381
2.3968158967465025
2.39936959658095
2.4019214177416495
2.4044718021977722
2.407021178985919
2.4095699646494007
2.412118563661212
2.4146673688312434
2.41721676169828
2.41976711290728
2.422318782572472
2.4248721206266968
2.427675564189501
2.430468363510017
2.4505577382631696
2.470119778988484
2.489119693333454
2.507531809125195
2.5253386529966813
2.542528948824794
2.559096036510293
2.575036707537884
2.5903503429021133
2.6050382653548305
2.619103245484632
2.6325491200199442
2.645380493233917
2.657602500690993
2.669220620281576
2.6802405194575956
2.6906679303846386
2.7005085467364363
2.709767937318051
2.718451472777377
2.7265642624608795
2.7341110990647164
2.741096409179591
2.74752420816426
2.7533980580352804
2.758721027248396
2.7634956513836637
2.767723893841781
2.771407105719973
2.774545984066807
2.7771405277192653
2.779189989903597
2.7806928267337683
2.781646640666371
2.7820481178657226
2.781892958293221
2.7811757971544426
2.7798901161073384
2.778028142343364
2.7755807332848956
2.7725372441755107
2.7688853752464193
2.7646109943837995
2.7596979302454443
2.7541277295081463
2.747879370268075
2.7409289214213945
2.73324913491575
2.7248089537855233
2.7155729134222373
2.705500405919353
2.694544766544306
2.6826521258227984
2.6697599477865377
2.6557951403642104
2.640671570407422
2.624286730595422
2.606518688652112
2.5872254494115885
2.566213855206277
2.5432382154136977
2.5179769756235966
2.4899932502797144
2.458662330524243
2.423021942651788
