0.004374953448863306
0.004375235904489342
0.004375607077424961
0.0043760238406907095
0.0043764639919750105
0.004376914553004923
0.004377367717635941
0.00437781865985298
0.004378264319930171
0.004378702718833761
0.004379132561684303
0.0043795530017438624
0.004379963495341295
0.0043803637095869334
0.004380753461626705
0.004381132677354223
0.0043815013625393435
0.004381859582147562
0.0043822074452319814
0.004382545093720391
0.004382872693987916
0.0043831904304579205
0.0043834985007031625
0.004383795703252169
0.004384084307896539
0.004384364238212943
0.004384635546650736
0.004384898366394123
0.004385152871947033
0.004385399258581538
0.004385637731296311
0.004385868498823657
0.004386091770326883
0.004386307753542414
0.004386516653706717
0.00438671867291656
0.0043869140097346744
0.004387102858938892
0.004387285411359059
0.004387461853770298
0.004387633831844379
0.00438779937992548
0.004387958983208902
0.0043881129882395245
0.004388261652021475
0.004388405185275348
0.004388543770377812
0.004388721757068823
0.004388830330660775
0.004388943845955216
0.004389058344139996
0.004389171442578897
0.004389281949027042
0.004389389297503394
0.004389493249083396
0.004389593734840178
0.0043896907734342246
0.004389784427889866
0.004389874782942461
0.00438996193318365
0.004390045976874637
0.004390127012734563
0.004390205138290284
0.0043902804490454925
0.004390353038079634
0.004390422995872068
0.004390490410244088
0.004390555366362376
0.0043906179467743
0.004390678231459387
0.004390736297888838
0.004390792221088692
0.004390846073704378
0.004390897926065453
0.0043909478462497925
0.004390995900146966
0.004391042151520564
0.0043910866620693375
0.004391129491487144
0.004391170697521632
0.004391210336031649
0.004391248461043342
0.004391285124804983
0.004391320377840531
0.00439135426900184
0.004391386845519659
0.004391418153053303
0.004391448235739111
0.004391477136237623
0.004391504895779549
0.004391531554210513
0.00439155715003459
0.004391581720456695
0.004391605301423757
0.004391627927664807
0.004391649632729925
0.004391670449028059
0.004391690407863807
0.004391709539473136
0.004391727873058015
0.004391745436820127
0.004391762257993498
0.004391778362876215
0.004391793776861185
0.004391808524465954
0.0043918226293616506
0.004391836114401016
0.004391849001645621
0.004391861312392204
0.004391873067198227
0.004391884285906613
0.004391894987669723
0.004391905190972591
0.004391914913655398
0.00439192417293528
0.00439193298542739
0.004391941367165336
0.004391949333620923
0.004391956899723311
0.004391964079877497
0.004391970887982243
0.004391977337447403
0.0043919834412107
0.004391989211753926
0.004391994661118638
0.0043919997992725715
0.004392004640917255
0.004392009194915678
0.004392013471748635
0.004392017481496725
0.0043920212338734
0.004392024738242521
0.004392026530772933
0.004392028783249976
0.004392031187980414
0.0043920335744966395
0.0043920358572222375
0.0043920379949054416
0.0043920399693287366
0.0043920417741885485
0.004392043409289801
0.004392044877517297
0.004392046183257648
0.004392047331578865
0.004392048327805496
0.004392049177300337
0.0043920498853538105
0.0043920504571295016
0.004392050897638868
0.0043920512117311345
0.00439205140409091
0.004392051479239834
0.004392051441540151
0.00439205129519926
0.004392051044274618
0.004392050692678778
0.00439205024418441
0.004392049702429211
0.004392049070920684
0.004392048353040804
0.004392047552050462
0.004392046671093843
0.0043920457132025845
0.00439204468129983
0.004392043578204131
0.004392042406633207
0.0043920411692075605
0.00439203986845402
0.004392038506809071
0.004392037086622152
0.004392035610158781
0.004392034079603596
0.0043920324953146605
0.0043920308630483506
0.004392029182672026
0.004392027456136488
0.004392025685289826
0.0043920238719027845
0.004392022017788664
0.004392020124403671
0.004392019624485356
0.004392018410325378
0.004392016798282674
0.004392014964147829
0.004392013000003799
0.004392010954302404
0.004392008852800628
0.0043920067094432485
0.004392004532018677
0.004392002325098371
0.004392000091564563
0.004391997833404531
0.0043919955521237375
0.00439199324896103
0.004391990925000949
0.004391988581232665
0.004391986218581085
0.00439198383792357
0.004391981440099127
0.004391979025913674
