0.00438
0.004383175521115107
0.004383407867351928
0.004383530647501066
0.0043835966586517104
0.004383635917868629
0.0043836627399847315
0.0043836838399952775
0.004383702359414324
0.004383719765800411
0.004383736743606213
0.004383753611320991
0.004383770516577915
0.004383787527311702
0.0043838046743035035
0.004383821971016264
0.004383839422832759
0.004383857031353672
0.00438387479639544
0.004383892716918151
0.004383910791456257
0.0043839290183185844
0.004383947395681335
0.0043839659216315776
0.004383984594187788
0.004384003411309862
0.004384022370904206
0.004384041470826631
0.004384060708884194
0.00438408008283659
0.004384099590397352
0.0043841192297985705
0.004384138997261984
0.004384158891336939
0.004384178909514034
0.00438419904924974
0.0043842193079832005
0.004384239683126002
0.004384260172057337
0.004384280772122406
0.0043843014806323
0.004384322294864611
0.004384343212064335
0.004384364229444927
0.004384385344189452
0.004384406553451749
0.004384427854357622
0.004384449244006048
0.0043844707194704
0.004384492277799653
0.00438451391601963
0.004384535631134226
0.004384557420126637
0.004384579279960615
0.004384601207581694
0.004384623199918448
0.004384645253883719
0.00438466736637587
0.004384689534280029
0.00438471175446932
0.004384734023806114
0.004384756339143256
0.0043847786973253014
0.0043848010951897465
0.004384823529568242
0.004384845997287817
0.004384868495172083
0.004384891020042446
0.00438491356871929
0.004384936138023166
0.004384958724775965
0.0043849813258020984
0.0043850039379296265
0.004385026557991422
0.004385049182826294
0.004385071809280105
0.004385094434206873
0.004385117054469864
0.0043851396669426675
0.004385162268510249
0.004385184856070004
0.004385207426532776
0.004385229976823864
0.004385252503884027
0.0043852750046704395
0.004385297476157657
0.0043853199153385545
0.0043853423192252265
0.004385364684849895
0.0043853870092657845
0.004385409289547967
0.004385431522794199
0.00438545370612573
0.004385475836688092
0.004385497911651866
0.00438551992821342
0.004385541883595636
0.004385563775048595
0.004385585599850267
0.00438560735530714
0.004385629038754863
0.004385650647558837
0.004385672179114793
0.0043856936308493445
0.0043857150002205225
0.004385736284718267
0.004385757481864917
0.004385778589215657
0.004385799604358953
0.004385820524916949
0.004385841348545862
0.004385862072936323
0.004385882695813716
0.004385903214938488
0.004385923628106428
0.004385943933148923
0.0043859641279332074
0.00438598421020386
0.004386004178285329
0.004386024029892641
0.004386043763054256
0.004386063375829916
0.004386082866310155
0.004386102232619682
0.004386121472918963
0.004386140585404899
0.004386159568311121
0.004386178419908099
0.004386197138503156
0.004386215722440441
0.004386234170100868
0.004386252479902032
0.0043862706502980926
0.004386288679779662
0.0043863065668736465
0.004386324310143098
0.004386341908187022
0.004386359359640189
0.004386376663172921
0.004386393817490861
0.004386410821334735
0.004386427673480089
0.0043864443727370216
0.004386460917949895
0.004386477307997043
0.004386493541790453
0.004386509618275443
0.004386525536430331
0.004386541295266088
0.00438655689382598
0.004386572331185203
0.004386587606450504
0.004386602718759803
0.004386617667281791
0.004386632451215536
0.00438664706979007
0.0043866615222639726
0.0043866758079249574
0.004386689926089433
0.004386703876102075
0.004386717657335392
0.004386731269189278
0.004386744711090567
0.00438675798249259
0.0043867710828747125
0.00438678401174189
0.004386796768624207
0.00438680935307642
0.004386821764677505
0.00438683400303019
0.004386846067760504
0.004386857958517317
0.004386869674971886
0.004386881216817397
0.004386892583768514
0.00438690377556093
0.00438691479195092
0.0043869256327148986
0.004386936297648976
0.004386946786568526
0.00438695709930776
0.004386967235719296
0.004386977195673742
0.004386986979059284
0.004386996586921467
0.00438700601708624
0.004387015270342823
0.00438702434670761
0.004387033246176184
0.004387041968744448
0.004387050514417041
0.0043870588832106
0.004387067075154926
0.004387075090293277
0.004387082928682307
0.004387090590391872
0.004387098075504782
0.004387105384116538
0.004387112516335082
0.004387119472280539
