0.004386299996081953
0.004348664715280493
0.0043135858562575674
0.004280873879209545
0.004250360659844659
0.004221893924508833
0.004195335097551086
0.004170557751468162
0.004147446296864293
0.004125894843851917
0.004105806205961584
0.004087091025724625
0.004069667004836804
0.004053458224546952
0.004038394522747823
0.004024411046679803
0.004011447647068425
0.003999448543416084
0.003988361923452285
0.003978139604576983
0.0039687367301073865
0.003960111496211731
0.003952224905961654
0.003945040547402346
0.00393852439293913
0.0039326446176815915
0.003927371434680684
0.003922676945247683
0.003918535002763063
0.003914921088572788
0.003911812198734105
0.0039091867405160585
0.003907024437684585
0.003905306243711045
0.003904014262138384
0.003903131673422596
0.003902642667640801
0.0039025323825217337
0.003902786846311483
0.0039033929250377316
0.0039043382737802036
0.0039056112915945287
0.003907201079771839
0.00390909740314741
0.003911290654199557
0.003913771819704574
0.003916532449735601
0.0039195646288131695
0.003922860949032556
0.003926414485009138
0.003930218770497097
0.003934267776549357
0.003938555891098455
0.003943077899848077
0.00394782896837437
0.003952804625344642
0.003958000746671229
0.003963413541842413
0.003969039537189003
0.003974875565444474
0.003980918752540661
0.003987166505965052
0.003993616503763734
0.004000266684141488
0.00400711523561363
0.004014160587667485
0.004021401401894039
0.004028836563553074
0.00403646517353723
0.004044286540702678
0.004052300174535916
0.004060505778128023
0.004068903241429217
0.004077492634758083
0.004086274202541019
0.004095248357258784
0.0041044156735779574
0.004113776882646228
0.004123332866531168
0.004133084652783114
0.004143033409103377
0.004153180438099639
0.004163527172111182
0.004174075168086876
0.004184826102499563
0.004195781766280734
0.004206944059760037
0.004218314987594187
0.00422989665367061
0.004241691255971051
0.0042537010813810325
0.004265928498674565
0.004278375959513749
0.004291045984575846
0.004303941162886398
0.004317064145127549
0.004330417637837094
0.0043440043974606445
0.004357827224244635
0.004371888955958409
0.004386192461433524
0.0044007406339091224
0.004415536384172337
0.004430582633483128
0.004445882306273472
0.004461438322611059
0.004477253590418412
0.004493330997438726
0.0045096734029404185
0.004526283629153011
0.004543164452427803
0.004560318594117484
0.0045777487111698595
0.004595457386431811
0.004613447118660655
0.004631720312241342
0.004650279266609121
0.00466912616537884
0.0046882630651834
0.004707691884225679
0.0047274143905499605
0.004747432190040825
0.004767746714159449
0.004788359207429582
0.00480927072203122
0.0048304820744385695
0.00485199387933794
0.004873806503918523
0.004895920062705317
0.004918334403940129
0.0049410490958711585
0.004964063412985974
0.004987376322226219
0.0050111692634192
0.0050352550026924545
0.005048965826791198
0.005062630693644022
0.005076403750521035
0.005090395944364085
0.00510468620342044
0.005119329873933136
0.00513436465410908
0.005149814816379998
0.005165694273829117
0.005182008850568719
0.005198757991683606
0.005215936070727694
0.005233533403176644
0.00525153704177407
0.005269931407956584
0.005288698798662938
0.00530781979746004
0.005327273611566002
0.005347038351056659
0.005367091262678415
0.005387408927833884
0.005407967432171154
0.0054287425125948766
0.00544970968628806
0.005470844365390394
0.005492121960250147
0.005513517973602735
0.005535008087591671
0.005556568245209946
0.005578174727482624
0.005599804227518634
0.005621433922423254
0.005643041543973408
0.005664605448912739
0.005686104689720459
0.00570751908674698
0.005728829302693718
0.005750016920549742
0.005771064526292071
0.005791955797923368
0.005812675602777176
0.005833210105493274
0.005853546889688624
0.005873675097172159
0.0058935855896439515
0.005913271139278054
0.005932714401384961
0.005951907818147124
0.005970851550426387
0.005989548854252262
0.006008006601224543
0.006026235951645643
0.006044253218845644
0.006062081001975217
0.006079749693175334
0.006097299516741687
0.0061147833393109564
0.006132270623048119
0.006149853118122883
0.006167653283719104
0.006185837146307659
0.0062046346925158525
0.006224373751421144
0.006245539691960711
0.006268889016827858
