2987604.0581249995
1461550.2711025004
1449511.4425625717
1439356.1225331817
1430315.577922185
1422071.1435602193
1414447.2949523458
1407332.4067633504
1400648.7428535898
1394338.6932815511
1388357.6056165993
1382669.6952426194
1377245.5432718936
1372060.4773290067
1367093.474028572
1362326.3857399032
1357743.3778360463
1353330.5077622007
1349075.4028183143
1344967.0086278135
1340995.3894824234
1337151.5675957957
1333427.392089687
1329815.4310792785
1326308.8819642146
1322901.4962547661
1319587.5161274138
1316361.6205440261
1313218.8792328546
1310154.7131824421
1307164.8605680477
1304245.3472342715
1301392.4610164876
1298602.7293158553
1295872.8994347102
1293199.9212675418
1290580.9320020215
1288013.2425425583
1285494.3254104117
1283021.8039104878
1280593.442387959
1278207.137421873
1275860.909824777
1273552.8973372306
1271281.3479204723
1269044.6135667737
1266841.1445558865
1264669.484099521
1262528.2633219466
1260416.1965343608
1258332.0767679994
1256274.7715351786
1254243.218792647
1252236.4230893434
1250253.4518786836
1248293.4319847631
1246355.546210445
1244439.0300789967
1242543.1687036322
1240667.2937793268
1238810.780693189
1236973.0457518857
1235153.5435217922
1233351.7642833248
1231567.2315961274
1229799.4999743935
1228048.152672368
1226312.7995789119
1224593.0752183131
1222888.6368587564
1221199.162725087
1219524.350314368
1217863.9148130596
1216217.5876125223
1214585.11492096
1212966.256468633
1211360.784304004
1209768.4816757257
1208189.1420000182
1206622.567906716
1205068.5703627665
1203526.967868092
1201997.5857197563
1200480.2553422428
1198974.8136776872
1197481.102634284
1195998.968587687
1194528.2619327568
1193068.8366810598
1191620.550101337
1190183.2623995969
1188756.8364351792
1187341.1374697909
1185936.0329471747
1184541.3922999024
1183157.0867811977
1181782.989318754
1180418.9743894537
1179064.917911444
1177720.6971525825
1176386.1906530727
1175061.2781607746
1173745.8405773554
1172439.7599147155
1171142.9192588334
1169855.2027421535
1168576.4955212877
1167306.6837603997
1166045.6546191408
1164793.2962443558
1163549.4977647406
1162314.149288583
1161087.1419027247
1159868.3676738127
1158657.7196507386
1157455.0918674672
1156260.3793471311
1155073.4781059704
1153894.2851576803
1152722.698518105
1151558.6172088706
1150401.941261719
1149252.5717219776
1148110.4106517702
1146975.3611325063
1145847.3272674412
1144726.029517324
1143611.7443524736
1142504.193279099
1141403.2845044492
1140308.927252835
1139221.0317713146
1138139.5093280978
1137064.2722101156
1135995.233720331
1134932.3081744034
1133875.4108970952
1132824.4582179207
1131779.3674665366
1130740.056968047
1129706.4460374655
1128678.4549739775
1127656.0050552008
1126639.0185306296
1125627.418615334
1124621.1294830632
1123620.0762591313
1122624.1850134132
1121633.3827527396
1120647.5974133043
1119666.7578531224
1118690.793843985
1117719.6360633895
1116753.2160865907
1115791.4663783866
1114834.3202846695
1113881.7120242426
1112933.5766801464
1111989.8501915254
1111050.469344756
1110115.3717651842
1109184.4959083467
1108257.7810514183
1107335.1672846917
1106416.595502942
1105502.0073966368
1104591.3454436727
1103684.5529004303
1102781.5737936376
1101882.3529112802
1100986.8357946938
1100094.9687295775
1099206.6987378164
1098321.9735690441
1097440.7416922508
1096562.9522874395
1095688.5552373482
1094817.5011193492
1093949.7411971032
1093085.2274126213
1092223.912378029
1091365.7493677412
1090510.6923103174
1089658.6957808095
1088809.7149927716
1087963.705790587
1087120.624641751
1086280.4286291362
1085443.0754437284
1084608.5233768036
1083776.7313126994
1082947.6587213676
1082121.2656511154
1081297.5127214321
1080476.361115738
1079657.7725743463
1078841.709387457
1078028.1343882368
1077217.0109459448
1076408.3029589762
