0.0003381729163587789
0.0003383525540194794
0.0003385322870715009
0.00033871211556546325
0.00033889203955201426
0.0003390720590818274
0.0003392521742056043
0.0003394323849740721
0.0003396126914379862
0.00033979309364812746
0.00033997359165530513
0.0003401541855103539
0.00034033487526413685
0.0003405156609675426
0.00034069654267148813
0.00034087752042691604
0.0003410585942847967
0.000341239764296128
0.0003414210305119341
0.0003416023929832658
0.0003417838517612022
0.0003419654068968481
0.00034214705844133657
0.0003423288064458268
0.000342510650961506
0.0003426925920395876
0.00034287462973131317
0.0003430567640879502
0.00034323899516079475
0.0003434213230011687
0.0003436037476604223
0.00034378626918993196
0.00034396888764110244
0.0003441516030653645
0.0003443344155141775
0.0003445173250390266
0.00034470033169142566
0.0003448834355229147
0.00034506663658506195
0.00034524993492946203
0.0003454333306077381
0.00034561682367153937
0.0003458004141725435
0.0003459841021624547
0.00034616788769300535
0.00034635177081595436
0.00034653575158308914
0.00034671983004622343
0.0003469040062571995
0.0003470882802678859
0.00034727265213018
0.00034745712189600535
0.0003476416896173143
0.0003478263553460857
0.0003480111191343261
0.00034819598103407037
0.00034838094109737984
0.0003485659993763446
0.0003487511559230812
0.00034893641078973393
0.0003491217640284768
0.0003493072156915084
0.0003494927658310572
0.00034967841449937777
0.00034986416174875374
0.0003500500076314953
0.00035023595219994146
0.0003504219955064577
0.0003506081376034387
0.0003507943785433054
0.0003509807183785079
0.00035116715716152294
0.0003513536949448561
0.00035154033178104005
0.00035172706772263504
0.00035191390282223036
0.00035210083713244176
0.00035228787070591433
0.0003524750035953195
0.00035266223585335806
0.00035284956753275747
0.0003530369986862743
0.0003532245293666919
0.0003534121596268227
0.00035359988951950614
0.0003537877190976106
0.00035397564841403137
0.0003541636775216931
0.00035435180647354705
0.00035454003532257394
0.0003547283641217812
0.0003549167929242056
0.000355105321782911
0.0003552939507509902
0.00035548267988156333
0.00035567150922777963
0.0003558604388428153
0.0003560494687798759
0.00035623859909219424
0.0003564278298330323
0.000356617161055679
0.00035680659281345293
0.00035699612515969966
0.0003571857581477941
0.0003573754918311378
0.00035756532626316347
0.0003577552614973293
0.0003579452975871235
0.0003581354345860613
0.0003583256725476878
0.00035851601152557484
0.00035870645157332434
0.00035889699274456503
0.0003590876350929555
0.0003592783786721813
0.00035946922353595804
0.00035966016973802803
0.0003598512173321639
0.00036004236637216495
0.00036023361691186063
0.0003604249690051076
0.0003606164227057921
0.0003608079780678279
0.00036099963514515845
0.0003611913939917546
0.000361383254661617
0.0003615752172087738
0.00036176728168728275
0.0003619594481512292
0.0003621517166547284
0.00036234408725192336
0.0003625365599969856
0.0003627291349441164
0.0003629218121475445
0.00036311459166152874
0.0003633074735403552
0.00036350045783834016
0.0003636935446098274
0.0003638867339091908
0.00036408002579083157
0.00036427342030918126
0.00036446691751869885
0.0003646605174738735
0.0003648542202292218
0.0003650480258392909
0.00036524193435865526
0.00036543594584191954
0.0003656300603437154
0.00036582427791870747
0.0003660185986215834
0.00036621302250706544
0.000366407549629902
0.0003666021800448707
0.00036679691380677815
0.0003669917509704609
0.0003671866915907834
0.0003673817357226403
0.00036757688342095417
0.0003677721347406778
0.00036796748973679205
0.00036816294846430796
0.0003683585109782646
0.0003685541773337313
0.00036874994758580553
0.00036894582178961506
0.00036914180000031574
0.0003693378822730936
0.00036953406866316297
0.00036973035922576857
0.0003699267540161831
0.0003701232530897099
0.0003703198565016802
0.000370516564307456
0.00037071337656242713
0.0003709102933220143
0.0003711073146416661
0.0003713044405768618
0.0003715016711831089
0.0003716990065159456
0.000371896446630938
0.00037209399158368315
0.0003722916414298062
0.0003724893962249631
0.00037268725602483785
0.00037288522088514556
0.0003730832908616291
0.00037328146601006256
0.00037347974638624845
0.0003736781320460189
0.0003738766230452365
0.00037407521943979156
0.00037427392128560786
0.00037447272863863303
0.0003746716415548498
0.0003748706600902679
0.00037506978430092657
0.0003752690142428959
0.0003754683499722745
0.00037566779154519185
0.000375867339017806
