4838.4
4823.011657695358
4807.58676117039
4792.125713703033
4776.629283522662
4761.098395033032
4745.53405598123
4729.937315191705
4714.309238013697
4698.650892243115
4682.963340240625
4667.24763471726
4651.504816694019
4635.735914754323
4619.941945070513
4604.12391190021
4588.282808375472
4572.419617481648
4556.535313179357
4540.630861614744
4524.707222440857
4508.765350220071
4492.806195924089
4476.830708539273
4460.839836791228
4444.834531006257
4428.815745131052
4412.784438936049
4396.741580432477
4380.688148538473
4364.62513603611
4348.553552868718
4332.474429837146
4316.388822764722
4300.297817214205
4284.202533856472
4268.104134610891
4252.003829701907
4235.902885806717
4219.8026355060565
4203.704488295926
4187.609943474203
4171.520605285155
4155.43820078889
4139.364601024723
4123.301846159233
4107.252175452083
4091.2180630330236
4075.20226065232
4059.207848100431
4043.2382957701193
4027.2975346521966
4011.3900406720268
3995.5209303165443
3979.696065764488
3963.922162784772
3948.2068867917596
3932.558909195819
3916.987875770862
3901.504211416769
3886.1186584396196
3870.841440179899
3855.681001342477
3840.6424492103133
3825.72609557924
3810.9267179548997
3796.2340473142203
3781.63445572385
3767.1132061608523
3752.656439143248
3738.2523925556648
3723.8918229156184
3709.567873571858
3695.2756807364203
3681.011919128715
3666.774392766688
3652.561707425325
3638.3730254907427
3624.207889861243
3610.0661007036333
3595.947630643347
3581.852567040212
3567.781072981626
3553.7333610492374
3539.709675732387
3525.71028173688
3511.7354557554067
3497.785481808264
3483.860647454976
3469.9612414820153
3456.087552368385
3442.2398695855754
3428.4184751851444
3414.6236522023783
3400.855678548016
3387.114834580514
3373.401394225028
3359.7156284351004
3346.057805125095
3332.4281891366522
3318.827042226868
3305.2546230703438
3291.7111872701066
3278.196987374146
3264.7122728954682
3251.2572903343516
3237.832283201889
3224.4374920442606
3211.073154467369
3197.7395051615804
3184.4367759264164
3171.1651956950936
3157.9249905588267
3144.716383790866
3131.5395958702175
3118.394844505047
3105.282344655723
3092.2023085575224
3079.1549457429574
3066.1404630637417
3053.15906471238
3040.2109522433816
3027.2963245940946
3014.4153781051536
3001.5683065405456
2988.7553011072905
2975.9765504747347
2963.2322407934516
2950.5225557137574
2937.8476764038355
2925.2077815674706
2912.6030474613904
2900.033647912222
2887.4997543330537
2875.001535739609
2862.5391587660356
2850.112787680301
2837.7225843992105
2825.3687085030283
2813.0513172497344
2800.770565588882
2788.526606175094
2776.3195893811694
2764.14966331083
2752.0169738110867
2739.921664484247
2727.863876699556
2715.8437496044803
2703.861420135635
2691.917023029357
2680.010690831941
2668.142553909519
2656.3127404576135
2644.5213765103545
2632.768585949365
2621.0544905123284
2609.3792098012373
2597.742861290329
2586.145560333717
2574.5874201727224
2563.06855194291
2551.5890646808357
2540.1490653305164
2528.7486587496187
2517.387947715384
2506.0670329302907
2494.786013027458
2483.5449845758044
2472.3440420849665
2461.1832780099785
2450.0627827557314
2438.9826446812076
2427.9429501035033
2416.9437833016514
2405.9852265202435
2395.0673599728625
