0.0043665
0.004385424510885384
0.004388031126275031
0.004388685104959133
0.0043888285767320285
0.004388840684484634
0.0043888190571506076
0.004388788808800776
0.004388756396433991
0.004388723474354085
0.004388690459972804
0.004388657452206858
0.004388624468174957
0.0043885915042318315
0.0043885585517048145
0.004388525600942208
0.0043884926423443365
0.004388459666615854
0.004388426664817595
0.004388393628367412
0.00438836054902863
0.004388327418896047
0.00438829423038201
0.004388260976203198
0.0043882276493682065
0.0043881942431659516
0.004388160751154838
0.004388127167152671
0.00438809348522724
0.004388059699687589
0.004388025805075865
0.0043879917961597995
0.004387957667925706
0.004387923415572035
0.004387889034503421
0.0043878545203252005
0.004387819868838401
0.004387785076035154
0.0043877501380945256
0.004387715051378751
0.004387679812429831
0.004387644417966516
0.004387608864881619
0.004387573150239678
0.004387537271274935
0.004387501225389623
0.00438746501015256
0.00438742862329803
0.0043873920627249315
0.0043873553264962215
0.004387318412838595
0.004387281320142435
0.0043872440469620005
0.0043872065920158585
0.004387168954187545
0.004387131132526461
0.00438709312624897
0.004387054934739738
0.004387016557553257
0.004386977994415589
0.004386939245226307
0.004386900310060633
0.00438686118917176
0.00438682188299337
0.004386782392142331
0.004386742717421573
0.004386702859823142
0.0043866628205314236
0.004386622596955478
0.0043865822014801156
0.004386541627005377
0.004386500876968249
0.004386459954010611
0.004386418860664788
0.004386377599596246
0.004386336173671659
0.004386294585980233
0.004386252839842842
0.004386210938818056
0.004386168886707429
0.004386126687560713
0.004386084345681097
0.004386041865630574
0.00438599925223539
0.004385956510591603
0.004385913646070732
0.004385870664325501
0.004385827571295668
0.004385784373213922
0.004385741076611858
0.004385697688326014
0.004385654215503962
0.004385610665610442
0.004385567046433546
0.004385523366090919
0.004385479633035984
0.004385435856064182
0.004385392044319199
0.004385348207299196
0.004385304354863003
0.004385260497236282
0.0043852166450176365
0.0043851728091846565
0.004385129001099897
0.004385085232516744
0.004385041515585181
0.004384997862857428
0.004384954287293431
0.004384910802266185
0.004384867421566881
0.004384824159409839
0.004384781030437212
0.004384738049723442
0.0043846952327794425
0.004384652595556466
0.004384610154449663
0.004384567926301259
0.004384525928403363
0.00438448417850035
0.004384442694790787
0.004384401495928879
0.004384360601025392
0.0043843200296480095
0.004384279801821093
0.004384239938024806
0.004384200459193545
0.004384161386713642
0.004384122742420297
0.004384084548593678
0.004384046827954142
0.004384009603656542
0.004383972899283524
0.004383936738837804
0.004383901146733331
0.0043838661477852954
0.004383831767198901
0.004383798030556861
0.004383764963805523
0.004383732593239574
0.0043837009454852464
0.004383670047481959
0.004383639926462307
0.004383610609930353
0.004383582125638107
0.004383554501560156
0.004383527765866341
0.004383501946892425
0.004383477073108666
0.004383453173086217
0.004383430275461307
0.004383408408897095
0.004383387602043163
0.0043833678834925725
0.004383349281736429
0.004383331825115893
0.004383315541771614
0.004383300459590521
0.0043832866061499715
0.004383274008659208
0.004383262693898147
0.004383252688153466
0.004383244017152055
0.004383236705991822
0.004383230779069931
0.00438322626000854
0.004383223171578109
0.004383221535618424
0.00438322137295743
0.004383222703328082
0.004383225545283342
0.0043832299161095925
0.004383235831738666
0.004383243306658773
0.004383252353824653
0.004383262984567247
0.004383275208503264
0.0043832890334450725
0.004383304465311284
0.004383321508038537
0.004383340163494938
0.004383360431395693
0.004383382309221445
0.004383405792139904
0.004383430872931345
0.004383457541918548
0.004383485786901827
0.004383515593099735
0.00438354694309607
0.004383579816793784
0.004383614191376423
0.0043836500412776265
0.00438368733815929
0.004383726050898884
0.0043837661455864065
0.004383807585531395
0.004383850331280397
0.004383894340645137
0.004383939568741688
0.0043839859680407135
0.004384033488428913
