2.0726236669781315
2.148038037731274
2.2082983583115308
2.25273695489087
2.2840090521327285
2.3076038212782715
2.3243800715191685
2.3354031380353946
2.341800970032647
2.344612167755805
2.34471710298219
2.342823786914791
2.339484487753771
2.3351115443932784
2.330021385774517
2.3244464398723617
2.318558586894589
2.3124846810691957
2.3063183338919218
2.3001286860465093
2.2939668678065073
2.287870726722612
2.281868279403769
2.2759802307995534
2.2702218174894635
2.2646041596779205
2.2591352584437465
2.2538207349217307
2.2486643817310292
2.2436685771617273
2.2388345985647975
2.234162861458445
2.2296531025437605
2.225304522476706
2.22111589661876
2.217085662316155
2.2132119880579175
2.209492828678324
2.205925969713709
2.202509063283076
2.199239657122741
2.1961152189945263
2.1931331558144076
2.1902908300942037
2.1875855734403156
2.185014697808541
2.182575505066635
2.1802652944550593
2.178081369700083
2.176021044468906
2.174081647114004
2.17226052455422
2.1705550460858136
2.1689626058407314
2.1674806253696945
2.166106555828739
2.164837879326267
2.1636721107710626
2.1626067988360864
2.161639527361026
2.1607679156748367
2.1599896195742234
2.1593023316703652
2.1587037818129997
2.1581917376558923
2.157764004650188
2.157418425963865
2.157152882715284
2.156965294159521
2.1568536174234834
2.156815847010741
2.156850015375741
2.1569541918991697
2.1571264833762047
2.157365032995421
2.1576680207527588
2.1580336624178678
2.1584602095935472
2.1589459491993614
2.159489203060761
2.1600883273986526
2.1607417127285746
2.161447782886502
2.162204994923533
2.1630118385617654
2.163866835607891
2.164768539806375
2.165715535776678
2.166706439164948
2.1677398955950586
2.1688145804999235
2.169929198458782
2.171082482964838
2.172273195485355
2.1735001254463495
2.174762089293266
2.176057930419862
2.177386518311297
2.1787467482762417
2.1801375409028796
2.1815578415873795
2.183006620004465
2.1844828698003185
2.185985607925149
2.1875138741723523
2.1890667298948796
2.1906432559553997
2.1922425417032225
2.193863898601507
2.1955063229006884
2.197168909289726
2.1988506061146142
2.2005513012611764
2.202269454528461
2.204004757250071
2.2057567783419736
2.20752401843356
2.209306184128484
2.211200153006749
2.2130986280575113
2.215002842319622
2.2169135879981376
2.218831378003657
2.220756515417312
2.2226891388354706
2.2246292570611574
2.2265767767508793
2.228531524646491
2.2304932654865244
2.232461716434224
2.2344365586927974
2.2364174468462386
2.2384040163648407
2.240395889622275
2.24239268071084
2.244393999285438
2.246399453619851
2.248408653027258
2.2504212097663943
2.2524367405324366
2.254454867611092
2.2564752197625153
2.2584974328863
2.260521150510664
2.2625460241400916
2.264571713489575
2.266597886628156
2.268624220050854
2.2706503986917417
2.2726761158931184
2.2747010733387096
2.276724980959064
2.2787475568159774
2.2807685269708835
2.282787625341344
2.2848045935489916
2.2868191807611757
2.288831143530025
2.2908402456279764
2.292846257883779
2.2948489580182048
2.296848130480873
2.2988435662897895
2.3008350628721685
2.3028224239082538
2.3048054591781693
2.306783984412184
2.3087578211435424
2.310726796565403
2.3126907433900863
2.314649499713132
2.3166029088792737
2.318550819352605
2.3204930845901686
2.322429562917852
2.324360117409978
2.326284615772499
2.3282029302280125
2.3301149374044265
2.332020518226964
2.333919557811353
2.3358119453614536
2.337697574067919
2.339576341011013
2.3414481470642605
2.3433128968016663
2.345170498406734
2.3470208635837335
2.3488639074710655
2.350699548557233
2.352527708598444
2.354348312537907
2.3561612884280905
2.3579665673536057
2.3597640833569367
2.3615537733654053
2.3633355771201696
2.365109437106162
2.3668752984853128
2.3686331090294104
