410022.295488
407824.2742370717
408584.1398784642
409321.0174504402
410036.066146302
410730.21854157496
411404.34952533414
412059.2973582749
412695.8664222448
413314.8279695262
413916.92088231
414502.85261160857
415073.30025028577
415628.911686178
416170.306794082
416698.0786371557
417212.79465713486
417714.997839236
418205.2078423221
418683.92208831257
419151.61680729844
419608.7480365819
420055.7525731454
420493.0488799288
420921.0379469281
421340.1041085303
421750.615818771
422152.9263863671
422547.37467143836
422934.28574588115
423313.9715193128
423686.731332486
424052.8525199905
424412.6109439957
424766.27283352165
425114.0886043546
425456.3066305386
425793.1603699514
426124.87542709394
426451.6686157028
426773.7553510882
427091.32191561227
427404.5679476252
427713.67196982034
428018.8267412738
428320.19443379843
428617.9407309443
428912.22487361194
429219.8145379811
429531.5389465095
429840.25471424445
430146.0910595697
430449.1663970236
430749.59502985695
431047.4872601596
431342.94953096117
431636.0845673414
431926.9915126298
432215.7660593915
432502.50057537254
432787.28422460804
433070.2030839006
433351.34025486413
433630.7759717202
433908.58770502184
434184.85026147676
434459.6358800228
434733.01432431553
435005.05297176936
435275.8168992884
435545.36896582023
435813.76989186136
436081.07833602594
436347.3509688015
436612.6425435922
436877.00596516096
437140.49235556537
437403.1511176847
437665.02999642637
437926.1751377084
438186.6311452863
438446.44113551755
438705.64679013635
438964.2884071089
439222.4049496438
439480.03409342526
439737.2122721277
439993.974721289
440250.35552058136
440506.3876345557
440762.10295190604
441017.53232330806
441272.70559788216
441527.65165833506
441782.398454821
442036.97303756955
442291.40158832894
442545.70945065754
442799.9211591139
443054.06046737527
443308.1503753322
443562.2131551839
443816.2703765781
444070.3429308247
444324.4510542184
444578.6143504964
444832.8518124678
445087.18184283795
445341.62227425765
445596.19038862514
445850.90293566557
446105.7761508118
446360.82577241305
446616.06705829274
446871.51480167644
447127.1833465161
447383.08660222724
447639.238057857
447895.65079571115
448152.33750444715
448409.31049166084
448666.5816959771
448924.16269866395
449182.06473478826
449440.2987039229
449698.875180424
449957.8044232927
450217.0963856331
450476.7607237199
450736.8068056907
450997.24371987116
451258.0802827474
451519.32504659996
459871.1077690211
460102.01777068
499730.763606508
496938.349550643
494192.3778080652
491505.53840593604
488884.1797595061
486331.250083757
483847.56314606674
481432.5492809201
479084.7443077136
476802.11658602976
474582.2882774748
472422.685874811
470320.6427651149
468273.4689102375
466278.4977892903
464333.11751407624
462434.79087796865
460581.06764931575
458769.5914316032
456998.1027306731
455264.4393944569
453566.53525726584
451902.4175848354
450270.20374847326
448668.09743668046
447094.3846265547
445547.4294755883
444025.6702502921
442527.61537679407
441051.83967676543
439596.98083738383
438161.7361550108
436744.85958764696
435345.1591504689
433961.49469142104
432592.776089968
431237.9619319102
429896.05872723757
428566.1207572427
427247.25066301925
425938.600922026
424639.37640565686
423348.83827288443
422066.3095392132
420791.18277522683
419522.9305479563
418261.1194405119
417005.4288001034
415755.6758165335
414511.84919242136
413274.15464419953
412043.0769504914
410819.46554367745
409604.654237744
408445.3090594345
407396.9653369289
406365.3161958888
405355.2618113456
404373.9794857292
403432.093292043
402545.7529279843
401740.25531821535
401057.22937151126
400569.90372024383
400420.54230766214
