-10.146920174374868
-10.17807181179022
-10.153814813054211
-10.129566061458757
-10.105131813534285
-10.080407271300935
-10.055331090500049
-10.029867447976146
-10.003995492716673
-9.977703100213803
-9.950983170935986
-9.923831432117922
-9.89624512703043
-9.868222227347779
-9.839760952955537
-9.810859471465262
-9.781515701654843
-9.751727175590773
-9.721490933245851
-9.69080343111252
-9.65966045730481
-9.628057044807605
-9.595987378635543
-9.563444693521307
-9.530421158999905
-9.496907748927548
-9.462894092307456
-9.428368301929718
-9.393316776786817
-9.357723973506838
-9.321572141128968
-9.284841012408704
-9.247507443427518
-9.209544991543089
-9.17092341956597
-9.131608111396972
-9.091559381080353
-9.050731653174989
-9.009072487341973
-8.966521413877926
-8.923008539348707
-8.878452872268069
-8.832760307595997
-8.78582119575902
-8.737507406735526
-8.68766878337746
-8.63612886201827
-8.582679726192394
-8.527075858133419
-8.469026622939959
-8.408188787565434
-8.344155771522063
-8.276448502938756
-8.204505839805806
-8.127678116796089
-8.04522801575031
-7.956346534460308
-7.860196911908862
-7.75600595857939
-7.643228157068111
-7.521806318017393
-7.392529064115505
-7.2574205285549045
-7.119988720830619
-6.985067379057837
-6.858057090230538
-6.743704162456087
-6.644957929019932
-6.562492108828715
-6.4950393472265935
-6.440194579033333
-6.395217274462871
-6.357570598310257
-6.325164153120933
-6.296397650112634
-6.270103131931331
-6.2454547320253795
-6.221880726804552
-6.198990983003106
-6.176521940060027
-6.154296857946641
-6.132197930259143
-6.110147082436565
-6.088092907727654
-6.066001846782214
-6.043852544305756
-6.021630830671371
-5.999328503868076
-5.976940728570133
-5.9544650179183805
-5.931900447869266
-5.909250271566675
-5.886509525009537
-5.863681930637474
-5.840766026701223
-5.817769277117527
-5.79469117446525
-5.771533636366132
-5.748298647791709
-5.724988233240292
-5.701604438238889
-5.678149317130698
-5.654624924965906
-5.631033312078941
-5.607376520432508
-5.583656581127957
-5.559875512689258
-5.536035319865055
-5.512137992775542
-5.48818550630112
-5.464179819628663
-5.440122875914188
-5.41601660202634
-5.391862908348945
-5.367663688627993
-5.343420819853402
-5.319136162167915
-5.294811558798448
-5.27044883600667
-5.246049803056181
-5.221616252193808
-5.197149958644241
-5.172652680616716
-5.148126159322196
-5.123572119000666
-5.098992266957932
-5.074388293610626
-5.049761872539512
-5.025114660550133
-5.000448297740534
-4.975764407574806
-4.95106459696348
-4.92635045634857
-4.901623559794434
-4.876885465082668
-4.8521377138117305
-4.827381831500434
-4.802619327694806
-4.777851696078441
-4.753080414585495
-4.728306945516692
-4.7035327356571965
-4.678759216396815
-4.653987803851759
-4.629219898988066
-4.604456887746288
-4.5797001411668985
-4.554951015516776
-4.53021085241635
-4.505480978966553
-4.48076270787659
-4.456057337591269
-4.431366152418192
-4.40669042265481
-4.38203140471472
-4.357390341253198
-4.33276846129204
-4.308166980343416
-4.283587100532709
-4.259030010720016
-4.234496886620203
-4.209988890921798
-4.185507173404093
-4.161052871052795
-4.136627108173831
-4.112230996505297
-4.087865635327796
-4.063532111572351
-4.039231499926997
-4.014964862940469
-3.9907332511245164
-3.966537703053448
-3.9423792454623414
-3.918258893341493
-3.8941776500304885
-3.8701365073082408
