149.836776
185.86693734692415
185.21823223017697
182.37092699960834
177.3905053288809
178.41181669809876
179.5642871022802
180.69312795791538
181.7018109729556
182.54937327502893
183.23289262549238
183.7696283500267
184.18553186390486
184.49675317389466
184.7402379248435
184.92605911325424
185.06997484504225
185.18347285986542
185.27521691279622
185.35170354119256
185.4177739067999
185.4770209142919
185.53209278700737
185.58494615269322
185.6370155344699
185.6893488800035
185.74270982940848
185.79764684687206
185.8545512208291
185.91369506971077
185.97526377164763
186.039376401527
186.10610274750655
186.17547565289954
186.24750025320043
186.3221609124517
186.399426448603
186.47925408489667
186.561592448664
186.6463838556851
186.73356403806915
186.82307138358874
186.9148363643926
187.00878991880938
187.10486220923386
187.20298310244675
187.30308254337766
187.40509084695177
187.50893892542447
187.61456032431786
187.72188412066194
187.8308456208165
187.94137954494389
188.05342177675521
188.166909409263
188.28178077864436
188.39797372718948
188.51543244166396
188.63409752409632
188.75391243814207
188.87482193932576
188.99677206927896
189.1197119511934
189.24358682208145
189.3683481128644
189.49394691171233
189.6203355336026
189.7474655999157
189.8752953237016
190.00377894780257
190.1328751814801
190.26253915356062
190.39273158123086
190.5234118338372
190.65454322764313
190.78608655111282
190.91800863067607
191.0502702708217
191.18283685327634
191.3156777361802
191.44876071928897
191.5820514605068
191.71551889485923
191.84913765695205
191.98287506197374
192.11670248930744
192.25059734475235
192.38452765523087
192.5184732792441
192.65240408918962
192.786301611212
192.9201382101525
193.05389168925933
193.18754294564607
193.32106941160248
193.45445209224317
193.5876672688213
193.72070099190185
193.85353099639704
193.9861393771785
194.11851156547928
194.250630970804
194.38247752355764
194.51403965039032
194.6453023152257
194.77624752553004
194.90686504812308
195.03714006622525
195.16705973239672
195.29661159542047
195.4257849897173
195.55456505862736
195.68294403913757
195.8109101890656
195.93845455784617
196.06556394026407
196.19223326119402
196.31845042138096
196.4442079600387
196.56949667637093
196.69431135783304
196.81864184649254
196.94248218408205
197.06582749626813
197.188673101888
197.31103284146872
197.43299645579447
197.55466419799623
197.67700454391723
197.79172645329388
197.91111237146401
198.03084466806374
198.157072115655
198.26688427564736
198.3850934310266
198.5020743547257
198.61859131535792
198.7427038522115
198.858333437494
198.9625745236857
199.0871860745887
199.19972470475895
196.04825942466744
196.16796292725456
196.28520805668586
196.40024634876278
196.51330367227993
196.62457605377637
196.73423188277627
196.84241556107898
196.94925097442967
197.05484451782542
197.15928767858324
197.26265923226978
197.36502710754107
197.46644997105952
197.56697857457476
197.666656901176
197.76552314099087
197.86361052266065
197.96094802220443
198.05756096819093
198.1534715583626
198.24869930155702
198.34326139544345
198.43717305018964
198.53044776584284
198.6230975701641
198.71513322273813
198.80656439050767
198.89739979847627
198.9876473595212
199.0773142861048
199.16640718669984
199.25493214864653
199.3428948099059
199.4303004210275
199.51715389842244
199.60345987075772
199.6892227188368
199.77444661028883
199.85913552941864
199.94329330313968
200.02692362368475
200.11003006754657
200.19261611303432
200.27468515427285
200.35624051422758
200.4372854554474
200.51782318976467
200.5978568862565
200.67738967859026
200.75642467095332
200.83496494344016
200.91301355651112
200.99057355506415
201.06764797157203
201.14423982918717
201.22035214391258
201.29598792693784
