243.58657
255.08633565540595
254.4450223542808
253.80212957450576
253.15483510312515
252.50256112943862
251.84530456663808
251.18320246907857
250.51642129471105
249.84512896326189
249.1694880512027
248.4896543704641
247.80577690424377
247.1179980709115
246.42645405388473
245.73127513163325
245.03258599214803
244.33050602900002
243.62514961928983
242.91662638452559
242.20504143557557
241.4904956028074
240.77308565243507
240.05290449003928
239.33004135212724
238.60458198655425
237.87660882255256
237.14620113105653
236.41343517597153
235.67838435697402
234.9411193443926
234.20170820668156
233.46021653095494
232.7167075370203
231.971242185321
231.2238792791606
230.47467556156465
229.72368580710372
228.97096290898548
228.21655796169355
227.4605203394454
226.702897770708
225.94373640900557
225.18308090023532
224.42097444668514
223.65745886795065
222.892574658917
222.1263610449764
221.35885603463186
220.59009646963145
219.82011807276848
219.0489554934715
218.27664235130646
217.50321127749726
216.7286939545737
215.9531211542399
215.1765227735588
214.39892786953553
213.62036469218572
212.84086071615624
212.06044267097994
211.2791365700243
210.49696773819818
209.71396083848109
208.93013989732236
208.14552832897053
207.36014895877727
206.5740240455247
205.78717530281747
204.9996233561208
204.21139003449645
203.42249495600004
202.63295784856493
201.8427979903629
201.0520342256091
200.26068498016753
199.4687682766786
198.67630174909357
197.8833026565989
197.0897878969412
196.29577401917382
195.50127723583597
194.70631343458507
193.9108981892984
193.1150467706558
192.3187741562175
191.52209504000945
190.72502384162559
189.927574714859
189.12976155586705
188.3315980108835
187.53309748347797
186.73427314137518
185.93513792283252
185.13570454258505
184.33598549735947
183.53599307095888
182.73573933892087
181.93523617274974
181.13449524372376
180.33352802627635
179.53234580095034
178.73095965692545
177.9293804941136
177.12761902482293
176.32568577498637
175.52359108494898
174.721345109814
173.91895781934113
173.11643899739312
172.31379824092448
171.51104495851203
170.70818836841624
169.9052374961729
169.10220117170869
168.29908802597623
167.49590648710307
166.6926647760531
165.88937090179348
165.08603265596722
164.28265760706725
163.47925309410957
162.6758262198092
161.87238384325582
161.068932572091
160.26547875419567
159.46202846888798
158.65858751764125
157.85516141433317
157.0517553750369
156.2483743073691
155.44502279941412
154.6417051082468
153.8384251480757
153.035186478041
152.23199228969733
151.4288453942219
150.62574820939165
149.82270274637972
149.01971059642585
148.21677291744479
147.41389042064137
146.61106335720953
145.80829150520177
145.00557415666188
144.20291010512486
143.40029763359775
142.59773450314452
141.79521794220932
140.99274463682468
140.19031072186255
139.38791177349933
138.5855428030794
137.78319825257284
136.9808719918424
136.17855731794424
135.37624695670368
134.57393306682553
133.77160724680883
132.96926054495515
132.16688347277614
131.36446602211888
130.56199768634377
129.75946748590874
128.956863998723
128.15417539565084
127.35138948155881
126.54849374231075
125.74547539812724
124.94232146373307
124.13901881572552
123.3355542676003
122.53191465287237
121.72808691673254
120.92405821667087
120.11981603249478
119.31534828615548
118.5106434717793
117.70569079628036
116.90048033090156
116.0950031740004
115.28925162535329
114.48321937220814
113.67690168726091
112.87029563866867
112.0634003121454
111.25621704510789
110.44874967275378
109.64100478585968
108.83299199998578
108.02472423566208
107.21621800901309
106.40749373215202
105.59857602254155
104.789494020383
103.98028171294675
103.17097826461449
102.36162835125324
101.552282497391
100.74299741452087
