18.288473456851158
18.288339682157783
18.28823857040036
18.28814387868903
18.288050602956464
18.287957626394828
18.287864692323772
18.287771737374342
18.287678741904024
18.28758569636049
18.28749259369534
18.28739942763666
18.28730619228156
18.287212881987365
18.287119491331563
18.287026015088447
18.28693244821066
18.286838785812975
18.28674502315748
18.286651155639994
18.286557178777542
18.286463088196804
18.286368879623467
18.28627454887238
18.28618009183843
18.286085504488085
18.28599078285158
18.285895923015627
18.285800921116625
18.285705773334374
18.285610475886163
18.285515025021255
18.285419417015756
18.285323648167743
18.285227714792743
18.285131613219427
18.28503533978558
18.284938890834287
18.284842262710338
18.28474545175675
18.284648454311554
18.28455126670466
18.28445388525491
18.284356306267245
18.284258526029976
18.284160540812177
18.28406234686118
18.283963940400135
18.283865317625693
18.2837664747057
18.28366740777704
18.283568112943453
18.283468586273464
18.28336882379835
18.283268821510124
18.283168575359582
18.283068081254402
18.282967335057226
18.282866332583804
18.282765069601147
18.282663541825713
18.28256174492159
18.282459674498714
18.282357326111065
18.28225469525492
18.282151777367066
18.28204856782304
18.28194506193536
18.281841254951765
18.281737142053448
18.28163271835328
18.281527978894022
18.28142291864654
18.281317532508023
18.28121181530014
18.28110576176725
18.280999366574523
18.28089262430613
18.28078552946333
18.2806780764626
18.280570259633713
18.280462073217812
18.28035351136544
18.280244568134567
18.28013523748858
18.280025513294255
18.279915389319687
18.279804859232197
18.27969391659623
18.27958255487119
18.279470767409258
18.27935854745317
18.279245888134
18.279132782468814
18.279019223358425
18.27890520358496
18.278790715809514
18.27867575256969
18.27856030627713
18.278444369215002
18.278327933535426
18.27821099125689
18.278093534261586
18.277975554292727
18.277857042951805
18.27773799169582
18.27761839183442
18.277498234527037
18.277377510779974
18.277256211443376
18.27713432720823
18.277011848603276
18.276888765991853
18.276765069568714
18.276640749356783
18.27651579520384
18.276390196779133
18.276263943570015
18.276137024878416
18.27600942981731
18.27588114730714
18.275752166072124
18.27562247463654
18.275492061320946
18.275360914238334
18.27522902129018
18.275096370162505
18.274962948321793
18.274828743010882
18.27469374124479
18.274557929806456
18.274421295242426
18.27428382385843
18.274145501714955
18.274006314622692
18.27386624813794
18.273725287557895
18.273583417915944
18.273440623976807
18.273296890231627
18.27315220089305
18.273006539890094
18.272859890863078
18.2727122371584
18.27256356182327
18.272413847600326
18.272263076922236
18.27211123190617
18.271958294348206
18.271804245717675
18.271649067151426
18.271492739447986
18.271335243061692
18.27117655809668
18.271016664300877
18.27085554105982
18.270693167390508
18.270529521935085
18.270364582954496
18.270198328322056
18.27003073551694
18.26986178161761
18.269691443295162
18.2695196968066
18.269346517988037
18.269171882247843
18.2689957645597
18.268818139455608
18.268638981018828
18.26845826287671
18.26827595819356
18.268092039663337
18.26790647950237
18.26771924944196
18.267530320720976
18.267339664078385
18.267147249745694
18.26695304743941
18.266757026353407
18.266559155151263
18.266359401958574
18.26615773435522
18.265954119367617
18.26574852346091
18.265540912531172
18.265331251897596
18.26511950629465
18.264905639864214
18.264689616147763
18.264471398078513
18.264250947973586
18.26402822752621
18.263803197797927
18.263575819210832
18.26334605153986
18.263113853905132
18.26287918476433
18.262642001905174
18.262402262437963
18.2621599227882
