1690.7680320153654
805.0390645190282
804.6311835287652
804.2136930559876
803.7868677606431
803.3508481863773
802.9057522785471
802.4516870860183
801.9887523535431
801.5170421923533
801.0366459433286
800.5476486670466
800.0501314575442
799.5441716706001
799.0298431085562
798.5072161812842
797.976358052497
797.4373327758373
796.8902014229981
796.3350222050508
795.7718505877032
795.2007394009934
794.6217389437672
794.0348970832562
793.4402593500366
792.8378690286017
792.2277672437883
791.6099930432638
790.9845834762733
790.3515736688411
789.7109968955931
789.0628588105105
788.4072411821467
787.7441459773859
787.073599722671
786.3956274061424
785.7102525333214
785.0174971794412
784.3173820395193
783.6099264762458
782.8951485658008
782.1730651416744
781.4436918366005
780.7070431226622
779.9631323496687
779.2119717818712
778.453572633082
777.687945100282
776.9150983957584
776.1350407778532
775.3477795803724
774.5533212407048
773.7516713267172
772.9428345624668
772.1268148527741
771.3036153067201
770.4732382600887
769.6356852968128
768.7909572694568
767.9390543187793
767.0799758923995
766.213720762622
765.3402870434393
764.4596722067467
763.5718730978078
762.676885949993
761.7747063988286
760.8653294953682
759.9487497189424
759.0249609892787
758.0939566780436
757.1557296198209
756.2102721225501
755.2575759774534
754.297632468462
753.3304323811835
752.3559660114131
751.3742231732177
750.3851932066176
749.388864984877
748.38522692143
747.3742669764575
746.355972663134
745.3303310535657
744.2973287844393
743.2569520623881
742.2091866691104
741.1540179662413
740.0914309000043
739.0214100056625
737.9439394117663
736.8590028442487
735.7665836303387
734.6666647023563
733.5592286013665
732.4442574807301
731.3217331095561
730.1916368760736
729.0539497909408
727.9086524904985
726.7557252399962
725.5951479367809
724.4269001134923
723.2509609412543
722.067309232889
720.8759234461655
719.6767816870894
718.4698617132545
717.25514093727
716.0325964302638
714.8022049254943
713.5639428220638
712.317786188758
711.0637107680195
709.801691980068
708.5317049271746
707.2537243981116
705.967695865635
704.6736504121352
703.3715340013629
702.0613202163929
700.7429823519165
699.4164934199847
698.0818261559534
696.7389530246762
695.387846226967
694.0284777063263
692.6608191559594
691.2848420260875
689.9005175315438
688.507816659699
687.1067101786945
685.6971686459979
684.2791624172975
682.8526616557394
681.4176363415086
679.974056281765
678.5218911209497
677.0611103514505
675.5916833246464
674.1135792623436
672.6267672685794
671.1312163418382
669.6268953876532
668.1137732316207
666.5918186328153
665.0610002976222
663.521286893988
661.9726470660885
660.4150494494255
658.8484626863495
657.272855442015
655.6881964207719
654.0944543829917
652.4915981623346
650.8795966834589
649.2584189801721
647.6280342140287
645.9884116933739
644.339520892836
642.6813314732575
641.013813302095
639.3369364742393
637.6506713333102
635.9549884933781
634.2498588611481
632.5352536585767
630.8111444459402
629.0775031453462
627.334302064678
625.5815139219869
623.8191118703078
622.0470695229222
620.2653609790328
618.4739608498819
616.6728442852753
614.8619870005347
613.0413653038571
611.2109561240869
609.3707370388864
607.5206863033088
605.6607828787561
603.7910064623344
601.9113375165792
600.0217570933876
598.1222476877074
596.2127920352528
594.2933739650226
592.3639782254801
590.4245905164586
588.4751975213613
586.5157869396654
584.5463475197405
582.5668690919686
580.5773426021536
578.5777601452152
576.568114999154
574.5484016592858
572.5186158727172
570.4787546730842
