23.079475291720623
23.07891832433035
23.078371732271926
23.077826693517544
23.077282146003142
23.076737766204406
23.076193447300287
23.075649172341684
23.075104963302003
23.074560859222203
23.074016906779985
23.073473156214668
23.072929659560224
23.072386469871816
23.0718436408795
23.071301226825035
23.07075928237718
23.07021786258031
23.069677022817146
23.06913681877726
23.068597306427943
23.0680585419858
23.067520581888566
23.06698348276684
23.06644730141564
23.065912094765775
23.06537791985502
23.06484483379913
23.06431289376267
23.06378215692978
23.063252681014916
23.06272452207667
23.062197737713984
23.06167238489767
23.061148520468983
23.060626201111667
23.060105483322868
23.059586423384005
23.05906907733166
23.058553500928685
23.058039749635427
23.057527878581208
23.057017942536046
23.05650999588261
23.056004092588555
23.05550028617912
23.054998629710145
23.054499175741405
23.054001976310435
23.053507082906744
23.053014546446487
23.052524417247664
23.05203674500581
23.05155157877021
23.051068966920667
23.05058895714489
23.050111596416425
23.049636930973254
23.04916500629697
23.048695867092686
23.048229557269533
23.04776611992188
23.047305597311304
23.046848030849173
23.046393461080022
23.045941927665663
23.045493469370026
23.04504812404477
23.04460592861565
23.044166919069657
23.043731130442943
23.043298596809517
23.042869351270756
23.04244342594566
23.042020851961933
23.041601659447853
23.0411858775249
23.040773534301223
23.040364656865826
23.039959271283625
23.039557402591186
23.03915907479331
23.038764310860337
23.038373132726228
23.037985561287385
23.037601616402224
23.037221316891458
23.03684468053912
23.036471724094262
23.036102463273398
23.035736912763564
23.0353750862261
23.035016996301056
23.03466265461224
23.0343120717729
23.033965257391976
23.033622220081018
23.03328296746158
23.032947506173265
23.03261584188221
23.03228797929017
23.031963922144104
23.031643673246137
23.031327234464154
23.031014606742705
23.030705790114386
23.030400783579395
23.03009958565038
23.029802193561164
23.029508603817696
23.029218812077012
23.028932813160395
23.02865060106727
23.02837216898918
23.028097509324198
23.027826613691513
23.02755947294624
23.027296077194418
23.02703641580823
23.02678047744133
23.026528250044407
23.02627972088076
23.02603487654207
23.025793702964272
23.025556185443428
23.025322308626755
23.025092056610887
23.024865412864433
23.024642360282524
23.02442288120188
23.024206957416208
23.02399457019198
23.023785700284385
23.02358032795325
23.02337843297897
23.023179994678305
23.02298499192019
23.0227934031414
23.022605206362105
23.02242037920135
23.02223889889237
23.022060742297796
23.021885885924732
23.021714305939646
23.02154597818313
23.0213808781845
23.021218981176208
23.02106026210808
23.020904695661397
23.020752256262746
23.02060291809768
23.02045665512424
23.020313441086174
23.02017324952605
23.020036053798073
23.019901827080748
23.019770542389278
23.019641716392304
23.019516495678637
23.019393989708732
23.019274246420512
23.0191572803044
23.019043080571393
23.018931626084765
23.018822891591093
23.01871685018588
23.01861347428876
23.01851273603256
23.01841460742188
23.018319060401037
23.018226066886264
23.0181355987837
23.01804762800172
23.01796212646084
23.0178790661026
23.01779841889789
23.017720156854875
23.017644252026695
23.017570676518957
23.017499402496934
23.017430402192602
23.01736364791145
23.017299112039087
23.017236767047667
23.017176585502067
23.017118540065923
23.017062603507423
23.017008748704956
23.01695694865257
23.01690717646518
23.01685940538369
23.016813608779902
23.01676976016122
23.016727833175228
23.0166878016141
23.01664963941882
23.01661332068327
23.01657881965815
23.01654611075477
23.01651516854867
