95.85090199476652
88.87343872794835
88.75569979516867
88.31816702948919
87.0605721633509
86.95683569970888
87.05121916051688
87.13980349048963
87.22415193277772
87.30520898869646
87.38345609273647
87.45612629258923
87.53126711560998
87.60150438430223
87.66907255313392
87.73407328413303
87.79658306576037
87.8566816327874
87.91445228975377
87.969979310397
88.02334577936581
88.07463225816868
88.12391576924362
88.17126951774476
88.21676277367997
88.26046096793378
88.30242592160536
88.34271600139876
88.38138653944809
88.41849001335149
88.45407630260338
88.4881930174463
88.52088558349165
88.55219752948166
88.582170580291
88.61084489464054
88.63825907556058
88.66445044551517
88.68945500322118
88.71330751308199
88.73604165207965
88.7576900886336
88.77828446627413
88.79785540532146
88.81643277159024
88.83404541778532
88.85072151488852
88.86648829785955
88.88137236912551
88.89539951469857
88.90859483161557
88.92098272852878
88.93258696848417
88.94343060916782
88.95353612107354
88.96292541673397
88.97161971269726
88.97963972149749
88.98700557550772
88.9937368657236
88.99985265611426
89.00537149485044
89.01031141083894
89.01468999992382
89.0185242987821
89.02183096180073
89.02462616156454
89.0269255948705
89.02874460113735
89.03009805775925
89.03100040594964
89.03146523956487
89.03150053854775
89.03116892112746
89.03034277444046
89.02927217244793
89.02774511256034
89.02586398429253
89.02363921343971
89.02107594511025
89.05530131950464
89.0526682598905
89.04970539758096
89.04641051712282
89.04279477677574
89.03887070250035
89.03465060720714
89.03014636844478
89.02536939539645
89.02033062998028
89.01504055862256
89.00950922923127
89.00374627098874
88.99776091544409
88.99156201793576
88.98515807865837
88.97855726296783
88.97176742066304
88.96479610412308
88.9576505851973
88.95033787092109
88.94286471802572
88.93523764634998
88.9274629511806
88.91954671464437
88.91149481617413
88.90331294219888
88.89500659505276
88.88658110123023
88.87804161902756
88.86939314562234
88.860640523669
88.8517884474282
88.84284146850545
88.83380400121226
88.82468032758747
88.815474602139
88.80619085628996
88.79683300258158
88.78740483866342
88.77791005105094
88.76835221872503
88.75873481651827
88.74906121838285
88.73933470048279
88.72955844416106
88.71973553877491
88.70986898442582
88.69996169455541
88.69001649847581
88.68003614377035
88.67002329861957
88.65998055404974
88.64991042608375
88.63981535783746
88.62969772153363
88.61955982043648
88.60940389075836
88.59923210346432
88.58904656604733
88.57884932423731
88.56864236365729
88.55842761143109
88.54820693773917
88.53798215733828
88.52775503101891
88.51752726703772
88.50730052249617
88.49707640468783
88.48685647240288
88.47664223719282
88.46643516461084
88.4562366754001
88.44604814667035
88.43587091302409
88.42570626765963
88.41555546344212
88.40541971395209
88.39530019449525
88.38519804309286
88.3751143614404
88.36505021584617
88.35500663813804
88.34498462655291
88.3349851466041
88.32500913191366
88.31505748503568
88.30513107825618
88.29523075436128
88.285357327404
88.27551158343417
88.26569428121805
88.25590615293717
88.24614790487398
88.2364202180672
88.22672374897087
88.21705913007156
88.20742697051554
88.1978278567003
88.18826235285484
88.17873100162461
88.16923432460166
88.15977282289471
88.15034697762745
88.14095725047389
88.13160408415376
88.12228790291215
88.11300911300918
88.10376810317439
88.094565245067
88.0854008937155
88.07627538794262
88.06718905080201
88.05814218996343
88.04913509813561
88.04016805344587
88.03124131981798
88.02235514735013
88.01350977267374
88.00470541930571
