61.973004981240905
61.813453440757606
61.66127511931131
61.51602144604113
61.377285406892064
61.24469355083817
61.11790182843621
60.99659237137801
60.880470760227404
60.76926366164525
60.66271677120986
60.56059301389221
60.46267096333171
60.368743447861256
60.278616316651906
60.19210734373378
60.10904525122315
60.02926883601426
59.952626186605045
59.87897397872085
59.80817684005804
59.74010677585348
59.674642648146275
59.611669702574595
59.55107913737575
59.49276770995742
59.43663737700366
59.38259496458799
59.33055186520151
59.280423758978976
59.23213035672867
59.18559516265073
59.14074525487153
59.097511082131525
59.055826275147886
59.015627471333914
58.97685415169679
58.93944848886
58.90335520526403
58.86852144069554
58.83489662644294
58.802432375184424
58.77108236623203
58.7408022453401
58.7115495288522
58.68328351348055
58.65596519137077
58.62955717006702
58.60402359702615
58.57933008836035
58.55544366151449
58.53233267160981
58.50996675120694
58.48831675326218
58.46735469480088
58.44705371239097
58.427388005681706
58.40833279697755
58.38986428385457
58.3719314443902
58.354475413221515
58.33747874410715
58.32092462873695
58.304796879900636
58.289079907763345
58.273758696436246
58.25881878146368
58.24424622826718
58.230027611508916
58.21614999533046
58.20260091442391
58.189368355894665
58.176440741878004
58.163806912873085
58.15145611176109
58.139377968475124
58.12756248529188
58.11600002271681
58.10468128593545
58.09359731180604
58.08273945636885
58.0720993828497
58.061669050135954
58.051440701704514
58.04140685498241
58.031560291121444
58.02189404516937
58.01240139662098
58.003075860333155
57.99391117778891
57.98490130869582
57.976040422905406
57.967322892640304
57.95874328501678
57.95029635485059
57.94197703773508
57.93378044338063
57.92570184920492
57.9177366941644
57.90988057281732
57.90212922960938
57.89447855337326
57.88692457203386
57.879463447511306
57.87209147081395
57.864805057314406
57.85760074220135
57.85047517610055
57.84342512085867
57.836447445483714
57.8295391222362
57.822697222865344
57.81591891498506
57.809201458583956
57.80254220266517
57.79593858201052
57.78938811406451
57.782888395934044
57.77643710149918
57.770031978630946
57.763670846512504
57.757351593059305
57.75107217243523
57.74483060266072
57.738624963309675
57.73245339329196
57.72631408871813
57.720205300843574
57.71412533408929
57.708072544135895
57.702045336089085
57.69604216271305
57.69006152273004
57.68255412266505
57.675144386138335
57.57042794266553
57.468686393770874
57.37011442130013
57.274855362462866
57.183006124621365
57.094628389171426
57.00975756667445
56.92840942066821
56.85058498016508
56.77627423313486
56.70545894248994
56.63811482056413
56.57421322775213
56.513722513682204
56.45660908691318
56.40283827657922
56.35237503341851
56.3051845061315
56.26123252064762
56.22048598371971
56.18291322768555
56.1484843098048
56.117171276996444
56.08894840484938
56.063792418308104
56.04168270033352
56.02260149402872
56.00653410314327
55.99346909548703
55.98339851356922
55.976318096711246
55.97222751895605
55.97113064730892
55.97303582520221
55.97795618659223
55.98591000679178
55.996921097049096
56.01101925104676
56.02824075297103
56.0486289586756
56.07223496383797
56.09911837603052
56.12934821149533
56.16300394239377
56.200176726768255
56.24097086192587
56.285505513164004
56.33391678475946
56.386360220466486
56.44301384867647
56.50408192629333
56.56979959050345
56.640412034865335
56.71618887586608
56.79751387215395
56.88483922651243
56.978703251507504
57.07975458003867
57.188786302745605
57.306785659902616
57.43500922035471
57.57510226433799
57.72930039148464
57.900798952972075
58.0945131470345
