238.63707000000002
256.722781143935
257.50150880134134
257.2153085505111
255.00588304351382
257.1063100734405
258.9636213088607
260.446195673442
261.6046390574188
262.49573768076493
263.1751895666776
263.6923107203264
264.0884647040159
264.39290108162476
264.6327815172553
264.82503231704834
264.98288617302944
265.11593357402984
265.2310875932045
265.3333144623775
265.4261727406003
265.5122100944104
265.5932493834313
265.6705959236789
265.74518431061836
265.81768538802385
265.88858092404524
265.958217607636
266.02684543415705
266.0946450988735
266.1617475608267
266.2282477331403
266.2942156554714
266.3597019511494
266.4247441048437
266.4893698827133
266.55359999552485
266.617450018586
266.68093177842763
266.7440543559435
266.80682510638815
266.86924904631604
266.9313309105337
266.99307434020636
267.0544823566664
267.1155575119542
267.1763017296608
267.23671743322626
267.29680608173356
267.3565692063202
267.41600820226057
267.4751246185464
267.53391916171256
267.59239318491103
267.65054774616846
267.7083835925886
267.7659021542373
267.8231041272457
267.87999063477247
267.93656199308526
267.99281942019576
268.0487635420743
268.10439530248266
268.15971561978773
268.2147248435802
268.2694236730113
268.32381322259533
268.3778942664898
268.431667103872
268.48513235062927
268.53829141101363
268.59114412612655
268.6436919750782
268.69593488444195
268.74787430654914
268.799510131601
268.8508436944899
268.90187544621847
268.95260608523927
269.0030363125006
269.05316703966037
269.1029983944108
269.152531675438
269.2017674270475
269.25070634377204
269.2993493885745
269.34769672965524
269.3957498783577
269.44350886899014
269.49097501510886
269.53814890318654
269.5850315120801
269.63162317539656
269.6779253061783
269.7239381747055
269.7696631351249
269.8151005259493
269.8602515898006
269.90511706276595
269.94969783176117
269.9939947822943
270.03800895776874
270.0817409921303
270.1251920426047
270.1683633282579
270.2112584418644
270.253885907327
270.2962853639634
270.3378924794243
270.37959297724706
270.4212257256423
270.4633048504398
270.5032499409226
270.54502196178964
270.58536397310235
270.6245094557328
270.66557181051235
270.7053117754009
271.72080324034226
271.76834975380746
271.8143019238204
271.858904331184
271.90234972907393
271.9447951276037
271.9863694643534
272.0271789230356
272.06731110124895
272.1068383782094
272.14582065641156
272.1843075988543
272.2223404567579
272.25995356421356
272.29717556147824
272.3340303973187
272.37053815096186
272.4067157067895
272.4425773087823
272.47813501651166
272.513399080581
272.54837825201713
272.5830800375525
272.6175109103761
272.6516764843702
272.6855816582595
272.71923073499994
272.7526275207492
272.7857754069841
272.8186774386905
272.85133637109965
272.8837547168264
272.9159347851669
272.9478787148484
272.97958850133534
273.0110660196297
273.04231304332114
273.07333126051043
273.104122287144
273.13468767813447
273.1650289367441
273.1951475223765
273.2250448571592
273.25472233144893
273.284181308418
273.3134231279597
273.3424491099249
273.37126055684513
273.39985875620613
273.4282449823859
273.4564204982305
273.4843865564322
273.5121444006001
273.53969526624394
273.567040381521
273.5941809678773
273.6211182406119
273.64785340929774
273.67438767812183
273.7007222462217
273.72685830789453
273.7527970527687
273.77853966600827
273.80408732836645
273.8294412163271
273.8546025021088
273.8795723537677
273.9043519351768
273.9289424060615
273.9533449219951
273.97756063439545
274.0015906904888
274.0254362333015
274.0490984016444
274.07257833003905
274.0958771487319
274.11899598361504
274.14193595620645
274.16469818359917
274.18728377844354
274.20969384884586
274.231929498393
