2493.8702015999997
92.80001509883128
92.60035536704038
92.36365475208773
92.12670319687918
91.89694540181539
91.67556635586615
91.46244764410606
91.25722584084964
91.05951502222855
90.86895070965768
90.68519615310169
90.50794104231925
90.33689900007207
90.17180514211753
90.01241391937634
89.85849724063957
89.70984283789196
89.56625264540422
89.42754231687488
89.29353890567069
89.16408072615052
89.03901622477065
88.91820325981413
88.80150810950391
88.68880523718335
88.57997640437593
88.47491022650084
88.37350167718331
88.27565163679512
88.18126647965514
88.09025769490268
88.00254153756798
87.91803870687775
87.83667404932183
87.75837628420396
87.68307774976286
87.6107141680852
87.5412244272249
87.4745503791484
87.4106366522095
87.34943047699767
87.29088152452306
87.23494175579357
87.18156528186617
87.1307082336462
87.08232864129293
87.03638631800882
86.99284276137291
86.95166104866603
86.91280574865027
86.8762428355403
86.84193960930828
86.80986462125642
86.77998760450492
86.75227940898361
86.7267119406974
86.70325810486668
86.68189175274226
86.66258763180157
86.64532133909603
86.63006927753847
86.61680861491082
86.60551724542337
86.59617375364
86.58875738060512
86.58324799203281
86.57962604840426
86.57787257686675
86.57796914478966
86.57989783488522
86.58364122177882
86.58918234994287
86.596504712903
86.60559223362763
86.6164292460289
86.62900047750664
86.64329103247121
86.65928637676869
86.67697232296985
86.69633501645927
86.71736092227789
86.74003681266552
86.76434975528316
86.79028710204211
86.8178364785253
86.8469857739728
86.87772313175681
86.9100369403841
86.9439158249217
86.97934863888959
87.01632445653252
87.05483256550869
87.09486245991083
87.13640383366823
87.17944657423685
87.2239807566282
87.26999663771099
87.31748465079477
87.36643540047938
87.41683965774268
87.46868835526469
87.52197258298162
87.57668358384485
87.63281274977292
87.69035161781657
87.74929186647002
87.80962531219453
87.87134390606039
87.9344397305903
87.99890499670836
88.0647320408583
88.13191332224554
88.2004414202004
88.27030903167538
88.34150896884695
88.41403415683087
88.48787763151248
88.56303253745293
88.6394921259211
88.71724975298693
88.79629887773197
88.87663306051411
88.95824596132721
89.04113133823545
89.12528304588272
89.21069503405057
89.29736134631429
89.38527611873005
89.4744335786089
89.56482804332387
89.6564539191881
89.74930570038305
89.84337796793159
89.93866538871302
90.03516271453984
90.13286478127054
90.23176650795017
90.33186289601693
90.43314902851324
90.53562006937211
90.63927126270008
90.74409793211699
90.85009548011726
90.95725938746236
91.06558521259953
91.17506859111697
91.28570523520874
91.3974909331783
91.51042154895804
91.62449302165312
91.7397013651029
91.85604266747005
91.97351309084046
92.0921088708461
92.21182631630388
92.3326618088704
92.45461180270736
92.5776728241773
92.70184147153562
92.82711441463665
92.95348839467496
93.08096022390431
93.20952678539747
93.339185032804
93.46993199010514
93.60176475141317
93.73468048073927
93.86867641180247
94.00374984782431
94.13989816134536
94.2771187940422
94.41540925655082
94.55476712830088
94.69519005734787
94.83667576022599
94.97922202178724
95.1228266950572
95.26748770110376
95.41320302887985
95.55997073511138
95.7077889441576
95.85665584788575
96.00656970555744
96.15752884369876
96.30953165599887
96.46257660319061
96.61666221294081
96.77178707975509
96.92794986485947
97.08514929611222
97.24338416789838
97.40265334104296
97.56295574270072
97.72429036628276
97.88665627136088
98.0500525835762
98.21447849455757
98.37993326184444
98.54641620878887
