0.0027194
0.00040006087414304553
0.00039647310475095286
0.0003935742874623637
0.0003912323042482251
0.00038934428137176586
0.0003878300099530329
0.0003866265075350416
0.0003856838446177871
0.0003849620254044636
0.0003844286813518736
0.00038405735194335915
0.0003838262023567723
0.00038371705667813094
0.00038371466184282995
0.00038380611889422524
0.00038398044597808543
0.00038422823304948734
0.0003845413678626123
0.00038491282058716663
0.00038533646843438103
0.0003858069529737144
0.00038631956549265415
0.00038687015089414
0.0003874550300171707
0.00038807093317154705
0.0003887149461655084
0.00038938446275409096
0.0003900771464572239
0.0003907908969429245
0.00039152382181565823
0.0003922742113478257
0.0003930405186197416
0.0003938213405175583
0.0003946154020429507
0.00039542154253881397
0.0003962387035046343
0.0003970659186189233
0.00039790230342843223
0.0003987470477657213
0.00039959940842787685
0.00040045870256439405
0.00040132430210021864
0.0004021956285531283
0.0004030721483667932
0.0004039533692593591
0.000404838835565788
0.0004057281262662368
0.0004066208511762228
0.00040751664839085383
0.0004084151821168327
0.0004093161402793474
0.0004102192326277152
0.00041112418904389926
0.0004120307577073124
0.0004129387038617513
0.00041384780833484156
0.00041475786635340706
0.0004156686864350746
0.0004165800893865983
0.0004174919074258126
0.00041840398316630984
0.0004193161690947457
0.0004202283266059066
0.00042114032555564356
0.00042205204358897923
0.00042296336558297036
0.0004238741831354289
0.00042478439410787214
0.00042569390226779015
0.0004266026168665057
0.0004275104521824873
0.00042841732735351826
0.0004293231659372026
0.0004302278957338779
0.00043113144840319117
0.00043203375935617713
0.00043293476747287594
0.0004338344148921102
0.0004347326467940091
0.00043562941128333577
0.00043652465924812585
0.0004374183440698809
0.00043831042172026675
0.00043920085032871445
0.00044008959031211804
0.00044097660421498
0.0004418618564573314
0.000442745313477151
0.00044362694337186134
0.0004445067160557195
0.000445384603090596
0.00044626057751517167
0.00044713461393073564
0.00044800668838935754
0.00044887677829052216
0.00044974486235674544
0.0004506109206085276
0.0004514749342592756
0.0004523368857623261
0.0004531967586549526
0.0004540545375864502
0.0004549102083252595
0.0004557637575644504
0.0004566151731329283
0.0004574644437234275
0.0004583115590283303
0.0004591565096681391
0.00045999928703981406
0.00046083988360000376
0.0004616782923142402
0.00046251450759356806
0.0004633485241169909
0.00046418033749694014
0.0004650099441362297
0.0004658373412113547
0.0004666625266266329
0.00046748549901992387
0.0004683062577627749
0.00046912480289371355
0.0004699411351689233
0.00047075525597984567
0.0004715671675140033
0.0004723768724501732
0.0004731843742285728
0.0004739896768661321
0.00047479278508605696
0.0004755937041950237
0.00047639244009083824
0.0004772067092271643
0.0004780084210176601
0.00047880086761834277
0.000479591163409234
0.0004559626268745241
0.00045640028454382154
0.00045686549621251046
0.0004573566171709282
0.0004578720915419437
0.00045841045029640614
0.00045897030822614595
0.00045955036035158465
0.00046014937794383923
0.0004607662043699152
0.0004613997509864197
0.00046204899312008926
0.0004627129661623604
0.00046339076192558403
0.00046408152506807455
0.0004647844498321663
0.0004654987769622485
0.0004662237909197974
0.00046695881687326116
0.00046770321853489415
0.0004684563957849706
0.0004692177819222363
0.0004699868425400814
0.0004707630729341029
0.0004715459966874952
0.0004723351638329146
0.0004731301493917736
0.00047393055200611677
0.0004747359925150251
0.00047554611272270463
0.00047636057429480664
0.0004771790575849273
0.00047800126073340555
0.0004788268985069572
0.00047965570170408503
0.0004804874160749784
0.00048132180160006036
0.0004821586318476593
0.00048299769315756844
0.00048383878413872525
0.0004846817149112203
0.0004855263066830491
0.00048637239107770006
0.0004872198098366644
0.0004880684141952785
0.0004889180644606695
0.000489768629719868
0.000490619987398507
0.0004914720229898611
0.0004923246296108872
0.0004931777079665863
0.0004940311659228162
0.0004948849183981705
0.0004957388872737945
0.0004965930011762678
0.0004974471956269527
0.0004983014130143862
0.0004991556027802807
0.0005000097218120051
0.0005008637349972591
0.0005017176160455146
0.0005025713488109561
0.0005034249293290406
0.0005042783688323316
0.0005051316985632599
0.0005059849778584239
0.0005068383075633807
