-45.96111676023393
49.98696133723266
50.4753332925443
50.94226133421241
51.38996851661577
51.819560732641
52.231792987754275
52.6272608660314
53.00648068161797
53.369925655561104
53.718042481744405
54.05125904160861
54.36998811842626
54.67462930029968
54.96557005915119
55.24318645068371
55.507843635854435
55.75989631430461
55.99968911071884
56.22755693278316
56.4438253094321
56.648810713557204
56.84282087135372
57.02615505950105
57.19910439100325
57.36195209028991
57.514973758060066
57.65843762633013
57.792604804080206
57.91772951388019
58.03405931985194
58.141835347313325
58.2412924944179
58.332620951425746
58.41612146387555
58.49197243807389
58.560385828365234
58.62156831157818
58.67572145599665
58.72304188449886
58.763721432006776
58.79794729730275
58.82590218939304
58.847764468570084
58.86370828237923
58.873903696644035
58.87851682172695
58.87770993418935
58.871641594002526
58.86046675746749
58.84433688598229
58.82340005079715
58.79780103390082
58.76768142514693
58.73317971577139
58.694431388399146
58.651569003661265
58.60472228354982
58.55401819159707
58.49958100999037
58.44153241373293
58.379991541941266
58.31507506637064
58.246897257266646
58.17557004662706
58.10120308897062
58.02390381967954
57.94377751101209
57.86092732586068
57.77545436932486
57.68745773818932
57.59703456836165
57.50428008035661
57.40928762288593
57.31214871462552
57.21295308422403
57.111788708619024
57.00874184972126
56.90389708952256
56.797337363702226
56.68914399376531
56.579396717802965
56.46817371989107
56.355551658210715
56.241605691932484
56.126409506908885
56.01003534024338
55.89255400375869
55.77403490643839
55.65454607586848
55.53415417873322
55.412924540409435
55.29092116369794
55.16820674671171
55.04484270009658
54.92088916330486
54.796405020370045
54.67144791491672
54.54607426456957
54.420339274766995
54.29429695201336
54.16800011662246
54.041500414948416
53.914848331172976
53.78809319865751
53.66128321088714
53.53446543205538
53.40768580729112
53.28098917257283
53.154419264343886
53.02801872886748
52.90182913131927
52.77589096467566
52.65024365837942
52.52492558684029
52.39997407776287
52.275425420336084
52.15131487329267
52.027676672861524
51.90454404063271
51.78194919133375
51.659904047949404
51.53847627467915
51.41767694886331
51.29753433494993
51.178075728377465
51.05932746345377
50.94131492100495
50.82406253600921
50.707593805236336
50.5919312949163
50.47709664844278
50.363110594117295
50.24999295294375
50.1377626464692
50.026437704694146
49.916035274026804
49.80657162531444
49.698062161937074
49.59052142795745
49.48396311635842
49.37840007733039
49.27384432664688
49.1703070540879
49.06779863194829
48.9663286236058
48.86590579215896
48.76653810911939
48.66823276317377
48.57099616900148
48.47483397614473
48.37975107793229
48.28575162045015
48.1928391208266
48.10101605343554
48.01028446888242
47.9206456162443
47.832100041931795
47.74464759935908
47.65828745832566
47.573018114285304
47.48883739756472
47.40574248257038
47.32372989697359
47.24279553087036
47.16293464593235
47.084141884526964
47.0064112787909
46.92973625968171
46.854109665973446
46.77952375320098
46.70597020254689
46.63344012965957
46.56192409340532
46.49141210453996
46.42189363428842
46.353357622846204
46.28579248777433
46.21918613229339
46.153525953471274
46.08879885028906
46.02499123158778
45.96208902389531
45.900077679102075
45.83894218201677
45.778704665302634
45.719241583937595
45.66063514410278
45.60284228355864
45.54584438705963
45.48962322075652
45.434160470136156
45.37943754478427
45.32543550292191
45.272135024445795
45.21951640338864
45.16755954808179
45.11624398429983
45.065548859463185
45.0154529471674
