0.008304
11.353112161416817
11.353227667720496
11.352949306008005
11.352307639769593
11.351315342438065
11.350007563815653
11.348401807994927
11.34651815199458
11.344375318412999
11.341990765417233
11.33938077106777
11.336560512285654
11.33354413876566
11.33034484212155
11.326974920543487
11.323445839230972
11.319768286855696
11.315952228295247
11.312028248698823
11.307990106557456
11.303837742418157
11.299578800465179
11.29522040874823
11.290769214484218
11.286231416964341
11.281612798223492
11.276918751617588
11.272221318228304
11.267324103036128
11.262432640559428
11.25748394206704
11.252481822302723
11.247429842090119
11.242331325665583
11.23718937685388
11.232006894125524
11.22678658461399
11.221530977164027
11.216242434476925
11.210923164416922
11.205575230534242
11.200200561861662
11.194800962031124
11.189378117762613
11.183933606764336
11.178468905087701
11.172985393973404
11.167484366226617
11.161967032149805
11.156434525069125
11.150887905945726
11.145328170828353
11.139756249990398
11.134173017408335
11.128579291969954
11.122975841609133
11.117363386666007
11.111742609818418
11.106114131425539
11.1004785541472
11.094836437164586
11.089188305709486
11.083534653258514
11.077875943610726
11.072212612761694
11.066545070714573
11.060873703127912
11.055198872874096
11.04952092148405
11.043840170495995
11.038156922717974
11.032471463401961
11.026784061344602
11.021094969909702
11.015404427987631
11.009712660890091
11.004019881183844
10.998326289474376
10.992632075133898
10.986937416984022
10.981242483934825
10.975547435580344
10.969852422757608
10.964157588068936
10.9584630663704
10.952768985229595
10.947075465354512
10.941382620994219
10.935690560315448
10.929999385754146
10.924309194346668
10.918620078038392
10.912932123974286
10.9072454147717
10.901560028775034
10.895876040296725
10.890193519841048
10.884512534316505
10.878833147234234
10.873155418894088
10.867479406560834
10.861805164628894
10.85613274477658
10.850462196113384
10.844793565316175
10.839126896758886
10.833462232634405
10.827799613068859
10.822139076229659
10.81648065842785
10.810824394213004
10.80517031646506
10.799518456478774
10.793868844044528
10.788221507524527
10.782576473924966
10.776933768963058
10.771293417131867
10.765655441760575
10.76001986507221
10.754386708237096
10.748755991425035
10.743126068289294
10.73750195390745
10.731878668828914
10.726257895427679
10.72063964949515
10.715023946128587
10.709410799715082
10.703800223964421
10.69819223194055
10.692586836092074
10.686984048279994
10.68138387980521
10.675786341434012
10.670191443422945
10.664599195540767
10.659009607092099
10.653422686936688
10.647838443510818
10.642256884845608
10.636678018584476
10.631101852001455
10.62552839201694
10.619957645212692
10.614389617848245
10.608824315873129
10.60326174494164
10.59770191042549
10.592144817425597
10.586590470783761
10.581038875094753
10.575490034715425
10.569943953776159
10.564400636189637
10.558860085660823
10.553322305695287
10.547787299607725
10.542255070530139
10.53672562141891
10.53119895506318
10.525675074091073
10.520153980976904
10.514635678046803
10.509120167485953
10.503607451343683
10.4980975315391
10.492590409866805
10.487086088001238
10.481584567502921
10.476085849823162
10.470589936305425
10.465096828193355
10.459606526634518
10.454119032682216
10.44863434730089
10.443152471367052
10.437673405679895
10.432197150953975
10.426723707834435
10.421253076884716
10.415785258607123
10.410320253437252
10.404858061735691
10.399398683823236
10.393942119916908
10.388488370230816
10.383037434893714
10.377589313990836
10.372144007548986
10.366701515556464
10.36126183794743
10.355824974614842
10.350390925410318
10.344959690140875
10.339531268574488
10.334105660441475
10.3286828654366
10.323262883219462
