0.9
1.2022579482836921
1.2013830030343327
1.2005077394924066
1.199632220189913
1.198756501695961
1.1978806354394493
1.197004667772832
1.1961286402029867
1.195252589731387
1.1943765485323112
1.1935005391323203
1.1926245956249477
1.1917487407950271
1.190872994820105
1.1899973755801947
1.189121898935746
1.188246578975196
1.1873714282341516
1.1864964578885986
1.1856216779246949
1.1847470972875846
1.183872724011608
1.1829985653340769
1.182124627794578
1.1812509173216106
1.180377439308113
1.1795041986772938
1.1786311999400454
1.1777584472448936
1.1768859444216608
1.1760136950194264
1.1751417023396968
1.1742699694652998
1.1733984992856363
1.1725272945186953
1.1716563577303103
1.1707856913509735
1.1699152976099743
1.169045178869755
1.1681753371563457
1.1673057744887723
1.166436492808019
1.1655674939847458
1.1646987798259432
1.1638303535101153
1.1629622124286607
1.1620943625579014
1.161226804048502
1.1603595384649192
1.1594925673339622
1.1586258921476806
1.1577595143658617
1.1568934354182205
1.1560276567063563
1.1551621796054774
1.1542970054659434
1.153432135614639
1.1525675713561958
1.151703313974094
1.1508393647316568
1.1499757248728733
1.1491123956233211
1.148249378190754
1.1473866737658285
1.1465242835226679
1.1456622086194068
1.1448004501986806
1.143939009388073
1.1430778873005232
1.142217085034705
1.1413566036753795
1.140496444293707
1.1396366079475535
1.1387770956817553
1.1379179805181117
1.1370591197790725
1.1362005861402011
1.135342380550301
1.1344845040189926
1.1336269575361393
1.1327697420744596
1.1319128585914946
1.1310563080309672
1.1302000913237764
1.1293442093886972
1.128488663132964
1.1276334534526506
1.1267785812330033
1.125924047348718
1.125069852664149
1.124215998033509
1.123362484301018
1.1225093123010792
1.1216564828584048
1.1208039967881465
1.1199518548960274
1.1191000579784616
1.1182486068226658
1.1173975022067746
1.1165467448999562
1.1156963356625094
1.1148462752459858
1.113996564393278
1.1131472038387362
1.1122981943082635
1.1114495365194241
1.1106012323418875
1.1097532790792088
1.1089056806548012
1.1080584368447923
1.1072115482424496
1.1063650155173552
1.1055188393314033
1.1046730203389117
1.1038275591867175
1.1029824565142603
1.1021377129536831
1.1012933291299216
1.100449305660783
1.0996056431570465
1.0987623422225437
1.0979194034542468
1.0970768274423568
1.0962346147703823
1.0953927660152307
1.0945512817472882
1.0937101625305008
1.0928694090050433
1.0920290231777505
1.091205163150789
1.0903496118231264
1.0895102434071335
1.0886712692535712
1.0878326816286321
1.0869944755225012
1.0861566476456048
1.0853191958877912
1.0844821189487595
1.0836454160838007
1.0828090869288591
1.0819731313801673
1.0811375495114477
1.0803023415169626
1.0794675076723432
1.078633048307661
1.0777989637889314
1.0769652545053852
1.0761319208607547
1.0752989632672894
1.074466382141645
1.0736341779021077
1.072802350966669
1.071970901751742
1.0711398306712863
1.0703091381362348
1.0694788245541043
1.0686488903287579
1.0678193358602535
1.0669901615447546
1.0661613677744937
1.0653329549377557
1.0645049234188935
1.0636772735983424
1.0628500058526593
1.0620231205545565
1.0611966180729473
1.0603704987729858
1.0595447630161179
1.0587194111601281
1.0578944435591833
1.0570698605638853
1.0562456625213108
1.0554218497750683
1.054598422665336
1.053775381528915
1.052952726699268
1.052130458506569
1.051308577277745
1.0504870833365212
1.0496659770034653
1.0488452585960282
1.0480249284285852
1.0472049868124766
1.0463854340560566
1.0455662704647193
1.044747496340951
1.0439291119843626
1.0431111176917305
1.0422935137570288
1.041476300471478
1.0406594781235683
1.0398430469991065
1.0390270073812464
1.0382113595505187
1.0373961037848782
1.0365812403597292
1.035766769547958
1.0349526916199687
1.0341390068437166
