1.1423426055950334
1.1934019053795455
1.244228611864674
1.2948216773364087
1.3451801579385168
1.3953032074832443
1.4451900669948567
1.4948400550356495
1.5442525592352594
1.5934270289001324
1.6423629685435313
1.6910599321980202
1.739517518395921
1.7877353657228523
1.8357131488653284
1.883450575086248
1.9309473810725557
1.9782033301079347
2.0252182095304416
2.071991828440841
2.118524015632256
2.1648146177158263
2.2108634974204953
2.2566705320479
2.302235612065839
2.347558639825821
2.3926395283920314
2.437478200470523
2.482074587428815
2.52642862839716
2.5705402694437702
2.614409462817113
2.6580361662491603
2.7014203423141034
2.744561957835937
2.7874609833506265
2.830117392593789
2.8725311620435288
2.9147022704905035
2.9566306986421016
2.9983164288343045
3.0397594444235754
3.0809597298140132
3.1219172702494093
3.162632051829048
3.203104058986749
3.243333276739287
3.2833196904661555
3.323079481770877
3.3626192933018078
3.4019385682297383
3.441036760486028
3.4799133340019908
3.5185677621306084
3.556999527073389
3.5952081193368293
3.633193037217052
3.670953786310969
3.7084898790524594
3.745800834272096
3.7828861767790767
3.8197454369641113
3.8563781504220707
3.8927838575933187
3.9289621034226685
3.96491243703502
4.000634411426761
4.036127583172075
4.071391512143374
4.106425761245097
4.141229896160147
4.175803485108347
4.21014609861625
4.244257309297724
4.278136691644767
4.311783821828021
4.345198277506473
4.37837963764592
4.411327482345703
4.444041392673332
4.476520950506597
4.508765738382778
4.540775339354628
4.572549336852765
4.604087314554186
4.635388856256581
4.66645354575817
4.697280966742797
4.727870702670024
4.758222336669982
4.788335451442744
4.818209629162018
4.84784445138293
4.877239498953726
4.906394351931175
4.93530858949953
4.963981789892862
4.992413530320587
5.020603386896081
5.048550934568191
5.07625574705554
5.1037173967834635
5.130935454823486
5.157909490835202
5.184639073010442
5.21112376801963
5.237363140960234
5.263356755307201
5.289104172865285
5.3146049537232
5.3398586562094925
5.364864836850066
5.3896230503272795
5.414132849440561
5.438393785068448
5.462405406132008
5.48616725955958
5.509678890252753
5.532939841053575
5.5559496527128935
5.5787078638598135
5.601214010972201
5.623467628348213
5.645468248078801
5.66721540002115
5.6887086117730075
5.709947408647905
5.730931313651203
5.751659847456934
5.772132528385448
5.792348872381798
5.812308392994869
5.832010601357218
5.851275572214244
5.870284564480612
5.890200101349952
5.9098861487366205
5.929335610753675
5.948542515958904
5.9675017427023205
5.986208836242534
6.004659878883699
6.022851394524622
6.0407802766633285
6.058443732899544
6.07583924134237
6.092964515804196
6.109817477610759
6.126396232484758
6.142699051385036
6.158724354476956
6.17447069761636
6.189936760877944
6.205121338767012
6.2200233318336275
6.23464173946839
6.248975653704711
6.263024253887874
6.2767868020986475
6.2902626392410905
6.303451181721628
6.316351918660723
6.328964409590183
6.341288282599029
6.353323232899226
6.3650690217900125
6.37652547600616
6.3876924874416146
6.3985700132458145
6.409158076295673
6.419456766052113
6.429466239816124
6.439186724406001
6.448618518284833
6.457761994175792
6.466617602212658
6.475185873684782
6.483467425449909
6.491462965105732
6.49917329703273
6.5065993294481865
6.513742082646192
6.520602698643537
6.527182452510541
6.533482765744428
6.539505222148986
6.5452515868297505
6.550723829117329
6.555924150521558
6.560855464358209
6.56552020320088
6.569919315874377
6.5740539203182
6.577925333109497
6.581535107721803
6.584885085048008
6.587977461971798
6.590814887243499
6.593400601522362
6.595738649974922
