32.113679040097146
32.19923772432944
32.2092948521259
32.18393837133744
32.14485431006893
32.10330753764839
32.06481651308557
32.031799239511116
32.00504243791783
31.98450724534872
31.969765830993875
31.96023415039186
31.955292706811843
31.954346213002413
31.956850300125073
31.962320801339725
31.970334140502867
31.980523472187905
31.99257306545792
32.006212233360166
32.021209456628625
32.03736699567757
32.054516096737636
32.07251280154619
32.091234323753966
32.11057593593781
32.13044830593266
32.15077522302697
32.171491659562236
32.192542119603715
32.21387923256918
32.23546255552392
32.257257553072044
32.27923472834806
32.30136888256124
32.32363848392736
32.346025129702994
32.36851308748609
32.391088904024365
32.41374107153464
32.436459743031506
32.45923648943136
32.48206409227438
32.50493636682134
32.52784801105886
32.550794476807134
32.573771859686396
32.59677624055323
32.61980562881323
32.642857352770676
32.66592913205414
32.68901917189403
32.71212584195175
32.73524774353344
32.7583836690131
32.78153257033096
32.8046935342299
32.82786576202087
32.85104855268681
32.87424128861294
32.897443423465184
32.920654471863855
32.94387400057434
32.96710162098693
32.99033698269512
33.01357976801118
33.036829687282
33.0600864748883
33.08334988582751
33.10661969279526
33.129895683692745
33.153177659497736
33.1764654324464
33.19975882448049
33.22305766592119
33.24636179433666
33.269671053574896
33.29298529293793
33.316304366476665
33.33962813238879
33.362956452504704
33.386289191848725
33.409626218264385
33.43296740209471
33.45631261590929
33.4796617342714
33.503014633539266
33.52637119169652
33.549731288207646
33.57309480389462
33.59646162083183
33.61983162225646
33.64320469249211
33.66658071688381
33.68995958174263
33.71334117429854
33.73672538266041
33.760112095781885
33.78350120343244
33.80689259617286
32.87213531662186
31.988464261368158
31.14991996198806
30.3528982131749
29.594771375118267
28.873366008681476
28.186742766221407
27.533103771237922
26.91075366066589
26.318082963627695
25.753560563663328
25.215729685273956
24.703205117414974
24.214670770829628
23.74887724435027
23.304639310203093
22.88083331815755
22.47639454929503
22.090314546242354
21.721638471048077
21.369462491310667
21.0329312318982
20.711235300388058
20.403608897183833
20.109327517009387
19.82770574578286
19.558095154799624
19.29988224451439
19.05248672009474
18.815359451489485
18.587980744659784
18.369858912696913
18.160528585639792
17.95954927353606
17.766503983305885
17.58099791128774
17.402657208265346
17.23112781353598
17.06607435459283
16.907179109057623
16.75414102559122
16.60667480061867
16.464510007824455
16.32739027749866
16.195072522942965
16.06732621127448
15.943932676093647
15.824684469609041
15.709384751935781
15.597846715404467
15.489893041834419
15.385355390837088
15.284073917323612
15.185896816493845
15.09067989468283
14.99828616453487
14.908585463064759
14.821454091250699
14.736774473883836
14.654434838475645
14.574328912096304
14.496355635085102
14.420418890638224
14.346427249339404
14.274293727755957
14.203935560276214
14.135273983414523
14.068234031857365
14.002744345568487
13.938736987312595
13.876147269996268
13.814913593261402
13.7549772888009
13.69628247389861
13.63877591272561
13.582406884953482
13.527127061271543
13.472890385420055
13.419652962374625
13.367372952338961
13.31601047022352
13.265527490306829
13.215887755794226
13.167056693005586
13.119001329939426
13.071690218975549
13.025093360652596
12.979182145008933
12.933929269684652
12.889308686640144
12.845295540507154
12.801866111790357
12.758997762923174
12.716668887004609
12.674858859071215
12.633547989769484
12.59271748130276
12.552349385534466
12.512426564136238
12.472932650675803
