253.58000624467107
253.26812809899167
252.9562971809643
252.64477231994877
252.3335559724456
252.02262135517577
251.71194064283094
251.40148817942594
251.09124059741742
250.78117659119712
250.47127668282695
250.16152301629748
249.85189917987742
249.54239005247598
249.2329816702342
248.92366111019948
248.61441638849072
248.30523637081464
247.99611069355322
247.687029693942
247.37798434809204
247.0689662158096
246.75996739132611
246.45098045918516
246.14199845464333
245.83301482803634
245.52402341263493
245.2150183955856
244.90599429158235
244.5969459189626
244.28786837796275
243.9787570308992
243.66960748407215
243.36041557121362
243.05117733860774
242.741889030359
242.4325470762883
242.1231480801296
241.81369239110458
241.50417896573722
241.19460430125008
240.88496543852895
240.57525959046566
240.2654840900849
239.95563637852263
239.64571399855913
239.33571458913534
239.02563588028903
238.71547568842465
238.40523191188532
238.09490252680274
237.7844855832045
237.47397920136012
237.1633815683485
236.85269093483112
236.5419056120158
236.23102396880006
235.92004442907816
235.6089654692044
235.29778561559993
234.98650344249526
234.6751175697978
234.36362666107857
234.05202942166883
233.74032459686063
233.42851097020517
233.11658736190213
232.80455262727483
232.49240565532705
232.18014536737505
231.86777071575227
231.55528068258118
231.24267427860903
230.92995054210405
230.61710853780912
230.30414735594846
229.9910661112859
229.67786394223197
229.36454000999615
229.0510934977827
228.73752361002792
228.42382957167717
228.1100106274979
227.79606604142964
227.48199509596628
227.16779709157194
226.85347134612613
226.53901719439932
226.22443398755533
225.90972109268142
225.59487789234296
225.27990378416285
224.96479818042437
224.64956050769572
224.33419020647682
224.018686730866
223.7030495482463
223.387278138991
223.0713719961872
222.75533062537644
222.43915354431294
222.12284028273677
221.8063903821639
221.48980339569022
221.17307888781093
220.8562164342524
220.5392156218197
220.22207604825542
219.9047973221116
219.58737906263423
219.26982089965944
218.952122473521
218.63428343496903
218.31630344509963
217.9981821752954
217.67991930717542
217.36151453255587
217.04296755342017
216.7242780818988
216.40544584025778
216.08647056089725
215.76735198635794
215.44808986933694
215.12868397271168
214.80913406957268
214.48943994326368
214.1696013874309
213.84961820607936
213.52949021363764
213.20921723502983
212.88879910575534
212.5682356719765
212.24752679061316
211.92695958593848
211.6062357133706
211.20088652058158
210.79838774569075
210.39940307712533
210.00391414774955
209.61183610230893
209.22308875186886
208.83760304830318
208.45532027870442
208.07619073730896
207.7001725957193
207.32723099468495
206.95733731493448
206.5904685889296
206.22660702451896
205.86573961868987
205.5078578449184
205.15295740153434
204.80103801143477
204.45210326569588
204.1061605053352
203.76322073681106
203.42329857790517
203.08641223149945
202.75258348547095
202.42183773754346
202.09420404446567
201.76971519537892
201.44840780968985
201.13032246021683
200.8155038228289
200.50400085427347
200.19586700040475
199.89116043759452
199.5899443507564
199.29228725216748
198.9982633461493
198.70795294572721
198.42144294864613
198.13882738166728
197.8602080239572
197.5856951227311
197.31540821724278
197.04947709091684
196.78804287613372
196.5312593422407
196.27929440523616
196.0323319079154
195.79057373300364
195.55424233028293
195.32358376392455
195.09887142114118
194.88041057240008
194.66854404387345
194.46365936587176
194.26619791531812
194.07666680742855
193.89564671718097
193.7238283320856
193.56204386194804
193.4113036292306
193.27286041893748
193.14831068005975
193.03976306530137
192.95014287967243
192.8838091939757
