0.019571228287683533
0.01939318555272078
0.0192199131059006
0.019049018923478944
0.0188800640763809
0.018712867730435307
0.01854733925638011
0.018383428647381014
0.018221104777964865
0.018060345366157117
0.01790113231740812
0.01774344956448972
0.01758728206490564
0.017432615334641185
0.017279435230221706
0.017127727845661606
0.016977479462567665
0.016828676524857672
0.01668130562491428
0.0165353534950917
0.016390807001769363
0.016247653140658805
0.01610587903276537
0.015965471920727347
0.015826419165402793
0.015688708242641538
0.015552326740211307
0.015417262354861865
0.01528350288951654
0.0151510362505849
0.015019850445390868
0.01488993350084018
0.014761273779967013
0.01463385949522689
0.014507679034680922
0.014382720875579628
0.014258973582747124
0.014136425806769843
0.01401506628223279
0.013894883826025665
0.013775867335722938
0.013658005788038654
0.013541288237354296
0.013425703814318048
0.01331124172451282
0.013197891247190672
0.013085641734071727
0.012974482608204572
0.012864403362886377
0.012755393560640272
0.012647442832247988
0.012540540875835535
0.012434677456010025
0.012329842403045715
0.0122260256121171
0.01212321704257773
0.01202140671728236
0.011920584721951243
0.011820741204574573
0.011721866374855443
0.011623950503690049
0.011526983922683188
0.011430957023697943
0.0113358602584378
0.011241684138060008
0.011148419232818823
0.011056056171737074
0.010964585642305152
0.010873998390205879
0.010784285219064165
0.01069543699022019
0.010607444622525285
0.010520299092158953
0.010433991432466323
0.010348512733814798
0.010263854143469073
0.010180006865483324
0.010096962160609797
0.010014711346222832
0.009933245796257416
0.009852556941161363
0.009772636267860414
0.009693475319735282
0.009615065696610053
0.009537399054750895
0.009460467106874723
0.009384261622166726
0.009308774426306394
0.009233997401501054
0.00915992248652662
0.009086541676774612
0.009013847024305095
0.008941830637904758
0.008870484683149727
0.008799801382472466
0.008729773015232324
0.008660391917789135
0.008591650483579419
0.008523541163194879
0.008456056464462352
0.008389188952525268
0.008322931249925801
0.008257276036687607
0.00819221605039847
0.008127744086292854
0.008063852997333646
0.008000535694293034
0.00793778514583207
0.00787559437857857
0.007813956477203258
0.007752864584493592
0.007692311901425272
0.007632291687231091
0.007572797259466787
0.007513821994073818
0.007455359325438809
0.00739740274644945
0.007339945837009331
0.00728298214926683
0.0072265053814711076
0.007170509260918161
0.0071149875736828605
0.00705993416460505
0.007005342937308678
0.006951207854221002
0.006897522936588622
0.006844282264489273
0.006791479976839011
0.006739110271394371
0.006687167404749669
0.006635645692329009
0.0065845395083733394
0.006533843285922114
0.006483551516789825
0.006433658751537331
0.0063841595994378435
0.006335048728437711
0.00628632086511196
0.00623797079461457
0.006189993360623536
0.006142383465280761
0.006095136069126786
0.006048246191030313
0.006001708908112812
0.0059555193556679
0.005909672727075887
0.005864164273713355
0.005818989304857815
0.005774143187587712
0.005729621346677567
0.005685419264488561
0.005641532480854576
0.005597956592963669
0.0055546872552352635
0.005511720179192981
0.005469051133333277
0.005426675942989986
0.0053845904901948715
0.005342790713534257
0.005301272608001845
0.005260032224847896
0.005219065671424767
0.005178369111029028
0.00513793876274019
0.005097770901256205
0.005057861856725829
0.0050182080145779705
0.004978805815348172
0.004939651754502236
0.004900742382257288
0.004862074303400229
0.004823644177103781
0.004785448716740246
0.0047474846896930385
0.004709748917166183
0.004672238273991853
0.0046349496884360315
0.004597880142002558
0.004561026669235428
0.0045243863575197
0.004487956346881033
0.004451733829783861
0.004415716050928518
0.004379900307047227
0.004344283945808131
0.0043088643685251955
0.004273639026666202
0.004238605422972187
0.0042037611112201055
0.0041691036959937335
0.004134630832466304
0.004100340226188082
0.004066229632875915
0.004032296858203553
0.003998539757592285
0.0039649562360017975
0.003931544247721197
0.003898301796160237
0.0038652269336407604
0.0038323177611885207
