0.0043482
0.004385372080387133
0.004385415479624432
0.004385325621938906
0.004385204229693703
0.00438508696827727
0.004384991449985317
0.004384920508781471
0.004384871654028216
0.004384840667749153
0.004384823248273522
0.004384815663310556
0.004384814926653642
0.004384818764838935
0.004384825506390394
0.004384803506930067
0.004384842708671566
0.004384852584579997
0.004384862286002073
0.004384871617075845
0.004384880463440418
0.004384888761495247
0.004384896485409518
0.00438490363474895
0.004384910225552929
0.004384916283999852
0.004384921841997393
0.004384926934173763
0.004384931595871821
0.004384935861850567
0.0043849397654789225
0.004384943338267563
0.004384946609629272
0.004384949606790927
0.004384952354803747
0.004384954876614897
0.004384957193175427
0.0043849593235676795
0.004384961285140915
0.004384963093647991
0.004384964763378501
0.004384966307285658
0.004384967737105412
0.004384969063467096
0.004384970295995466
0.004384971443404277
0.004384972513581747
0.004384973513668416
0.004384974450127886
0.0043849753288110705
0.004384976155014374
0.004384976933532446
0.00438497766870591
0.004384978364464568
0.004384979024366496
0.0043849796516334
0.004384980249182606
0.004384980819655985
0.0043849813654461235
0.004384981888720014
0.004384982391440444
0.004384982875385385
0.004384983342165516
0.004384983793240075
0.004384984229931208
0.004384984653436953
0.004384985064842999
0.004384985465133299
0.004384985855199712
0.0043849862358506944
0.004384986607819203
0.004384986971769825
0.0043849873283052215
0.004384987677971992
0.004384988021265976
0.004384988358637034
0.004384988690493374
0.004384988983770446
0.004384985960016045
0.004384986232135034
0.004384986519653937
0.004384986814306141
0.004384987111522201
0.004384990420523281
0.004384987406603919
0.004384987678665927
0.004384987958024778
0.004384988240342926
0.004384988523234173
0.004384988805397719
0.004384989086140308
0.004384989365107525
0.004384989642119202
0.004384989917138754
0.004384990190144825
0.004384990461158344
0.004384990730214542
0.004384990997354799
0.00438499126262229
0.00438499152605962
0.004387043822550685
0.004386256801957529
0.004385789812681544
0.004385503146090784
0.0043853187633605415
0.004385193015736052
0.0043851014179978505
0.004385030190564453
0.004384971547804682
0.004384921066789982
0.004384876214756792
0.004384835523462177
0.004384798125444352
0.00438476349313329
0.004384731291859309
0.004384701296919416
0.004384673346678873
0.004384647316280212
0.004384623102308239
0.004384600614542604
0.004384579771070706
0.004384560495556717
0.00438454271569237
0.004384526362316616
0.004384511368913556
0.0043844976713235916
0.004384485207574125
0.004384473917776521
0.004384463744059343
0.0043844546305206915
0.004384446523190224
0.004384439369995417
0.004384433122849429
0.004384427728596244
0.004384423143536786
0.004384419320795105
0.004384416221705647
0.004384413802180169
0.00438441202253422
0.0043844108446919805
0.004384410232136948
0.004384410149878232
0.004384410564413604
0.004384411443690534
0.004384412757065998
0.00438441447526561
0.004384416570342444
0.0043844190156357675
0.004384421785729929
0.0043844248564134086
0.004384428204638312
0.004384431808480264
0.00438443564709882
0.004384439700698485
0.0043844439504903635
0.004384448378654498
0.004384452968302964
0.004384457703443695
0.004384462568945161
0.0043844675505018355
0.004384472634600518
0.004384477808487555
0.0043844830601369
0.004384488378219079
0.004384493752071076
0.004384499171667075
0.004384504627590137
0.004384510111004746
0.00438451561363029
0.004384521127715368
0.004384526646013027
0.0043845321617568414
0.004384537668637834
0.004384543160782286
0.004384548632730301
0.004384554079415236
0.004384559496143918
0.004384564878577597
0.004384570222713708
0.004384575524868327
0.004384580781659377
0.004384585989990529
0.004384591147035762
0.004384596250224593
0.004384601297227971
0.0043846062859447575
0.00438461121448882
0.004384616081176695
0.004384620884515856
0.004384625623193446
0.0043846302960656005
0.004384634902147233
0.0043846394406023385
0.004384643910734719
0.004384648311979187
0.004384652643893208
0.0043846569061489335
0.004384661098525633
0.004384665220902538
0.004384669273252003
