122238.334584
84922.60164915462
85125.70096454404
85330.73931913784
85536.44669753619
85741.83354967086
85946.32272657215
86149.58421401236
86351.43502372401
86551.77964876241
86750.57467904323
86947.80779931141
87143.48535036428
87337.62499099184
87530.25140082688
87721.39379918939
87911.08455197654
88099.3584422395
88286.25229220976
88471.80496200254
88656.05733137297
88839.05253361768
89020.83621306502
89201.45686329156
89380.96623064922
89559.41978431038
89736.87725832428
89913.4032746267
90089.06805913833
90263.94826631848
90438.12793117258
90611.69957184469
90784.76547093125
90957.43916964531
91129.84721631544
91302.13121968751
91474.45026854143
91646.9837927166
91819.93495728866
91993.53470204356
92168.04656327491
92343.77244457223
92521.05953992244
92700.30865225033
92881.98419865522
93066.62624113153
93254.86492599265
93447.43774108695
93645.20998123859
93849.1947022475
94060.59554243468
94280.814643553
94511.49820968175
94754.56090175582
95012.20218561956
95286.89599521119
95581.32758341786
95898.23539576959
96240.09594161769
96608.57383488216
97003.66997034028
97422.58314300014
97858.5102481522
98299.94415321386
98731.28422385908
99135.31229460255
99497.04243549635
99807.24967432191
100063.89951062787
100271.0599150867
100436.3764463952
100568.55751824506
100675.68507995372
100764.44093037608
100839.96277002312
100906.01915025363
100965.28981986496
101019.64163902197
101070.35772657642
101118.31223951564
101164.09737680113
101208.11296507396
101250.62847538374
101291.82542926933
101331.82619731034
101370.71449030424
101408.54526564412
101445.3563414157
101481.17410458326
101516.01688864226
101549.89764844716
101582.82991934751
101614.81821478924
101645.86404196512
101675.96831159964
101705.13783609065
101733.37989233046
101760.69664862574
101787.09037665356
101812.563392674
101837.11803717737
101860.7566654932
101883.48164373767
101905.295347153
101926.20015933113
101946.19847160178
101965.29268229486
101983.48519573307
102000.77842110152
102017.1747709083
102032.67665949912
102047.28650137415
102061.00670945797
102073.83969334785
102085.78785757134
102096.85359985167
102107.03930942001
102116.34736538095
102124.78013512985
102132.33997283537
102139.02921800206
102144.85019409962
102149.80520726698
102153.89654510048
102157.12647552276
102159.49724572578
102161.01108120385
102161.6701848629
102161.4767362112
102160.43289062916
102158.54077873072
102155.80250578705
102152.22015124334
102147.79576830361
102142.53138359889
102136.42899692444
102129.49058105217
102121.7180816175
102113.11341707189
102103.67847871043
102093.41513075428
102082.32521051238
102070.41052859448
102057.67286919104
102044.11399041091
102029.73562467126
102014.53947915131
101998.52723629096
101981.70055433997
101964.0610679627
101945.61038888332
101926.35010657569
101906.28178899697
101885.40698336005
101863.7272169453
101841.24399794715
101817.95881635627
101793.87314487284
101768.98843984779
101743.30614225236
101716.82767868128
101689.55446236598
101661.48789422265
101632.62936391382
101602.98025093666
101572.54192571025
101541.31575070322
101509.30308155624
101476.50526821821
101442.92365610505
101408.55958725107
101373.41440148243
101337.48943757839
101300.78603446422
101263.30553237308
101225.0492740394
