204.66145090072678
204.5505525461892
204.46287308148555
204.39280320668286
204.3337027208794
204.28043092933856
204.2295911047391
204.17915455122605
204.128020117601
204.07566608823834
204.02191119315805
203.96676230996724
203.9103220940307
203.8527351853213
203.79415816373634
203.73474365779148
203.67463265237103
203.6139514052816
203.5528108578666
203.49130731867777
203.4295237308812
203.3675311449407
203.3053901971247
203.24315249573058
203.1808618731101
203.11855549180382
203.05626480859465
202.9940164075745
202.9318327161185
202.86973261810098
202.80773197795804
202.74584408795172
202.68408004957894
202.6224490986679
202.56095888240756
202.49961569539096
202.43842468073183
202.37739000142622
202.31651498637078
202.2558022547933
202.19525382229486
202.1348711912283
202.07465542773122
202.01460722738855
201.95472697120587
201.89501477332556
201.83547052170468
201.7760900453562
201.71687889444678
201.65783528593434
201.5989575773697
201.54024530896478
201.48169736915972
201.423312693353
201.3650902168469
201.30702885284728
201.24912748679
201.19138497726334
201.1338001593167
201.07637184838632
201.0190988441253
200.9619799338805
200.90501389574803
200.84819950121647
200.79153551743633
200.7350207091588
200.67865384038942
200.6224336757961
200.56635898190575
200.5104285281219
200.454641087588
200.39899543791944
200.34349036182414
200.28812464762697
200.23289708971302
200.1778064889015
200.12285165275975
200.06803139586717
200.01334454003586
199.9587899144942
199.90436635603908
199.85007270916188
199.7959078261504
199.7418705671725
199.68795980034224
199.63417440177244
199.58051325561442
199.52697525408783
199.47355929750185
199.42026429426812
199.3670891609082
199.3140328220545
199.26109421044723
199.20827226692734
199.15556594042556
199.10297418794877
199.05049597456411
198.9981302733806
198.94587606552906
198.8937323401406
193.3943400599089
188.19549979855182
183.26215063131315
178.57308818859516
174.1128534604444
169.86865960403938
165.8290969907091
161.98358829908682
158.32215931794516
154.83534115957045
151.51412591332692
148.3499430335686
145.33464300480966
142.46048297095575
139.72011241729405
137.10655837596204
134.6132101539608
132.23380376476712
129.96240622148235
127.79339999261039
125.7214676240481
123.74157674696552
121.84896551939786
120.03912856601318
118.30780345547255
116.6509577389329
115.06477656104028
113.54565056272672
112.09016573589469
110.69509142202942
109.35737014145383
108.0741091868852
106.84257067970258
105.66016311610441
104.52443322979977
103.4330582999541
102.3838388855586
101.37469196598545
100.40364446756584
99.46882715640078
98.5684688781525
97.70089112620549
96.86450292028665
96.0577959783698
95.27934016544397
94.52777920348477
93.80182662772101
93.10026197503606
92.4219271910697
91.76572324329499
91.13060692803191
90.51558786001843
89.9197256337964
89.3421271467773
88.78194407443318
88.23837048861252
87.71064061050657
87.19802669029147
86.69983700594476
86.21541397418362
85.7441323668952
85.28539762682905
84.83864427669982
84.40333441620228
83.97895630177617
83.56502300427331
83.16107113997428
82.76665967068075
82.38136876887056
82.0047987441476
81.63656902744872
81.27631720968519
80.9236981316995
80.57838302260686
80.24005868376953
79.90842671581834
79.58320278629189
79.26411593561086
78.95090791924099
78.64333258402813
78.34115527680794
78.0441522835065
77.75211029705363
77.4648259125294
77.18210514805811
76.90376299005008
76.62962294476753
76.35951669321945
76.09328360933678
75.8307704465056
75.57183097487214
75.31632564718456
75.06412128142695
74.8150907592263
74.56911273917427
74.32607138427119
74.08585610275159
73.84836130159589
73.61348615207264
73.38113436669282
