150.0183918970937
151.71047224970314
153.34468455215026
154.92137798905316
156.44124101172542
157.90526787833232
159.31472268912475
160.67110256404797
161.97610091128345
163.23157158987263
164.43949462974308
165.60194402984882
166.72105802537442
167.79901207041996
168.83799469306916
169.840186263816
170.80774064441204
171.74276961793385
172.64732995147006
173.5234129074078
174.3729359962728
175.1977367515389
175.99956830291515
176.7800965275552
177.54089856678917
178.28346250790983
179.00918804502822
179.71938794902215
180.41529019331153
181.09804059896516
181.76870587898517
182.42827697718192
183.07767261160424
183.71774294588474
184.34927332402114
184.97298801503018
185.5895539235958
186.19958423135327
186.8036419408637
187.40224330073565
187.99586109582592
188.58492779109469
189.16983852159137
189.75095392429182
190.32860281018066
190.9030846771421
191.4746720659655
192.04361276314475
192.6101318552062
193.17443364009543
193.7367034017211
194.29710905413995
194.8558026620978
195.41292184474796
195.968591069373
196.5229228418596
197.076018800537
197.6279707197975
198.17886142969496
198.72876565745955
199.2777507965984
199.82587760896618
200.37320086490092
200.9197699262293
201.46562927665698
202.01081900377662
202.55537523664867
203.09933054264565
203.64271428699115
204.18555295818192
204.72787046224605
205.2696883885701
205.81102624981853
206.3519016982712
206.89233072072088
207.4323278138984
207.97190614223297
208.51107767960212
209.04985333658814
209.5882430746258
210.12625600830665
210.66390049699328
211.2011842267943
211.73811428385613
212.27469721983925
212.81093911036834
213.34684560717045
213.88242198454836
214.41767318077507
214.95260383493863
215.4872183197148
216.02152077049868
216.01387432595303
216.01017028733415
216.01038179870844
216.01448213853004
216.0224447331117
216.0342431658505
216.04985118343495
216.06924269990708
216.092391799201
216.11927273660055
216.14985993942972
216.18412800720054
216.2220517113771
216.2636059948685
216.30876597133187
216.3575069243426
216.40980430647147
216.46563373829906
216.52497100738714
216.58779206722156
216.65407303613773
216.72379019623492
216.796919992286
216.87343903064507
216.95332407815638
217.0365520610659
217.1231000639372
217.21294532857254
217.30606525293956
217.4024373901039
217.5020394471686
217.60484928421994
217.71084491328034
217.8200044972675
217.93230634896116
218.04772892997633
218.16625084974336
218.28785086449517
218.41250787626106
218.54020093186776
218.67090922194663
218.80461207994833
218.94128898116364
219.08091954175117
219.22348351777177
219.3689608042295
219.51733143411892
219.66857557747926
219.8226735404548
219.97960576436154
220.13935282476064
220.30189543053788
220.46721442298937
220.63529077491378
220.80610558971063
220.97964010048452
221.1558756691559
221.3347937855775
221.5163760666572
221.70060425548652
221.88746022047522
222.07692595449197
222.2689835740107
222.46361531826258
222.66080354839443
222.86053074663226
223.06277951545073
223.26753257674852
223.47477277102897
223.68448305658643
223.89664650869852
224.11124631882328
224.32826579380242
224.54768835506954
224.76949753786414
224.99367699045072
225.22021047334337
225.44908185853575
225.6802751287361
225.9137743766075
226.14956380401372
226.3876277212696
226.62795054639722
226.8705168043866
227.1153111264618
227.36231824935194
227.61152301456713
227.86291036767943
228.11646535760892
228.37217313591412
228.63001895608804
228.88998817285815
229.15206624149204
229.4162387171071
229.6824912539853
229.95080960489273
230.2211796204035
230.49358724822847
230.7680185325486
231.04445961335273
231.32289672577994
231.60331619946643
231.88570445789705
232.17004801776088
232.4563334883115
232.74454757073167
233.03467705750222
233.32670883177525
