138.09830903006463
137.03628407263534
135.9772249768372
134.92107946748533
133.86780194339755
132.8173511555675
131.76968971027225
130.724783813028
129.68260305926185
128.64312024632665
127.60631120214065
126.57215462843577
125.54063195710168
124.51172721832512
123.48542691161443
122.46171991758652
121.44059737172621
120.42205257733197
119.40608091786746
118.39267977590958
117.38184845812195
116.37358812574169
115.36790173011742
114.36479395288256
113.36427115038614
112.36634130204015
111.371013962272
110.3783002158
109.38821263597222
108.40076524593336
107.41597348240178
106.4338541618576
105.45442544895747
104.4777068270064
103.50371907032864
102.53248421839136
101.56402555154465
100.59836756825078
99.63553596368281
98.6755576095809
97.71846053526042
96.76427390967201
95.81302802441922
94.86475427764356
93.91948515869085
92.97725423347755
92.03809613047753
91.10204652725376
90.1691421374619
89.23942069825439
88.31292095801665
87.38968266436821
86.46974655236303
85.55315433282544
84.63994868075817
83.73017322376107
82.82387254015613
81.92109211795939
81.0218783722673
80.1262786233441
79.23434108419224
78.34611484777663
77.46164987384532
76.5809969752886
75.70420780397995
74.83133483604136
73.96243135647637
73.09755144311457
72.23674994981113
71.38008248884543
70.52760541246344
69.67937579350824
68.83545140508443
67.99589069920175
67.16075278434487
66.33009740191576
65.50398490149746
64.68247621488736
63.865632828850686
63.05351675654491
62.2461905075681
61.44371705658527
60.64615981048862
59.85358257404971
59.06604951402346
58.28362512166644
57.506374173634164
56.73436169122536
55.96765289794372
55.20631317535127
54.450408017190625
53.70000297307381
52.95516362544357
52.21595551176446
51.482444080548596
50.75469463662578
50.032772284635925
49.31674187075282
48.606667922654104
47.90261458775803
47.20464556975407
46.512824063460336
45.82721268804747
45.14787341867581
44.47486751659888
43.80825545779437
43.148096860190336
42.49445040956232
41.84737378418486
41.20692357832826
40.57315522469982
39.946122915936584
39.32587952526461
38.712476526447915
38.10596391315866
37.50639011790757
36.91380193068221
36.32824441744828
35.749760838677126
35.17839256806998
34.614179011657306
34.05715752745857
33.507363345894525
32.964829491151214
32.42958669709537
31.90166335041059
31.381085397395033
30.86787627727231
30.362056851499425
29.863645335334645
29.372657231897335
28.889105268954157
28.412999338667575
27.943872532074984
27.482203284705058
26.97626899146939
26.485154180939553
26.008399175762673
25.54556285802979
25.096224502826015
24.659983975938275
24.236460815569966
23.825292819134656
23.426134481990257
23.038655461016873
22.66253914301682
22.297481349714136
21.943189186552587
21.59938003039342
21.26578064572658
20.94212641700007
20.6281606844553
20.323634171519075
20.028304492853305
19.741935733339897
19.46429808944726
19.19516756552272
18.934325718555993
18.681559445859214
18.436660810913477
18.199426903352695
17.96965972970546
17.74716613210878
17.53175773275795
17.323250902378764
17.12146675151521
16.926231143932693
16.737374731958603
16.554733014136215
16.3781464161735
16.207460396849765
16.042525581327588
15.883197925243225
15.729338914060259
15.580815803530868
15.437501908796186
15.299276951779738
15.16602747923135
15.037647367263123
14.914038432760501
14.795111178037773
14.680865575271634
14.571262841495372
14.46624275613803
14.365758850056283
14.269780655425896
14.178296525124894
14.091317274781238
14.00888092811641
13.931058986389655
13.857964839456649
13.789765246508447
13.726696317322762
13.66908626544612
13.617388663513232
13.572232575826023
13.534500996028694
13.505459304769357
13.486978142721686
13.481950534076756
