-35.26403340801099
-26.651790690420565
-26.99835631911687
-27.30557639464746
-27.578359897587394
-27.82036370754927
-28.03462668827572
-28.223786385583114
-28.39016433386118
-28.535815271848957
-28.662563683146644
-28.772033773198057
-28.865674862250206
-28.94478312553542
-29.010520292588843
-29.06392977942662
-29.105950641707597
-29.137429672565116
-29.159131916755676
-29.17174982980759
-29.175911275143402
-29.17218652236419
-29.161094385001878
-29.143107615209292
-29.118657655382542
-29.088138832024264
-29.051912064783973
-29.01030815317487
-28.963630694636283
-28.912158680131828
-28.856148807114263
-28.7958375442852
-28.731442977959837
-28.66316646591011
-28.59119412117767
-28.515698145455207
-28.436838029140894
-28.354761633023625
-28.269606164703838
-28.18149906125304
-28.090558788222012
-27.996895563906214
-27.900612016723613
-27.801803782649593
-27.7005600488523
-27.59696404897692
-27.491093514914756
-27.383021089356976
-27.272814702963363
-27.160537919559015
-27.046250252410363
-26.930007454305137
-26.81186178387969
-26.69186225038164
-26.57005483883345
-26.446482717363764
-26.321186428295764
-26.194204064425527
-26.065571431782523
-25.93532220003949
-25.803488041626654
-25.67009876050596
-25.535182411470405
-25.398765410754148
-25.26087263866536
-25.121527534891072
-24.980752187062237
-24.838567413117033
-24.694992837950913
-24.550046964800657
-24.403747241769896
-24.25611012386911
-24.10715113091031
-23.95688490156996
-23.805325243905234
-23.652485182586165
-23.498377003084872
-23.343012293042822
-23.186401981019465
-23.028556372809298
-22.869485185499652
-22.709197579427943
-22.547702188184086
-22.385007146793633
-22.22112011820556
-22.05604831820009
-21.889798538822674
-21.722377170442062
-21.553790222523883
-21.38404334320374
-21.21314183773719
-21.04109068589983
-20.867894558403236
-20.69355783238982
-20.518084606063567
-20.341478712510515
-20.16374373275774
-19.98488300811824
-19.804899651863195
-19.62379656026216
-19.441576423027744
-19.258241733199007
-19.07379479649596
-18.88823774017404
-18.701572521406746
-18.51380093522148
-18.324924622012617
-18.134945074653857
-17.94386364523021
-17.751681551408197
-17.558399882462826
-17.364019604976395
-17.16854156822529
-16.971966509267773
-16.77429505774624
-16.57552774041538
-16.37566498540751
-16.17470712624449
-15.972654405606058
-15.769506978862303
-15.565264917378714
-15.3599282115993
-15.153496773915826
-14.945970441327239
-14.73734897789542
-14.527632077000632
-14.316819363401752
-14.104910395103749
-13.891904665036039
-13.677801602543987
-13.462600574695115
-13.246300887402965
-13.028901786368767
-12.810402457842397
-12.590802029203568
-12.370099569362777
-12.148294088983455
-11.925384540523707
-11.701369818098657
-11.476248757161752
-11.250020134005128
-11.02268266507775
-10.794235006120495
-10.564675751117571
-10.334003431062
-10.102216512535978
-9.869313396102878
-9.635292414511971
-9.400151830713298
-9.16388983568272
-8.926504546056881
-8.687994001576577
-8.448356162339891
-8.207588905863965
-7.9656900239573885
-7.722657219402992
-7.478488102453921
-7.233180187144213
-6.986730887417226
-6.739137513076
-6.490397265558459
-6.240507233545043
-5.989464388403372
-5.737265579478549
-5.483907529237294
-5.229386828276708
-4.973699930209017
-4.716843146435703
-4.458812640826516
-4.199604424320111
-3.9392143494664085
-3.677638104931611
-3.414871209990744
-3.1509090090352294
-2.8857466661245144
-2.6193791596171656
-2.3518012769168153
-2.0830076093760037
-1.8129925474016757
-1.5417502758142592
-1.2692747695147302
-0.9955597895208789
-0.7205988794400688
-0.4443853624519034
-0.16691233888211707
0.1118273155437841
0.3918409506694225
0.6731361419924629
0.9557206897481757
1.2396026168630327
1.5247901656381873
1.811291793008555
2.0991161642084446
2.388272144659134
2.6787687898751313
2.970615333167424
3.263821170900228
3.558395845033511
3.8543490226588517
4.151690472207159
