7.9686e-05
0.0002233891441470278
0.00022377786064667297
0.00022412310708217682
0.00022444069508358874
0.0002247409658617749
0.0002250309389113456
0.00022531546644045
0.000225597924007932
0.0002258806551503737
0.00022616527112001399
0.00022645285890844925
0.00022674412751018998
0.00022703951347385177
0.00022733925638775446
0.00022764345395475644
0.00022795210267054363
0.0002282651272177665
0.00022858240207482102
0.000228903768343342
0.0002292290451071434
0.0002295580385507297
0.000229890548327846
0.0002302263724728787
0.0002305653104272878
0.00023090716611708195
0.00023125174932431053
0.00023159887660744797
0.00023194837246204422
0.00023230006938835596
0.00023265380850528031
0.00023300943902991386
0.00023336681846569256
0.0002337258125498231
0.0002340862946236634
0.00023444814545214103
0.00023481125321345582
0.00023517551245153676
0.00023554082457094493
0.00023590709660925308
0.0002362742417207525
0.00023664217799421923
0.00023701082894080774
0.00023738012280025337
0.0002377499917046257
0.00023812037269453602
0.00023849120607653072
0.0002388624361397819
0.00023923401050970737
0.00023960587945483884
0.00023997799689865856
0.00024035031908954004
0.00024072280479487673
0.00024109541559343492
0.00024146811460183258
0.0002418408675400335
0.00024221364184736862
0.00024258640672411113
0.00024295913301400007
0.00024333179314044967
0.0002437043612374615
0.00024407681218531228
0.0002444491227861975
0.00024482127037381724
0.0002451932337540229
0.0002455649927389141
0.00024593652801752113
0.00024630782103890724
0.0002466788539732161
0.0002470496099797531
0.0002474200729968359
0.0002477902271959313
0.0002481600577546987
0.00024852955013961436
0.00024889869058297655
0.0002492674654269069
0.00024963586174878334
0.0002500038670206796
0.0002503714690489442
0.00025073865581121536
0.0002511054157148751
0.00025147173767889834
0.0002518376104138737
0.0002522030235741158
0.0002525679662287215
0.0002529324280839529
0.0002532963992174385
0.00025365986932997486
0.0002540228289042611
0.00025438526786052357
0.000254747176727224
0.0002551085461772426
0.00025546936652019015
0.0002558296284487988
0.0002561893227794046
0.00025654844022118123
0.0002569069715117294
0.0002572649075317004
0.00025762223901370064
0.0002579789569766545
0.00025833505215721534
0.0002586905153301467
0.0002590453375079252
0.0002593995091469369
0.0002597530213340535
0.0002601058645894502
0.00026045802965794817
0.00026080950728761765
0.0002611602875944132
0.00026151036156199183
0.00026185971930088337
0.00026220835125413824
0.00026255624778275286
0.00026290339897108283
0.0002632497948886458
0.00026359542559038047
0.0002639402809570669
0.000264284350795223
0.0002646276248919066
0.00026497009274995556
0.00026531174389361376
0.00026565256751323786
0.0002659925533081347
0.00026633169003523085
0.00026666996688107724
0.0002670073725973071
0.0002673438961739728
0.00026767952628264317
0.0002680142513448109
0.00026834832374100293
0.00026868131328477583
0.0002690132571077099
0.00026934424885550595
0.00023581425214405112
0.0002363718095085001
0.00023692487019152987
0.00023747358891136285
0.00023801807863266927
0.0002385584222805657
0.0002390946812399016
0.00023962690194594266
0.0002401551205077442
0.00024067936583654665
0.00024119966211773119
0.0002417160305903337
0.00024222849064976215
0.00024273706104980828
0.00024324176010721775
0.00024374260633657603
0.0002442396187931578
0.00024473281789750206
0.00024522222375487706
0.00024570785827410685
0.0002461897444919693
0.0002466679054807141
0.00024714236629589124
0.0002476131521352992
0.00024808028977306006
0.00024854380638019585
0.00024900372989887233
0.0002494600893462027
0.00024991291424074607
0.00025036223462993935
0.00025080808138301013
0.0002512504856378714
0.00025168947943184924
0.00025212509442495024
0.00025255736358865933
0.00025298631972033454
0.00025341199574396514
0.00025383442520148235
0.00025425364143588045
0.0002546696783848836
0.0002550825696135961
0.0002554923491095402
0.0002558990503819851
0.000256302707576133
0.0002567033544510275
0.00025710102437399043
0.0002574957508775986
0.00025788756715563424
0.00025827650637103087
0.0002586626007400882
0.00025904588282430423
0.00025942638427139443
0.00025980413619184093
0.00026017916933859987
0.00026055151317910385
0.0002609211967007304
0.0002612882476087717
0.0002616526920577713
0.0002620145546172378
0.00026237385782922924
0.0002627306213829265
0.0002630848613727668
0.00026343658936584365
0.00026378581029998504
0.0002641325195527419
0.0002644766995041003
0.0002648183113016981
