381.4332319168796
381.409987856181
381.38674541058566
381.3635045719948
381.3402653323535
381.31702768362675
381.29379161779605
381.27055712685774
381.2473242028219
381.2240928377122
381.2008630235661
381.1776347524341
381.15440801638016
381.13118280748165
381.1079591178289
381.0847369395255
381.0615162646881
381.0382970854466
381.0150793939436
380.99186318233495
380.9686484427892
380.94543516748786
380.92222334862527
380.8990129784086
380.8758040490574
380.85259655280436
380.8293904818945
380.8061858285853
380.7829825851472
380.7597807438625
380.7365802970265
380.71338123694653
380.69018355594244
380.6669872463462
380.643792300502
380.6205987107665
380.5974064695081
380.5742155691077
380.551026001958
380.52783776046374
380.50465083704165
380.4814652241203
380.4582809141403
380.435097899554
380.4119161728257
380.38873572643115
380.36555655285815
380.34237864460596
380.31920199418556
380.29602659411944
380.2728524369419
380.2496795151984
380.2265078214464
380.2033373482542
380.1801680882021
380.15700003388156
380.1338331778954
380.11066751285784
380.08750303139425
380.06433972614155
380.04117758974775
380.0180166148722
379.9948567941852
379.9716981203685
379.94854058611486
379.9253841841284
379.9022289071239
379.8790747478277
379.855921698977
379.8327697533201
379.80961890361624
379.78646914263584
379.7633204631602
379.74017285798175
379.7170263199036
379.6938808417402
379.67073641631663
379.64759303646923
379.624450695045
379.6013093849021
379.57816909890914
379.5550298299463
379.5318915709042
379.50875431468444
379.4856180541996
379.4624827823733
379.4393484921395
379.4162151764438
379.39308282824203
379.3699514405015
379.34682100619983
379.3236915183259
379.3005629698796
379.2774353538711
379.25430866332215
379.23118289126523
379.2080580307437
379.18493407481174
379.1618110165345
379.1386888489883
379.11556756526033
379.0924471584487
379.0693276216622
379.0462089480211
379.0230911306567
378.999974162711
378.9768580373373
378.95374274769983
378.9306282869738
378.9075146483459
378.8844018250137
378.8612898101857
378.838178597082
378.8150681789336
378.79195854898285
378.7688497004833
378.7457416266998
378.7226343209081
378.69952777639594
378.676421986462
378.6533169444163
378.6302126435803
378.60710907728696
378.5840062388809
378.56090412171767
378.53780271916486
378.5147020246012
378.4916020314175
378.46850273301584
378.44540412281
378.42230619422526
378.3992089406992
378.3761123556806
378.35301643263045
378.32992116502146
378.30682654633785
378.28373257007627
378.2606392297451
378.2375465188648
378.21445443096803
378.1913629595992
378.1682720983151
378.1451818406848
378.1220921802893
378.0990031107221
378.075914625589
378.052826718508
378.0297393831098
378.00665261303743
377.9835664019466
377.9604807435052
377.93739563139417
377.914311059307
377.8912270209501
377.86814351004233
377.8450605203155
377.8219780455145
377.7988960793972
377.77581461573425
377.7527336483096
377.7296531709203
377.7065731773765
377.683493661502
377.6604146171334
377.6373360381211
377.6142579183287
377.59118025163366
377.56810303192674
377.54502625311255
377.5219499091092
377.498873993849
377.4757985012779
377.4527234253557
377.4296487600566
377.4065744993685
377.38350063729365
377.36042716784857
377.33735408506413
377.3142813829856
377.29120905567277
377.26813709719977
377.2450655016558
377.22199426314444
377.1989233757842
377.17585283370875
377.1527826310663
377.1297127620204
377.10664322074985
377.08357400144865
377.06050509832636
377.0374365056073
377.01436821753214
376.99130022835664
376.96823253235266
376.9451651238079
376.9220979970257
376.89903114632574
376.87596456604365
376.8528982505314
376.8298321941573
