202.13263034407976
202.17268042808863
202.21232037682418
202.2515502773849
202.29037021081456
202.32878025750324
202.36678049872984
202.40437101707323
202.44155189653873
202.4783232225993
202.5146850822019
202.55063756375455
202.58618075709995
202.62131475348085
202.6560396454988
202.6903555270695
202.7242624933754
202.75776064081717
202.79085006696508
202.82353087051078
202.85580315121976
202.8876670098849
202.91912254828216
202.95016986912705
202.98080907603375
203.01104027347452
203.04086356674287
203.07027906191675
203.09928686582452
203.1278870860122
203.15607983071232
203.18386520881458
203.2112433298376
203.23821430390268
203.2647782417085
203.2909352545071
203.31668545408138
203.34202895272344
203.36696586321415
203.39149629880384
203.41562037319386
203.43933820051907
203.46264989533123
203.4855555725832
203.5080553476139
203.53014933613397
203.55183765421228
203.5731204182629
203.5939977450326
203.6144697515893
203.63453655531075
203.65419827387376
203.67345502524404
203.69230692766655
203.71075409965584
203.7287966599874
203.74643472768904
203.76366842203277
203.78049786252691
203.79692316890876
203.81294446113714
203.828561859386
203.84377548403725
203.858585455675
203.87299189507922
203.88699492321985
203.90059466125146
203.9137912305078
203.92658475249658
203.9389753488946
203.95096314154313
203.96254825244316
203.973730803751
203.9845109177743
203.9948887169678
204.00486432392947
204.01443786139674
204.0236094522431
204.0323792194743
204.04074728622535
204.04871377575702
204.0562788114529
204.0634425168166
204.07020501546845
204.07656643114316
204.08252688768718
204.08808650905578
204.09324541931102
204.09800374261914
204.10236160324854
204.10631912556732
204.10987643404135
204.1130336532325
204.11579090779605
204.11814832247978
204.12010602212135
204.12166413164704
204.12282277607014
204.1235820804892
204.1239421700866
204.12390317012708
204.1234652059565
204.1226284030006
204.1213928867632
204.1197587828257
204.11772621684545
204.1152953145549
204.1124662017605
204.1092390043416
204.10561384824948
204.10159085950673
204.0971701642061
204.0923518885097
204.08713615864832
204.08152310092063
204.0755128416925
204.0691055073962
204.06230122452996
204.05510011965728
204.0475023194062
204.03950795046904
204.03111713960158
204.02233001362276
204.01314669941416
204.00356732391955
203.99359201414444
203.98322089715566
203.97245410008094
203.96129175010873
203.94973397448757
203.9377809005259
203.92543265559186
203.9126893671126
203.89955116257434
203.88601816952186
203.87209051555828
203.85776832834466
203.84305173559994
203.82794086510043
203.8124358446797
203.79653680222793
203.78024386569228
203.76355716307594
203.74647682243818
203.72900297189392
203.71113573961355
203.6928752538225
203.6742216428008
203.6551750348831
203.6357355584578
203.61590334196708
203.59567851390642
203.575061202824
203.55405153732053
203.53264964604855
203.51085565771214
203.4886697010664
203.466091904917
203.4431223981192
203.41976130957786
203.39600876824673
203.37186490312743
203.3473298432692
203.32240371776794
203.29708665576578
203.27137878645016
203.24528023905316
203.21879114285036
203.1919116271604
203.16464182134402
203.136981854803
203.10893185697935
203.08049195735424
203.05166228544704
203.02244297081424
202.99283414304844
202.9628359317772
202.9324484666617
202.90167187739596
202.87050629370515
202.8389518453448
202.8070086620991
202.77467687377984
202.7419566102249
202.70884800129687
202.67535117688186
202.64146626688785
202.60719340124314
202.572532709895
202.537484322808
202.5020483699626
202.46622498135343
202.43001428698764
202.39341641688338
202.35643150106813
202.31905966957672
202.28130105244998
202.2431557797328
202.2046239814725
202.16570578771683
