-22.26348809634567
-13.933703218086194
-13.915184510009245
-13.835476028408975
-13.59771793931994
-13.630404523292794
-13.678692222573448
-13.713867564487193
-13.73948200261926
-13.758357489198218
-13.772547759559016
-13.783504278181475
-13.792094666839093
-13.799197773620099
-13.80516025592973
-13.810319693707351
-13.814900282158058
-13.819056930239736
-13.822897540136264
-13.82649768634724
-13.829910516899702
-13.833173664652616
-13.836313923917666
-13.839350520361887
-13.842297374949533
-13.845164679334195
-13.84795999487862
-13.850689021179779
-13.853356134777929
-13.855964767688176
-13.858517665747915
-13.861017108911499
-13.863464998367693
-13.86586298109203
-13.868212510164197
-13.870514893064612
-13.87277133458354
-13.874982930425295
-13.87715073040479
-13.879275722866186
-13.881358843787204
-13.883401012302137
-13.885403095580054
-13.887365945124497
-13.889290369014347
-13.891177165826349
-13.893027117121308
-13.894840973219651
-13.896619476512349
-13.89836335200683
-13.900073290230571
-13.901749976756886
-13.90339409556284
-13.905006305739967
-13.906587230011255
-13.908137519196304
-13.909657773769778
-13.9111485914135
-13.912610581125934
-13.914044298657473
-13.91545031055384
-13.916829178098128
-13.918181440733356
-13.919507611371005
-13.920808222692349
-13.922083781775994
-13.923334773208143
-13.924561682746221
-13.925764994962645
-13.92694517504561
-13.928102668561891
-13.929237920825182
-13.930351382485425
-13.931443464239988
-13.932514597918958
-13.933565180258968
-13.934595623360801
-13.935606314889105
-13.936597640772819
-13.93756998048498
-13.93852369285428
-13.939459152625865
-13.940376699313541
-13.941276694189657
-13.942159461901621
-13.943025340004185
-13.943874603667343
-13.944707296060322
-13.945521816893532
-13.946338820632466
-13.94712545240014
-13.947894144312107
-13.948623319272007
-13.94939451838817
-13.950121093615262
-13.950839762155116
-13.951539307153798
-13.964344877763903
-13.965175903599064
-13.965965253897366
-13.96671848970746
-13.967440504048342
-13.968135284014137
-13.968806045839367
-13.969455388760256
-13.970085422867363
-13.970697870565981
-13.971294146508557
-13.971875420552392
-13.972442667401221
-13.972996705805592
-13.973538229561456
-13.974067832062635
-13.974586025778923
-13.97509325773317
-13.975589921822193
-13.976076368634153
-13.9765529133011
-13.977019841772849
-13.977477415857091
-13.977925877263914
-13.97836545086384
-13.978796347322477
-13.97921876522793
-13.979632892817811
-13.98003890939131
-13.98043698645137
-13.980827288650532
-13.981209974565528
-13.981585197333194
-13.98195310518211
-13.982313841876936
-13.982667547084427
-13.983014356690143
-13.983354403058774
-13.983687815259458
-13.984014719263232
-13.984335238106533
-13.984649492038255
-13.98495759864723
-13.985259672976401
-13.985555827620143
-13.985846172818468
-13.986130816536765
-13.986409864538825
-13.986683420456963
-13.986951585854351
-13.987214460282862
-13.987472141336129
-13.987724724703408
-13.987972304216214
-13.988214971892729
-13.988452817980967
-13.988685931003662
-13.988914397793097
-13.98913830353116
-13.989357731785942
-13.989572764545313
-13.98978348225113
-13.989989963832322
-13.990192286737422
-13.990390526963951
-13.990584759086694
-13.990775056290685
-13.990961490395462
-13.991144131885093
-13.991323049932843
-13.991498312427852
-13.991669986002533
-13.991838136053287
-13.992002826768482
-13.992164121149234
-13.992322081034414
-13.992476767122678
-13.99262823899228
-13.992776555127765
-13.992921772933716
-13.99306394876236
-13.993203137929402
-13.993339394736118
-13.993472772485468
-13.993603323504473
-13.993731099162066
-13.993856149884822
-13.993978525175203
-13.994098273633817
-13.99421544296908
-13.994330080018687
-13.994442230763552
-13.994551940346277
-13.994659253084558
-13.994764212486984
-13.994866861269738
-13.994967241367737
-13.99506539395383
-13.995161359447826
-13.995255177535636
-13.995346887178076
-13.99543652662788
-13.995524133440325
