31589.999999999996
25339.44366982378
25350.581770556164
25361.625052723277
25372.590813514293
25383.484516371915
25394.308887344167
25405.065468372446
25415.755227078087
25426.37883993767
25436.936826312634
25447.42961215488
25457.857560476674
25468.220986121178
25478.520163119825
25488.75532854994
25498.92668473691
25509.0344006706
25519.07861304536
25529.059427116692
25538.976917464715
25548.831128708294
25558.622076189484
25568.349746638698
25578.01409882532
25587.61506419622
25597.152547504287
25606.62642742709
25616.03655717707
25625.38276510373
25634.66485528807
25643.88291211205
25653.03608016501
25662.124403008103
25671.1475933883
25680.105342718653
25688.99732158308
25697.823180286498
25706.582549403
25715.275040320495
25723.900245782253
25732.457740424856
25740.947081313203
25749.367808472405
25757.719445416973
25766.001499677855
25774.213463326705
25782.354813498438
25790.425012911517
25798.423510386703
25806.34974136415
25814.20312841868
25821.983081774208
25829.688999816244
25837.320269603584
25844.876267378917
25852.356359078
25859.759900838148
25867.086239505505
25874.33471314162
25881.504651528718
25888.595376674457
25895.60620331537
25902.53643941954
25909.385386688315
25916.152341056833
25922.836593193675
25929.437428999274
25935.95413010313
25942.385974359895
25948.73223634391
25954.99218784252
25961.16509834777
25967.25023554647
25973.24686580856
25979.15425467356
25984.971667335158
25990.698369123627
25996.333625986015
26001.876704963965
26007.326874668997
26012.68340575529
26017.94557138942
26023.1126477173
26028.18391432797
26033.158654714007
26038.03615672876
26042.815713039672
26047.49662157796
26052.07818598456
26056.559716051575
26060.940528159816
26065.21994571176
26069.3972995599
26073.471928430285
26077.443179341382
26081.310408017467
26085.07297929708
26088.730267535924
26092.281657004194
26095.72654227818
26099.06432862612
26102.29443238779
26105.41628134818
26108.429315104702
26111.332985427987
26114.126756616188
26116.810105842433
26119.382523495657
26121.843513514283
26124.192593713044
26126.429296102586
26128.553167201677
26130.56376834246
26132.460675967795
26134.2434819215
26135.91179373078
26137.465499056354
26138.903718185444
26140.226362576464
26141.433105177704
26142.52363590408
26143.497661884612
26144.354907691733
26145.095115561926
26145.71804560813
26146.223476024086
26146.61120328084
26146.881042315366
26147.032826711107
26147.06640887096
26146.981660182366
26146.778471174483
26146.456751667996
26146.016430916963
26145.457457743312
26144.779800663768
26143.983448009403
26143.06840803774
26142.03470903781
26140.88239942801
26139.611547846835
26138.22224323692
26136.71459492214
26135.088732678047
26133.34480679591
26131.48298814027
26129.503468200357
26127.406459135298
26125.19219381341
26122.860925845944
26120.41292961493
26117.848500295724
26115.16795387435
26112.371627159744
26109.459877791058
26106.433084240278
26103.2916458105
26100.03598262963
26096.66653564018
26093.18376658518
26089.58815799032
26085.880213142562
26082.060456065687
26078.129431492645
26074.087704835314
26069.93586215112
26065.674510108176
26061.304275947434
26056.82580744348
26052.239772863406
26047.54686092451
26042.74778075046
26037.84326182684
26032.83405395593
26027.72092721082
26022.504671889674
26017.186098469745
26011.76603756191
26006.245339865596
26000.624876124606
25994.905537084043
25989.088233448532
25983.173895841945
25977.163499937367
25971.057965973836
25964.858309022806
25958.565539039904
25952.180685723473
25945.70479849399
25939.138946474763
25932.48421847486
25925.741722975723
25918.912588121413
25911.997961713627
25904.999011211232
25897.91692373508
25890.752906077967
25883.508184720475
25876.184005852305
