112.7680304404347
112.65029843749117
112.53269337536855
112.41521812928222
112.29787396034003
112.18066164833722
112.06358175756688
111.94663471162964
111.82982082436465
111.71314031918641
111.59659334411721
111.48017998435344
111.36390027297436
111.24775420010762
111.13174172077416
111.01586276159368
110.90011722650517
110.78450500163436
110.66902594586495
110.55367993517838
110.43846682456632
110.32338646421215
110.20843870154815
110.09362339611403
109.97894038127583
109.86438950517619
109.74997061831134
109.63568357422595
109.52152823005392
109.40750444692029
109.29361209022562
109.17985102983174
109.06622114016454
108.95272230024868
108.83935439368521
108.72611730858334
108.6130109374547
108.50003517707832
108.38718992834201
108.2744750960668
108.16189058881805
108.04943631870805
107.93711220119287
107.82491815486661
107.71285410125519
107.60091996461169
107.48911567171457
107.37744115167054
107.26589633572205
107.15448115706134
107.04319555065116
106.93203945305194
106.82101280225686
106.71011553753405
106.59934759927646
106.48870892885923
106.3781994685047
106.26781916115445
106.15756795034896
106.04744578011399
105.93745259485385
105.82758833925139
105.71785295817409
105.6082463965863
105.49876859946735
105.38941951173516
105.28019907817517
105.17110724337414
105.06214395165898
104.95330914703992
104.84460277315789
104.73602477323621
104.62757509003582
104.51925366581433
104.41106044228832
104.30299536059881
104.19505836127989
104.08724938423013
103.9795683686865
103.8720152532009
103.76458997561913
103.65729247306176
103.55012268190737
103.44308053777743
103.33616597552331
103.2293789292146
103.12271933212932
103.01618711674548
102.90978221473397
102.80350455695287
102.69735407344291
102.59133069342397
102.48543434529292
102.37966495662202
102.27402245415858
102.16850676382543
102.06311781072208
101.95785551912672
101.85271981249899
101.74771061348315
101.64282784391219
101.53807142481226
101.43344127640788
101.32893731812733
101.22455946860879
101.12030764570675
101.01618176649902
100.91218174729379
100.80830750363742
100.70455895032222
100.60093600139479
100.49743857016452
100.39406656921244
100.29081991040012
100.18769850487905
100.08470226310008
99.9818310948231
99.87908490912689
99.77646361441919
99.67396711844681
99.5715953283059
99.46934815045256
99.36722549071325
99.26522725429557
99.16335334579888
99.06160366922535
98.95997812799077
98.85847662493556
98.75709906233584
98.65584534191461
98.55471536485284
98.45370903180067
98.35282624288874
98.25206689773928
98.1514308954776
98.05091813474317
97.95052851370104
97.85026193005314
97.75011828104945
97.65009746349942
97.55019937378319
97.4504239078628
97.3507709612934
97.25124042923458
97.15183220646134
97.05254618737531
96.95338226601581
96.85434033607092
96.75542029088847
96.65662202348682
96.55794542656598
96.45939039251822
96.36095681343892
96.26264458113732
96.16445358714695
96.06638372273639
95.96843487891955
95.8706069464663
95.77289981591254
95.67531337757056
95.57784752153925
95.48050213771403
95.38327711579694
95.2861723453065
95.18918771558744
95.0923231158205
94.99557843503197
94.89895356210323
94.80244838578004
94.70606279468215
94.60979667731212
94.51364992206476
94.41762241723589
94.32171405103139
94.22592471157593
94.13025428692156
94.03470266505641
93.93926973391316
93.84395538137731
93.74875949529547
93.65368196348341
93.5587226737342
93.46388151382607
93.36915837153018
93.27455313461827
93.18006569087036
93.08569592808202
92.99144373407188
92.89730899668872
92.8032916038187
92.70939144339228
92.61560840339106
92.52194237185473
92.42839323688756
92.33496088666497
92.24164520944001
92.14844609354965
92.05536342742099
91.96239709957737
91.8695469986443
