-530.9327216518437
-498.8936400681483
-478.99059552851963
-462.0864887399164
-450.5899738920596
-439.46923735853005
-429.74286139550617
-421.8988898299068
-415.76078354011577
-411.0350020028691
-407.4093284839512
-404.60428522153836
-402.40229961084464
-400.62749941001744
-399.1567027797564
-397.9002429643528
-396.79463514326454
-395.7953427694922
-394.87129342863426
-394.00087145110047
-393.169058919288
-392.36542444848266
-391.5827148430477
-390.81588054553526
-390.06139882136137
-389.31680588701784
-388.5803737609131
-387.8508848763609
-387.12747939650654
-386.4095462313031
-385.69664843134785
-384.9884726718651
-384.28479099709966
-383.58543709152633
-382.8902873689514
-382.19924993888725
-381.5122539788461
-380.8292460716651
-380.15018354570674
-379.4750314981296
-378.8037616855069
-378.13635104437463
-377.4727793682561
-376.8130278010549
-376.15708162436266
-375.5049251568503
-374.8565460132049
-374.211930393245
-373.5710671438638
-372.93394429448244
-372.3005505860899
-371.6708750061435
-371.04490702459515
-370.42263534316584
-369.80404938413176
-369.18913933265145
-368.57789378750994
-367.9703024490422
-367.3663546396856
-366.7660396662498
-366.16934679509075
-365.57626519413964
-364.9867836788982
-364.4008917719041
-363.8185776230896
-363.2398304876815
-362.6646389904188
-362.0929911030483
-361.5248757111138
-360.9602808522406
-360.3991940122824
-359.84159623854725
-359.2873957508696
-358.73727936885354
-358.18920160808744
-357.64662660752657
-357.1061784553239
-356.5692625788353
-356.03583268229244
-355.5057808600726
-355.525133918552
-354.9463368137544
-354.38287941531274
-353.831979152792
-353.2914965421371
-352.7597903453282
-352.2355999875745
-351.71795525212116
-351.2061075555101
-350.699477688065
-350.19761604588405
-349.70017233641533
-349.20687247280193
-348.7175009288923
-348.2318872462425
-347.74989570210664
-347.2714173866477
-346.79636411900253
-346.3246637683812
-345.8562566509489
-345.3910927503965
-344.92912957125407
-344.4703304780713
-344.0146634088567
-343.5620998766843
-343.1126141941611
-342.6661828695629
-342.22278413657574
-341.7823975871235
-341.3450038844648
-340.9105845387752
-340.4791217312008
-340.05059817596765
-339.6249970120018
-339.20230171783
-338.7824960446713
-338.36556396368974
-337.951489624557
-337.5402573229064
-337.13185147454743
-336.726256595452
-336.3234572858031
-335.9234382178333
-335.52618412604494
-335.1316797998363
-334.7399100777408
-334.3508598431225
-333.9645140208339
-333.5808575749321
-333.19987550684226
-332.82155285427444
-332.44587469053545
-332.07282612405965
-331.70239229841246
-331.3345583923336
-330.96930961999993
-330.6066312316131
-330.24650851367625
-329.8889267897766
-329.5338714211795
-329.1813278074901
-328.83128138742387
-328.4837176395495
-328.13862208302805
-327.7959802783521
-327.4557778281609
-327.1180003779249
-326.7826336167574
-326.44966327805133
-326.1190751402599
-325.79085502760245
-325.4649888106893
-325.14146240725165
-324.8202617827106
-324.50137295086466
-324.1847819744559
-323.8704749657899
-323.558438087255
-323.24865755189023
-322.9411196239182
-322.6358106192202
-322.3327169058477
-322.031824904511
-321.73312108898074
-321.4365919864989
-321.1422241782643
-320.850004299789
-320.55991904124284
-320.27195514787877
-319.9860994203122
-319.70233871488
-319.4206599439685
-319.1410500762751
-318.8634961370954
-318.5879852086157
-318.31450443013097
-318.0430409983254
-317.7735821674428
-317.50611524953655
-317.2406276147113
-316.9771066911793
-316.7155399656179
-316.455914983145
-316.1982193476312
-315.9424407217575
-315.6885668271226
-315.43658544446737
-315.18648441368924
-314.9382516339865
-314.6918750639303
-314.4473427215756
-314.2046426845411
-313.96376308996184
-313.7246921347379
-313.48741807543547
-313.2519292283388
-313.0182139695824
-312.7862607350476
-312.5560580204521
-312.3275943813688
