9.831360528675887
10.09371082493387
10.275973818258107
10.384896611289587
10.427802065443643
10.424174026391198
10.385345376646448
10.320910179095723
10.238665394079295
10.144633774946822
10.0432961074013
9.937892241341713
9.830718661285893
9.723342838948549
9.616852297930787
9.511961527380942
9.409131491101965
9.308646890339038
9.210671131161345
9.115284958828877
9.022513401800335
8.932344449157181
8.844741926708458
8.759654325882883
8.677020820098676
8.596775335466681
8.51884927878286
8.443173343099335
8.369678682051644
8.298297654437823
8.228964278122687
8.161614488822716
8.09618627019983
8.032619698733672
7.9708569351001675
7.910842182107238
7.852521623033778
7.795843349471692
7.740757284583992
7.6872151055364935
7.635170167558162
7.584577430273075
7.535393388275498
7.487576005111953
7.441084651194542
7.395880045452812
7.351924200390658
7.309180370911193
7.267613005545551
7.227187700816982
7.187871158072466
7.149631142749857
7.11243644530941
7.076256844678554
7.041063073127489
7.006826782712451
6.973520513628287
6.941117663390849
6.909592457717718
6.878919922120719
6.849075855264262
6.820036802853777
6.791780032814702
6.764283511298968
6.737525879340005
6.711486430675251
6.686145090445043
6.661482394379584
6.637479468613913
6.61411801048281
6.591380270217339
6.569249032416716
6.547707599242962
6.526739773130816
6.506329841107247
6.486462558624305
6.467123134919068
6.448297218144557
6.429970881327333
6.412130608738705
6.394763282801965
6.37785617109397
6.361396914422838
6.3453735147255905
6.32977432361555
6.314588031374027
6.299803655959971
6.285410533064439
6.2713983056420055
6.257756914603823
6.244476589254987
6.231547838359328
6.218961441190271
6.206708439400825
6.194780128520753
6.183168050368028
6.171863985121185
6.1608599441893634
6.150148162941714
6.13972109384204
6.129571399776263
6.119691947648706
6.110075802025051
6.1007162192409465
6.091606641602022
6.082740692463962
6.074112172363091
6.065715063216159
6.057543348594511
6.049591400910328
6.041853727294113
6.034325140756643
6.026999901235704
6.019873417482542
6.012940446464502
6.006195869917491
5.99963551186602
5.993254557524102
5.987716522012998
5.982278844515825
5.976948349184211
5.9717302488908395
5.966628275351453
5.961644933408992
5.956781733280441
5.952039383588018
5.9474179489127055
5.942916977971285
5.938535607880976
5.934272649015144
5.930126654102333
5.926095974522028
5.922178806186363
5.918373226941349
5.914677227054715
5.911088734061782
5.907605633001756
5.904225782883984
5.900947030067638
5.897767219111984
5.894684201551631
5.891695842968361
5.888800028663276
5.88599466817818
5.883277698870254
5.880647088707574
5.8781008384232365
5.87563698314153
5.873253593569405
5.8709487768304545
5.868720677004985
5.866567475428798
5.864487390794217
5.862478679089448
5.8605396334061775
5.858668583640216
5.856863896105758
5.855123973080501
5.853447252295683
5.851832206383016
5.850277342288287
5.848781200659773
5.847342355218418
5.845959412115242
5.844631009280796
5.843355815770467
5.842132531108928
5.840959884636321
5.839836634858376
5.838761568802205
5.837733501379325
5.836751274756957
5.835813757738625
5.8349198451548
5.834068457264102
5.83325853916553
5.832489060222098
5.831759013496004
5.831067415195533
5.830413304133807
5.829795741199279
5.829213808838072
5.828666610547986
5.828153270384177
5.8276729324762675
5.827224760556833
5.826807937501044
5.826421664877283
5.826065162508554
5.825737668044491
5.825438436543747
5.825166740066527
5.824921867277099
5.824703123056014
5.824509828121848
5.82434131866223
5.824196945973964
5.824076076111966
5.823978089546912
5.823902380831262
