23.183476188407678
23.183481698955692
23.183486971632952
23.18349184507686
23.1834962270159
23.183500069674047
23.183503357298086
23.183506096766546
23.18350831074069
23.183510031005834
23.183511296419862
23.183512148594037
23.18351263009245
23.1835127829339
23.18351264756106
23.183512262168797
23.18351166229991
23.183510880637243
23.183509946937644
23.183508888065948
23.183507728097467
23.18350648846515
23.18350518813384
23.183503843788554
23.183502470027516
23.183501079553277
23.18349968335737
23.18349829089559
23.183496910252074
23.183495548291162
23.18349421079675
23.183492902599276
23.18349162769063
23.18349038932769
23.18348919012512
23.183488032138257
23.183486916936875
23.183485845670624
23.18348481912691
23.183483837781992
23.183482901845974
23.18348201130227
23.183481165942236
23.183480365395475
23.183479609156233
23.183478902963508
23.183478232866324
23.183477604340556
23.183477017372002
23.18347647104875
23.183475964405748
23.183475496458705
23.1834750662116
23.183474672662562
23.18347431480914
23.183473991652015
23.183473702198814
23.18347344546725
23.183473220487695
23.18347302630538
23.183472861982132
23.183472726597813
23.183472621712593
23.18347254110988
23.183472486812306
23.183472458051387
23.18347245399612
23.1834724738377
23.183472516791586
23.183472582096986
23.183472669016332
23.183472776834698
23.183472904859254
23.18347305241875
23.18347321886299
23.18347340356226
23.183473605906844
23.18347382530646
23.183474061189774
23.183474313003835
23.18347458021359
23.183474862301374
23.18347515876638
23.183475469124204
23.183475792906314
23.183476129659603
23.183476478945895
23.183476840341502
23.18347721343676
23.183477597835573
23.183477993155037
23.183478399024953
23.183478815087476
23.183479240996665
23.183479676418134
23.18348012102868
23.183480574515865
23.183481036577728
23.183481506922405
23.183481985267793
23.183471148733048
23.183458333173675
23.183444165623506
23.18342892948653
23.1834128442104
23.183396084910743
23.183378791582687
23.18336107622037
23.183343028474496
23.183324720157053
23.183306208830977
23.18328754067263
23.183268752755605
23.18324987487378
23.183230930997187
23.1832119404351
23.183192918765567
23.183173878578483
23.183154830069807
23.183135781516828
23.18311673965849
23.183097709999675
23.183078697054803
23.18305970454288
23.18304073554369
23.183021792622853
23.183002877932122
23.182983993289632
23.18296514024433
23.182946320127538
23.18292753409435
23.18290878315684
23.182890068210668
23.18287139005645
23.182852749416924
23.182834146950693
23.18281558326332
23.182797058916208
23.18277857443372
23.182760130308957
23.18274172700836
23.18272336497544
23.18270504463379
23.182686766389494
23.18266853063307
23.18265033774108
23.18263218807739
23.18261408199421
23.182596019832953
23.182578001924913
23.18256002860039
23.182542100155793
23.182524216902433
23.182506378604767
23.182488587083903
23.18247084116381
23.182453141559968
23.1824354885445
23.182417882374857
23.182400323300932
23.182382811565393
23.182365347403813
23.182347931044745
23.18233056270986
23.18231324261398
23.182295970957643
23.18227874795653
23.182261573798943
23.182244448672982
23.1822273727604
23.18221034623653
23.18219336927037
23.182176442024605
23.182159564655727
23.182142737314035
23.18212596014372
23.18210923328292
23.182092556863786
23.18207593101253
23.182059355849486
23.182042831489163
23.182026358040314
23.182009935605983
23.18199356428358
23.181977244164912
23.181960975336267
23.181944757878465
23.1819285918669
23.181912477371625
23.181896414457388
23.181880403183712
23.181864443604937
23.18184853577029
23.181832679723925
23.181816875505007
23.18180112314775
23.18178542268148
23.18176977413071
23.18175417751518
23.18173863284994
