-0.18059231534002945
-0.19808043573217674
-0.21226062260538162
-0.2264178737049343
-0.24053801986648068
-0.2546110285117048
-0.26862955049660087
-0.2825880229118541
-0.2964820597420262
-0.3103080441136921
-0.32406285835543264
-0.3377437064158545
-0.3513479972258991
-0.364873267753692
-0.3783171315941863
-0.3916772437658509
-0.4049512756145182
-0.41813689584965574
-0.4312317551194457
-0.4442334724169025
-0.4571396221689388
-0.46994772120601336
-0.48265521501571146
-0.495259462796743
-0.5077577208805337
-0.5201471240945144
-0.5324246646148671
-0.5445871678032222
-0.5566312644420668
-0.5685533586789838
-0.5803495908545776
-0.5920157942202162
-0.6035474443409355
-0.6149395997170806
-0.6261868318329202
-0.6372831424359602
-0.6482218653475387
-0.6589955494790731
-0.6695958189498377
-0.6800132052360892
-0.6902369450877951
-0.7002547364852733
-0.7100524431353925
-0.7196137358969371
-0.7289196571075075
-0.7379480911525097
-0.7466731220808386
-0.7550642572712022
-0.763085496404943
-0.7706941947691041
-0.777839917164387
-0.7844628424014134
-0.7904924106291565
-0.7958459990780167
-0.8004282246933955
-0.8041316484243414
-0.8068402617120668
-0.8084379416527202
-0.8088249281268479
-0.8079456658563555
-0.8058295569218905
-0.802639911884533
-0.7987143111110403
-0.7945664717730647
-0.7908208606433199
-0.7880824982294352
-0.78679357808497
-0.7871488442077212
-0.7891042664799952
-0.792453680039938
-0.7969206695607223
-0.8022287551352245
-0.8081386516760084
-0.8144605823786056
-0.8210521194833916
-0.8278101448888545
-0.8346617403586306
-0.8415561306904011
-0.8484583071440102
-0.855344277507776
-0.8621976533348058
-0.8690072526765352
-0.8757654403464318
-0.8824669895727718
-0.8891083060513435
-0.8956869012008608
-0.9022010354850528
-0.9086494773933627
-0.9150313406875747
-0.9213459746481626
-0.9275928900188918
-0.9337717090875238
-0.939882132015698
-0.9459239141214328
-0.9518968505398454
-0.9578007658534157
-0.9636355070690699
-0.9694013363134708
-0.9750974117219632
-0.9807239242508089
-0.9862807847942097
-0.9917675066027689
-0.9971847451965149
-1.0025321645829572
-1.0078096300707238
-1.0130171023275854
-1.0181545310369164
-1.0232218734985252
-1.0282190942413725
-1.033146164744333
-1.0380030632211088
-1.0427897744459127
-1.0475062896051608
-1.0521526061662925
-1.056728727757983
-1.0612346640582988
-1.0656704306885376
-1.0700360491114234
-1.0743315465327514
-1.07855695580592
-1.0827123153391087
-1.0867976690046615
-1.090813066050825
-1.0947585610154746
-1.0986342136419696
-1.1024400887969812
-1.1061762563902988
-1.1098427912966284
-1.1134397732793109
-1.1169672869159932
-1.120425421525961
-1.123814271100067
-1.1271339342315079
-1.130384514049305
-1.133566118153191
-1.1366788585504561
-1.139722851594536
-1.142698217925363
-1.1456050824114603
-1.1484435740937673
-1.151213826131134
-1.153915975747313
-1.156550164179959
-1.1591165366308005
-1.161615242217577
-1.1640464339274605
-1.1664102685719508
-1.1687069067432185
-1.1709365127718863
-1.1730992546861416
-1.175195304172218
-1.1772248365361884
-1.1791880306669569
-1.1810850690005463
-1.1829161374855226
-1.184681425549551
-1.186381126067098
-1.188015435328159
-1.1895845530079885
-1.19108868213788
-1.192528029076798
-1.1939028034839683
-1.1952132182923039
-1.196459489682645
-1.1976418370587762
-1.1987604830231975
-1.1998156533535502
-1.2008075769797502
-1.2017364859617068
-1.2026026154676146
-1.2034062037528102
-1.204147492139095
-1.2048267249945601
-1.2054441497138113
-1.2060000166985727
-1.2064945793386734
