0.004612949039953517
0.0046626100029899375
0.004710619426125145
0.004756986462112605
0.0048017300648139204
0.004844878024066816
0.004886465936356592
0.004926536149634258
0.0049651367094256564
0.005002320329455835
0.005038143406009671
0.005072665091151313
0.005105946436206982
0.005138049612718119
0.005169037215535955
0.005198971649350212
0.005227914597813856
0.005255926572512237
0.005283066537584315
0.005309391604773381
0.005334956793009378
0.005359814846252617
0.005384016103205256
0.0054076084125724505
0.005430637087780972
0.005453144895399926
0.005475172071918761
0.0054967563639936505
0.005517933087750343
0.005538735203211143
0.005559193400381438
0.005579336193977663
0.00559919002419622
0.005618779361307272
0.005638126812207366
0.005657253227378524
0.00567617780698051
0.00569491820504829
0.005713490630980612
0.005731909947690248
0.005750189765944677
0.005768342534560146
0.005786379626224955
0.005804311418821813
0.005822147372196586
0.005839896100383838
0.005857565439350253
0.005875162510357042
0.005892693779073339
0.005910165110595965
0.005927581820547622
0.005944948722437188
0.005962270171472689
0.00597955010502097
0.0059967920799085086
0.006013999306755829
0.0060311746815343075
0.006048320814528795
0.006065440056883221
0.0060825345248992175
0.006099606122250098
0.006116656560264578
0.006133687376426244
0.006150699951226736
0.006167695523502191
0.00618467520437454
0.006201639989911301
0.006218590772609985
0.0062355283518057344
0.00625245344309399
0.006269366686853157
0.006286268655945918
0.006303159862671927
0.006320040765038878
0.006336911772413678
0.006353773250610467
0.006370625526467609
0.0063874688919614364
0.0064043036079004505
0.006421129907240038
0.006437947998054182
0.006454758066197548
0.006471560277688264
0.006488354780839052
0.006505141708161793
0.006521921178068406
0.0065386932963886245
0.006555458157723438
0.00657221584665121
0.006588966438801686
0.006605710001811868
0.00662244659617611
0.00662244659617611
0.00662244659617611
0.00662244659617611
0.00662244659617611
0.00662244659617611
0.00662244659617611
0.00662244659617611
0.00662244659617611
0.00662244659617611
0.00662244659617611
0.00662244659617611
0.00662244659617611
0.00662244659617611
0.00662244659617611
0.00662244659617611
0.00662244659617611
0.00662244659617611
0.00662244659617611
0.00662244659617611
0.00662244659617611
0.00662244659617611
0.00662244659617611
0.00662244659617611
0.00662244659617611
0.00662244659617611
0.00662244659617611
0.00662244659617611
0.00662244659617611
0.00662244659617611
0.00662244659617611
0.00662244659617611
0.00662244659617611
0.00662244659617611
0.00662244659617611
0.00662244659617611
0.00662244659617611
0.00662244659617611
0.00662244659617611
0.00662244659617611
0.00662244659617611
0.00662244659617611
0.00662244659617611
0.00662244659617611
0.00662244659617611
0.00662244659617611
0.00662244659617611
0.00662244659617611
0.00662244659617611
0.00662244659617611
0.00662244659617611
0.00662244659617611
0.00662244659617611
0.00662244659617611
0.00662244659617611
0.00662244659617611
0.00662244659617611
0.00662244659617611
0.00662244659617611
0.00662244659617611
0.00662244659617611
0.00662244659617611
0.00662244659617611
0.00662244659617611
0.00662244659617611
0.00662244659617611
0.00662244659617611
0.00662244659617611
0.00662244659617611
0.00662244659617611
0.00662244659617611
0.00662244659617611
0.00662244659617611
0.00662244659617611
0.00662244659617611
0.00662244659617611
0.00662244659617611
0.00662244659617611
0.00662244659617611
0.00662244659617611
0.00662244659617611
0.00662244659617611
0.00662244659617611
0.00662244659617611
0.00662244659617611
0.00662244659617611
0.00662244659617611
0.00662244659617611
0.00662244659617611
0.00662244659617611
0.00662244659617611
0.00662244659617611
0.00662244659617611
0.00662244659617611
0.00662244659617611
0.00662244659617611
0.00662244659617611
0.00662244659617611
0.00662244659617611
0.00662244659617611
0.00662244659617611
0.00662244659617611
0.00662244659617611
0.00662244659617611
0.00662244659617611
0.00662244659617611
0.00662244659617611
0.00662244659617611
0.00662244659617611
