0.004391926482407888
0.004393203318618935
0.004393419024422315
0.004393460262699312
0.0043934380005836125
0.00439338936219619
0.004393329873389998
0.004393266173301567
0.004393201101108113
0.004393135867008692
0.00439307098349383
0.004393006664604917
0.004392942996924795
0.004392880012725348
0.004392817721222294
0.00439275612191273
0.004392695210257953
0.004392634980099622
0.004392575424683501
0.004392516537090372
0.004392458310414936
0.0043924007378378154
0.004392343812652304
0.004392287528272126
0.0043922318782312845
0.004392176856180723
0.004392122455883795
0.004392068671211343
0.004392015496136783
0.004391962924731292
0.004391910951925356
0.004391859569926285
0.004391808774687095
0.00439175856039513
0.004391708921482334
0.0043916598524913536
0.004391611348048906
0.004391563402853922
0.004391516011670906
0.004391469169325467
0.004391422870700905
0.004391377110735265
0.004391331884418695
0.004391287186791015
0.004391243012939422
0.004391199357996343
0.004391156217137412
0.004391113585579563
0.004391071458579235
0.0043910298314306945
0.004390988699464446
0.004390948058045752
0.004390907902573241
0.004390868228477614
0.004390829031220425
0.004390790306292967
0.00439075204921521
0.004390714255534837
0.00439067692082634
0.0043906400406901955
0.004390603610752096
0.004390567626662253
0.0043905320840947545
0.004390496978746985
0.004390462306339098
0.004390428062613539
0.0043903942433346195
0.004390360844288138
0.004390327861281045
0.004390295290141148
0.0043902631267168585
0.00439023136687698
0.004390200006510521
0.004390169041526551
0.004390138467854083
0.00439010828144199
0.004390078478258939
0.0043900490542933615
0.004390020005553439
0.004389991328067132
0.004389963017882176
0.004389935071066174
0.00438990748370664
0.004389880251911092
0.004389853371807151
0.004389826839542655
0.0043898006512857815
0.004389774803225185
0.004389749291570142
0.004389724112550705
0.004389699262417866
0.004389674737443716
0.004389650533921632
0.004389626648166444
0.004389603076514617
0.004389579815324441
0.004389556860976212
0.0043895342098724185
0.0043895118584379314
0.004389489803120193
0.004389468040389398
0.004389446566738682
0.004389425378684305
0.004389404472765832
0.004389383845546301
0.0043893634936124125
0.004389343413470034
0.0043893236020401075
0.004389304055747253
0.0043892847713113544
0.004389265745449237
0.0043892469748964885
0.004389228456411267
0.004389210186775749
0.004389192162796754
0.004389174381306081
0.0043891568391606975
0.004389139533242864
0.004389122460460261
0.004389105617746072
0.004389089002059072
0.004389072610383709
0.004389056439730152
0.004389040487134374
0.004389024749658189
0.004389009225252401
0.00438899390966883
0.004388978800329147
0.004388963894529282
0.004388949189512924
0.00438893468251825
0.004388920370796953
0.0043889062516217795
0.0043888923222894964
0.004388878580122046
0.004388865022466978
0.0043888516466976
0.004388838450213007
0.004388825430438048
0.004388812584823294
0.004388799910844963
0.004388787406004859
0.004388775067830289
0.004388762893873984
0.004388750881714004
0.0043887390289536424
0.004388727333221322
0.004388715792170493
0.0043887044034795104
0.0043886931648515195
0.004388682074014332
0.00438867112872029
0.004388660326746136
0.004388649665892878
0.004388639143985631
0.004388628758873478
0.004388618508429316
0.004388638914760701
0.004388611311993975
0.004388593640506721
0.004388580813092587
0.004388569989022931
0.004388560025907651
0.004388550473196183
0.004388541152797955
0.004388531993641972
0.004388522966687314
0.0043885140594051
0.0043885052657604085
0.004388496582279799
0.004388488006507782
0.0043884795364009695
0.004388471170090237
0.004388462905787275
0.004388454741747817
0.0043884466762570675
0.004388438707623874
0.0043884308341782955
0.004388423054270519
0.004388415366270303
0.0043884077685666205
0.0043884002595673795
0.004388392837699186
0.004388385501407098
0.004388378249154406
0.0043883710794223926
0.00438836399071011
0.004388356981534138
0.0043883500504283655
0.004388343195943747
0.004388336416648067
0.004388329711125717
0.004388323077977444
0.004388316515820131
0.004388310023286539
0.0043883035990250905
0.0043882972416996215
0.004388290949989136
0.0043882847225875845
0.0043882785582036
