1.697774303098097
1.6970162109024272
1.6956383946751157
1.6936679712780869
1.6911374349655808
1.6880800209582147
1.6845284219960628
1.6805143220141034
1.676068214394432
1.6712193394064787
1.665995677188055
1.6604239680417594
1.654529746236176
1.6483373800850776
1.6418701143628058
1.6351501128679062
1.6281984999320511
1.6210354002446012
1.6136799767043768
1.6061504662152288
1.5984642134645104
1.590637702794924
1.5826865883193404
1.5746257224467903
1.5664691829932846
1.5582302990482335
1.5499216757590395
1.541555218185049
1.5331421543587695
1.524693057678035
1.516217868738238
1.5077259166992596
1.4992259402676205
1.4907261083608268
1.4822340405080587
1.4737568270293206
1.46530104902402
1.456872798189715
1.4484776964824821
1.440120915622043
1.4318071964374406
1.4235408680426613
1.415325866826171
1.407165755233812
1.3990637403208914
1.3910226920465338
1.3830451612814085
1.3751333974987665
1.3672893661182308
1.3595147654719466
1.3518110433634527
1.3441794131908966
1.3366208696079298
1.329136203697731
1.3217260176380174
1.314390738837585
1.3071306335277748
1.2999458197952642
1.2928362800456494
1.2858018728903688
1.2788423444525985
1.271957339090733
1.26514640954097
1.258409026483271
1.2517445875375608
1.2451524256994393
1.2386318172268806
1.2321819889913885
1.2258021253088376
1.2194913742667788
1.2132488535662942
1.2070736558975796
1.2009648538693072
1.1949215045124797
1.1889426533799594
1.1830273382631231
1.1771745925472068
1.1713834482268428
1.165652938603095
1.1599821006829651
1.1543699773019016
1.148815618989297
1.1433180855963287
1.137876447704804
1.1324897878349034
1.1271572014689242
1.1218777979072787
1.1166507009721502
1.1114750495733372
1.1063499981499303
1.101274717000614
1.0962483925145026
1.0912702273135861
1.0863394403170454
1.0814552667368813
1.0766169580135585
1.071823781699613
1.0670750212984843
1.0623699760651686
1.057707960774661
1.053088305463574
1.0485103551497652
1.043973469534294
1.0394770226895658
1.03502040273706
1.0306030115176603
1.026224264257215
1.0218835892296296
1.0175804274194789
1.0133142321858524
1.0090844689288903
1.0048906147602448
1.000732158178496
0.996608598750372
0.9925194467984652
0.9884642230959877
0.9844424585689936
0.9804536940063779
0.9764974797778747
0.9725733755601892
0.9686809500713306
0.9648197808131562
0.9609894538220757
0.957189563427836
0.9534197120202613
0.9496795098237998
0.9459685746829863
0.9422865318416997
0.9386330137509795
0.9350076598690136
0.9314101164718209
0.927840036470508
0.9242970792348731
0.9207809104231315
0.9172912018175345
0.9138276311656627
0.9103898820271735
0.9069776436257904
0.9035906107063282
0.9002284833965513
0.896890967073672
0.8935777722353009
0.8902886143746682
0.8870232138599443
0.8837812958174889
0.880562590018874
0.8773668307715248
0.8741937568128312
0.8710431112075945
0.8679146412486699
0.8648080983606837
0.8617232380066967
0.8586598195977038
0.855617606404856
0.852596365474299
0.8495958675445288
0.8466158869661679
0.8436562016240706
0.8407165928616704
0.8377968454074838
0.8348967473036945
0.8320160898367399
0.8291546674698275
0.8263122777773112
0.8234887213808648
0.8206838018873842
0.8178973258285621
0.8151291026020756
0.8123789444143309
0.8096466662247133
0.806932085691291
0.8042350231179248
0.8015553014027352
0.7988927459878853
0.7962471848106337
0.7936184482556188
0.7910063691083329
0.7884107825097495
0.7858315259120675
0.7832684390355372
0.7807213638263328
0.7781901444154427
0.7756746270785424
0.7731746601968246
0.770690094218753
0.7682207816227155
0.7657665768805486
0.7633273364219085
0.7609029185994627
0.7584931836548788
0.7560979936855877
0.7537172126122996
0.7513507061472494
0.7489983417631528
0.7466599886628524
0.744335517749635
0.7420248015981995
0.739727714426261
0.7374441320667697
0.7351739319407319
