278.65816685537874
278.04275540759835
277.4256734785968
276.80692294966457
276.1865053145052
275.5644219765693
274.9406742749008
274.31526349202926
273.6881908583647
273.0594575556603
272.429064720113
271.79701344524017
271.16330478457365
270.52793975419337
269.8909193351153
269.2522444755481
268.61191609303046
267.9699350764614
267.32630228803254
266.6810185650724
266.03408472181275
265.3855015510823
264.7352698259378
264.0833903012372
263.42986371516275
262.7746907906983
262.11787223706716
261.4594087511352
260.799301018783
260.13754971625303
259.4741555114734
258.8091190653644
258.14244103312893
257.474122065532
256.80416281017125
256.13256391274103
255.45932601829455
254.78444977250393
254.1079358229231
253.42978482025396
252.74999741961958
252.06857428184503
251.38551607474892
250.70082347444702
250.01449716666988
249.3265378480965
248.63694622770544
247.94572302814507
247.25286898712483
246.5583848588288
245.86227141535335
245.16452944817019
244.46515976961632
243.76416321441246
243.0615406412114
242.35729293417725
241.65142100459803
240.9439257925315
240.234808268487
239.5240694351439
238.81171032910825
238.09773202270867
237.38213562583385
236.66492228781135
235.94609319933068
235.22564959441107
234.50359275241587
233.77992400011414
233.0546447220197
232.32775633795686
231.5992603297818
230.86915823550927
230.13745165163405
229.40414223550735
228.66923170777184
227.93272185485534
227.19461453152485
226.45491166350243
225.7136152501446
224.97072736718647
224.22625016955186
223.48018589423137
222.7325368632299
221.9833054865845
221.23249426545496
220.4801057952879
219.72614276905634
218.97060798057606
218.2135043279004
217.454834816795
216.69460256429417
215.93281080234007
215.16946288150658
214.40456227480942
213.63811258160337
212.8701175315695
212.10058098879227
211.32950695592942
210.55689957847494
209.78276314911767
209.0071021121963
208.22992106825217
207.45122477868176
206.67101817048993
205.88930634114496
205.10609456353725
204.32138829104284
203.5351931626924
202.74751500844752
201.95835985458504
201.16773392919066
200.3756436677629
199.5820957189276
198.78709695026518
197.99065445424992
197.1927755543031
196.3934678109599
195.59273902815082
194.7905972595981
193.9870508153271
193.18210826829312
192.37577846112364
191.56807051297557
190.75899382650758
189.94855809496718
189.13677330939166
188.32364976592254
187.50919807323234
186.6934291600628
185.87635428287317
185.057985033597
184.2383333475061
183.41741151117944
182.59523217057458
181.77180833919994
180.94715340638464
180.12128114564308
179.29420572313094
178.46594170618965
177.63650407197426
176.80590821616155
175.97416996173376
175.14130556783186
174.30733173867443
173.47226563253543
172.63612487077512
171.79892754691718
170.96069223576504
170.1214380025496
169.28118441210037
168.43995153803058
167.5977599719279
166.75463083253962
165.91058577494232
165.06564699968433
164.21983726188833
163.37317988030216
162.52569874628304
161.67741833270057
160.82836370274345
159.97856051861268
159.1280350500838
158.2768141829197
157.4249254271134
156.57239692494082
155.7192574588004
154.86553645881665
154.0112640101828
153.1564708602161
152.30118842509933
151.44544879627836
150.58928474648732
149.7327297353689
148.87581791465723
148.01858413289
147.16106393961408
146.3032935890489
145.4453100431703
144.58715097417692
143.72885476630074
142.8704605169229
142.0120080369555
141.15353785045153
140.29509119340318
139.4367100116936
138.57843695816447
137.720315388767
136.86238935776532
136.00470361196435
135.147303583939
134.29023538424576
133.43354579260463
132.57728224804373
131.72149283800965
130.8662262864527
130.0115319409076
129.1574597586007
128.3040602916269
127.45138467125285
126.59948459141864
