160.0
307.9897468252653
307.8502231420162
307.70947783179827
307.5676732568096
307.4249497602634
307.28142866096465
307.1372148392101
306.9923989708308
306.8470594572263
306.701263924026
306.55506942020924
306.4085286203722
306.2616853563716
306.11457754546007
305.967237992378
305.81969508236403
305.6719733799368
305.5240941462818
305.37607578632725
305.22793423507994
305.0796832914932
304.93133490700603
304.78289943492456
304.63438584597276
304.48580191461446
304.33715438012405
304.18844908583327
304.0396910995355
303.89088481757665
303.74203405489754
303.59314212288353
303.44421189671675
303.2952458736272
303.146246223299
302.9972148314784
302.84815333771627
302.69906316803235
302.5499455632581
302.4008016032564
302.2516322285165
302.1024382582531
301.953220406378
301.8039792952848
301.65471546779327
301.50542910548717
301.35612149775295
301.20679212951575
301.0574416079699
300.90807020850195
300.7586781717568
300.6092657080606
300.459833001259
300.3103802120556
300.160907480913
300.0114149305778
299.8619026682756
299.7123707876232
299.562819370294
299.4132484874693
299.2636582011039
299.1140485650283
298.9644196259166
298.8147714241241
298.66510399442507
298.5154173666574
298.3657115662855
298.2159866148932
298.06624253061716
297.9164793285285
297.7666970209643
297.6168956178209
297.4670751268144
297.3172355537066
297.16737690250795
297.01751663917514
296.8676198560256
296.71770399478095
296.5677690545103
296.4178150331216
296.2678419274927
296.1178497335972
295.9678384465735
295.81780806080377
295.66775856997566
295.5176899671495
295.3676022447991
295.2174953948667
295.067369408803
294.917224277602
294.7670599918367
294.6168765416869
294.4666739169707
294.31645210716425
294.16621110142603
294.0159508886174
293.86567145732045
293.7153727958527
293.56505489228493
293.41471773445426
293.26436130997365
293.11398560624895
292.963590610483
292.81317630969147
292.6627426907067
292.51228974018903
292.361817444632
292.2113260764511
292.06081476353415
291.91028435033104
291.7597345364819
291.60916530780736
291.45857664993736
291.3079685483754
291.15734098850317
291.00669395558356
290.8560274347652
290.70534141108624
290.55463586947457
290.4039107947556
290.25316617165123
290.1024019847846
289.9516182186813
289.8008148577729
289.64999188639877
289.4991492888078
289.348287049162
289.1974051515353
289.0465035798606
288.8955827209498
288.744659003147
288.5936810107189
288.4427004665373
288.2917002038863
288.1406801944985
287.9896404139494
287.8385808402095
287.68750145287135
287.5364022326228
287.3852831608833
287.2341442195563
287.08298539085627
286.9318066571926
286.7806080010883
286.6293894051251
286.47815085190626
286.32689232403
286.17561380407386
286.02431527458157
285.87299671805573
285.72165811695373
285.5702994536828
285.4189207106005
285.26752187001046
285.11610291416474
284.96466382526216
284.8132045854487
284.66172517681815
284.5102255814116
284.35870578121904
284.20716575817886
284.0556054941797
283.9040249710591
283.7524241706058
283.6008030745597
283.4491616646113
283.2974999224046
283.1458178295352
282.9941153675524
282.84239251795884
282.69064926221125
282.5388855817212
282.3871014578557
282.2352968719364
282.08347180524163
281.93162623900565
281.7797601544201
281.62787353263354
281.475966354752
281.32403860184036
281.1720902549211
281.02012129497587
280.8681317029457
280.71612145973086
280.5640905461915
280.4120389431489
280.25996663138375
280.1078735916386
279.95575980461683
279.80362525098377
279.6514699113664
279.49929376635384
279.3470967964985
279.1948789823145
279.0426403042802
278.89038074283667
278.73810027838863
278.58579889130556
278.43347656192026
278.28113327053046
