7.024858592827807
7.023505322335145
7.022240480218064
7.021066293675731
7.019982026761214
7.018985714309356
7.018074826578268
7.01724659160791
7.01649815465079
7.01582665846515
7.015229284563755
7.0147032747485305
7.014245942397482
7.013854678251923
7.013527066864779
7.013260490689929
7.0130526105731885
7.012901153019154
7.012803915750109
7.0127587700544884
7.012763660873805
7.012816605724157
7.012915693416195
7.013059081950962
7.013244871313676
7.013471541453567
7.013737413765267
7.0140408879988705
7.014380432055099
7.014754575538919
7.0151619057429855
7.015601064813627
7.016070747368583
7.016569698668632
7.017093003334343
7.017648847918286
7.018229482086567
7.01883434420458
7.019462668473374
7.0201135903758
7.020786219280932
7.021479671797468
7.022193086643843
7.022925630901673
7.023676502264203
7.0244449294345115
7.025230171680115
7.026031518013951
7.026848286221024
7.0276798218327015
7.028525497095931
7.029384709958976
7.0302568830832906
7.031141462885647
7.032037918611828
7.032945741442159
7.033864443628449
7.034793557661714
7.03573263546988
7.0366812476446885
7.037638982696919
7.038605446339084
7.039580260794791
7.04056306413389
7.041553509632615
7.042551265157903
7.043556012575108
7.044567447178306
7.045585277142479
7.046609222996787
7.0476390171182315
7.048674403245003
7.049715136008812
7.050760980485535
7.051811711763541
7.052867114529038
7.053926982667841
7.054991118882956
7.0560593343274105
7.057131448251749
7.0582072876656605
7.059286687013228
7.060369487861237
7.061455538600113
7.062544694156957
7.0636368157202405
7.064731770475731
7.0658294313531655
7.066929676783301
7.068032390464933
7.069137461141462
7.070244782386688
7.071354252399398
7.07246577380649
7.073579253474209
7.074694602327237
7.075811735175277
7.076930570546882
7.078051030530187
7.079173040620307
7.080296529573112
7.081421429265124
7.082547674559299
7.083675203176441
7.084803955572034
7.085933874818255
7.08706490649097
7.088196998561502
7.089330101292977
7.090464167141072
7.091599150658948
7.09273500840625
7.093871698861943
7.095009182340897
7.096147420913982
7.097286378331621
7.0984260199505576
7.0995663126638
7.100707224833536
7.1018487262269305
7.102990787954681
7.1041333824122015
7.1052764832233555
7.106420065186579
7.107564104223351
7.108708577328881
7.109853462524902
7.110998738814536
7.112144386139096
7.113290385336739
7.114436718102948
7.115583366952699
7.116730315184271
7.11787754684465
7.119025046696409
7.120172800186043
7.121320793413692
7.12246901310416
7.1236174465792255
7.124766081731128
7.1259149065278
7.12706391083537
7.128213083687875
7.129362415007659
7.130511895176955
7.131661515014171
7.132811265753446
7.1339611390256215
7.135111126840313
7.136261221568887
7.137411556430438
7.138561911035876
7.139712316995585
7.14086278646698
7.142013321998015
7.14316392180929
7.144314582246601
7.145465298913911
7.146616067193646
7.147766882482735
7.148917740296882
7.150068636313925
7.151219566389129
7.15237052655766
7.153521513031341
7.154672522192912
7.155823550589367
7.156974594924994
7.158125652054495
7.159276718976263
7.160427792825932
7.161578870870162
7.16272995050071
7.163881029228762
7.165032104679485
7.166183174586878
7.1673342363220405
7.168485288723193
7.1696363294047565
7.170787356478805
7.171938368149451
7.1730893627052
7.174240338514037
7.175391294019319
7.176542227736083
7.177693138246953
7.178843886886957
7.1799946812658515
7.181145482776975
7.1822962719110945
7.183447039073662
7.184597779281401
7.185748489705415
7.186899168535523
7.188049814454866
7.1892004263963445
7.190351003429181
7.191501544705629
7.192652049435445
