80.39291474665289
80.21413438367067
80.03584246076578
79.85800599237145
79.68059491451659
79.50358153794109
79.32694026122431
79.1506473475654
78.97468073486463
78.79901987110689
78.62364557069638
78.44853988847025
78.27368600874071
78.09906814718204
77.9246714637486
77.75048198510932
77.57648653532702
77.40267267370923
77.22902863892155
77.05554329858872
76.88220610372154
76.70900704740168
76.5359366272341
76.36298581114427
76.19014600615279
76.01740902980706
75.84476708399157
75.6722127308713
75.49973887075404
75.32733872168205
75.1550058005858
74.98273390585192
74.81051710117399
74.63834970056932
74.46622625430807
74.29414153655934
74.1220905324207
73.95006842726482
73.778070596073
73.60609259360282
73.43413014500362
73.26217913774587
73.09023561295518
72.91829575810814
72.7463558994303
72.57441249593704
72.40246213259277
72.23050151433507
72.05852489093056
71.88652824052183
71.7145088338426
71.54246402496136
71.37039124813907
71.19828801444176
71.02615190849102
70.85398058537064
70.68177176768415
70.5095232427543
70.33723285995673
70.16489852818027
69.99251821340661
69.82008993640277
69.64761177052037
69.47508183959582
69.302498315946
69.12985941845464
68.95716341074437
68.78440859943038
68.61159333245124
68.43871599747327
68.26577502036453
68.09276886373527
67.91969602554147
67.74655503774845
67.57334446505168
67.40006290365231
67.22670898008431
67.05328135009154
66.87977869755204
66.70619973344738
66.53254319487532
66.35880784410351
66.1849924676628
66.01109587547805
65.83711690003513
65.66305439558224
65.48890723736459
65.31467432089036
65.14035456122714
64.96594689232745
64.79145026638199
64.61686365319976
64.44218603961365
64.26741642891078
64.0925538402863
63.91759730831992
63.742545882474325
63.567398626614384
63.39215461854648
63.216812949577296
63.041372724091076
62.865833059144904
62.69019308408105
62.51445194015608
62.33860878018576
62.162662768205436
61.98661307914522
61.81045889851943
61.634199422129754
61.457833855781786
61.28136141501428
61.10478132484079
60.92809281950327
60.75129514223709
60.5743875450473
60.39736928849551
60.220239641497294
60.04299788112951
59.86564329244742
59.68817516831117
59.5105928092214
59.33289552316358
59.155082625461034
58.97715343863607
58.79910729227926
58.620943522926396
58.442661473943076
58.26426049541667
58.085739944055256
57.907099183093564
57.728337582205675
57.54945451742428
57.37044937106623
57.191390029579296
57.01221324648208
56.78214671246173
56.55416533509308
56.32819917255326
56.10419049148051
55.882090619927205
55.66185818931892
55.44345790363974
55.22685962200981
55.012037657613256
54.79897023343584
54.587639054667285
54.37802896971046
54.17012769975316
53.96392562233459
53.75941559816558
53.55659283318844
53.35545476984142
53.15600100295369
52.958233216793964
52.76215514063513
52.56777252085014
52.37509310807369
52.18412665838692
51.99488494783461
51.807381799888304
51.621633125738995
51.437656977552926
51.25547361506362
51.07510558611343
50.89657782200486
50.71991774878722
50.545155415895366
50.372323643885146
50.20145819338666
50.03259795783617
49.86578518306725
49.70106571746423
49.53848929713331
49.37810987146557
49.21998597559626
49.064181157669296
48.91076447057432
48.75981104004494
48.611402723838516
48.46562888036191
48.32258726984431
48.18238511738151
48.04514037544943
47.91098323462002
47.780057946409876
47.65252504324398
47.528564070167334
47.408376985469
47.292192449652056
47.1802673974475
47.072895817936924
46.97043105415483
46.87328915747196
46.781967128094884
46.69706915005349
46.619345785250324
46.549755415384865
46.48956662237007
46.440543300648784
46.40532016213599
