0.0011341447801303266
0.0011092365937067216
0.0010863361258227633
0.0010652157830542484
0.001045682232153316
0.0010275695674961426
0.0010107344958531122
0.0009950525598365976
0.0009804151050292452
0.0009667268194076089
0.000953903721779099
0.0009418715060017762
0.000930564169364281
0.0009199228695725682
0.0009098949669004803
0.0009004332172738913
0.0008914950891253128
0.000883042182319627
0.0008750397317065341
0.0008674561811922072
0.0008602628168564377
0.0008534334497336578
0.0008469441405476549
0.0008407729600326994
0.0008348997795585977
0.0008293060876577932
0.0008239748282862403
0.000818890260294899
0.000814037829803674
0.0008094040602047338
0.0008049669878473965
0.0008007155513880255
0.000796639788360386
0.0007927303992547408
0.0007889786931387778
0.0007853765383617473
0.0007819163180159755
0.0007785908896429975
0.0007753935487184164
0.0007723179955054357
0.0007693583049170507
0.0007665088990703677
0.0007637645222541154
0.0007611202157490674
0.0007585713061696981
0.0007561133724180874
0.0007537422373626011
0.0007514539493825313
0.0007492447675213122
0.0007471111478149104
0.0007450497306869578
0.000743057329313607
0.0007411309188710088
0.0007392676265872656
0.0007374647225285399
0.0007357196110559362
0.0007340298228960767
0.0007323930077737156
0.0007308069275597551
0.0007292694498923938
0.0007277785422330856
0.0007263322663225308
0.0007249287730050853
0.000723566297392839
0.0007222431543431291
0.0007209577342256287
0.0007197084989571924
0.0007184939782845014
0.0007173127662963041
0.0007161635181485293
0.0007150449469869851
0.0007139558210535827
0.0007128949609631862
0.000711861237139254
0.0007108535673973336
0.0007098709146663762
0.0007089122848386231
0.0007079767247394935
0.000707063320209602
0.0007061711942916224
0.0007052995055152441
0.0007044474462739909
0.0007036142412881102
0.0007027991461481851
0.0007020014459345038
0.0007012204539075406
0.0007004555102653047
0.0006997059809635188
0.0006989712565949686
0.00069825075132451
0.0006975439018765689
0.0006968501665720897
0.0006961690244121473
0.0006954999742056026
0.0006948425337383538
0.000694196238981903
0.0006935606433390801
0.0006929353169249471
0.000692319845880976
0.0006917138317207659
0.0006911168907056288
0.0006905286532484975
0.0006899487633447202
0.000689376878028329
0.0006888126668525475
0.0006882558113932834
0.0006877060047744854
0.0006871629512142997
0.0006866263655909759
0.0006860959730276221
0.0006855715084948504
0.0006850527164305041
0.0006845393503756421
0.0006840311726260215
0.0006835279538983705
0.0006830294730107577
0.0006825355165764219
0.000682045878710449
0.0006815603607487216
0.0006810787709785886
0.000680600924380741
0.0006801266423817958
0.0006796557526171207
0.0006791880887034462
0.0006787234900208765
0.0006782618015038491
0.0006778028734406867
0.0006773465612813925
0.0006768927254533115
0.0006764412311843444
0.0006759919483334071
0.0006755447512278259
0.0006750995185073799
0.0006745702290198213
0.0006740474106536659
0.000667659225055766
0.0006615493633387274
0.0006557189768454532
0.0006501662463875779
0.0006448869249865369
0.0006398751594416161
0.0006351241031620785
0.0006306263449471487
0.000626374207859416
0.0006223599580297524
0.0006185759504908011
0.0006150147305371719
0.0006116691034269581
0.0006085321814323112
0.0006055974146533141
0.0006028586102143742
0.0006003099432028647
0.0005979459618154571
0.0005957615885363006
0.0005937521187076607
0.0005919132175165987
0.0005902409161753413
0.0005887316078936231
0.0005873820441108865
0.0005861893313626852
0.0005851509290899348
0.000584264648655781
0.0005835286538080865
0.0005829414628131674
0.0005825019524861262
0.0005822093643539838
0.0005820633132092786
0.0005820637983440024
0.0005822112177976096
0.0005825063860097117
0.0005829505553401767
0.0005835454420098879
0.0005842932571284034
0.0005851967436160313
0.0005862592200048004
0.0005874846323256573
0.000588877615571499
0.0005904435665857858
0.0005921887306896535
0.0005941203049612696
0.0005962465618683239
0.0005985769979963523
0.0006011225140102462
0.0006038956338766634
0.0006069107739717285
0.0006101845763188331
0.000613736325331672
0.0006175884748403057
0.0006217673230761927
0.0006263038897028157
0.000631235074328802
0.0006366052162565488
0.0006424677636471655
0.0006488864064813155
0.0006559463155695268
0.0006637569825860649
0.0006724631678474056
0.0006822633711743205
0.0006934436141955519
0.0007064466908170677
