18.5664
1590.08212270792
1590.1238634985712
1590.1088859887202
1590.041457535101
1589.923305824257
1589.759375237232
1589.552096734249
1589.3042741922732
1589.018523094865
1588.6972828979738
1588.3428286458768
1587.9572818722518
1587.542620822097
1587.100690029477
1586.6332092858813
1586.1417820326205
1585.6279032099742
1585.0929665945746
1584.5383798384632
1583.9652788360888
1583.3747518818573
1582.7678528370416
1582.1455643840218
1581.5088028840137
1580.8584229069847
1580.195221454968
1579.5199418984535
1578.8424401382172
1578.1358708725893
1577.4283345716321
1576.7112270879193
1575.9850738762373
1575.250365347541
1574.5075592519365
1573.757082909178
1572.999335285457
1572.2346889270425
1571.463491760474
1570.6860687683536
1569.9027235495812
1569.1137397716075
1568.3193825225574
1567.5198995696073
1566.715522530799
1565.9064679656815
1565.0929383907232
1564.275123224565
1563.4531996682583
1562.6273335245041
1561.7976799607964
1560.964384145198
1560.1275822807427
1559.287401475936
1558.4439610641339
1557.5973727653532
1556.7477412583628
1555.8951646448415
1555.0397360548704
1554.181539309937
1553.320656478253
1552.4571633882501
1551.5911311770672
1550.7226265928182
1549.8517122815483
1548.9784470462635
1548.1028860970903
1547.2250812790076
1546.3450812871808
1545.4629318665857
1544.5786759983955
1543.6923540744615
1542.8040040595508
1541.9136616434716
1541.0213603823925
1540.127131831429
1539.2310056683104
1538.3330098086194
1537.4331705140974
1536.5315124932758
1535.6280589958506
1534.7228319010023
1533.8158517997322
1532.9071380721227
1531.9967089595696
1531.084581632286
1530.170772252606
1529.2552960342832
1528.3381672978796
1527.4193995228416
1526.4990053961199
1525.5769968579543
1524.653385144567
1523.7281808283276
1522.8013938555046
1521.8730335814744
1520.9431088040458
1520.0116277944362
1519.0785983266503
1518.144027704909
1517.2079227894146
1516.2702900207105
1515.3311354424955
1514.3904647229524
1513.4482831751375
1512.504595775826
1511.5594071834626
1510.6127217550356
1509.6645435618948
1508.7148764047074
1507.7637238276277
1506.8110891314466
1505.8569753863032
1504.9013854433622
1503.944321946043
1502.9857873405363
1502.0257838858302
1501.0643136629765
1500.1013785840805
1499.1369804006645
1498.1711207116366
1497.2038009707412
1496.2350224937484
1495.2645544240406
1494.2930939492464
1493.3199458702352
1492.3453430745967
1491.369286274745
1490.3917760878044
1489.4128130331956
1488.4323975372083
1487.4505299373611
1486.4672104866447
1485.4824393573588
1484.496216644935
1483.5085423714866
1482.5194164892375
1481.5288388835986
1480.536809376429
1479.5433277287325
1478.5483936436024
1477.5520067687987
1476.5541666991385
1475.5548729790899
1474.5541251048912
1473.5519225266983
1472.5482646508303
1471.5431508414806
1470.5365804227647
1469.5285526804862
1468.5190668637583
1467.5081221866544
1466.4957178298598
1465.4818529419606
1464.4665266410132
1463.4497380157877
1462.4314861271448
1461.4117700091813
1460.3905886704301
1459.3679410949958
1458.3438262435266
1457.3182430543955
1456.2911904445173
1455.2626673105106
1454.2326725291864
1453.2012049588334
1452.1682634397932
1451.1338467952623
1450.0979538320873
1449.0605833413797
1448.0217340993597
1446.9814048680275
1445.9395943953457
1444.896301416361
1443.8515246537006
1442.8052628178466
1441.7575146078727
1440.7082787115826
1439.657553806958
1438.6053385611744
1437.5516316326696
1436.4964316695002
1435.4397373121153
1434.381547192621
1433.3218599336608
1432.2606741531865
1431.1979884558248
1430.1338014464827
1429.0681117192455
1428.0009178630125
1426.9322184595046
1425.8620120859428
1424.7902973129424
1423.7170727062837
1422.6423368268543
1421.5660882302573
1420.4883254675333
1419.4090470853519
1418.3282516263037
1417.2459376289542
