480886.0407
425599.4472369328
424287.4341423186
422990.69002889906
421706.92474940536
420435.1592670703
419174.79461142165
417925.3975486956
416686.6145918011
415458.1345399203
414239.67185181635
413030.9590782646
411831.7432440523
410641.7839595828
409460.8522979017
408288.7300182634
407125.20895398874
405970.0904849323
404823.18505935627
403684.3117492799
402553.29783173633
401429.9783920595
400314.19594691537
399205.8000855456
398104.64712803107
397010.59979959717
395923.5269200481
394843.3031075442
393769.80849595857
392702.9284651202
391642.5533832903
390588.5857851223
389540.9102992101
388499.4383889295
387464.07802813954
386434.7410525584
385411.34296570555
384393.80275212287
383382.04269864096
382375.9882234387
381375.5677125936
380380.7123638078
379391.3560369849
378407.4351113896
377428.8883490745
376455.6567643296
375487.68349889305
374524.91370267654
373567.2944197859
372614.7744796131
371667.30439278926
370724.836251812
369787.32363615086
368854.7215216541
367926.98619409156
367004.0751666613
366085.9471013164
365172.56173375424
364263.87980193243
363359.8629779699
362460.4738033121
361565.6756270266
360675.43254711345
359789.70935471915
358908.47148113826
358031.68494750076
357159.3163170426
356291.3326498607
355427.70146005927
354568.390675199
353713.3685979575
352862.60386991745
352016.06543740584
351173.7225192991
350335.5445767259
349501.5012845832
348671.5625048247
347845.6982613701
347023.87871672295
346206.0741500588
345392.254936839
344582.3915298477
343776.4544415994
342974.4142280595
342176.2414736288
341381.90677733254
340591.38074016484
339804.6339535453
339021.6369888238
338242.36038780835
337466.77465425024
336694.85024625575
335926.5575695788
335161.86697174713
334400.7487369927
333643.1730819358
332889.1101519975
332138.53001849144
331391.4026763689
330647.69804257655
329907.38595500146
329170.43617196055
328436.81837220956
327706.50215544534
326979.4570432607
326255.65248053486
325535.0578372207
324817.6424105181
324103.37542738894
323392.22604740126
322684.1633658763
321979.16146925226
321277.17939035094
320578.19094640063
319882.1650119836
319189.0704172206
318498.87595201586
317811.55037066044
317127.0623966025
316445.3807273456
315766.47403945366
315090.31099363905
314416.8602399285
313746.09042287734
313077.9701868307
312412.46818120667
311749.5530658015
311089.19351608446
310431.3582284938
309776.0159257032
309123.1353618564
308472.6853277565
307824.6346560051
307178.9522260733
306535.60715948354
305894.568050871
305255.80415557284
304619.2845883717
303984.97853579617
303352.8552601655
302722.88410379156
302095.03449317114
301469.2759430901
300845.57806061005
300223.91054891667
299604.2432110278
298986.54595334426
298370.78878905205
297756.94184135913
297144.9753465707
296534.8596569984
295926.5652436943
295320.0626990174
294715.3227390215
294112.31620566285
293511.0140688322
292911.38742820115
292313.407514886
291717.04569292546
291122.273460575
290529.062451408
289937.38443523645
289347.2113188371
288758.5151464899
288171.2681003281
287585.20773123886
287000.89557036065
286417.8991238673
285836.2005480188
285255.7974977814
284676.67300764925
284098.8041845842
283522.1658688733
282946.7320855956
282372.4766168153
281799.37322632904
281227.39574714995
280656.51811471186
280086.7143785466
279517.9587053681
278950.22537865816
278383.4887967749
277817.72347037646
277252.90401947685
276689.00517026073
276126.0017517063
275563.86869203916
275002.5810150321
274442.11383614875
273882.4423585422
273323.54186890944
272765.3877332075
272207.95539223065
271651.2203570579
271095.158204373
270539.7445716564
269984.95515226154
269430.76569037343
268877.1519758558
268324.0898389925
