6.42
9.082233000247413
9.121653036861966
9.161289323994216
9.201068083242223
9.24094148904387
9.28087859273828
9.320859315141304
9.360870538682605
9.400903611742379
9.440952718162933
9.481013913941043
9.521084463651682
9.561162405354503
9.601246306342189
9.641335080632782
9.681427923132023
9.72152418210982
9.761623331515302
9.801724938612159
9.841828641787913
9.88193413502066
9.922041156749733
9.962149481698626
10.002258914709666
10.042369285976008
10.082480447265672
10.122592268867333
10.162704637074448
10.202817452081339
10.2429306262022
10.283044082348892
10.32315775272014
10.363271577666282
10.403385504701724
10.443499487643042
10.483613485854768
10.523727463588234
10.563841389401038
10.603955235646794
10.644068978026219
10.684182595191954
10.72429606840045
10.764409381205242
10.804522519186541
10.844635469712818
10.88474822173052
10.924860765578606
10.964973092824875
11.00508519612159
11.04519706907805
11.08530870614813
11.125420102531047
11.165531254083744
11.205642157243542
11.245752808959917
11.285863206634215
11.32597334806644
11.366083231097312
11.406192821249094
11.44630218453547
11.48641128557726
11.526520123749224
11.56662869520439
11.606737006187947
11.646845053013806
11.686952835523813
11.727060353658514
11.767167607451613
11.807274597021696
11.84738132256336
11.887487784338596
11.927593982668919
11.967699917928185
12.007805590536266
12.047911000953391
12.088016149675148
12.128121037228084
12.168225664165824
12.208330031065627
12.24843413852536
12.28853798716083
12.328641577603412
12.368744910497988
12.408847986501106
12.448950806279354
12.489053370507927
12.529155679869392
12.569257735052535
12.609359536751432
12.649461085664536
12.689562382493945
12.729663427944717
12.769764222724282
12.80986476754191
12.849965063108272
12.89006511013501
12.930164909334396
12.97026446141901
13.010363767101463
13.021816978349568
13.06641420217068
13.110262224557742
13.153487902737618
13.196195624107794
13.238471743190862
13.28038793426951
13.322003812234318
13.363369029081717
13.404524976111386
13.445506179209298
13.486341449572798
13.527054836527608
13.567666418560755
13.608192961219606
13.648648464968968
13.689044621820006
13.729391196170967
13.769696342587071
13.809966871070287
13.850208468538144
13.890425883792762
13.930623082015895
13.970803373825895
14.010969523093372
14.051123837015922
14.091268241373188
14.131404343400906
14.171533484320417
14.211656783193876
14.251775173726466
14.291889434682703
14.332000215533071
14.372108057985725
14.412213413662705
14.452316659061244
14.492418108002235
14.532518022024494
14.572616619063174
14.612714080694735
14.65281055818443
14.692906177533626
14.733001043691695
14.77309524407023
14.813188851474672
14.853281926549485
14.893374519817188
14.933466673378355
14.973558422328594
15.013649795939413
15.053740818641955
15.093831510846345
15.133921889623856
15.174011969274703
15.21410176180044
15.254191277296826
15.294280524280449
15.33436950996006
15.374458240461978
15.414546721017112
15.454634956116127
15.494722949638074
15.534810704956884
15.574898225029585
15.614985512469206
15.65507256960498
15.695159398532121
15.735246001152777
15.775332379209782
15.815418534314416
15.8555044679692
15.895590181586565
15.935675676504166
15.975760953997373
16.015846015289448
16.055930861559848
16.09601549395097
16.136099913573577
16.17618412151123
16.21626811882382
16.256351906550417
16.29643548571159
16.33651885731118
16.37660202233781
16.416684981766
16.4567677365571
16.49685028766004
16.536932636011855
16.577014782538207
16.61709672815371
16.657178473762233
16.697260020257165
16.73734136852158
16.777422519428445
16.81750347384075
16.857584232611643
16.89766479658457
16.93774516659341
16.977825343462545
17.017905328007032
