207982.23911999998
932810.6276674385
928234.4184755322
892435.0410740611
811964.7576843896
806459.2504186018
809532.22288337
813206.1494468821
817050.0177100154
820810.6028832681
824381.7110909943
827743.7865550275
830910.1712968088
833922.852767644
836808.8850334918
839597.3395565351
842310.8601593772
844966.7622285386
847577.9409910211
850153.8361913902
852701.3554224111
855225.4683590997
857729.7671731496
860216.8422741345
862688.5637571452
865146.2851997593
867590.9902842377
870023.3978653272
872444.0370899469
874853.3010435675
877251.4944672657
879638.8247180579
882015.474172089
884381.5799737561
886737.2523690552
889082.5818752835
891417.6349215478
893742.493951789
896057.2076560395
898361.8265693866
900656.4051019647
902940.9692893754
905215.5651871418
907480.2212318416
909734.985175052
911979.8868562308
914214.9496407559
916440.2093286606
918655.6876920011
920861.4051837442
923057.4025727569
925243.7061165514
927420.3243420924
929587.2770719354
931744.6100251781
933892.3164231149
936030.4339776925
938158.9866708523
940277.9678485879
942387.4207254049
944487.3590639125
946577.7877005107
948658.7236617514
950730.2023932465
952792.2198331779
954844.7901317207
956887.941994276
958921.6889566592
960946.0327609595
962960.9869337534
964966.5773768281
966962.8177634205
968949.7026802233
970927.2665040815
972895.5043787176
974854.4457421014
976804.0886854635
978744.4523845301
980675.5475157155
982597.382748487
984509.9837480462
986413.3449780097
988307.4979301346
990192.4353950233
992068.1897398279
993934.7667309341
995792.2469726513
997641.0146485558
999483.6636128988
1001292.5909998235
1003113.064121792
1004928.3396308039
1006768.3344720907
1008521.5179268812
1010307.8972273103
1012076.8501153263
1013844.4125179392
999519.803774725
1001236.9049816043
1002939.9707983816
1004629.8523197015
1006307.3886253801
1007973.2823905088
1009628.1056043607
1011272.3225117881
1012906.3106875479
1014530.3782732387
1016144.7778008
1017749.7172418173
1019345.3688372463
1020931.8761581226
1022509.3597553904
1024077.9216850188
1025637.6491361219
1027188.6173425931
1028730.8919228711
1030264.5307599687
1031789.5855180984
1033306.1028624034
1034814.1254456367
1036313.6927038437
1037804.841500057
1039287.6066466839
1040762.021327537
1042228.1174404229
1043685.9258769938
1045135.4767472778
1046576.7995649483
1048009.9233972139
1049434.8769857357
1050851.6888462142
1052260.3873498186
1053661.0007876211
1055053.5574252782
1056438.0855451233
1057814.6134811416
1059183.1696482678
1060543.7825638307
1061896.4808660117
1063241.2933279048
1064578.2488689413
1065907.3765624296
1067228.7056429633
1068542.265510499
1069848.0857329865
1071146.196048816
1072436.6263675126
1073719.4067694724
1074994.5675049145
1076262.1389932693
1077522.1518209528
1078774.6367386878
1080019.6246589643
1081257.1466541241
1082487.2339518915
1083709.9179326768
1084925.230126144
1086133.2022071003
1087333.8659918988
1088527.2534346918
1089713.3966237383
1090892.3277771594
1092064.0792382944
1093228.6834730566
1094386.1730645136
1095536.5807097976
1096679.93921523
1097816.2814925418
1098945.6405556563
1100068.0495147516
1101183.541574169
1102292.150027066
1103393.9082522118
1104488.8497098181
1105577.0079369927
1106658.4165454134
1107733.1092152568
1108801.1196935698
1109862.4817890972
1110917.2293693998
1111965.3963560902
1113007.0167223397
1114042.1244891076
1115070.7537207794
1116092.9385218965
1117108.7130352545
1118118.1114361223
1119121.1679304948
1120117.9167509736
1121108.3921543448
1122092.6284176516
1123070.6598351786
1124042.5207158998
1125008.2453792568
1125967.8681537076
1126921.423372116
1127868.9453705286
1128810.4684838627
1129746.0270441954
1130675.6553773165
