571.8303882452001
622.8034251794882
625.0006936608818
627.1940430749155
629.3926726453734
631.5991415857047
633.81424997687
636.0383102146438
638.2714952394716
640.5139345079799
642.7657406023096
645.0270167356739
647.2978589862955
649.578357069492
651.868594697959
654.1686498200087
656.4785948159554
658.7984966750417
661.1284171593654
663.4684129568393
665.8185358239936
668.178832719099
670.5493459259409
672.9301131685859
675.3211677174161
677.7225384867174
680.1342501240838
682.5563223394488
684.9887729751183
687.4316135866932
689.8848525018561
692.3484941075343
694.8225389000213
697.3069835241522
699.8018208051959
702.3070397740926
704.822625686317
707.3485600344972
709.8848205549178
712.4313812279861
714.9882122727541
717.5552801355498
720.1325474727835
722.7199731279721
725.3175121030158
727.9251155237466
730.5427305997799
733.1703005786477
735.8077646942395
738.4550581095104
741.1121118534509
743.778852752279
746.4552033548249
749.141081852041
751.8364019906095
754.5410729805642
757.2549993968635
759.978081074845
762.7102129994767
765.4512851883135
768.2011825680769
770.9597848447597
773.7269663671536
776.5025959837018
779.2865368925854
782.0786464849126
784.8787761809423
787.6867712592199
790.5024706785374
793.3257068926157
796.1563056574425
798.9940858311656
801.8388591664864
804.6904300955
807.5485955069339
810.4131445157647
813.2838582252141
816.1605094811396
819.0428626188652
821.9306732025398
824.8236877571255
827.7216434931684
830.6242680245481
833.5312790794555
836.442384204874
839.35728046495
842.275654133646
845.1971803821907
848.1215229618874
851.0483338829454
853.977253090087
856.907908135782
859.8399138520804
862.7728720221253
865.7063710525615
868.6399856481898
871.5732764903606
874.505789920765
877.4370576324458
880.3665963700105
883.2939076412379
886.2184774424439
889.1397760001813
892.057257532051
894.9703600296311
897.8785050667292
900.7810976364115
903.6775260204707
906.5671616952341
909.4493592778157
912.3234565171839
915.1887743345527
918.0446169178747
920.8902718753416
923.7250104529921
926.5480878216451
929.358743438463
932.1562014885451
934.9396714119329
937.708348521386
940.4614147161915
943.1980392970913
945.9173798871689
948.618583463202
951.3007875015602
953.9631212421818
956.6047070735241
959.2246620405948
961.8220994772829
964.3961307631512
966.9458672036736
969.4704220315755
971.9689125254375
974.440462240121
976.8842033417864
979.299279038372
981.6848460944032
984.0400774168314
986.3641646964368
988.6563210870369
990.9157839024876
993.1418173091846
995.3337149896091
997.4908027503981
999.6124410465274
1001.698027391563
1003.7469986226304
1005.7588329877583
1007.7330520227821
1009.669231838312
1011.5669657397789
1013.4259142026048
1015.2458041651633
1017.0263827147077
1018.7674546987616
1020.4688729068284
1022.1305371881484
1023.7523931497201
1025.334430417287
1026.876680457185
1028.3792139644386
1029.8421378287521
1031.2655916959616
1032.6497441481629
1033.994788531012
1035.3009384614616
1036.5684230533109
1037.7974819013396
1038.9883598673287
1040.1413017129155
1041.2565463913518
1042.3343224123782
1043.3748409824784
1044.37829131642
1045.344834968953
1046.2746004711546
1047.1676781002714
1048.024114811405
1048.843909354751
1049.6270075973507
1050.3732980635705
1051.0826077038505
1051.7546978967418
1052.3892606850754
1052.985915243144
1053.5442045683355
1054.0635912384773
1054.5434590759614
1054.983103675577
1055.3817343378103
1055.7384705901222
1056.052339942155
1056.3222757581052
1056.5471152254815
1056.7255974004079
1056.8563613100991
1056.9379440936457
1056.9687791629585
1056.9471943666067
1056.871410140298
