7.9686e-05
0.00015839735001701603
0.00015856610479944298
0.00015872319682245907
0.00015887334352237978
0.00015902117743556038
0.0001591701611231914
0.0001593225951575759
0.00015947988405153198
0.00015964279827538824
0.00015981167758697133
0.00015998657661815604
0.0001601673662271822
0.000160353802881424
0.00016054557575346032
0.00016074233877856245
0.00016094373189504677
0.00016114939521261112
0.00016135897819939254
0.00016157214535586392
0.00016178857952902427
0.00016200798362039917
0.0001622300812695125
0.00016245461668090504
0.0001626813540673483
0.0001629100766918411
0.00016314058584054587
0.00016337269965135064
0.0001636062518696852
0.0001638410907290109
0.0001640770777551864
0.00016431408664552426
0.00016455200230557705
0.0001647907197725916
0.0001650301433801453
0.00016527018592777824
0.00016551076783891252
0.00016575181656856912
0.000165993265868906
0.0001662350552387853
0.00016647712941562259
0.00016671943781462487
0.00016696193416086002
0.0001672045760113805
0.00016744732448230947
0.00016769014385428917
0.000167933001323321
0.00016817586667604523
0.00016841871203772944
0.0001686615117308566
0.00016890424201385502
0.00016914688089707686
0.00016938940797988757
0.0001696318043746804
0.00016987405244474145
0.0001701161357939729
0.00017035803905071788
0.00017059974788088302
0.00017084124882321786
0.00017108252920726606
0.00017132357714969135
0.0001715643813799492
0.00017180493125454829
0.0001720452166633375
0.00017228522800207913
0.0001725249561096787
0.00017276439223906436
0.00017300352801741375
0.0001732423553633856
0.00017348086653178646
0.00017371905404554787
0.00017395691066180872
0.00017419442935236244
0.00017443160328638752
0.0001746684258121015
0.00017490489042384206
0.00017514099075788953
0.00017537672056521626
0.00017561207370712735
0.00017584704413605934
0.0001760816258737893
0.00017631581301365417
0.00017654959970916402
0.00017678298014680755
0.00017701594854734864
0.00017724849917103236
0.00017748062627785373
0.00017771232414202958
0.00017794358704180757
0.0001781744092465783
0.00017840478501005445
0.00017863470856393457
0.00017886417412629174
0.00017909317586978048
0.00017932170794221345
0.00017954976444106607
0.00017977733941117294
0.00018000442686357996
0.00018023102073260817
0.00018045711490671055
0.00018068270319784234
0.0001809077793548038
0.00018113233705653023
0.00018135636988719209
0.00018157987136828015
0.00018180283493114032
0.00018202525391028174
0.00018224712155807572
0.00018246843103228503
0.00018268917538073585
0.00018290934756540908
0.00018312894042270047
0.00018334794670014817
0.0001835663590259465
0.00018378416991513628
0.00018400137176682182
0.00018421795686140492
0.00018443391735161607
0.0001846492452723122
0.0001848639325254644
0.00018507797088691743
0.0001852913520009446
0.0001855040673714061
0.00018571610837211857
0.00018592746622874337
0.00018613813203562421
0.00018634809673460988
0.00018655735112566585
0.00018676588586171347
0.00018697369144681983
0.00018718075822778018
0.00018738707640529018
0.0001875926360194074
0.00016092144149390053
0.00016132219287698168
0.0001617198752002594
0.00016211455485338564
0.00016250625770184953
0.000162894982878572
0.0001632807123742979
0.00016366341766702353
0.00016404306435204393
0.00016441961530688006
0.00016479303287261012
0.00016516328031953716
0.0001655303228529773
0.00016589412813652814
0.0001662546668226225
0.00016661191267126142
0.0001669658426470921
0.00016731643693782802
0.00016766367890722888
0.0001680075550044216
0.00016834805463926988
0.000168685170071441
0.00016901889625554978
0.00016934923071436301
0.00016967617339358436
0.00016999972650928654
0.00017031989442460024
0.0001706366835009862
0.0001709501019957885
0.00017126015989027163
0.00017156686882117655
0.00017187024193716734
0.00017217029376462802
0.00017246704028254167
0.00017276049843260855
0.0001730506864950752
0.00017333762362164515
0.00017362133004877544
0.00017390182664633676
0.00017417913548343721
0.00017445327882123658
0.00017472427985508105
0.00017499216241741037
0.00017525695067438382
0.00017551866928832075
0.00017577734339634633
0.00017603299840110117
0.00017628565981751777
0.00017653535360195036
0.00017678210590696042
0.00017702594273147509
0.00017726689022035718
0.00017750497457057882
0.00017774022167306835
0.00017797265749011689
0.00017820230750420274
0.00017842919691489606
0.00017865335030552946
0.00017887479165221344
0.00017909354393189325
0.0001793096291661856
0.00017952306743258196
0.00017973387698060007
0.00017994207294985828
0.00018014766623016437
0.00018035066164911952
0.00018055105405979515
