9.493336740504612
9.484125987027067
9.47449696977765
9.464431521781949
9.453923553443117
9.442970477447778
9.431570857865484
9.419723755495948
9.407428537055646
9.394684811823666
9.381492403772622
9.367851333991839
9.353761806476484
9.339224195357282
9.324239033016603
9.308806998913889
9.292928909047985
9.276605706014
9.259838449621709
9.242628308046212
9.22497654948363
9.206884534286253
9.188353707552917
9.16938559234252
9.149981782563708
9.130143937294669
9.109873774846287
9.089173067299479
9.068043635383885
9.046487343676874
9.024506096105906
9.002101831739225
8.97927652085081
8.956032161246428
8.932370774838313
8.908294404456758
8.883805110887494
8.85890497012435
8.833596070827333
8.80788051197676
8.781760400714594
8.75523785036474
8.728314978624379
8.700993905919
8.673276753914152
8.645165644177382
8.616662696984195
8.58777003026225
8.55848975866837
8.528823992793276
8.498774838489298
8.468344396316583
8.437534761103683
8.406348021618639
8.374786260346985
8.342851553373356
8.310545970363615
8.277871574644738
8.244830423379844
8.21142456783607
8.177656053743192
8.14352692174109
8.109039207914496
8.07419494441349
8.038996160158666
8.003444881629868
7.9675431337378315
7.931292940778135
7.894696327467161
7.857755320059954
7.82047194755013
7.782848242952191
7.744886244666845
7.706587997930175
7.667955556347743
7.62899098351499
7.589696354725537
7.550073758769257
7.510125299822283
7.469853099431418
7.429259298595657
7.388346059947897
7.347115570040187
7.305570041736201
7.263711716714918
7.221542868089906
7.179065803148815
7.1362828662181474
7.093196441658629
7.0498089569968645
7.006122886199287
6.962140753094711
6.917865134952104
6.873298666220447
6.8284440424377975
6.783304024316892
6.737881442014685
6.692179199593445
6.646200279680918
6.599947748337066
6.553424760134716
6.506634563461143
6.459580506047236
6.412266040730276
6.364694731455673
6.316870259522044
6.268796430072854
6.220477178836545
6.171916579115298
6.123118849020806
6.07408835895307
6.024829639315761
5.97534738845875
5.925646480835115
5.87573197535632
5.8256091239251475
5.775283380121571
5.724760408011851
5.6740460910459
5.623146541002305
5.572068106934421
5.520817384064622
5.4694012225671615
5.417826736173309
5.366101310525438
5.314232611199698
5.262228591309929
5.210097498598603
5.157847881914041
5.1054885969670325
5.053028811254407
5.00047800803237
4.947845989218513
4.89514287709874
4.842379114713869
4.7895654648007575
4.736713007164587
4.683833134362466
4.630937545584171
4.578038238623556
4.525147499844147
4.472277892054769
4.419442240225678
4.366653614992698
4.3139253139161635
4.261270840482887
4.208703880862854
4.156238280219356
4.103888009908106
4.0516671410580445
3.9995898168784447
3.9476702138382476
3.8959225084474634
3.844360840885743
3.7929992774484766
3.7418517720728843
3.6909321272218047
3.6402539544208015
3.5898306347592195
3.5396752796771107
3.489800692366937
3.440219330121396
3.3909432679564224
3.3419841638313645
3.293353225776467
3.245061181221431
3.1971182487980707
3.149534112963343
3.1023179011742785
3.0554781647783056
3.009022862803016
2.9629593492491897
2.917294363874461
2.8720340265142466
2.8271838349499143
2.782748666298172
2.7387327818611023
2.6951398353435616
2.651972884152481
2.609234404408728
2.566926307990032
2.5250499628473575
2.4836062156967933
2.442595416982815
2.4020174478717804
2.3618717490259304
2.322157350903279
2.282872905327052
2.244016718069449
2.2055867821982207
2.1675808119406246
2.1299962768274363
2.092830435889604
2.0560803716915226
2.0197430239975063
1.9838152228816048
1.9482937211051425
1.9131752256010675
1.8784564279191438
1.844134033501019
