-115.64276675995593
-151.29280780069232
-151.63206903417392
-151.925018466135
-152.1777614806846
-152.39517868192962
-152.58126405249354
-152.7393471884072
-152.8722425970343
-152.98235503990298
-153.07175611410298
-153.1422437604446
-153.19538759329683
-153.23256577343395
-153.2549948223233
-153.26375409006832
-153.25980598339487
-153.24401277522963
-153.21715062633348
-153.1799213160204
-153.1329620798141
-153.0768538773619
-153.01212835522432
-152.93927372240537
-152.85873971927154
-152.77094182964368
-152.67626486080025
-152.57506599565318
-152.4676774041851
-152.35440848686403
-152.2355478112621
-152.11136479269067
-151.9821111619956
-151.8480222559414
-151.70931816022653
-151.56620472999828
-151.4188745085203
-151.26750756090397
-151.1122722373631
-150.9533258769897
-150.79081546190432
-150.62487822904234
-150.45564224566118
-150.28322695356098
-150.10774368555244
-149.9292961571262
-149.74798093613853
-149.56388789050007
-149.37710061756135
-149.18769685421398
-148.99574886894808
-148.80132383655038
-148.60448419558998
-148.40528798891503
-148.20378918758774
-148.00003799824498
-147.794081154355
-147.58596219124394
-147.3757210652675
-147.16339696774176
-146.94902468567147
-146.73263740344782
-146.51426625372994
-146.29394050359687
-146.0716877273423
-145.84753396657763
-145.62150387821845
-145.3936208706553
-145.16390722910396
-144.93238423043033
-144.69907224810953
-144.46399084806163
-144.22715887567242
-143.98859453496843
-143.7483154600372
-143.5063387796906
-143.26268117552664
-143.0173589342053
-142.77038799412057
-142.52178398723547
-142.27156227614077
-142.01973798721355
-141.7663260397965
-141.51134117198683
-141.25479796341105
-140.99671085512628
-140.73709416709065
-140.4759621132753
-140.2133288149307
-139.94920831192576
-139.6836145725983
-139.4165615021103
-139.1480629496346
-138.87813271441422
-138.6067845508832
-138.33403217286198
-138.05988925722264
-137.78436944664458
-137.50748635202146
-137.22925355432994
-136.94968460604815
-136.66879303230647
-136.3865923316591
-136.10309597666335
-135.81831741417062
-135.53227006554866
-135.2449673266583
-134.95642256773456
-134.66664913322612
-134.3756603414732
-134.08346948432228
-133.79008982678806
-133.4955346065886
-133.19981703365053
-132.90295028966042
-132.60494752753104
-132.30582187094524
-132.0055864137716
-131.7042542196553
-131.40183832143595
-131.09835172068654
-130.79380738725663
-130.488218258777
-130.18159724018918
-129.8739572033464
-129.56531098652246
-129.25567139406343
-128.9450511959274
-128.6334631273121
-128.3209198883101
-128.00743414351678
-127.69301852168464
-127.37768561540175
-127.06144798077021
-126.74431813706039
-126.42630856647475
-126.10743171380352
-125.78769998617153
-125.46712575279493
-125.14572134464953
-124.82349905431376
-124.50047113566339
-124.1766498036776
-123.85204723418074
-123.52667556368111
-123.20054688907919
-122.87367326756205
-122.54606671632723
-122.21773921245851
-121.8887026926575
-121.55896905318174
-121.22855014955093
-120.89745779648577
-120.56570376764247
-120.23329979554356
-119.90025757137508
-119.56658874484762
-119.2323049240305
-118.89741767523768
-118.56193852289472
-118.22587894934533
-117.88925039479116
-117.55206425709125
-117.21433189168965
-116.87606461148121
-116.53727368665358
-116.1979703445966
-115.85816576978833
-115.51787110367403
-115.17709744453771
-114.83585584740997
-114.4941573239676
-114.15201284238736
-113.8094333272981
-113.46642965960245
-113.12301267647064
-112.77919317116469
-112.43498189295309
-112.09038954705356
-111.74542679449371
-111.400104252043
-111.05443249213428
-110.70842204272462
-110.36208338724855
-110.01542696453399
-109.66846316867677
-109.32120234901409
-108.97365480998589
-108.62583081107789
-108.27774056676657
-107.92939424638563
-107.58080197410298
-107.23197382880552
-106.88291984405652
-106.53365000798466
-106.18417426326965
-105.83450250698326
-105.48464459064165
-105.13461032001501
-104.78440945514888
