0.000840533331139268
0.0008405604462349415
0.0008402002271320447
0.0008396634034092277
0.000839077685055633
0.000838516134761675
0.0008380168030859233
0.0008375959881718181
0.000837257012543214
0.0008369959130490679
0.0008368050423319899
0.0008366752804180081
0.0008365973369021869
0.00083656246933384
0.0008365628354425238
0.0008365916226664915
0.0008366430481043969
0.0008367122346510947
0.0008367953471449846
0.0008368890705051741
0.0008369908102462727
0.0008370984951436286
0.0008372104852810594
0.0008373254925641611
0.000837442499745476
0.0008375607654252304
0.0008376796738951227
0.0008377987774554851
0.0008379177416804951
0.0008380363211348659
0.000838153916985938
0.0008382713727252152
0.0008383880319712768
0.00083850385057737
0.0008386188106524427
0.0008387329099504831
0.0008388461577908168
0.0008389585719156041
0.0008390701760316591
0.0008391809979012273
0.0008392910678712708
0.0008394003294755293
0.0008395089195351485
0.0008396168718659275
0.0008397242135144423
0.00083983097205695
0.0008399371750675873
0.0008400428496580811
0.0008401480221667475
0.0008402527179569956
0.0008403569612945994
0.0008404607752814327
0.0008405641818292523
0.0008406672016616706
0.0008407698543356108
0.0008408721582758955
0.0008409741308183792
0.000841075788258302
0.0008411771459014471
0.0008412782181163895
0.0008413790183866243
0.0008414795593617545
0.0008415798529071235
0.0008416799101515618
0.000841779884122973
0.0008418796028345995
0.0008419790847651193
0.000842078347360933
0.0008421774049406501
0.0008422762694673099
0.000842374951135581
0.0008424734587915053
0.0008425718002338294
0.0008426699824318574
0.000842768011684369
0.0008428658937368495
0.0008429636338691033
0.0008430612369617524
0.0008431587075476055
0.0008432560498521157
0.0008433532678258719
0.0008434505209557104
0.0008435476057992495
0.0008436443832728851
0.0008437410765295362
0.0008438376824563805
0.0008439341972058095
0.0008440306188220743
0.000844126946654693
0.0008442231809151335
0.000844319322372607
0.0008444153721466815
0.0008445113315666875
0.0008446072020771131
0.000844702985174572
0.0008447986823664029
0.0008448942951440186
0.0008449898249662565
0.0008450852732494974
0.0008451806413623032
0.000847245214090848
0.0008498694208889608
0.0008528605941097157
0.0008561015564040569
0.0008595105553864678
0.0008630302878263248
0.0008666205447635389
0.0008702530866626758
0.0008739080635842827
0.0008775715115213886
0.0008812335997112977
0.0008848874026986599
0.0008885280394510589
0.0008921520694289747
0.0008957570687326003
0.0008993413320356562
0.0009029036636475531
0.000906443230305648
0.0009099594571623607
0.0009134519549826583
0.0009169204685094968
0.0009203648399950214
0.0009237849833561051
0.000927180865806471
0.0009305524947546004
0.0009338999084139156
0.000937223169033087
0.0009405223579784383
0.0009437975721279213
0.000947048921196142
0.0009502765257222635
0.0009534805155317218
0.0009566610285382618
0.0009598182097918811
0.0009629522107059362
0.0009660631884159264
0.0009691513052362877
0.000972216728191081
0.0009752596286013229
0.0009782801817165598
0.0009812785663816015
0.000984254964731878
0.0009872095619125046
0.0009901425458174401
0.0009930541068459574
0.0009959444376743255
0.0009988137330410052
0.0010016621895440692
0.0010044900054497316
0.0010072973805111034
0.0010100845157964204
0.001012851613526083
0.001015598876917946
0.0010183265100403443
0.0010210347176724116
0.001023723705171295
0.0010263936783458643
0.0010290448433366102
0.001031677406501393
0.0010342915743067587
0.0010368875532245497
0.0010394655496335683
0.001042025769726036
0.0010445684194186487
0.0010470937042680064
0.0010496018293902239
0.0010520929993845412
0.001054567418260762
0.001057025289370345
0.0010594668153410063
0.0010618921980146735
0.0010643016383886585
0.0010666953365599194
0.0010690734916722745
0.0010714363018664592
0.0010737839642329028
0.001076116674767129
0.0010784346283276537
0.0010807380185963134
0.0010830270380408965
0.0010853018778800084
0.0010875627280500686
0.0010898097771743815
0.0010920432125341591
0.00109426322004147
0.001096469984213994
0.0010986636881515444
0.0011008445135142755
0.0011030126405025095
0.0011051682478381314
0.0011073115127474742
0.0011094426109456467
0.0011115617166222557
0.0011136690024284462
0.001115764639465218
0.0011178487972729855
0.001119921643822308
0.0011219833455057453
0.0011240340671308043
0.0011260739719139348
