27.67
25.05042639038119
26.747108107993824
27.910576247200332
29.634538475617564
31.480213733671555
32.79024832323183
33.655219023966886
34.11662587265233
34.48120086526205
34.733321801066914
34.92238389446988
35.076032523417936
35.209179281931625
35.32975773922497
35.441997419967215
35.54818988671618
35.64961200972477
35.74701029976622
35.8408500495029
35.93144490814283
36.01902440369315
36.103769403624625
36.1858309661624
36.265340550175864
36.34241570140714
36.41716334977405
36.48968182893335
36.560062199592274
36.628389182846696
36.694741866383325
36.759194271188974
36.82181582686896
36.88267178257916
36.94182356937714
36.99932912376144
37.055243178613075
37.10961752611244
37.16250125588803
37.21394097102885
37.26398098429574
37.31266349629484
37.36002875740809
37.406115214951996
37.450959646946075
37.49459728369883
37.53706191837191
37.57838600752466
37.618600762575994
37.65773623304598
37.69582138231673
37.73288415666431
37.768951548147314
37.80404965196029
37.83820371879257
37.871438202601134
37.903776804322824
37.935242511851925
37.96585763661351
37.995643847164
38.02462219996978
38.052813167721794
38.08023666537938
38.10691207416236
38.13285826370821
38.15809361254014
38.18263602699246
38.20650295879055
38.22971142137646
38.25227800505575
38.274218891209074
38.29554986544721
38.31628633004567
38.33644331551943
38.356035684897556
38.37507736643452
38.39358253591996
38.41156483995457
38.42903760215113
38.44601383139428
38.46250622974929
38.478527199960915
38.49408885263116
38.509203013142034
38.52388122823512
38.53813477238882
38.55197465396593
38.56541162111879
38.57845616753948
38.591118537987434
38.603408733697755
38.615336517613216
38.626911419464385
38.638142740759754
38.64903955959182
38.659610735391
38.669864913538916
38.67981052986257
38.68945581510666
38.69880879922052
38.707877315612755
38.71666900533203
38.72519132114943
38.733451531556454
38.741456724717686
38.74921381234049
38.75672953345588
38.76401045818417
38.7710629913774
38.77789337624671
38.78450769790315
38.79091188683945
38.797111722367895
38.80311283597046
38.80892071463555
38.81454070409918
38.81997801203561
38.82523771122569
38.830324742610536
38.835243918366956
38.839999924849494
38.844597325548875
38.849040563947305
38.85333396634293
38.85748174462609
38.86148799901065
38.86535672065407
38.86909179434821
38.872697001007566
38.87617602024424
38.879532432816184
38.882769723036674
38.88589128116342
38.888900405700284
38.89180030570878
38.89459410297254
38.8972848342479
38.89987545336506
38.90236883332328
38.90476776833968
38.90707497584874
38.909293098466975
38.91142470588621
38.91347229680041
38.91543830066496
38.91732507954207
38.91913492982084
38.92087008395262
38.92253271207575
38.924124923709314
38.92564876928564
38.927106241755446
38.928499278063235
38.92982976065722
38.93109951895173
38.93231033068893
38.9334639233576
38.93456197553888
38.935606118181234
38.936597935915735
38.93753896829994
38.9384307110051
38.93927461704743
38.94007209787944
38.94082452459442
38.941533228977
38.94219950456778
38.94282460773502
38.943409758668565
38.943956142391805
38.94446490968726
38.944937178073374
38.945374032722235
38.94577652729724
38.94614568488639
38.94648249879715
38.94678793341847
38.947062924998214
38.94730838239657
38.94752518789454
38.94771419792319
38.9478762437411
38.94801213218974
38.948122646297826
38.94820854604005
38.94827056890628
38.94830943055173
38.94832582541811
38.94832042729416
38.94829388992687
38.94824684757678
38.94817991553991
38.94809369070475
38.94798875203332
38.9478656611063
38.9477249625965
38.947567184711986
38.9473928397156
38.94720242431344
38.9469964201292
