59550.469055999994
39931.38352563729
39921.050260318414
39910.434701971215
39900.29011218142
39890.68245325067
39881.59847858277
39873.01716081589
39864.91789499768
39857.281329833546
39850.089352361
39843.324986293635
39836.97229117831
39831.016271173205
39825.4427933085
39820.238514211924
39815.390814314305
39810.8877386717
39806.717943652126
39802.87064883318
39799.33559353978
39796.10299752285
39793.163525341595
39790.50825406468
39788.12864395216
39786.01651181918
39784.16400681772
39782.563588402074
39781.208006271096
39780.09028210213
39779.20369291271
39778.54175590344
39778.09821465098
39777.86702653435
39777.842351289364
39778.01854059738
39778.390128623636
39778.952108420366
39779.69877808587
39780.625461980686
39781.72734606529
39782.999763315674
39784.43818859413
39786.03823407799
39787.79564520182
39789.706297078985
39791.76619137155
39793.97145358078
39796.31833073239
39798.80318943289
39801.42251427608
39804.17290657952
39807.05108343311
39810.053877042636
39813.178234353545
39816.421216939336
39819.78000114205
39823.25187845147
39826.834256111324
39830.52465794064
39834.320725359576
39838.22021860872
39842.221018151635
39846.321126250245
39850.51866870283
39854.8118967347
39859.19918903093
39863.67905390091
39868.25013156396
39872.911196545094
39877.661160169395
39882.499073143365
39887.42412821073
39892.435662869924
39897.533162139654
39902.71626135825
39907.984749001866
39913.33856950572
39918.777826071855
39924.30278344573
39929.913870643235
39935.6116836091
39941.39698778592
39947.27072057264
39953.23399365032
39959.28809515179
39965.43449165068
39971.674829944975
39978.010938608466
39984.44482928334
39990.97869768583
39997.61492429598
40004.35607470256
40011.204899572745
40018.16433421617
40025.23749771253
40032.427691571625
40039.73839789452
40047.17327700531
40054.73616452205
40062.43106783759
40070.26216198011
40078.23378482566
40086.350431635445
40094.616748892135
40103.03752741224
40111.617694712644
40120.3623066128
40129.27653805647
40138.36567314053
40147.63509434129
40157.09027093344
40166.73674660048
40176.58012624041
40186.62606197528
40196.88023837829
40207.34835693851
40218.03611978783
40228.949212722524
40240.09328755671
40251.47394385213
40263.09671007576
40274.9670242429
40287.09021411005
40299.4714769889
40312.11585926089
40325.02823567444
40338.213288517036
40351.67548675844
40365.419065267364
40379.44800420746
40393.76660559968
40408.3770947462
40316.097413627496
40331.77125782047
40509.73235060496
40631.156417024264
40724.280752500665
40797.990048304506
40857.958312269584
40908.01579557685
40951.812723881325
40991.53444729028
41027.47905969685
41060.64976736279
41091.79525616389
41121.47918460905
41150.12896815831
41178.070318061305
41205.55212301349
41232.76465363685
41259.85306888423
41286.927562715464
41314.071072407256
41341.34519332482
41368.79475829805
41396.451411637725
41424.33641858433
41452.46288794447
41480.83754057247
41509.46212371028
41538.334547306666
41567.449800778406
41596.80069549913
41626.378468391486
41656.173274484485
41686.17459056337
41716.37154764499
41746.753206627596
41777.308788855094
41808.02787133603
41838.90055482665
41869.917611857214
41901.07062095575
41932.35209279563
41963.75559370512
41995.27587196005
42026.90899249635
42058.65248621616
42090.505520916595
42122.469102175426
42154.54631437719
42186.74261465629
42219.066196147425
42251.52844194111
42284.144498237474
42316.93400488409
42349.922036096184
42383.14032400119
42416.62886831921
42450.43808008803
42484.63167601582
42519.290646754525
42554.51879274323
42590.450600854936
42627.26270832657
42665.1910312508
42704.55715533593
42745.81050973226
42789.59880469018
