16.01754960334345
11.297076120879229
11.40788302047097
11.48931006260832
11.472162149925401
11.454983436894542
11.4398233701995
11.4284379081893
11.40140143858217
11.394565532282982
11.389381951544554
11.385216699797768
11.381714485904451
11.378677486763578
11.375992607027598
11.373591739400325
11.371430839399364
11.369479049132705
11.367713047181477
11.366114083468114
11.364666395130078
11.363356333688424
11.362171861692334
11.361102243685865
11.360137841704601
11.359269968544336
11.35849077440616
11.357793154539646
11.357170670552629
11.35661748182521
11.356128284732023
11.355698258512321
11.355323016432967
11.35499856209378
11.35472125034236
11.354487751505408
11.35429502009247
11.354140266053607
11.354020929159635
11.353934656547729
11.353879281705044
11.353852806484436
11.353853384653135
11.353879307271157
11.353928989476907
11.354000958930158
11.354093845293148
11.35420637089875
11.354337342448524
11.354485643433948
11.354650227625568
11.354830112894078
11.355024375959331
11.355232147614993
11.355452608181693
11.355684983962291
11.355928543499616
11.356182594346246
11.356446480644252
11.3567195800512
11.357001301702127
11.357291084002311
11.357588392729717
11.357892719384669
11.35820357945242
11.358520510923084
11.358843073206605
11.359170845743757
11.359503426759156
11.359840432688678
11.360181496514972
11.360526267740726
11.36087441085452
11.361225604994887
11.361579541194807
11.361935929501573
11.362294486714712
11.362654943621711
11.363017042429329
11.363380536546668
11.363745189729434
11.364110775864784
11.364477078705113
11.36484389104801
11.365211014828148
11.365578260601218
11.365945447063536
11.36631240097667
11.366678956628606
11.36704495585497
11.36741024752379
11.367774687309147
11.368138137629957
11.368500467070868
11.36886155059495
11.369221268981905
11.369579508681962
11.369936161936154
11.370291125941353
11.370644303244415
11.37099560147006
11.37134493295121
11.371692214597658
11.372037367930547
11.372380318732644
11.372720996895238
11.373059336543413
11.373395275491415
11.37372875548069
11.37405972180797
11.374388123268288
11.374713912099446
11.37503704372406
11.375357476879438
11.375675173187117
11.375990097219615
11.376302216502191
11.376611501088712
11.376917923926753
11.377221460221076
11.377522087845893
11.37781978685278
11.378114539636066
11.378406330812858
11.378695147064784
11.37898097690242
11.379263811190766
11.379543642129622
11.379820464196289
11.380094273320301
11.38036506707308
11.380632844718258
11.380897606911827
11.381159355909277
11.381418095035778
11.38167382944551
11.381926565201537
11.382176309649317
11.382423071321215
11.382666859844534
11.382907685926956
11.38314556122729
11.383380498587597
11.383612511300152
11.383841613987357
11.384067821833543
11.38429115094195
11.384511617930846
11.384729240501716
11.384944036582741
11.385156025071698
11.385365225177328
11.38557165692601
11.38577534079374
11.385976297463584
11.386174548460058
11.386370115578822
11.386563020851648
11.386753286982158
11.386940936855362
11.387125993550786
11.387308480698325
11.387488421859652
11.387665841354776
11.387840763216193
11.388013211802942
11.388183211829412
11.388350787994364
11.388515965225347
11.388678768393051
11.388839222776806
11.388997353566516
11.389153185799932
11.389306745046731
11.389458056519182
11.38960714571314
11.389754037867322
11.389898758254839
11.390041332486195
11.390181785870944
11.390320143497428
11.390456430753584
11.390590672601173
11.390722894511509
11.390853121238269
11.390981377752185
11.391107688921558
11.391232079363128
11.391354573844373
11.391475196823503
11.391593972528549
11.391710925228807
11.391826078905876
11.391939457704211
11.392051085335902
11.392160985296199
11.392269181233159
11.392375696203446
11.3924805534499
11.392583775892913
