-21.96805663106438
47.47727359398603
48.05893659969546
48.6270966270934
49.18174561201608
49.722870502087105
50.25045430666612
50.76447648562461
51.26491345694132
51.75173917559691
52.22492575993121
52.68444414918242
53.13026477835342
53.5623582579634
53.98069604747408
54.3852511124021
54.77599855633888
55.152916220310345
55.51598524308139
55.86519057715431
56.20052145630108
56.52197181150212
56.82954063313103
57.123232150733756
57.403056592665415
57.669029623947594
57.92117299165203
58.15951448959944
58.38408799739155
58.59493347126396
58.79209688958653
58.975630156115834
59.14559096431468
59.30204262621023
59.445053869359285
59.57469860553492
59.69105567475169
59.79420856820323
59.88424513361092
59.9612572663767
60.025340589797544
60.07659412744484
60.11511997064396
60.141022943798546
60.154410270116465
60.155391240089685
60.14407688488005
60.12057965655781
60.08501311693977
60.03749163657698
59.97813010524827
59.907043655134785
59.82434739767288
59.73015617491704
59.624584326087955
59.5077454698361
59.37975230261445
59.240716413431095
59.09074811513988
58.92995629232329
58.75844826573173
58.5763296731611
58.38370436657833
58.18067432524346
57.967339584522165
57.7437981800373
57.510145243259
57.266476323368714
57.01288250862554
56.74945356980971
56.476277214288885
56.193439113127894
55.90102294041496
55.599112252313596
55.28778334904787
54.96711598303438
54.63718645996595
54.2980694507522
53.94983809376348
53.59256410591289
53.226317902150925
52.85116872294567
52.46718497258439
52.07443354683539
51.672981205457134
51.262893910814256
50.84423719376903
50.417076320371834
49.981476463906404
49.537502881787404
49.08522109691437
48.62469708309758
48.155997454172756
47.67918965641441
47.19434216385029
46.701524676071216
46.2008083181159
45.692265842000204
45.17597182944189
44.652002895317686
44.120437891367224
43.58135810964289
43.034847485179775
42.48098966730658
41.91988077890118
41.35161067935552
40.776275901377076
40.193976572987154
39.60481662774468
39.00890398935669
38.40635074706352
37.79727332390659
37.181792637588735
36.56003425322868
35.932128527234894
35.298214177660874
34.658424614967664
34.012908859434894
33.36181762495213
32.70530700906798
32.043538537768804
31.376679219726157
30.704901589238926
30.028383733772582
29.34730930482651
28.661867511357208
27.97225309510739
27.278666287257096
26.58131274586868
25.880403473669823
25.176154715787067
24.46878783712297
23.758529179157968
23.045609896047036
22.33026576998246
21.612737005896122
20.893268005681914
20.172107122233584
19.449506393705953
18.72572125852711
18.00101025180751
17.275634683910667
16.54985830207084
15.823946933200753
15.098168129037788
14.372790754651051
13.64808462215225
12.924320070343466
12.20176755234632
11.480697212598265
10.761378457779633
10.044079523404134
9.329067037853685
8.616605585677265
7.906957271995806
7.200381289871553
6.497133492489141
5.797465971990749
5.1016266467668725
4.409858858969721
3.722400983954476
3.0394860532860166
2.3613413928681917
1.6881882776584731
1.020241604329125
0.3577095831233536
-0.29920654996612883
-0.9503127996954425
-1.5954226558760658
-2.234357314762425
-2.8669458769275304
-3.4930255211819152
-4.112441654227685
-4.725048035886216
-5.330706879871289
-5.9292889302187515
-6.520673513612811
-7.104748567972816
-7.681410647784996
-8.250564906771366
-8.812125058592743
-9.36601331637553
-9.912160311936866
-10.450504995656098
-10.98099451800928
-11.503584093834084
-12.018236850442769
-12.524923660731957
-13.023622962470364
-13.51432056495409
-13.997009444238547
-14.471689528145031
-14.938367472240763
-15.397056427971362
-15.847775804103476
-16.290551022610753
-16.725413270097782
-17.152399245823013
-17.57155090733665
-17.9829152147056
