315.06168457569606
131.77131707556435
131.97901670025954
132.17314518891322
132.36094550296238
132.5444955210566
132.72447035174525
132.90115765817444
133.0747332902951
133.2453364360858
133.41309033116968
133.5781081609943
133.7404949229481
133.90034817604885
134.0577584751402
134.21280970707357
134.36557938866378
134.5161389432479
134.66455396096026
134.81088444461062
134.95518504216227
135.09750526652883
135.23788919301916
135.37637769516516
135.51300556183526
135.64780373913302
135.78079896196593
135.91201391378374
136.04146737442605
136.16917435860555
136.29514624603058
136.41939090372202
136.54191280093278
136.6627131170359
136.78178984271176
136.89913787475302
137.01474910478845
137.12861250220752
137.24071419156186
137.3510375246997
137.45956314788222
137.5662690641143
137.67113069092196
137.77412091378656
137.87521013544438
137.9743663212562
138.07155504083332
138.16673950611008
138.25988060604325
138.35093693811336
138.43986483680257
138.52661839921484
138.6111495080089
138.69340785180782
138.7733409432493
138.85089413484496
138.9260106328095
138.99863150903636
139.06869571138367
139.13614007245113
139.20089931702853
139.26290606840035
139.32209085370457
139.3783821085465
139.43170618108334
139.48198733580037
139.52914775721806
139.57310755378006
139.61378476218803
139.65109535246327
139.68495323404215
139.71527026321928
139.74195625228631
139.76491898073047
139.78406420888274
139.7992956944352
139.81051521227388
139.81762257810237
139.82051567636776
139.81909049302783
139.81324115374179
139.80285996809693
139.78783748052598
139.7680625286067
139.74342230948062
139.71380245516312
139.67908711756348
139.63915906407374
139.59389978462758
139.54318961116883
139.48690785051235
139.42493293161127
139.35714256828598
139.28341393848856
139.20362388121686
139.11764911219237
139.02536645944508
138.92665311993633
138.82138693835196
138.70944670917217
138.5907125030936
138.46506601882834
138.33239096123597
138.19257344665968
138.04550243622873
137.89107019775284
137.72917279668212
137.55971061641193
137.38258890800472
137.197718369143
137.00501575185604
136.80440449824425
136.59581540307448
136.37918730174326
136.15446778167978
135.92161391481844
135.68059300828477
135.4313833699375
135.17397508487508
134.90837079847245
134.6345865009539
134.35265230794738
134.0626132309106
133.7645299307854
133.45847944772254
133.14455589925328
132.82287113887486
132.49355536666528
132.1567576832941
131.81264657863136
131.46141034612023
131.10325741416105
130.73841658599724
130.36713717997455
129.98968906260555
129.60636256760642
129.21746829496968
128.82333678523685
128.42431806537988
128.02078106413194
127.61311289616869
127.20171801623701
126.7870172461229
126.3694466791989
125.94945646917951
125.52751269162448
125.10408332975646
124.67965211649089
124.25471796226078
123.82977656597512
123.4053317982056
122.98189079652484
122.55996225686555
122.14005473910723
121.72267499873276
121.3083263593162
120.89750713983898
120.49070914921106
120.08841625831772
119.69110305748409
119.29923360455196
118.9132602658276
118.53362264907592
118.16074662456444
117.79504342698702
117.43690923329196
117.08672281492238
116.74484711377488
116.41162703939617
116.08738913076203
115.77244083350065
115.46706973393998
115.17154272577268
114.88610508484408
114.6109794278439
114.34636435426434
114.09243379296922
113.849334477596
113.61718486683924
113.3960730552186
113.18605461246057
112.98715019322155
112.79934291533539
112.62257551059567
112.4567472581326
112.30171071695827
112.15726828120891
112.02316858894109
111.89910282297336
111.78470095006026
111.6795279525179
111.58308011410902
111.49478142933138
111.41398021201283
111.33994598502792
111.27186673774256
111.20884664116471
111.14990431243177
111.09397171991603
111.03989381760567
