191.0
285.6289530226496
285.79609519280774
285.9699642224283
286.1483021985805
286.32962633920056
286.5129751111305
286.69772048974176
286.8834494548324
287.0698875809346
287.25685003727676
287.44421023009403
287.63187971975725
287.81979532272555
288.0079107887697
288.19619139630817
288.384610448697
288.57314690718897
288.76178384571904
288.9505073944995
289.1393060116402
289.3281699709736
289.5170903514075
289.70606130417553
289.89507608892893
290.08412939274086
290.2732165915493
290.46233365035727
290.65147704119084
290.8406436747056
291.0298308425075
291.2190361680549
291.40825756455354
291.59749411618355
291.7867423711179
291.9760018425642
292.16527128040906
292.35454958657874
292.5438357957747
292.73312905899337
292.9224286292497
293.1117333806808
293.30104414029023
293.49035899270643
293.6796779584303
293.8690006425211
294.05832669723526
294.24765581635023
294.4369877301805
294.62632220119747
294.81565902017775
295.0049980028148
295.19433898673776
295.383681828888
295.5730264032099
295.7623725986188
295.951720317212
296.14106947269346
296.33041998898784
296.5197717990197
296.7091248436388
296.89847907067406
297.0878344341002
297.27719089330463
297.466548412441
297.655906959861
297.845266507613
298.03462703100155
298.2239885081987
298.4133509199019
298.60271424903317
298.7920784804736
298.98144360082995
299.1708095982288
299.3601764621353
299.54954418319414
299.73891275308847
299.92828216441615
300.11765241058134
300.30702348569804
300.4963953845055
300.68576810229405
300.8751416348393
301.0645159783446
301.2538911293899
301.44326708488705
301.6326438420405
301.8220213983124
302.01139975139176
302.20077889916786
302.3901588397064
302.5795395712283
302.7689210920917
302.9583034007755
303.14768649586483
303.33707037603904
303.52645504005994
303.7158404867626
303.90522671504635
304.0946137238672
304.3145401096726
304.4994542910168
304.68503736014515
304.87121841677225
305.0579189582214
305.2450634097519
305.43258348655985
305.6204195120265
305.8085203084086
305.99684247425307
306.1853494516025
306.3740105754737
306.56280019106043
306.7516968706098
306.94068273601613
307.1297428813478
307.31886488485634
307.5080383987845
307.6972548056701
307.88650693094905
308.07578880292175
308.2650954524288
308.4544227457405
308.643767245194
308.8331260929916
309.02249691432144
309.2118777365971
309.40126692213846
309.5906631120619
309.78006517951667
309.96947219071546
310.15888337246304
310.34829808510204
310.5377157999769
310.72713608066306
310.91655856733513
311.1059829637525
311.2954090264259
311.48483655560074
311.67426538775703
311.8636953893698
312.0531264517216
312.2425584865913
312.4319914226714
312.62142520259346
312.8108597804593
313.0002951197924
313.18973119184005
313.3791679741669
313.5686054494903
313.7580436047178
313.9474824301514
314.13692191883143
314.32636206599534
314.5158028686328
314.70524432512025
314.89468643492086
315.0841291983398
315.2735726163241
315.46301669030004
315.65246142204154
315.84190681356404
316.03135286703883
316.22079958472534
316.41024696891736
316.59969502190074
316.78914374592046
316.9785931431563
317.1680432157035
317.3574939655598
317.5469453946158
317.73639750464895
317.92585029732004
318.1153037741719
318.30475793662976
318.494212786003
318.6836683234854
318.8731245501658
319.0625814670217
319.2520390749297
319.4414973746689
319.63095636692503
319.82041605229506
320.00987643129207
320.19933750434967
320.3887992718264
320.5782617340101
320.7677248911223
320.9571887433218
321.14665329070925
321.33611853333
321.5255844711784
321.71505110420065
321.90451843229806
322.0939864553302
322.2834551731178
322.472924585445
322.6623946920624
322.85186549268906
323.04133698701486
