9.70062826807982
9.699471657362604
9.698667682192493
9.697950749047518
9.69726725315525
9.696596499510306
9.69592976046299
9.695263328271572
9.694595628427063
9.693925993836512
9.693254143383909
9.69257996011348
9.691903396880875
9.691224436227463
9.690543073317569
9.689859308684028
9.689173145144679
9.68848458649214
9.68779363693759
9.687100300874995
9.686404582781512
9.685706487175775
9.685006018600738
9.684303181616931
9.68359798080011
9.682890420740781
9.682180506044453
9.681468241332226
9.680753631241462
9.68003668042652
9.679317393559426
9.678595775330589
9.677871830449442
9.677145563645077
9.676416979666854
9.675686083284983
9.674952879291057
9.674217372498601
9.67347956774357
9.672739469884826
9.671997083804602
9.671252414408936
9.670505466628113
9.66975624541702
9.669004755755576
9.66825100264906
9.66749499112848
9.666736726250893
9.665976213099723
9.665213456785063
9.664448462443957
9.663681235240675
9.662911780366972
9.662140103042336
9.661366208514222
9.660590102058277
9.65981178897855
9.659031274607688
9.658248564307142
9.657463663467338
9.65667657750785
9.655887311877567
9.65509587205484
9.654302263547647
9.653506491893706
9.65270856266063
9.651908481446034
9.651106253877657
9.650301885613473
9.649495382341792
9.648686749781364
9.647875993681447
9.647063119821928
9.646248134013367
9.645431042097098
9.644611849945266
9.643790563460925
9.642967188578071
9.642141731261699
9.641314197507858
9.640484593343691
9.639652924827462
9.638819198048614
9.637983419127774
9.63714559421679
9.636305729498753
9.635463831188003
9.634619905530156
9.6337739588021
9.632925997312004
9.632076027399311
9.631224055434748
9.630370087820301
9.629514130989213
9.62865619140596
9.62779627556624
9.626934389996936
9.626070541256091
9.625204735932883
9.624336980647573
9.623467282051477
9.622595646826902
9.621722081687118
9.62084659337628
9.619969188669394
9.61908987437222
9.618208653860409
9.617325539496044
9.616440536957112
9.61555365270263
9.61466489349294
9.613774266232419
9.612881777904047
9.611987435541542
9.611091246217399
9.610193217037729
9.609293355139997
9.608391667691954
9.607488502917832
9.606583325328089
9.605676264159426
9.604767372600996
9.603856677342204
9.602944193991055
9.602029933448394
9.60111390462155
9.600196115582596
9.599276574062822
9.598355287663807
9.597432263947455
9.596507510474334
9.595581034819928
9.59465284458144
9.593722947380583
9.592791350864623
9.591858062706685
9.590923090605708
9.589986442286321
9.589048125498588
9.588108148017753
9.587166517643974
9.586223242202003
9.585277980705145
9.584331295973954
9.583383071323334
9.582433267826794
9.58148187359831
9.58052888811722
9.579574315735641
9.578618162905412
9.57766043699024
9.576701145756532
9.57574029715501
9.574777899226884
9.57381396006336
9.572848487788072
9.571881490549293
9.570912976516318
9.569942953877666
9.56897143084004
9.567998415627613
9.56702391648143
9.566047941658878
9.565070499433174
9.564091598092835
9.563111245941169
9.562129451295734
9.561146222487812
9.560161567861863
9.55917549577496
9.558188014596228
9.557199132706284
9.556208858496634
9.555217200369098
9.55422416673521
9.553229766015608
9.552234006639402
9.551236897043578
9.55023844567235
9.549238660976515
9.54823755141282
9.547235125443288
9.54623139153457
9.545226358157276
9.544220033785281
9.543212426895067
9.542203545965005
9.541193399474688
9.5401819959042
9.539169343733443
9.538155451441382
9.53714032750537
9.536123980400395
9.535106418598371
9.534087650567404
9.533067684771042
9.532046529667555
9.531024193709193
9.530000685341433
9.528976013002225
