600.0
30202.91542989645
30248.035021095406
30281.478985838945
30306.414075410223
30325.134929877022
30339.28819947304
30350.08812347649
30358.40490820133
30364.87589442888
30369.967481736254
30374.02240116409
30377.29367592631
30379.969065950685
30382.188610702487
30384.059266664743
30385.656568815477
30387.042652023592
30388.26352231187
30389.354549390402
30390.34309071222
30391.250428515006
30392.093228054917
30392.88250096837
30393.63280996722
30394.350254358782
30395.041414656465
30395.711560792897
30396.407704678895
30397.00535739182
30397.63453229492
30398.255495187306
30398.869991915224
30399.479483112464
30400.085168852198
30400.688036215626
30401.288896475504
30401.888416404443
30402.487144195067
30403.08553079622
30403.68394739105
30404.282699691106
30404.88203963577
30405.48217497305
30406.083277087444
30406.6854874391
30407.28892283223
30407.89367975151
30408.49983791882
30409.10746322999
30409.716610160634
30410.327323760594
30410.939641292698
30411.55359358302
30412.169206138846
30412.786500071812
30413.40549286236
30414.02619898731
30414.64863044323
30415.272797180554
30415.898707460143
30416.526368146697
30417.155784963525
30417.786962687696
30418.4199053262
30419.054616255544
30419.691098336283
30420.329354016452
30420.969385406785
30421.611194353707
30422.254782493364
30422.90015129988
30423.547302125156
30424.196236230255
30424.84695481616
30425.499459044542
30426.153750057394
30426.809828995174
30427.467697008768
30428.1273552726
30428.788804991796
30429.452047411927
30430.117083826226
30430.783915580643
30431.452544076026
30432.122970777033
30432.795197210966
30433.46922497208
30434.1450557242
30434.822691200745
30435.50213320682
30436.183383621403
30436.866444394884
30437.55131755277
30438.238005195537
30438.926509496476
30439.616832701868
30440.308977134453
30441.002945188942
30441.698739332496
30442.396362105916
30443.095816121015
30443.79710406126
30444.500228680263
30445.20519280233
30445.9119993179
30446.620651189223
30447.33115144202
30448.043503170127
30448.75770953217
30449.473773751255
30450.191699113362
30450.911488967206
30451.6331467221
30452.356675848412
30453.082079875738
30453.809362392978
30454.538527043776
30455.26957753193
30456.002517613124
30456.7373511002
30457.474081857683
30458.212713804678
30458.953250910057
30459.695697195613
30460.440056730717
30461.1863336354
30461.93453207739
30462.684656271456
30463.43671047914
30464.19069900764
30464.94662620887
30465.704496480008
30466.46431425846
30467.226084027363
30467.989810310046
30468.755497671533
30469.5231507174
30470.292774091977
30471.06437247936
30471.837950601806
30472.61351322075
30473.391065131982
30474.170611170164
30474.952156205974
30475.735705143856
30476.521262925166
30477.308834523865
30478.09842494899
30478.89003924286
30479.68368247993
30480.479359767844
30481.277076246177
30482.076837086148
30482.878647489782
30483.68251268998
30484.488437950597
30485.29642856435
30486.106489854596
30486.918627173734
30487.732845903527
30488.549151453026
30489.36754926134
30490.18804479449
30491.01064354693
30491.83535104066
30492.66217282442
30493.49111447377
30494.322181592226
30495.15537980817
30495.990714778025
30496.830554853237
30497.67013304556
30498.51188806623
30499.355814136605
30500.201911348588
30501.05018267785
30501.900632536683
30502.753266062173
30503.608088765955
30504.465106360985
30505.324324674955
30506.18574960763
30507.049387107127
30507.915243160114
30508.78332378554
30509.65363503011
30510.526182968377
30511.400973699023
30512.278013347637
30513.157308062953
30514.038864019076
30514.92268741336
30515.80878446714
30516.697161426247
30517.587824560087
30518.48078016112
30519.376034546804
30520.273594056904
30521.1734650555
