540.0000000000001
28300.716963686427
29305.853388812677
29988.977696288865
30446.55613220017
30753.09443018915
30960.928276624833
31105.461771711074
31209.993345801606
31289.585845527836
31353.861690260095
31408.912428711174
31458.563340919638
31505.19573022663
31550.275984287415
31594.693735739234
31638.976206627383
31683.425430392195
31728.204170413446
31773.39028541632
31819.010832222208
31865.063368038165
31911.534452959175
31958.38652540053
32005.594687615685
32053.128019460557
32100.95677017526
32149.053180549578
32197.391846753497
32245.94981955733
32294.706547248996
32343.64373541308
32392.745166682696
32441.988592757552
32491.37756538475
32540.892368331854
32590.523365384826
32640.26202019654
32690.10077236116
32740.032978234038
32790.052784329906
32840.15572835699
32890.33524175553
32940.58936251645
32990.913920910694
33041.305838540684
33091.76240554228
33142.281236105155
33192.86022906813
33243.49753317886
33294.1915165374
33344.940739737765
33395.743932299716
33446.59997197878
33497.5078666013
33548.46673813324
33599.47580870221
33650.53438831293
33701.64186409055
33752.79769082451
33804.0013826673
33855.25250585526
33906.550672318765
33957.89553406652
34009.286778262234
34060.724122897314
34112.207312995924
34163.73611728259
34215.310325253406
34266.92974460667
34318.594198992956
34370.3035260222
34422.05757553715
34473.856208076686
34525.69929354355
34577.58671001578
34629.518342726085
34681.494083141835
34733.51382817577
34785.57747948309
34837.684942847016
34889.83612763863
34942.03094634304
34994.26931414434
35046.551148555656
35098.87636910662
35151.24489705253
35203.65665513209
35256.11156734379
35308.60955876801
35361.15055538698
35413.734483936816
35466.3612717917
35519.030846834736
35571.74313736858
35624.4980720226
35677.295579680125
35730.135589408215
35783.01803039531
35835.94283190859
35697.77331743612
35797.319485301545
35891.261514545935
35978.92914291516
36060.537713621525
36136.67851308665
36208.06343523994
36275.40233251305
36339.348650923814
36400.479465796336
36459.29246056463
36516.21067487915
36571.59037142569
36625.729694606656
36678.87707408636
36731.23871672783
36782.985408472225
36834.258155614894
36885.173115519785
36935.82572173472
36986.2941590474
37036.64227664564
37086.92202482821
37137.17548993288
37187.43659172492
37237.73249783562
37288.08480150516
37338.51050145311
37389.022816588214
37439.63186287415
37490.34521526774
37541.16837385814
37592.10515019481
37643.15798716844
37694.32822356951
37745.616312628845
37797.0220022914
37848.54448368293
37900.18251316132
37951.934512438456
38003.798650504505
38055.772910485175
38107.85514399969
38160.04311519653
38212.33453625324
38264.727095821276
38317.21848166871
38369.806398550965
38422.488582148944
38475.26280979172
38528.12690856115
38581.07876124743
38634.11631056123
38687.23756195715
38740.4405853035
38793.723515662656
38847.0845533489
38900.521963415325
38954.03407471296
39007.619278592785
39061.27602738645
39115.00283265648
39168.79826336279
39222.66094392239
39276.58955220812
39330.58281754985
39384.63951872246
39438.75848195941
39492.93857899565
39547.178725153775
39601.47787748666
39655.83503296477
39710.249226736385
39764.71953045066
39819.24505062259
39873.82492710017
39928.45834062064
39983.14447486527
40037.88257031286
40092.6718858263
40147.51170676692
40202.40134379682
40257.34013175065
40312.32742855728
40367.36261419752
40422.44508973467
40477.57427637135
40532.749614562395
40587.97056315284
40643.23659858125
40698.5472141006
40753.901919047115
40809.3002381302
40864.7417107738
40920.225890476206
40975.75234419734
41031.32065178479
41086.930405422856
41142.58120909989
41198.27267810891
