1.5014153680453757
1.5012475031703112
1.5012020098007668
1.5011741040849922
1.501149803714733
1.5011267798132295
1.5011046294964978
1.5010832723590386
1.5010626812667616
1.5010428373346083
1.5010237225016776
1.5010053183874805
1.5009876061897678
1.5009705667500237
1.5009541806413136
1.5009384282543994
1.50092328987821
1.5009087457740866
1.5008947762438363
1.5008813616917318
1.500868482680648
1.500856119982545
1.5008442546235308
1.5008328685383048
1.5008219422472588
1.500811458193225
1.5008013988374416
1.5007917469919325
1.5007824858851624
1.5007735991842281
1.5007650710074423
1.5007568859329297
1.5007490290043501
1.500741485734134
1.500734242104494
1.5007272845664492
1.5007206000370734
1.50071417589518
1.500707999975632
1.500702060562458
1.5006963463809424
1.5006908465888456
1.5006855507668908
1.500680448908656
1.5006755314099842
1.5006707890580167
1.5006662130199604
1.5006617948316585
1.5006575263860515
1.5006533999216
1.5006494080107244
1.5006455435483168
1.5006417997403716
1.5006381700927744
1.5006346484002828
1.500631228735728
1.5006279054394605
1.5006246731090596
1.5006215265893221
1.5006184609625428
1.5006154715390918
1.5006125538483017
1.500609703629662
1.5006069168243248
1.500604189566921
1.5006015181776875
1.5005988991625498
1.500596329170798
1.5005938050508631
1.5005913237897832
1.50058888252771
1.5005864785498082
1.5005841092800387
1.5005817722633736
1.500579465218581
1.500577185923671
1.5005749323104725
1.500572702418632
1.5005704943955778
1.5005683064930917
1.5005661370634145
1.5005639845554335
1.5005618466517827
1.5005597235664854
1.500557613405345
1.5005555148752592
1.5005534268421599
1.5005513482617188
1.5005492781661156
1.5005472156597874
1.5005451599167072
1.5005431101780031
1.5005410657497267
1.5005390260007314
1.5005369903606505
1.500534958317973
1.5005329294182046
1.5005309032621132
1.500528879504053
1.500526857850361
1.5005248380578209
1.500522819932193
1.5005208033267985
1.5005188761099928
1.5005168762396721
1.5005148662509387
1.5005128557943452
1.5005108464901002
1.5005088387001169
1.5005068326155326
1.5005048284314233
1.5005028263741542
1.5005008267049238
1.5004988297194697
1.5004968357471602
1.5004947546462417
1.5004927533894559
1.5004907682101665
1.5004887896153143
1.5004868164692868
1.5004848490178577
1.5004828877544016
1.5004809332339477
1.5004789860419143
1.5004770467881077
1.5004751161048417
1.5004731946457166
1.500471283084491
1.500469382113955
1.5004674924447838
1.5004656148043745
1.5004637499356592
1.5004618985958986
1.5004600615554542
1.5004582395965382
1.5004564335119444
1.500454644103757
1.5004528721820414
1.500451118563517
1.5004493840702118
1.500447669528102
1.5004459757657391
1.5004443036128634
1.5004426538990052
1.5004410274520992
1.500439425097045
1.5004378476543272
1.500436295938594
1.500434770757252
1.5004332729090704
1.5004318031827903
1.5004303623557507
1.5004289511925282
1.5004275704436
1.5004262208440275
1.5004249031121673
1.5004236179484134
1.5004223660339708
1.50042114802967
1.500419964574817
1.5004188162860879
1.5004177037564719
1.5004166275542605
1.5004155882220902
1.5004145862760383
1.5004136222047755
1.500412696468778
1.5004118094995995
1.5004109616992054
1.5004101534393706
1.500409385061142
1.5004086568743684
1.5004079691572956
1.5004073221562269
1.5004067160852534
1.500406151126051
1.500405627427742
1.5004051451068252
1.5004047042471695
1.5004043049000737
1.5004039470843862
1.500403630786691
1.5004033559615486
1.500403122531799
1.5004029303889177
1.500402779393428
1.5004026693753632
1.500402600134779
1.500402571442312
1.5004025830397822
1.5004026346408383
1.5004027259316384
1.5004028565715695
1.5004030261939985
1.5004032344070528
1.5004034807944304
1.5004037649162303
1.5004040863098083
1.50040444449065
1.500404838953259
