0.026012973951237663
0.026010397854409777
0.026007954522233163
0.02600563711649005
0.02600336969372046
0.026001118682783507
0.025998870259547804
0.025996618770188294
0.02599436191084726
0.02599209875026335
0.025989828919560403
0.02598755228027975
0.025985268788355283
0.025982978438374688
0.02598068124073951
0.025978377212307464
0.02597606637256028
0.02597374874203632
0.025971424341691276
0.025969093192639448
0.02596675531605072
0.02596441073311159
0.02596205946501193
0.025959701532942688
0.025957336958097498
0.025954965761676243
0.02595258796488895
0.025950203588959976
0.02594781265513212
0.02594541518467064
0.02594301119886715
0.025940600719043364
0.025938183766554747
0.02593576036279397
0.02593333052919426
0.02593089428723271
0.0259284516584333
0.02592600266436991
0.02592354731773246
0.025921085654145783
0.02591861769263195
0.025916143453653454
0.025913662958516222
0.025911176228919926
0.025908683286767206
0.025906184154086142
0.025903678852999594
0.02590116740571357
0.02589864983451354
0.02589612616176398
0.025893596409908966
0.025891060601473503
0.025888518759064824
0.025885970905373708
0.02588341706317586
0.02588085725533313
0.025878291504794745
0.02587571983459836
0.025873142267871196
0.02587055882783097
0.025867969537786834
0.025865374421140157
0.025862773501385442
0.025860166802110913
0.025857554346999233
0.025854936159828097
0.02585231226447076
0.025849682684896506
0.025847047445171065
0.025844406569456985
0.025841760082013925
0.0258391080071989
0.025836450369466482
0.025833787193368925
0.02583111850355626
0.025828444324776337
0.02582576468187476
0.025823079599794862
0.02582038910357759
0.02581769321836127
0.02581499196938143
0.025812285381970525
0.02580957348155762
0.02580685629366797
0.02580413384392268
0.02580140615803819
0.025798673261825732
0.025795935181190853
0.025793191942132726
0.025790443570743546
0.025787690093207787
0.025784931535801497
0.025782167924891467
0.025779399286934415
0.025776625648476083
0.02577384794365879
0.025771064793262796
0.02576827648550964
0.025765483184702693
0.025762684975955158
0.025759881910535503
0.025757074025654112
0.025754261352720673
0.025751443920777915
0.0257486217579286
0.025745794891928513
0.025742963350432062
0.025740127161093806
0.025737286351609708
0.02573444094973343
0.025731590983282187
0.025728736480138112
0.025725877468248004
0.02572301397562207
0.02572014603033239
0.025717273660511263
0.025714396894349362
0.025711515760093905
0.02570863028604671
0.025705740500562294
0.025702846432045824
0.025699948108951133
0.0256970455597786
0.0256941388130731
0.025691227897421808
0.025688312841452024
0.025685393673829007
0.025682470423253646
0.02567954311846025
0.025676610861834512
0.025673675114180592
0.025670735641481427
0.025667792332604647
0.025664845156722987
0.025661894117678503
0.025658939233878825
0.025655980529841534
0.025653018032649903
0.025650051770466472
0.025647081771908654
0.025644108065785615
0.025641130680986238
0.025638149646430804
0.025635164991048894
0.02563217674376878
0.02562918493351117
0.02562618958918513
0.02562319073968467
0.02562018841388571
0.025617182640643152
0.025614173448788084
0.025611160867124914
0.025608144924428474
0.025605125649441205
0.02560210307087039
0.025599077217385163
0.025596048117613762
0.025593015800140586
0.025589980293503376
0.025586941626190376
0.025583899826637394
0.025580854923225045
0.0255778069442758
0.025574755918051226
0.02557170187274908
0.025568644836500544
0.02556558483736731
0.02556252190333891
0.025559456062329775
0.02555638734217657
0.02555331577063538
0.02555024137537895
0.02554716418399404
0.02554408422397858
0.02554100152273917
0.02553791610758824
0.025534828005741566
0.02553173724431554
0.0255286438503247
0.025525547850679092
0.025522449272181807
0.02551934814152646
0.025516244485294746
0.02551313832995403
0.025510029701854946
0.025506918627229046
0.025503805132186464
0.02550068924271375
0.025497570984671463
0.025494450383792146
0.02549132746567807
0.025488202255799158
0.02548507477949094
0.02548194506195247
0.025478813128244456
0.025475679003287233
0.025472542711858913
0.025469404278593597
0.02546626372797952
0.02546312108435736
