0.004416537366525022
0.004409979056318924
0.004401764941299267
0.0043952979526302284
0.004391098573728496
0.004388764189317639
0.004387728389262597
0.0043875093437615266
0.00438775985145105
0.004388251081678362
0.004388841489440084
0.004389448468314161
0.004390027120996766
0.004390555504868512
0.004391025248449454
0.004391435557891164
0.004391789610501886
0.004392092430344242
0.004392348657565903
0.004392565387865919
0.0043927476978885376
0.004392900259740493
0.004393027253806674
0.0043931323533455725
0.004393218750224583
0.00439328919861968
0.004393346064436322
0.004393392822573083
0.004393429041941563
0.004393456558308771
0.004393476816943064
0.004393490983874664
0.0043935000210776655
0.004393504663779256
0.004393505763920353
0.004393503774160396
0.004393499191050886
0.004393492434314248
0.004393483859608229
0.004393473769050928
0.004393462419635853
0.0043934500301328
0.00439343678683847
0.004393422848414793
0.0043934083499828
0.004393393406598069
0.004393378116206882
0.0043933625621635905
0.004393346815375778
0.004393330936133043
0.004393314975666445
0.004393298977478559
0.004393282978478023
0.004393267009947353
0.004393251098368664
0.004393235266128117
0.004393219532117024
0.004393203912244697
0.004393188419876136
0.004393173066205427
0.004393157860574456
0.004393142810744867
0.00439312792313012
0.0043931132029936155
0.004393098654617729
0.0043930842814480665
0.0043930700862166334
0.004393056071046898
0.004393042237543523
0.004393028586868934
0.004393015119808648
0.004393001836827088
0.004392988738115185
0.004392975823631022
0.0043929630931345415
0.004392950546217166
0.004392938182327059
0.004392926000790738
0.004392914000831481
0.0043929021815850644
0.004392890542113189
0.004392879081414951
0.004392867798436625
0.004392856692080015
0.004392845761209604
0.004392835004658634
0.004392824421234316
0.004392814009722266
0.0043928037688902985
0.004392793697491669
0.004392783794267841
0.004392774057950838
0.004392764487265272
0.0043927550809300655
0.004392745837659922
0.004392736756166583
0.004392727835159895
0.004392719073348752
0.004392710469441855
0.004392702022148398
0.004365374611831723
0.004352918412873115
0.004347358191819405
0.004345066930839787
0.004344337451779042
0.0043443614162461865
0.004344753656737077
0.004345329049533659
0.004345997430015126
0.0043467139365820475
0.0043474554723410596
0.004348209509675449
0.0043489687437304565
0.004349728525510908
0.0043504856184836535
0.004351237590091915
0.00435198250633249
0.004352718774040507
0.00435344505489414
0.004354160215031475
0.004354863292753969
0.004355553475767457
0.004356230083737489
0.004356892554032004
0.004357540429548147
0.004358173348026136
0.004358791032507587
0.004359393282727321
0.00435997996729815
0.004360551016587854
0.0043611064162115
0.004361646201077333
0.00436217044993499
0.0043626792803822464
0.004363172844292133
0.004363651323626771
0.004364114926607802
0.004364563884216137
0.004364998446996318
0.004365418882142755
0.004365825470846914
0.0043662185058861444
0.0043665982894360985
0.004366965131090132
0.004367319346069944
0.004367661253613014
0.004367991175523184
0.0043683094348716325
0.004368616354836394
0.004368912257669348
0.004369197463780216
0.004369472290927974
0.004369737053510651
0.004369992061945062
0.004370237622128731
0.004370474034976693
0.00437070159602651
0.004370920595105123
0.004371131316051941
0.004371334036492655
0.0043715290276589765
0.004371716554249628
0.004371896874328524
0.004372070239256192
0.004372236893650899
0.004372397075376329
0.004372551015552718
0.004372698938588813
0.004372841062227423
0.004372977597631991
0.004373108749433516
0.004373234715848035
0.004373355688771873
0.00437347185389339
0.004373583390812115
0.004373690473164045
0.004373793268751992
0.004373891939679943
0.0043739866424905485
0.004374077528304877
0.004374164742963736
0.004374248427169882
0.004374328716630552
0.004374405742199789
0.004374479630020126
0.004374550501663206
0.004374618474269014
0.004374683660683393
0.004374746169593614
0.004374806105661748
0.004374863569655646
0.004374918658577422
0.004374971465789231
0.004375022081136279
0.004375070591066998
0.0043751170787502515
0.004375161624189598
0.004375204304334551
0.004375245193188784
0.004375284361915345
