6.42
13.239348713979842
13.2190828425306
13.198830236965893
13.178587815545965
13.158353036339191
13.138123812101147
13.117898437928696
13.097675529742787
13.07745397203975
13.057232873725514
13.037011528551876
13.016789388633176
12.996566032450815
12.976341143976256
12.956114493623922
12.935885922249204
12.915655327733687
12.895422653766293
12.875187880485733
12.854951016699012
12.834712093431843
12.814471158604082
12.794228272652346
12.773983504950515
12.753736930898581
12.73348862957292
12.713238681844512
12.692987168887747
12.672734171013031
12.652479766767586
12.632224038279977
12.611967040695294
12.59170886188758
12.571449562258456
12.551189204543476
12.530927847783849
12.510665547334177
12.490402354917638
12.470138318717604
12.449873483496374
12.429607890733497
12.409341578777559
12.389074583006456
12.368806935992428
12.348538667667833
12.328269805490413
12.308000374605054
12.287730398001099
12.267459896664025
12.247188889720722
12.226917394577725
12.206645427052292
12.186373001496046
12.16610013091115
12.145826827059235
12.125553100563037
12.105278961001185
12.085004416996204
12.0647294762962
12.044454145850388
12.024178431878925
12.003902339937282
11.983625874975534
11.963349041392858
11.94307184308762
11.922794283503276
11.902516365670422
11.8822380922453
11.861959465544974
11.841680487579444
11.821401160080994
11.80112148453086
11.780841462183627
11.760561094089313
11.740280381113545
11.71999932395583
11.699717923166181
11.67943617916016
11.659154092232553
11.638871662569736
11.618588890260883
11.598305775308084
11.578022317635517
11.557738517097722
11.537454332311643
11.517169886777186
11.496885056118208
11.476599881472273
11.456314362438953
11.436028498584875
11.41574228944714
11.395455734536577
11.375168833340757
11.354881585326721
11.33459398994345
11.314305945857624
11.294017754291207
11.273729113496886
11.25344012294452
11.233150782035906
11.212861090160755
11.192571042654588
11.172280652300097
11.151989899152134
11.13169879779156
11.11140734212082
11.09111553154936
11.070823365928085
11.05053084375519
11.030237964808672
11.009944728455112
10.989651134055753
10.969357180968265
10.949062868547964
10.928768196148804
10.908473163124022
10.888177768826672
10.867882012609996
10.847585893827725
10.827289411834277
10.806992565984926
10.786695355635917
10.766397780144548
10.74609983886924
10.725801531169578
10.705502856406323
10.685203813941449
10.664904403138129
10.644604623360735
10.624304473974846
10.604003954347197
10.58370306384569
10.563401801839364
10.54310016769836
10.522798160793899
10.502495780498252
10.482193026184705
10.461889897227534
10.441586393001955
10.421282512884101
10.400978256251
10.380673622480519
10.360368610951324
10.340063221042879
10.319757452135374
10.299451303609716
10.279144774847483
10.258837865230888
10.238530574142757
10.218222900966493
10.197914845086032
10.177606405885825
10.1572975827508
10.136988375066341
10.116678782218242
10.096368803592698
10.07605843857625
10.055747686555792
10.035436546918515
10.015125018632796
9.994813101888463
9.97450079570129
9.954188099456267
9.933875012539506
9.91356153800716
9.89324766678748
9.872933403640719
9.85261874752808
9.832303697792593
9.811988253791062
9.79167241488966
9.771356180461195
9.751039549883155
9.730722522536322
9.710405097803788
9.690087275070242
9.669769053721472
9.649450433143999
9.629131412724831
9.608811991851255
9.588492169910705
9.568171946290647
9.54785132037854
9.527530291561725
9.507208859227417
9.486887022762657
9.466564781554267
9.44624213498885
9.425919082452756
9.405595623332056
9.385271757012536
9.364947482879677
9.344622800318637
9.324297708714246
9.303972207450984
9.283646295912966
9.263319973483949
9.242993239547285
9.222666093485955
