0.034431
0.03795135878442167
0.037934670604228136
0.03791855640659592
0.03790231124618934
0.03788572738545142
0.037868737499925365
0.0378513130725141
0.037833436817320217
0.03781509517909808
0.037796276264257606
0.037776969243701414
0.03775716415614634
0.03773685182183452
0.037716023787955404
0.037694672284384355
0.03767279018383145
0.03765037096473864
0.037627408676383006
0.037603897905969616
0.03757983374759163
0.03755521151260476
0.03753002773702698
0.037504278613529445
0.03747796098667503
0.037451072077887386
0.03742360946352905
0.03739557105441275
0.0373669550766455
0.037337760053693866
0.03730798478959031
0.03727762835322932
0.03724669006370575
0.03721516947665258
0.03718306637152753
0.03715038073982812
0.037117112774179103
0.037083262858271404
0.03704883155762516
0.037013819611133016
0.03697822792337255
0.03694205755765894
0.036905309729808405
0.0368679858026031
0.036830087280929014
0.036791615807578094
0.03675257315968915
0.03671296124582088
0.03667278210363797
0.036632037898203865
0.036590730920861285
0.03654886358869725
0.03650643844457514
0.036463458157731075
0.03641992552492311
0.03637584347211845
0.03633121505671872
0.03628604347030769
0.03624033204191342
0.036194084241770834
0.03614730368557945
0.036099994139235946
0.03605215952403125
0.03600380392229246
0.03595493158345423
0.03590554693053071
0.03585565456697219
0.0358052592838693
0.03575436606747667
0.03570298010701701
0.03565110680272346
0.0355987517740668
0.035545920868121965
0.03549262016800123
0.03543885600128895
0.035384634948397574
0.03532996385075573
0.035274849818730844
0.03521930023917195
0.035163322782451975
0.035106925408877575
0.03505011637430962
0.03499290423483004
0.03493529785028224
0.034877306386474745
0.03481893931584022
0.034760206416310654
0.03470111776815917
0.034641683748527385
0.0345819150233471
0.034521822536337156
0.03446141749474126
0.03440071135144113
0.03433971578307099
0.03427844266372791
0.034216904033859026
0.03415511206388883
0.03409307901213301
0.03403081717652958
0.0339683388397124
0.03390565620694494
0.03384278133642787
0.0337797260615034
0.033716501904286184
0.033653119980270506
0.033589590893490846
0.03352592462184947
0.033462130392270466
0.033398216545398735
0.03333419038963926
0.033270058044406726
0.033205824272570364
0.03314149230217968
0.033077063637704414
0.033012537861155905
0.03294791242363571
0.03288318242802544
0.03281834040374828
0.032753376074725664
0.03268827612188957
0.03262302394185127
0.03255759940356029
0.03249197860505321
0.03242613363263151
0.03236003232506226
0.032293638045634385
0.03222690946512614
0.03215980035893727
0.032092259421825045
0.032024230103810065
0.031955650470914906
0.031886453094448375
0.0318165649725269
0.03174590748744836
0.03167439640238303
0.03160194190062922
0.031528448670360344
0.031453816037428015
0.0313779381483068
0.031300704204732646
0.031221998750966467
0.03114170201395066
0.03105969029587281
0.03097583641789378
0.030890009932778493
0.03080207864490159
0.030711908495921255
0.030619362765592423
0.03052430554806912
0.030426600602965412
0.03032611247302597
0.03022270719936396
0.030116253041952847
0.03000662119883481
0.029893686516580108
0.029777328184470646
0.02965743040507019
0.029533883034178074
0.029406582183634785
0.029275430781049827
0.02914033908121785
0.02900122512478098
0.02885801514054895
0.028710643732422693
0.028559054777001117
0.028403200737183706
0.02824304341615247
0.0280785539098356
0.027909712646577056
0.02773650937031329
0.027558943070336434
0.027377021861278376
0.02719076281741338
0.02700019192720778
0.026805343207407996
0.02660625938568033
0.026402990964652456
0.0261955960552134
0.025984140035987206
0.025768695200426454
0.025549340396151057
0.02532616066083123
0.025099246858634742
0.024868695320969924
0.02463460749495076
0.024397089602700015
0.024156252314301276
0.023912210436893754
0.023665082622115155
0.0234149910938
0.02316206139756488
0.022906422173639265
0.022648204954048828
0.0223875439850005
0.022124576075078534
0.021859440469623126
0.02159227875142231
0.021323234767615676
0.021052454582467142
0.020780086455430072
