74.57794903308472
97.71291352879344
122.00598885143614
141.97978724412036
156.2083486060037
165.0047751482966
169.9336252386987
172.54871279424506
173.94176977005932
174.65215672293016
175.01010649715437
175.1862298920236
175.26740332480585
175.2977240634871
175.29966707577756
175.28480770486718
175.259215889662
175.22616555620456
175.18749773475557
175.14430895892636
175.09730091090512
175.0469594444835
174.99364729650569
174.93765289240207
174.87921665444603
174.81854566915527
174.75582224869265
174.69120922687333
174.62485346026133
174.55688830448236
174.48743547566326
174.41660652019
174.34450401820385
174.27122259433904
174.19684978111334
174.12146676478446
174.0451490344904
173.9679669500945
173.88998624070777
173.81126844353417
173.7318712910342
173.65184905313268
173.57125284021836
173.49013087187734
173.40852871563635
173.3264894994248
173.24405410098532
173.16126131704638
173.07814801471176
172.9947492672122
172.91109847589027
172.82722748005924
172.74316665616607
172.65894500751259
172.57459024563332
172.49012886428773
172.4055862069115
172.32098652826403
172.23635305091605
172.15170801715
172.06707273676824
171.98246763124783
171.89791227462757
171.81342543146516
171.72902509216473
171.64472850593737
171.5605522116255
171.47651206659853
171.3926232739021
171.30890040781733
171.2253574379803
171.14200775218004
171.05886417795523
170.97593900308527
170.89324399484238
170.81079041910664
170.7285890576253
170.64665022494913
170.56498378458116
170.48359916443272
170.40250537163755
170.32171100676425
170.24122427746568
170.16105301160334
170.08120466987415
170.00168635797073
169.92250483830202
169.84366654129624
169.76517757630944
169.6870437421585
169.6092705372984
169.53186316966023
169.45482656616414
169.37816538192547
169.30188400916236
169.22598658582206
169.1504770039351
169.07535891770772
169.00063575136585
168.92631070675625
168.85238677071547
168.77886672221578
168.7057531392955
168.63304840577996
168.560754717802
168.488874090128
168.41740836229468
168.34635920456503
168.27572812370695
168.20551646860153
168.13572543568557
168.06635607423334
167.9974092914832
167.92888585761185
167.8607864105634
167.79311146073522
167.72586139552547
167.6590364837468
167.59263687990875
167.52666262837448
167.46111366739325
167.3959898330139
167.33129086288173
167.2670163999216
167.20316599591192
167.1397391149518
167.07673513682246
167.0141533602504
166.95199300606913
166.89025322028746
166.82893307706408
166.76803158159154
166.70754767289273
166.6474802265312
166.5878280572398
166.52858992146585
166.4697645198403
166.41135049956915
166.35334645675096
166.29575093862172
166.2385624457302
166.18177943404402
166.12540031698987
166.06942346743008
166.0138472195748
165.95866987083446
165.90388968361253
165.84950488704135
165.79551367866063
165.7419142260436
165.68870466836873
165.63588311794118
165.58344766166383
165.5313963624601
165.47972726065052
165.42843837528267
165.37752770541692
165.3269932313704
165.27683291591748
165.22704470545068
165.17762653110253
165.1285763098283
165.07989194545283
165.03157132967948
164.9836123430667
164.93601285596893
164.8887707294451
164.84188381613538
164.79534996110687
164.74916700266965
164.70333277316288
164.6578450997136
164.6127018049681
164.56790070779567
164.52343962396802
164.4793163668128
164.43552874784376
164.3920745773669
164.34895166506357
164.30615782055207
164.26369085392852
164.22154857628578
164.17972880021335
164.13822934027678
164.09704801347957
164.05618263970626
164.01563104214756
163.97539104770902
163.93546048740254
163.8958371967223
163.85651901600542
163.8175037907767
163.77878937207984
163.7403736167936
163.70225438793506
163.6644295549499
163.6268969939889
163.5896545881733
163.5527002278472
163.51603181081902
