1175241.6484992
470943.3646107815
471838.4856685008
472713.2556044103
473582.5590053593
474450.5845270442
475318.54280983465
476186.81911610166
477055.564088917
477924.8559596764
478794.7452490664
479665.2672143202
480536.4454262966
481408.29289495136
482280.81250653503
483153.99725757726
484027.83041952254
484902.2856712653
485777.32721027784
486652.9098456736
487528.9790745227
488405.47114213835
489282.313086907
490159.35606237507
491036.6416628857
491914.00321178976
492791.3310901296
493668.50647009816
494545.4012832852
495421.878172116
496297.7904273504
497172.9819132828
498047.2869813449
498920.5303725633
499792.52710921434
500663.0823760213
501531.99139122636
502399.03926786623
503264.0008655756
504126.64063327503
504986.7124430711
505843.9594157462
506698.1137381862
507548.89647315704
508396.01736180985
509239.1746193572
510078.0547243623
510912.3322021159
511741.6694026008
512565.7162735968
513384.110129483
514196.4754163571
515002.4234741291
515801.5522962942
516593.44628812745
517377.67602411855
518153.798005507
518921.3544188471
519679.87289659644
520428.8662807898
521167.8323909449
521896.2537974155
522613.59760149295
523319.31522365403
524012.8422014365
524693.5979985202
525360.9858267077
526014.3924825812
526653.1882007434
527276.7265256546
527884.3442041865
528475.3611011606
529049.0801402244
529604.7872725846
530141.7514762048
530659.22478824
531156.4423735819
531632.6226325294
532086.9673507212
532518.6618945915
532926.8754557369
533310.7613476766
533669.4573586147
534002.086163896
534307.7558019455
534585.5602175295
534834.579876265
535053.8824543105
535242.5236072039
535399.5478217927
535523.989355176
535614.873264493
535671.2165312929
535692.0292840808
535676.3161224335
535623.0775458522
535531.3114902189
535400.0149743853
535228.1858590026
535014.8247192468
534758.9368325195
534459.5342816212
534115.638173169
533726.2809702693
533290.5089376152
532807.3846962049
532275.9898838669
531695.4279166963
531064.826845263
530383.3422982597
529650.1605048494
528864.50138563
528025.621700655
527132.8182414653
526185.4310525785
525182.846666347
524124.5013336121
523009.884231085
521838.5406250148
520610.0749693626
519324.1539155475
517980.5092097835
516578.940453211
515119.3176994154
513601.5838635982
512025.7569176176
510391.93184541113
508700.2823339802
506951.0621761149
505144.6063625223
503281.3318428369
501361.737937271
499386.4063833495
497356.0010052368
495271.2669965936
493133.029811685
490942.19366348465
488699.73963178124
486406.72338869044
484064.2725534471
481673.5836927834
479235.9189875246
476752.6025901651
474225.01670198696
471654.5974017252
469042.8302607399
466391.2457820466
463701.45897961326
460974.98212961794
458213.46822120476
455418.6518597202
452592.17771415785
449735.7452413196
446851.0653344882
443939.8557636426
441003.8367872649
438044.7269538914
435064.2391149249
432064.0766671265
429045.9300392316
426011.4734330836
422962.3618256837
419900.2282347844
416826.6812471622
413743.3028055502
410651.64624742756
407553.2345866219
404449.5544242572
401342.07276019803
398232.20931026
395121.35305394925
392010.8572706871
388902.039011837
385796.17872271757
382694.5200016708
379598.2694840827
376508.59684026084
373426.6348771486
370353.48028216977
367290.1916728497
364237.7933837422
361197.2735742226
358169.585336604
355155.6472724743
352156.34413411043
349172.52752826636
346205.0166808097
343254.5992613074
340322.03226709476
337408.0429666889
334513.32990263967
331638.5639540301
328784.3894588984
325951.42539678665
323140.26663148345
320351.48521378206
317585.63174374576
314843.236791529
312124.8123752542
309430.85349381657
