6.9339
2.308865219367296
2.3068741128318266
2.3049477714957343
2.303085907794003
2.30128772627192
2.299552240954111
2.2978784093895004
2.296265187372341
2.2947115510181826
2.2932165054585787
2.291779088052622
2.290398369352008
2.289073453146672
2.287803476135225
2.2865876074436358
2.2854250480840834
2.284315030392004
2.283256817457183
2.2822497025555952
2.2812930085850645
2.2803860875061135
2.2795283197888248
2.2787191138661522
2.2779579055940586
2.2772441577187474
2.276577359351196
2.2759570254492014
2.2753826963070747
2.2748539370531446
2.2743703371551582
2.2739315099336754
2.2735370920835423
2.273186743203442
2.2728801453336147
2.2726170025017285
2.2723970402768696
2.2722200053316857
2.2720856709715744
2.2719938129954085
2.2719442446544313
2.271936792834186
2.2719713034453446
2.2720476410390877
2.2721656884268016
2.2723253463060713
2.27252653289347
2.272769183564481
2.2730532505004755
2.2733787023426975
2.2737455238531714
2.2741537155823144
2.2746032935432177
2.275094288892335
2.275626747616493
2.2762007302260634
2.2768163114540854
2.2774735799612134
2.2781726380463194
2.278913601362561
2.279696598638762
2.280521771405918
2.2813892737286796
2.2822992719416018
2.283251944389996
2.284247481175269
2.2852860839044418
2.286367965443804
2.2874933496764793
2.2886624712636716
2.289875575409515
2.2911329176292927
2.292434763520846
2.293781388539023
2.2951730777730126
2.296610125726312
2.298092836099284
2.2996215215740072
2.301196503601324
2.3028181121899336
2.3044866856972863
2.30620257062221
2.3079661213990366
2.3097777001931137
2.3116376766975173
2.3135464279308167
2.315504338035747
2.317511798078638
2.3195692058494246
2.3216769656621405
2.3238354881556904
2.326045190094823
2.328306494171108
2.330619828803841
2.3329856279406607
2.3354041880506546
2.3378762324917965
2.340402077745173
2.342982175943759
2.345616984862952
2.348306967068541
2.3510525894382903
2.353854322841849
2.3567126418861015
2.3596280246868964
2.3626009526509106
2.3656319102607943
2.368721384860661
2.3718698664407047
2.3750778474203407
2.3783458224296106
2.381674288088712
2.385063742785527
2.388514686451107
2.3920276203330197
2.395603046766574
2.399241468943799
2.4029433906802335
2.406709316179409
2.4105397497950727
2.414435195791109
2.4183961580991533
2.4224231400738825
2.426516644246014
2.4306771720730027
2.434905223687469
2.439201297643369
2.4435658906599427
2.4479994973634898
2.4525027663355687
2.457075882308521
2.461719476846488
2.466434035803954
2.471220040336521
2.4760779673701196
2.481008289644821
2.486011475574303
2.491087989026963
2.496238289073224
2.501462829718008
2.5067620596263955
2.512136421845889
2.51758635352684
2.5231122856418016
2.5287146427041796
2.534393842486502
2.5401502957384854
2.545984405905126
2.5518965688450175
2.5578871725491106
2.5639565968600433
2.5701052131923903
2.57633338425394
2.5826414637682698
2.5890297961988407
2.5954987164748613
2.6020485497191466
2.60867961097824
2.615392204955043
2.6221866257441677
2.629063156570366
2.6360220695302066
2.6430636253373194
2.6501880730714604
2.6573956499316798
2.6646865809938474
2.6720610789728374
2.679519343989641
2.6870615633436548
2.6946879112904796
2.7023985488254416
2.710193623473167
2.71807326908346
2.7260376056337154
2.7340867390382297
2.7422207609645755
2.7504397486573664
2.7587437647696436
2.7671328572021126
2.775607058950557
2.784166387961546
2.792810846996783
2.8015404235062507
2.810355089510411
2.8192548014916263
2.828239500295044
2.8373091110391204
2.846463543035936
2.8557026897215336
2.865026428596385
2.8744346211761482
2.8839271129528585
2.8935037333667037
2.9031642957884323
2.9129085975125357
2.922736419761319
2.932647527699845
2.942641670461902
2.952718581187002
2.9628779770684135
