10.9674488548
11.2625626418
11.5559185879
11.8475141409
12.1373469883
12.4254150301
12.7117163661
12.9962492852
13.2790122559
13.5600039167
13.8392230685
14.1166686654
14.3923398083
14.666235737
14.9383558239
15.2086995677
15.477266587
15.7440566151
16.0090694944
16.2723051711
16.5337636908
16.7934451935
17.0513499093
17.3074781543
17.5618303264
17.8144069017
18.0652084309
18.3142355354
18.5614889045
18.8069692919
19.0506775132
19.2926144413
19.5327810087
19.7711781979
20.0078070472
20.2426686293
20.4757640697
20.7070945432
20.9366612552
21.1644654606
21.3905084466
21.6147915359
21.8373208296
22.0581620653
22.2773140424
22.4947756441
22.7105458341
22.9246236537
23.1370082195
23.3476987209
23.5566944178
23.7639946385
23.9695987773
24.1735062925
24.3757167046
24.5762295943
24.7750446005
24.9721614186
25.1675797993
25.3612995461
25.5533205144
25.74364261
25.9322657871
26.1191900476
26.3044154394
26.4879420551
26.6697700312
26.8498995464
27.0283308209
27.2050641149
27.3800997283
27.5534379989
27.7250793021
27.8950240497
28.0632726892
28.2298257029
28.3946836072
28.5578469519
28.7193163196
28.8790923248
29.0371756134
29.1935668622
29.3482667786
29.5012760994
29.6525955911
29.8022260488
29.9501682964
30.0964231858
30.2409915965
30.3838744358
30.5250726378
30.6645871639
30.8024190018
30.9385691659
31.0730386968
31.2058286613
31.3369401521
31.4663742879
31.5941322131
31.7202150981
31.8446241387
31.9673605568
32.0884255999
32.2078205412
32.32554668
32.4416053412
32.5559978761
32.668725662
32.7797901025
32.889192628
32.9969346951
33.1030177877
33.2074434167
33.3102131204
33.4113284647
33.5107910436
33.6086024793
33.7047644224
33.7992785527
33.8921465791
33.9833702403
34.072951305
34.1608915725
34.2471928728
34.3318570675
34.4148860499
34.4962817458
34.5760461137
34.6541811453
34.7306888664
34.8055713372
34.8788306527
34.9504689435
35.0208775476
35.0896656559
35.1612612088
35.2309105476
35.2986246389
35.364414455
35.4282910701
35.4902656666
35.5503495326
35.6085540577
35.6648907301
35.7193711333
35.7720069429
35.8228099243
35.87179193
35.9189648975
35.9643408472
36.007931881
36.0497501803
36.0898080054
36.1281176941
36.1646916612
36.1995423981
36.2326824728
36.2641245298
36.2938812915
36.3219655583
36.3483902109
36.3731682114
36.3963126068
36.4178365309
36.4377532091
36.456075962
36.4728488045
36.4880803749
36.5017792962
36.5139542008
36.5246137348
36.5337665612
36.5414213645
36.5475868557
36.5522717778
36.5554849125
36.5572350877
36.5575311853
36.5563821518
36.5537970083
36.5497848635
36.5443549282
36.5375165316
36.5292791409
36.5196523826
36.508646069
36.4962702277
36.4825351367
36.4674513655
36.451029824
36.4332818208
36.4142191323
36.3938540873
36.3721996703
36.3492696649
36.325078748
36.2996427923
36.2729790641
36.2451065904
36.2160466399
