34.4135071446
34.4726323897
34.5290887124
34.58293728
34.634237762
34.6830481516
34.7294248338
34.7734226553
34.8150949918
34.8544938117
34.8916697334
34.9266720837
34.9595489492
34.9903472231
35.0191126493
35.0458898641
35.0707224343
35.0936528929
35.1147227732
35.13397264
35.1514421191
35.1671699252
35.1811938886
35.1935509798
35.2042773336
35.2134082716
35.2209783234
35.2270212481
35.2315700531
35.2346570138
35.2363136916
35.2365709514
35.2354589785
35.2330072953
35.2292447767
35.2241996638
35.2178995866
35.2103715652
35.2016420337
35.1917368506
35.1806813123
35.1685001654
35.1552174315
35.1408569928
35.1254422086
35.1089955491
35.0915391944
35.0730948449
35.0536837319
35.0333266279
35.0120438569
34.989855304
34.9667804254
34.9428382576
34.9180474267
34.8924261573
34.8659922814
34.8387632467
34.8107561254
34.7819876217
34.7524740807
34.7222314954
34.6912755146
34.6596214506
34.6272842861
34.5942786818
34.5606189829
34.526319226
34.4913931461
34.4558541829
34.419715487
34.3829899265
34.3456900928
34.3078283067
34.2694166243
34.2304668425
34.1909905048
34.1509989065
34.1105031005
34.0695139019
34.0280418937
33.9860974314
33.9436906482
33.9008314593
33.8575295673
33.8137944662
33.7696354461
33.7250615974
33.6800820413
33.6347050288
33.5889393039
33.542793201
33.4962748759
33.4493923088
33.4021533088
33.3545655171
33.3066364108
33.2583733064
33.2097833634
33.1608735874
33.111652491
33.0621229946
33.0122939073
32.9621716468
32.9117624648
32.8610724879
32.8101077178
32.7588740322
32.7073771856
32.6556228112
32.6036164228
32.551363417
32.4988690751
32.4461385656
32.3931769463
32.3399891667
32.2865800796
32.2329544156
32.1791169922
32.1250721756
32.0708244035
32.0163780184
31.9617372705
31.9069063193
31.8518890568
31.7966898256
31.7413123471
31.6857604359
31.6300378236
31.5741481625
31.5180950263
31.4618819124
31.4055122433
31.3489893679
31.2923165633
31.2354970363
31.178533925
31.1214302999
31.0641891657
31.0068134627
30.9493060678
30.8916697964
30.8339074033
30.7760215842
30.7180149768
30.6598901624
30.6016496667
30.5432959611
30.4848314642
30.4262583572
30.3675793087
30.3087964196
30.2499119073
30.1909279405
30.1318466419
30.0726700886
30.0134003131
29.9540391294
29.8945886514
29.8350509614
29.775427575
29.715720491
29.6559314954
29.5960623363
29.5361147238
29.4760903309
29.4159907943
29.3558177154
29.295572661
29.2352571643
29.1748727255
29.1144208124
29.0539028615
28.993320278
28.9326744374
28.8719666853
28.8111983386
28.7503706858
28.6894849877
28.6285424782
28.5675443644
28.5064918278
28.4453860242
28.3842280849
28.3230191166
28.2617602026
28.2004524024
28.1390967533
28.07769427
28.0162459454
27.9547527512
27.8932156383
27.8316355368
27.7700133573
27.7083499905
27.6466463081
27.5849031631
27.5231213901
27.4613018058
27.3994452094
