153.17216
149.659918766
151.364439455
153.449071042
155.930666762
157.014328936
157.503637599
158.231725158
158.430281321
158.565364481
158.668667128
158.755064404
158.831655247
158.90189121
158.967495386
159.029368527
159.088016904
159.143755844
159.196806656
159.247342802
159.295511892
159.341446158
159.385267456
159.427089677
159.467019959
159.505159344
159.541603183
159.57644145
159.609759009
159.641635865
159.672147417
159.701364699
159.729354628
159.756180239
159.781900914
159.8065726
159.830248026
159.852976897
159.874806086
159.89577981
159.915939801
159.935325458
159.953973997
159.971920587
159.989198477
160.005839115
160.021872261
160.037326088
160.052227282
160.066601126
160.080471589
160.093861402
160.106792131
160.119284244
160.131357176
160.143029387
160.154318417
160.165240939
160.175812805
160.186049096
160.195964157
160.205571645
160.21488456
160.223915282
160.232675604
160.241176765
160.249429473
160.25744394
160.265229901
160.272796642
160.280153022
160.287307494
160.294268125
160.301042615
160.307638319
160.314062257
160.320321135
160.326421362
160.332369056
160.33817007
160.343829992
160.349354168
160.354747706
160.360015494
160.365162202
160.370192301
160.375110064
160.379919583
160.384624769
160.389229368
160.393736963
160.398150986
160.40247472
160.406711309
160.410863763
160.414934965
160.418927675
160.422844537
160.426688084
160.430460741
160.434164834
160.437802588
160.441376035
160.444887426
160.448338617
160.451731487
160.455067836
160.45834939
160.461577803
160.464754663
160.46788149
160.470959742
160.473990819
160.476976062
160.479916759
160.482814142
160.485669397
160.48848366
160.491258019
160.493993521
160.49669117
160.499351927
160.501976718
160.50456643
160.507121913
160.509643986
160.512133432
160.514591005
160.517017429
160.519413398
160.521779579
160.524116612
160.526425113
160.528705673
160.53095886
160.533185219
160.535385274
160.537559528
160.539708466
160.541832553
160.543932235
160.546007943
160.548060089
160.550089071
160.552095269
160.554079052
160.556040773
160.557980771
160.559899373
160.561796893
160.563673633
160.565529885
160.567365929
160.569182033
160.570978458
160.572755453
160.574513258
160.576252105
160.577972217
160.579673809
160.581357087
160.583022251
160.584669493
160.586298997
160.587910943
160.589505501
160.591082839
160.592643114
160.594186482
160.595713092
160.597223086
160.598716602
160.600193775
160.601654733
160.6030996
160.604528496
160.605941538
160.607338836
160.6087205
160.610086633
160.611437336
160.612772706
160.614092838
160.615397823
160.616687748
160.617962698
160.619222757
160.620468002
160.621698511
160.622914359
160.624115617
160.625302354
160.626474639
160.627632536
160.628776108
160.629905416
160.63102052
160.632121476
160.63320834
160.634281165
