38.92006
87.4082376388
87.4127086468
87.4175857254
87.4226871033
87.4279576044
87.4333686681
87.4388984825
87.4445279608
87.4502398621
87.4560185384
87.4618498078
87.4677208536
87.4729078582
87.4769042694
87.4809587878
87.4850638538
87.4892144463
87.4934046423
87.4976293087
87.501883722
87.5061635393
87.5104647717
87.5147837581
87.5191171416
87.5234618463
87.5278150561
87.5321741944
87.5365369055
87.5409010373
87.5452646245
87.549625874
87.5539831505
87.5583349637
87.5626799562
87.5670168922
87.5713446473
87.5756621991
87.5799686184
87.584263061
87.5885447603
87.5928130207
87.597067211
87.6013067589
87.6055311457
87.6097399011
87.613932599
87.6181088537
87.6222683156
87.6264106681
87.6305356247
87.6346429254
87.6387323351
87.6428036402
87.6468566471
87.6508911802
87.6549070795
87.6589041997
87.6628824081
87.6668415837
87.6707816155
87.6747024018
87.6786038488
87.6824858699
87.6863483848
87.6901913186
87.6940146015
87.6978181676
87.7016019547
87.7053659038
87.7091099584
87.7128340643
87.7165381691
87.7202222221
87.7238861734
87.7275299743
87.7311535768
87.7347569332
87.7383399963
87.7419027187
87.7454450532
87.7489669522
87.7524683679
87.7559492521
87.759409556
87.7628492302
87.7662682248
87.7696664889
87.773043971
87.7764006189
87.7797363792
87.7830511979
87.78634502
87.7896177895
87.7928694497
87.7960999426
87.7993092094
87.8024971905
87.8056638251
87.8088090514
87.8119328069
87.8150350279
87.8181156499
87.8211746072
87.8242118335
87.8272272613
87.8302208221
87.8331924466
87.8361420643
87.8390696036
87.8419749914
87.8448582823
87.847719172
87.8505576937
87.8533737714
87.8561673251
87.8589382561
87.8616866247
87.8644121583
87.8671147392
87.8697947463
87.8724515664
87.8750853451
87.8776959658
87.880283379
87.8828474719
87.8853881693
87.887905389
87.8903990476
87.8928690612
87.895315345
87.8977378137
87.9001363815
87.9025109621
87.9048614687
87.9071878139
87.9094899101
87.9117676691
87.9140210024
87.9162498209
87.9184540354
87.9206335559
87.9227882925
87.9249181545
87.9270230512
87.9291028913
87.9311575834
87.9331870356
87.9351911557
87.9371698513
87.9391230296
87.9410505976
87.9429524618
87.9448285289
87.9466787048
87.9485028954
87.9503010065
87.9520729434
87.9538186112
87.955537915
87.9572307594
87.9588970489
87.9605366879
87.9621495805
87.9637356305
87.9652947418
87.9668268179
87.9683317621
87.9698094777
87.9712598677
87.972682835
87.9740782824
87.9754461125
87.9767862277
87.9780985304
87.9793829227
87.9806393068
87.9818675846
87.9830676579
87.9842394285
87.985382798
87.986497668
87.9875839399
87.9886415151
87.9896702947
87.9906701801
87.9916410722
87.9925828723
87.9934954812
87.9943787998
87.995232729
87.9960571696
87.9968520223
87.9976171879
87.9983525671
87.9990580603
87.9997335684
88.0003789917
88.0009942309
