2.60892
132.551182172
132.701451503
132.824686623
132.925988956
133.009484418
133.078508169
133.135765904
133.183439413
133.223274744
133.256699479
133.284870441
133.308726215
133.329029413
133.346400678
133.361346011
133.374278752
133.385537336
133.395399177
133.404092635
133.411805885
133.418694449
133.424887201
133.430491224
133.435595747
133.440275324
133.444592431
133.448599572
133.452340994
133.455854092
133.45917056
133.462317332
133.46531736
133.468190252
133.470952802
133.473619429
133.476197527
133.478613156
133.481058237
133.483448405
133.485790368
133.48809002
133.490352537
133.492582458
133.494783761
133.49695994
133.499114058
133.50124881
133.503366563
133.505469402
133.507559165
133.511362506
133.511727637
133.513778325
133.515824955
133.517867055
133.519904661
133.521938146
133.523967709
133.525993856
133.528017018
133.530037735
133.532056343
133.534073215
133.536088692
133.538103088
133.540216629
133.542231276
133.544244973
133.546258191
133.548271276
133.550284496
133.552298068
133.554312174
133.556326967
133.558342584
133.560359148
133.562376767
133.564395544
133.566415571
133.568436933
133.57045971
133.572483978
133.574509805
133.576537258
133.578566398
133.580597283
133.58262997
133.584664511
133.586700956
133.588739353
133.590779746
133.592822181
133.594866699
133.596913339
133.598962141
133.601013142
133.603066378
133.605121883
133.607179691
133.609239834
133.611302344
133.613367251
133.615434585
133.617504374
133.619576646
133.621651429
133.623728748
133.625808629
133.627891098
133.629976178
133.632063893
133.634154267
133.636247322
133.63834308
133.640441563
133.642542791
133.644646786
133.646753566
133.648863153
133.650975565
133.653090821
133.655208939
133.657329937
133.659453834
133.661580645
133.663710389
133.665843081
133.667978738
133.670117376
133.672161344
133.674304441
133.676451206
133.678601396
133.680754875
133.682911562
133.685071417
133.687234421
133.689400567
133.691569857
133.693742295
133.695917891
133.698096654
133.700278596
133.702463727
133.704652058
133.706843602
133.70903837
133.711236372
133.713437621
133.715642127
133.7178499
133.720060952
133.722275294
133.724492935
133.726713886
133.728938158
133.73116576
133.733396702
133.735630994
133.737868646
133.740109667
133.742354068
133.744601856
133.746853042
133.749107635
133.751365643
133.753627077
133.755891943
133.758160253
133.760432013
133.762707234
133.764985922
133.767268088
133.769553739
133.771842884
133.77413553
133.776431687
133.778731363
133.781034565
133.783341301
133.78565158
133.78796541
133.790282798
133.792603752
133.79492828
133.797256391
133.79958809
133.801923387
133.804262289
133.806604804
133.808950938
133.811388807
133.813660446
133.816104681
133.81846643
133.820831364
133.823199679
133.825571497
133.827946893
