6.15368578358
6.15609902895
6.15843222127
6.16069819206
6.16290191679
6.16504435454
6.16712445668
6.16914021551
6.17108920947
6.17296888442
6.1747766966
6.17651018349
6.17816699701
6.17974491734
6.18124185681
6.18265585882
6.18398509442
6.18522785779
6.18638256132
6.18744773066
6.18842199982
6.18930410652
6.1900928876
6.19078727474
6.19138629026
6.19188904317
6.1922947253
6.19260260762
6.19281203667
6.19292243113
6.19293327847
6.19284413177
6.19265460654
6.19236437779
6.19197317701
6.19148078943
6.19088705124
6.19019184695
6.18939510685
6.18849680453
6.18749695451
6.18639560997
6.18519286051
6.18388883007
6.18248367491
6.18097758163
6.17937076536
6.17766346796
6.17585595636
6.17394852094
6.17194147399
6.16983514831
6.16762989583
6.16532608628
6.16292410603
6.1604243569
6.15782725511
6.15513323027
6.15234272439
6.14945619107
6.14647409459
6.1433969092
6.14022511837
6.13695921413
6.13359969646
6.13014707268
6.12660185696
6.1229645698
6.11923573756
6.11541589208
6.11150557025
6.10750531367
6.10341566832
6.09923718422
6.09497041522
6.09061591864
6.08617425513
6.08164598837
6.07703168491
6.07233191396
6.06754724722
6.06267825871
6.05772552464
6.05268962324
6.04757113465
6.04237064074
6.0370887251
6.03172597284
6.02628297053
6.02076030597
6.01515856851
6.00947834839
6.003720237
5.99788482676
5.99197271097
5.9859844838
5.97992074017
5.9737820757
5.96756908663
5.96128236976
5.95492252237
5.94849014215
5.94198582719
5.93541017581
5.9287637866
5.92204725831
5.91526118978
5.9084061799
5.90148282754
5.89449173151
5.88743349046
5.88030870286
5.87311796693
5.86586188058
5.85854104133
5.85115604632
5.84370749219
5.83619597503
5.82862209038
5.82098643311
5.81328959741
5.80553217673
5.79771476369
5.78983795009
5.78190232682
5.77390848382
5.76585701002
5.7577484933
5.74958352047
5.74136267715
5.73308654781
5.72475571565
5.7163707626
5.70793226926
5.69944081487
5.69089697723
5.68230133271
5.67365445615
5.66495692088
5.65620929863
5.64741215951
5.638566072
5.62967160286
5.62072931711
5.61173977802
5.60270354704
5.59362118381
5.58449324607
5.57532028965
5.56610286848
5.55684153448
5.5475368376
5.53818932574
5.52879954475
5.51936803841
5.50989534835
5.50038201409
5.49082857297
5.48123556015
5.47160350856
5.46193294889
5.45222440958
5.44247841678
5.43269549432
5.42287616373
5.41302094417
5.40313035244
5.39320490296
5.38324510775
5.3732514764
5.36322451606
5.35316473145
5.34307262481
5.33294869588
5.32279344194
5.31260735774
5.30239093551
5.29214466496
5.28186903323
5.27156452494
5.26123162211
5.25087080421
5.24048254813
5.23006732814
5.21962561593
5.2091578806
5.1986645886
5.18814620379
5.1776031874
5.16703599801
5.1564450916
5.14583092148
5.13519393835
5.12453459022
5.1138533225
5.10315057793
5.09242679658
5.08168241591
5.07091787068
5.06013359304
