27.67
39.7131956672
39.7081356964
39.7036014448
39.6994685275
39.6957058443
39.6922957998
39.6892220977
39.6864681002
39.6840168119
39.68185109
39.6799538612
39.6783083115
39.676898044
39.6757072065
39.6747205907
39.6739237057
39.6733028297
39.6728450418
39.6725382378
39.6723711319
39.6723332483
39.6724149033
39.6726071803
39.6729019008
39.6732915909
39.6737694452
39.6743292903
39.6749655461
39.6756731886
39.6764477118
39.6772850914
39.678181749
39.6791345178
39.6801406095
39.6811975829
39.6823033139
39.683455967
39.6846539681
39.6858959791
39.6871808734
39.6885077136
39.6898757296
39.6912842983
39.6927329246
39.6942212236
39.6957489036
39.6973157502
39.6989216117
39.7005663853
39.7022500042
39.7039724256
39.7057336195
39.707533559
39.7093722103
39.7112495247
39.7131654306
39.7151198264
39.7171125748
39.7191434969
39.7212123675
39.7233189114
39.7254627999
39.7276436479
39.7298610121
39.7321143896
39.7344032167
39.736726869
39.7390846613
39.7414758484
39.7438996262
39.7463551335
39.7488414533
39.7513576159
39.7539026009
39.7564753402
39.7590747214
39.7616995908
39.7643487569
39.7670209943
39.7697150468
39.7724296322
39.7751634451
39.7779151613
39.7806834417
39.7834669357
39.7862642852
39.7890741285
39.791895103
39.7947258496
39.7975650157
39.8004112582
39.803263246
39.8061196639
39.8089759099
39.8118406154
39.8147026272
39.8175640105
39.8204235652
39.8232801183
39.8261325268
39.8289796793
39.8318204974
39.8346539366
39.8374789873
39.8402946753
39.8431000629
39.8458942485
39.848676368
39.8514455939
39.8542011359
39.856942241
39.859668193
39.8623783121
39.865071955
39.8677485143
39.8704074177
39.8730481278
39.8756701411
39.8782729877
39.8808590549
39.8834189712
39.8859623118
39.8884844323
39.8909855096
39.893465257
39.8959234153
39.8983597521
39.9007740603
39.9031661577
39.9055358859
39.9078831092
39.9102077139
39.912509607
39.9147887159
39.9170449871
39.9192783852
39.9214888925
39.9236765077
39.9258412452
39.9279831345
39.9301022192
39.9321985563
39.9342722154
39.9363232781
39.938351837
39.9403579956
39.942341867
39.9443035738
39.9462432469
39.9481610256
39.9500570567
39.9519314936
39.9537844967
39.9556162318
39.9574268705
39.9592165894
39.9609855697
39.9627339965
39.964462059
39.9661699496
39.9678578639
39.9695260001
39.9711745588
39.9728037426
39.9744137559
39.9760048048
39.9775770963
39.9791308387
39.9806662409
39.9821835124
39.983682863
39.9851645026
39.9866286413
39.9880754886
39.989505254
39.9909181463
39.9923143737
39.9936941435
39.9950576621
39.9964051351
39.9977367667
39.9990527599
40.0003533166
40.0016386371
40.0029089202
40.0041643632
40.0054051619
40.0066315102
40.0078436005
40.0090416233
40.0102257673
40.0113962193
40.0125531643
40.0136967854
40.0148272635
40.0159447778
40.0170495055
40.0181416216
40.0192212993
