181390.101048
237509.404675
210426.962673
184589.15237
173094.656243
168900.464806
167547.516502
167287.380807
167483.096646
167884.887927
168385.809359
168937.040174
169515.329013
170109.2301
170712.920934
171323.295322
171938.589455
172557.709002
173179.915194
173804.646597
174431.451533
175059.944465
175689.784895
176320.66585
176952.307157
177584.451172
178216.85979
178849.312183
179481.602957
180113.540596
180744.946115
181375.65187
182005.500507
182634.34403
183262.042972
183888.465656
184513.487545
185136.990661
185758.863066
186378.998413
186997.295534
187613.658087
188227.994231
188840.216347
189450.240786
190057.987639
190663.380541
191266.346486
191866.81567
192464.721344
193059.999678
193652.589648
194242.432922
194829.473766
195413.658946
195994.937649
196573.261405
197148.584011
197720.861468
198290.051913
198856.115563
199419.014656
199978.713398
200535.177913
201088.37619
201638.278038
202184.855043
202728.080518
203267.929464
203804.37853
204337.405968
204866.991595
205393.116755
205915.764283
206434.918463
206950.564994
207462.690956
207971.28477
208476.336168
208977.836157
209475.776983
209970.152101
210460.95614
210948.184874
211431.835185
211911.905036
212388.393437
212861.300419
213330.626998
213796.37515
214258.547781
214717.148695
215172.182572
215623.654933
216071.57212
216515.941261
216956.770253
217394.067725
217827.843024
218258.106182
218684.867893
219108.13949
219527.932923
219944.260731
220357.159698
220766.59597
221172.60757
221575.209174
221974.415948
222370.243522
222762.707965
223151.82577
223537.613834
223920.089436
224299.270226
224675.174197
225047.819678
225417.22531
225783.410031
226146.393063
226506.193894
226862.832259
227216.328135
227566.701717
227913.973405
228258.163797
228599.293672
228937.383975
229272.455803
229604.530403
229933.629147
230259.773531
230582.985156
230903.285727
231220.697027
231535.240929
231846.93936
232155.814319
232461.887844
232765.18202
233065.718957
233363.520797
233658.609693
233951.007804
234240.737296
234527.820323
234812.279031
235094.135542
235373.411951
235650.130328
235924.312694
236195.981036
236465.157287
236731.863328
236996.120978
237257.951993
237517.378062
237774.420798
238029.10174
238281.442345
238531.46398
238779.187933
239024.63539
239267.827448
239508.785106
239747.529254
239984.080686
240218.460087
240450.688028
240680.784974
240908.77127
241134.667151
241358.492731
241580.268
241800.012833
242017.746975
242233.490049
242447.261552
242659.080851
242868.967189
243076.93967
243283.017276
243487.21885
243689.563105
243890.06862
244088.753838
244285.63707
244480.736489
244674.070132
244865.6559
245055.511559
245243.654733
245430.102915
245614.873455
245797.983569
245979.450334
246159.290693
246337.521447
246514.159262
246689.220665
