0.000446497823378
0.000449318590295
0.000452263643757
0.000455195856279
0.000458113903112
0.00046101673272
0.000463903468257
0.00046677336067
0.000469625765786
0.000472460112654
0.000475275912066
0.000478072732354
0.0004808501948
0.000483607966884
0.000486345756604
0.000489063307639
0.000491760395204
0.000494436822469
0.000497092417451
0.000499727030295
0.0005023405309
0.000504932806823
0.000507503761432
0.000510053312271
0.000512581389608
0.000515087935152
0.000517572900902
0.000520036248128
0.000522477946464
0.000524897973094
0.000527296312029
0.000529672953467
0.000532027893214
0.000534361132176
0.000536672675905
0.000538962534194
0.000541230720719
0.000543477252726
0.00054570215075
0.000547905438366
0.000550087141981
0.00055224729064
0.000554385915861
0.0005565030515
0.000558598733622
0.000560673000398
0.000562725892019
0.000564757450619
0.00056676772021
0.000568756746638
0.000570724577537
0.000572671262295
0.000574596852034
0.000576501399588
0.000578384959493
0.000580247587974
0.000582089342949
0.000583910284024
0.000585710472496
0.000587489971359
0.000589248845311
0.000590987160761
0.00059270498584
0.000594402390407
0.000596079446062
0.000597736226155
0.000599372805793
0.000600989261852
0.000602585672981
0.000604162119612
0.000605718683962
0.000607255450039
0.000608772503647
0.000610269932382
0.000611747825635
0.000613206274589
0.000614645372214
0.000616065213262
0.000617465894259
0.000618847513495
0.000620210171014
0.000621553968596
0.000622879009749
0.000624185399686
0.00062547324531
0.000626742655188
0.000627993739535
0.000629226610186
0.000630441380571
0.000631638165687
0.000632817082071
0.000633978247766
0.000635121782929
0.000636247807883
0.000637356445
0.000638447818025
0.000639522052037
0.000640579273415
0.000641619609794
0.00064264319003
0.000643650144154
0.000644640603334
0.000645614699832
0.000646572566958
0.00064751433903
0.000648440151327
0.000649350140045
0.000650244442252
0.000651123195843
0.000651986539491
0.000652834612606
0.000653667555285
0.000654485508267
0.000655288612885
0.000656077011025
0.000656850845071
0.000657610257867
0.000658355392666
0.000659086393087
0.000659803403068
0.000660506566821
0.000661196028789
0.000661871933597
0.000662534426013
0.000663183650904
0.000663819753189
0.00066444289951
0.000665053191382
0.000665650795306
0.000666235856003
0.000666808518041
0.000667368925799
0.000667917223422
0.000668443878195
0.000668958953397
0.000669462569379
0.000669954850473
0.000670435924073
0.000670905919928
0.000671364969582
0.000671813205936
0.000672250762893
0.000672677775062
0.000673094377523
0.000673500705622
0.000673896894798
0.000674283080436
0.00067465939774
0.000675025981615
0.000675382966576
0.000675730486654
0.000676068675319
0.000676397665408
0.000676717589065
0.000677028577683
0.00067733076185
0.000677624271302
0.000677909234886
0.000678185780516
0.000678454035141
0.000678714124711
0.000678966174155
0.000679210307346
0.000679446647085
0.000679675315077
0.000679896431915
0.000680110117059
0.000680316488825
0.000680515664369
0.000680707759679
0.000680892889562
0.000681071167633
0.000681242706316
0.000681407616828
0.00068156600918
0.000681717992172
0.000681863673387
0.000682003159193
0.00068213655451
0.000682263963506
0.000682385488892
0.000682501232162
0.000682611293593
0.000682715772251
0.000682814765989
0.000682908371455
0.00068299668409
0.000683079798142
0.000683157806661
0.000683230801511
0.000683298873373
0.000683362111753
0.000683420604987
0.00068347444025
0.000683523703561
0.000683568479794
0.000683608852684
0.000683644904835
0.000683676717731
0.000683704371743
