6.73021514616
6.64386494853
6.55569949129
6.46829028575
6.38203188897
6.29698171314
6.21314545828
6.13052109559
6.04910553315
5.96889555013
5.88988786434
5.81207907848
5.73546561872
5.660043682
5.58580919389
5.51275777618
5.44088472317
5.37018498539
5.30065315961
5.2322834841
5.16506983813
5.09900574485
5.03408437671
4.97029856294
4.90764079838
4.84610325332
4.78567778398
4.72635594325
4.6681289917
4.61098790843
4.55492340185
4.49992592023
4.44598566199
4.39309258571
4.34123641985
4.29040667225
4.24059263931
4.19178341502
4.14396789978
4.09713480908
4.05127268208
4.00636989007
3.96241464496
3.91939500772
3.8772988968
3.83611409669
3.79582826643
3.75642894827
3.71790357635
3.6802394856
3.64342392057
3.60744404449
3.57228694839
3.53793966028
3.50438915445
3.47162236081
3.43962617433
3.40838746446
3.3778930846
3.3481298816
3.31908470516
3.29074441726
3.2630959015
3.23612607236
3.20982188429
3.18417034074
3.15915850303
3.13477349893
3.11100253121
3.08783288577
3.06525193974
3.04324716912
3.02180615624
3.00091659697
2.9805663075
2.9607432309
2.94143544331
2.92263115978
2.9043187398
2.88648669241
2.86912368105
2.85221852795
2.83576021823
2.81973790359
2.8041409057
2.78895871916
2.7741810142
2.75979763895
2.74579862143
2.73217417117
2.71891468059
2.70601072594
2.69345306806
2.68123265281
2.66934062597
2.65776825878
2.64650709521
2.63554880856
2.62488526531
2.61450851543
2.60441079
2.5945844996
2.58502223269
2.57571675382
2.56666100173
2.55784808721
2.54927129097
2.54092406132
2.53280001173
2.52489291833
2.51719671734
2.50970550237
2.50241352171
2.49531517557
2.4884050132
2.48167773007
2.47512816494
2.46875129698
2.46254224279
2.45649625348
2.45060870675
2.44487512803
2.43929114161
2.43385251024
2.42855511397
2.42339494942
2.41836812727
2.41347086947
2.40869950645
2.40405047434
2.39952031228
2.39510565966
2.39080325357
2.38660992611
2.38252260188
2.37853829542
2.37465410881
2.37086722918
2.36717492638
2.36357455065
2.36006353034
2.35663936969
2.35329964665
2.3500420108
2.34686418118
2.3437639444
2.34073915253
2.33778772128
2.33490762807
2.33209691022
2.32935366314
2.32667603866
2.32406224328
2.32151053655
2.31901922948
2.31658668299
2.31421130638
2.31189155587
2.30962593322
2.30741298426
2.30525129763
2.3031395034
2.30107627188
2.29906031232
2.29709037177
2.29516523388
2.29328371781
2.29144467713
2.28964699874
2.28788960189
2.28617143716
2.28449148549
2.28284875727
2.28124229142
2.27967115451
2.27813443993
2.27663126706
2.27516078046
2.2737221491
2.27231456563
2.27093724564
2.26958942697
2.26827036902
2.26697935207
2.2657156767
2.26447866313
2.26326765062
2.26208199691
2.26092107765
2.25978428587
2.25867103141
2.25758074049
2.25651285513
2.25546683273
2.25444214559
2.25343828048
2.25245473815
2.25149103298
2.25054669255
2.24962125722
