44.1454561683
44.7425298036
45.3467925166
45.9582291341
46.5768177339
47.2025295343
47.8353286463
48.4751718079
49.1220081212
49.7757787958
50.4364169001
51.1038471222
51.7779855424
52.4587394174
53.1460069793
53.8396772492
54.5396298688
55.2457349498
55.9578529448
56.6758345385
57.399520564
58.1287419435
58.8633196551
59.6030647292
60.3477782733
61.0972515279
61.8512659554
62.6095933609
63.3719960485
64.1382270121
64.9080301618
65.6811405864
66.457284853
67.2361813419
68.0175406187
68.8010658413
69.5864532026
70.3733924073
71.1615671808
71.9506558108
72.7403317176
73.5302640526
74.3201183225
75.1095570363
75.8982403731
76.6858268676
77.4719741095
78.2563394557
79.0385807493
79.8183570442
80.5953293308
81.3691612588
82.1395198551
82.9060762319
83.6685062816
84.4264913562
85.1797189264
85.9278832181
86.6706858238
87.4078362848
88.1390526419
88.8640619537
89.5826007782
90.2944156174
90.9992633226
91.6969114596
92.387138632
93.0697347628
93.7445013335
94.4112515805
95.0698106483
95.7200157021
96.3617159974
96.9947729098
97.6190599256
98.2344625941
98.840878443
99.4382168596
100.026398939
100.6053573
101.175035873
101.735389665
102.286384489
102.827996683
103.360212802
103.883029297
104.396452169
104.900496622
105.395186696
105.880554892
106.356641793
106.823495678
107.281172131
107.729733651
108.169249376
108.599794232
109.021449239
109.434300665
109.838439768
110.233962425
110.620968767
110.999562828
111.369852199
111.731947694
112.085963023
112.432014484
112.770220655
113.100702109
113.423581132
113.738981458
114.047028016
114.347846687
114.641564073
114.928307281
115.208203718
115.481380894
115.747966243
116.008086948
116.261869784
116.509440965
116.750926014
116.986449614
117.216135513
117.440106398
117.658483803
117.871388008
118.078937962
118.281251205
118.478443798
118.670630263
118.857923529
119.04043488
119.218273918
119.391548524
119.560364828
119.724827179
119.885038132
120.041098424
120.193106965
120.341160828
120.485355246
120.625783607
120.76253746
120.895706515
121.025378655
121.151639939
121.274574619
121.394265153
121.510792219
121.624234732
121.734669865
121.842173068
121.946818088
122.048676996
122.147820204
122.244316496
122.338233048
122.429635454
122.518587758
122.605152472
122.689390611
122.771361713
122.851123874
122.928733769
123.004246684
123.077716542
123.149195929
123.218736128
123.286387136
123.352197704
123.416215353
123.478486408
123.53905602
123.597968198
123.655265828
123.710990705
123.765183556
123.817884064
123.869130893
123.918961716
123.967413234
124.0145212
124.060320447
124.104844904
124.148127623
124.190200801
124.231095795
124.270843153
124.309472625
124.347013191
124.383493073
124.418939761
124.453380029
124.486839952
124.519344928
124.550919689
124.581588325
124.611374299
124.640300461
124.668389063
