-0.562684922097
-0.856673615622
-0.852211759343
-0.8477311657
-0.843235265845
-0.838724726956
-0.834199891078
-0.829661042159
-0.825108441929
-0.820542334236
-0.815962946117
-0.811370488469
-0.806765156662
-0.802147131132
-0.797516577958
-0.792873649418
-0.788218484539
-0.783551209615
-0.778871938728
-0.774180774237
-0.769477807258
-0.764763118132
-0.760036776869
-0.755298843583
-0.750549368914
-0.745788394424
-0.741015952993
-0.736232069192
-0.731436759643
-0.726630033369
-0.721811892128
-0.716982330736
-0.712141337375
-0.707288893896
-0.702424976098
-0.697549554014
-0.692662592167
-0.687764049832
-0.682853881277
-0.677932036006
-0.672998458979
-0.668053090838
-0.663095868116
-0.658126723444
-0.653145585749
-0.648152380441
-0.643147029606
-0.638129452182
-0.633099564135
-0.628057278631
-0.623002506202
-0.617935154909
-0.612855130503
-0.60776233658
-0.602656674739
-0.597538044729
-0.592406344608
-0.587261470883
-0.582103318669
-0.576931781829
-0.571746753127
-0.566548124374
-0.561335786577
-0.556109630093
-0.550869544773
-0.54561542012
-0.540347145441
-0.535064610002
-0.529767703193
-0.524456314681
-0.51913033458
-0.513789653617
-0.508434163302
-0.503063756106
-0.497678325633
-0.49227776681
-0.486861976066
-0.481430851528
-0.475984293216
-0.470522203241
-0.465044486008
-0.459551048432
-0.454041800146
-0.448516653723
-0.4429755249
-0.437418332807
-0.431845000199
-0.426255453701
-0.420649624045
-0.415027446321
-0.409388860232
-0.403733810348
-0.398062246369
-0.392374123391
-0.386669402175
-0.38094804942
-0.375210038035
-0.369455347425
-0.363683963763
-0.35789588028
-0.352091097543
-0.346269623745
-0.340431474984
-0.334576675555
-0.328705258229
-0.322817264535
-0.316912745043
-0.31099175964
-0.3050543778
-0.299100678858
-0.293130752266
-0.287144697856
-0.281142626085
-0.275124658277
-0.269090926854
-0.26304157556
-0.256976759666
-0.25089664617
-0.244801413985
-0.238691254103
-0.232566369751
-0.226426976531
-0.220273302538
-0.214105588463
-0.207924087671
-0.201729066266
-0.195520803131
-0.189299589938
-0.183065731147
-0.176819543973
-0.170561358328
-0.164291516737
-0.15801037423
-0.0153851397096
-0.00790819214875
-0.0230809727228
-0.0142893792024
-0.00549304049671
0.00330664947442
0.0121081148184
0.0209097874397
0.0297101291183
0.0385076364097
0.0473008438616
0.056088327122
0.0648687060881
0.0736406481013
0.0824028711812
0.0911541472894
0.0998933056221
0.108619235927
0.117330891851
0.126027294314
0.134707534941
0.143370779533
0.152016271635
0.160643336196
0.169251383365
0.177839912468
0.186408516201
0.194956885104
0.203484812385
0.211992199165
0.220479060247
0.228945530481
0.237391872145
0.245818482608
0.254225903952
0.262614833285
0.270805238353
0.278921612611
0.2870246003
0.295115527761
0.303195937236
0.31126760614
0.319332591852
0.327393258157
0.335449894703
0.343512803811
0.351578404407
0.35965312844
0.367741652976
0.37584935919
0.38398245648
0.392148135406
0.400354757477
0.408612092502
0.416931617922
0.425326899871
0.433814083357
0.442412530129
0.451145659611
0.460042073796
0.469137087137
0.47847484681
0.488111335694
0.498118734142
0.508591946138
0.519658715452
0.53149599489
-0.562684922097
-0.856673615622
-0.852211759343
-0.8477311657
-0.843235265845
-0.838724726956
-0.834199891078
-0.829661042159
-0.825108441929
-0.820542334236
-0.815962946117
-0.811370488469
-0.806765156662
-0.802147131132
-0.797516577958
-0.792873649418
-0.788218484539
-0.783551209615
-0.778871938728
-0.774180774237
-0.769477807258
-0.764763118132
-0.760036776869
-0.755298843583
-0.750549368914
-0.745788394424
-0.741015952993
-0.736232069192
-0.731436759643
-0.726630033369
-0.721811892128
-0.716982330736
-0.712141337375
-0.707288893896
-0.702424976098
-0.697549554014
-0.692662592167
-0.687764049832
-0.682853881277
-0.677932036006
-0.672998458979
-0.668053090838
-0.663095868116
-0.658126723444
-0.653145585749
-0.648152380441
-0.643147029606
-0.638129452182
-0.633099564135
-0.628057278631
-0.623002506202
-0.617935154909
-0.612855130503
-0.60776233658
-0.602656674739
-0.597538044729
-0.592406344608
-0.587261470883
-0.582103318669
-0.576931781829
-0.571746753127
-0.566548124374
-0.561335786577
-0.556109630093
-0.550869544773
-0.54561542012
-0.540347145441
-0.535064610002
-0.529767703193
-0.524456314681
-0.51913033458
-0.513789653617
-0.508434163302
-0.503063756106
-0.497678325633
-0.49227776681
-0.486861976066
-0.481430851528
-0.475984293216
-0.470522203241
-0.465044486008
-0.459551048432
-0.454041800146
-0.448516653723
-0.4429755249
-0.437418332807
-0.431845000199
-0.426255453701
-0.420649624045
-0.415027446321
-0.409388860232
-0.403733810348
-0.398062246369
-0.392374123391
-0.386669402175
-0.38094804942
-0.375210038035
-0.369455347425
-0.363683963763
-0.35789588028
-0.352091097543
-0.346269623745
-0.340431474984
-0.334576675555
-0.328705258229
-0.322817264535
-0.316912745043
-0.31099175964
-0.3050543778
-0.299100678858
-0.293130752266
-0.287144697856
-0.281142626085
-0.275124658277
-0.269090926854
-0.26304157556
-0.256976759666
-0.25089664617
-0.244801413985
-0.238691254103
-0.232566369751
-0.226426976531
-0.220273302538
-0.214105588463
-0.207924087671
-0.201729066266
-0.195520803131
-0.189299589938
-0.183065731147
-0.176819543973
-0.170561358328
-0.164291516737
-0.15801037423
-0.0153851397096
-0.00790819214875
-0.0230809727228
-0.0142893792024
-0.00549304049671
0.00330664947442
0.0121081148184
0.0209097874397
0.0297101291183
0.0385076364097
0.0473008438616
0.056088327122
0.0648687060881
0.0736406481013
0.0824028711812
0.0911541472894
0.0998933056221
0.108619235927
0.117330891851
0.126027294314
0.134707534941
0.143370779533
0.152016271635
0.160643336196
0.169251383365
0.177839912468
0.186408516201
0.194956885104
0.203484812385
0.211992199165
0.220479060247
0.228945530481
0.237391872145
0.245818482608
0.254225903952
0.262614833285
0.270805238353
0.278921612611
0.2870246003
0.295115527761
0.303195937236
0.31126760614
0.319332591852
0.327393258157
0.335449894703
0.343512803811
0.351578404407
0.35965312844
0.367741652976
0.37584935919
0.38398245648
0.392148135406
0.400354757477
0.408612092502
0.416931617922
0.425326899871
0.433814083357
0.442412530129
0.451145659611
0.460042073796
0.469137087137
0.47847484681
0.488111335694
0.498118734142
0.508591946138
0.519658715452
0.53149599489
