13.7810579762
13.7456200027
13.712544001
13.6817040001
13.6529965937
13.6263310863
13.6016252807
13.5788031425
13.5577933564
13.5385283363
13.5209444977
13.5049805101
13.4905780698
13.4776813836
13.4662370012
13.4561936748
13.4475022361
13.440115487
13.4339881004
13.4290758188
13.4253378639
13.4227338383
13.4212249621
13.4207739765
13.4213450599
13.4229037562
13.425416912
13.4288526199
13.4331801652
13.4383699766
13.4443935796
13.451223552
13.4588342338
13.4671990402
13.4762936411
13.4860945235
13.4965789875
13.5077251354
13.5195118516
13.5319187788
13.5449262918
13.5585154715
13.572668079
13.5873665307
13.6025938739
13.618333763
13.6345704378
13.651288701
13.6684738981
13.6861118969
13.7041890689
13.7226922706
13.7416088256
13.7609265081
13.7806335262
13.8007185067
13.8211704792
13.8419788624
13.8631334498
13.8846243963
13.9064422053
13.9285777162
13.9510220928
13.9737668114
13.9968036499
14.020124677
14.0437222422
14.0675889658
14.0917177291
14.1161016656
14.1407341521
14.1656087999
14.190719447
14.2160601497
14.2416251755
14.2674089954
14.2934062768
14.3196118769
14.3460208359
14.3726283709
14.3994298694
14.4264208835
14.4535971246
14.4809544573
14.5084888944
14.5361965919
14.5640738437
14.5921170772
14.6203228486
14.6486878381
14.6772088461
14.705882789
14.7347066948
14.7636776999
14.7927930446
14.8220500702
14.8514462153
14.8809790122
14.910646084
14.9404451414
14.9703739795
15.0004304754
15.0306125846
15.0609183391
15.0913458442
15.1218932763
15.1525588803
15.1833409674
15.2142379125
15.2452481525
15.2763701837
15.3076025601
15.3389438912
15.3703928403
15.4019481223
15.4336085023
15.4653727937
15.4972398567
15.5292085963
15.5612779612
15.593446942
15.6257145701
15.6580799158
15.6905420873
15.7231002295
15.7557535224
15.7885011802
15.8213424498
15.85427661
15.8873029702
15.9204208695
15.9536296755
15.9869287834
16.0203176151
16.0537956183
16.0873622654
16.121017053
16.1547595006
16.1885891504
16.2225055659
16.2565083316
16.2905970523
16.3247713519
16.3590308733
16.3933752776
16.4278042432
16.4623174656
16.4969146565
16.5315955434
16.5663598691
16.6012073909
16.6361378805
16.6711511233
16.7062469177
16.7414250751
16.7766854193
16.8120277857
16.8474512896
16.8829569085
16.9185443318
16.9542133385
16.9899637654
17.0257954837
17.0617079241
17.097702079
17.133776716
17.1699328862
17.2061693895
17.2424873094
17.2788854618
17.3153649537
17.351925084
17.3885658765
17.4252873425
17.4620894877
17.4989723175
17.5359358402
17.5729800678
17.6101050172
17.6473107099
17.6845971725
17.7219644366
17.7594125384
17.7969415189
17.8345514233
17.8722423017
17.9100142079
17.9478672001
17.9858013404
18.0238166948
18.0619133327
18.1000913274
18.1383507556
18.1766916972
18.2151142356
18.2536184571
18.2922044511
18.3308729672
18.3696231254
18.4084551369
