0.0312716273286
0.031299504731
0.0313274390138
0.0313554303534
0.0313834789273
0.0314115849138
0.0314397484914
0.0314679698392
0.0314962491367
0.0315245865639
0.0315529823011
0.0315814365292
0.0316099494293
0.031638521183
0.0316671519721
0.031695841979
0.0317245913862
0.0317534003766
0.0317822691334
0.0318111978401
0.0318401866805
0.0318692358384
0.0318983454982
0.0319275158443
0.0319567470612
0.0319860393338
0.0320153928469
0.0320448077855
0.0320742843349
0.0321038226804
0.0321334230071
0.0321630855006
0.0321928103464
0.0322225977297
0.0322524480477
0.0322823621896
0.0323123403051
0.0323423825436
0.032372489055
0.0324026599893
0.0324328954967
0.0324631957272
0.032493560831
0.0325239909583
0.0325544862592
0.0325850468835
0.032615672981
0.0326463647013
0.0326771221938
0.0327079456074
0.0327388350908
0.0327697907924
0.0328008128601
0.0328319014412
0.0328630566826
0.0328942787308
0.0329255677315
0.0329569238297
0.0329883471699
0.0330198378958
0.0330513961503
0.0330830220755
0.0331147158126
0.033146477502
0.0331783072829
0.0332102052937
0.0332421716717
0.0332742065531
0.0333063100729
0.033338482365
0.0333707235619
0.0334030337951
0.0334354131943
0.0334678618883
0.0335003800041
0.0335329676674
0.0335656250023
0.0335983521313
0.0336311491753
0.0336640162534
0.0336969534831
0.03372996098
0.0337630388579
0.0337961872287
0.0338294062023
0.0338626958866
0.0338960563874
0.0339294878086
0.033962990816
0.0339965660247
0.0340302135785
0.0340639336196
0.0340977262887
0.0341315917246
0.0341655300643
0.0341995414432
0.0342336259946
0.0342677838502
0.0343020151397
0.034336319991
0.0343706985298
0.0344051508798
0.0344396771627
0.0344742774982
0.0345089520039
0.0345437007951
0.0345785239852
0.0346134216852
0.034648394004
0.0346834410481
0.0347185629217
0.034753759727
0.0347890315634
0.0348243785281
0.0348598007162
0.0348952982199
0.0349308711292
0.0349665195316
0.0350022435121
0.0350380431532
0.0350739185349
0.0351098697344
0.0351458968267
0.0351819998839
0.0352181789758
0.0352544341693
0.0352907655288
0.035327173116
0.0353636569903
0.0354002172079
0.0354368538227
0.0354735668859
0.035510356446
0.0355472235343
0.0355841672276
0.0356212339887
0.0356583824642
0.035695613967
0.0357329282087
0.035770324901
0.0358078037568
0.0358453644896
0.0358830068139
0.0359207304453
0.0359585351005
0.0359964204972
0.0360343863542
0.0360724323916
0.0361105583307
0.0361487638939
0.036187048805
0.0362254127889
0.0362638555722
0.0363023768822
0.036340976448
0.0363796539996
0.0364184092683
0.0364572419868
0.0364961518886
0.0365351387087
0.0365742021829
0.0366133420478
0.0366525580412
0.0366918499015
0.0367312173676
0.0367706601792
0.036810178076
0.0368497707982
0.0368894380859
0.0369291796789
0.0369689953167
0.0370088847379
0.0370488476805
0.037088883881
0.0371289930742
0.0371691749933
0.0372094293689
0.0372497559289
0.0372901543981
0.0373306244963
0.0373711659422
0.0374117784471
0.0374524617179
0.0374932154553
0.0375340393536
0.0375749331002
0.0376158963748
0.0376569288489
0.0376980301861
0.0377392000415
0.0377804380624
0.0378217438894
0.0378631171586
0.0379045575052
0.0379460645698
0.0379876380082
0.0380292775083
0.0380709828165
0.0381127537822
0.0381545904341
