146.19221952
23.373082988
23.3888573385
23.4043894272
23.4197631547
23.4349910615
23.4500761435
23.4650211865
23.4798299142
23.4945068879
23.5090572403
23.523486414
23.5377999303
23.5520031931
23.5661013254
23.5800990373
23.5940005223
23.6078093791
23.6215285556
23.6351603122
23.6487062014
23.662167061
23.6755430193
23.6888335086
23.7020372872
23.7151524658
23.72817654
23.7411064252
23.7539384939
23.7666686152
23.779292195
23.791804217
23.8041992838
23.8164716578
23.8286153021
23.8406239203
23.8524909962
23.8642098326
23.8757735886
23.8871753171
23.8984079999
23.9094645831
23.9203380105
23.9310212563
23.941507356
23.951789437
23.9618607474
23.971714683
23.9813448143
23.9907449103
23.9999089627
24.0088312071
24.0175061439
24.0259285563
24.0340935283
24.0419964597
24.0496330803
24.0569994621
24.0640920299
24.0709075704
24.0774432395
24.0836965677
24.0896654646
24.095348221
24.1007435101
24.1058503866
24.1106682848
24.1151970151
24.1194367592
24.1233880639
24.1270518339
24.1304293233
24.1335221261
24.1363321659
24.1388616846
24.14111323
24.1430896434
24.1447940462
24.1462298255
24.1474006206
24.1483103074
24.1489629844
24.149362957
24.1495147224
24.1494229545
24.1490924887
24.1485283069
24.1477355226
24.1467193659
24.1454851701
24.1440383557
24.1423844197
24.1405289196
24.1384774619
24.1362322015
24.1338092742
24.1312038879
24.1284252196
24.1254789442
24.1223707196
24.1191061772
24.115690913
24.1121304799
24.1084303798
24.1045960571
24.1006328917
24.0965461935
24.0923411969
24.088023056
24.0835968398
24.0790675286
24.0744400104
24.0697190776
24.0649094247
24.0600156455
24.0550422314
24.04999357
24.0448739434
24.0396875277
24.0344383921
24.0291312766
24.0237677882
24.0183537473
24.0128922773
24.0073868247
24.0018408176
23.9962575791
23.9906403285
23.9849921823
23.9793161559
23.9736151645
23.967892025
23.9621494575
23.9563900869
23.9506164448
23.9448309712
23.9390360164
23.933233843
23.9274266278
23.9216164636
23.9158053616
23.909995253
23.904187991
23.8983853533
23.8925890437
23.8868006941
23.8810218666
23.8752540557
23.8694986898
23.8637571335
23.8580306894
23.8523206001
23.8466280498
23.8409541664
23.8353000231
23.8296666405
23.8240549879
23.8184659852
23.8129005047
23.8073593727
23.8018433706
23.7963532372
23.7908896697
23.7854533253
23.7800448229
23.7746647439
23.7693136342
23.7639920053
23.7587003352
23.7534390703
23.7482086262
23.7430093891
23.7378417166
23.7327059392
23.7276023611
23.7225312615
23.7174928953
23.7124874943
23.707515268
23.7025764048
23.6976710724
23.6927994191
23.6879615743
23.6831576496
23.6783877393
23.6736519212
23.6689502575
23.6642827954
23.6596495675
23.6550505928
23.6504858773
23.6459554143
23.6414591853
23.6369971602
23.6325692984
23.6281755487
23.6238158501
23.6194901323
23.6151983162
23.610940314
146.19221952
23.373082988
23.3888573385
23.4043894272
23.4197631547
23.4349910615
23.4500761435
23.4650211865
23.4798299142
23.4945068879
23.5090572403
23.523486414
23.5377999303
23.5520031931
23.5661013254
23.5800990373
23.5940005223
23.6078093791
23.6215285556
23.6351603122
23.6487062014
23.662167061
23.6755430193
23.6888335086
23.7020372872
23.7151524658
23.72817654
23.7411064252
23.7539384939
23.7666686152
23.779292195
23.791804217
23.8041992838
23.8164716578
23.8286153021
23.8406239203
23.8524909962
23.8642098326
23.8757735886
23.8871753171
23.8984079999
23.9094645831
23.9203380105
23.9310212563
23.941507356
23.951789437
23.9618607474
23.971714683
23.9813448143
23.9907449103
23.9999089627
24.0088312071
24.0175061439
24.0259285563
24.0340935283
24.0419964597
24.0496330803
24.0569994621
24.0640920299
24.0709075704
24.0774432395
24.0836965677
24.0896654646
24.095348221
24.1007435101
24.1058503866
24.1106682848
24.1151970151
24.1194367592
24.1233880639
24.1270518339
24.1304293233
24.1335221261
24.1363321659
24.1388616846
24.14111323
24.1430896434
24.1447940462
24.1462298255
24.1474006206
24.1483103074
24.1489629844
24.149362957
24.1495147224
24.1494229545
24.1490924887
24.1485283069
24.1477355226
24.1467193659
24.1454851701
24.1440383557
24.1423844197
24.1405289196
24.1384774619
24.1362322015
24.1338092742
24.1312038879
24.1284252196
24.1254789442
24.1223707196
24.1191061772
24.115690913
24.1121304799
24.1084303798
24.1045960571
24.1006328917
24.0965461935
24.0923411969
24.088023056
24.0835968398
24.0790675286
24.0744400104
24.0697190776
24.0649094247
24.0600156455
24.0550422314
24.04999357
24.0448739434
24.0396875277
24.0344383921
24.0291312766
24.0237677882
24.0183537473
24.0128922773
24.0073868247
24.0018408176
23.9962575791
23.9906403285
23.9849921823
23.9793161559
23.9736151645
23.967892025
23.9621494575
23.9563900869
23.9506164448
23.9448309712
23.9390360164
23.933233843
23.9274266278
23.9216164636
23.9158053616
23.909995253
23.904187991
23.8983853533
23.8925890437
23.8868006941
23.8810218666
23.8752540557
23.8694986898
23.8637571335
23.8580306894
23.8523206001
23.8466280498
23.8409541664
23.8353000231
23.8296666405
23.8240549879
23.8184659852
23.8129005047
23.8073593727
23.8018433706
23.7963532372
23.7908896697
23.7854533253
23.7800448229
23.7746647439
23.7693136342
23.7639920053
23.7587003352
23.7534390703
23.7482086262
23.7430093891
23.7378417166
23.7327059392
23.7276023611
23.7225312615
23.7174928953
23.7124874943
23.707515268
23.7025764048
23.6976710724
23.6927994191
23.6879615743
23.6831576496
23.6783877393
23.6736519212
23.6689502575
23.6642827954
23.6596495675
23.6550505928
23.6504858773
23.6459554143
23.6414591853
23.6369971602
23.6325692984
23.6281755487
23.6238158501
23.6194901323
23.6151983162
23.610940314
