16.1475308186
16.1474637395
16.1473963963
16.1473287826
16.1472608914
16.1471927153
16.1471242465
16.1470554772
16.1469863994
16.1469170053
16.1468472869
16.1467772365
16.1467068464
16.1466361093
16.1465650177
16.1464935647
16.1464217436
16.1463495477
16.146276971
16.1462040074
16.1461306513
16.1460568972
16.1459827401
16.1459081752
16.1458331979
16.1457578039
16.1456819893
16.1456057502
16.1455290832
16.1454519851
16.1453744526
16.1452964831
16.145218074
16.1451392227
16.1450599271
16.1449801851
16.1448999948
16.1448193544
16.1447382625
16.1446567176
16.1445747183
16.1444922634
16.1444093519
16.1443259828
16.1442421552
16.1441578683
16.1440731214
16.1439879139
16.1439022452
16.1438161148
16.1437295223
16.1436424673
16.1435549494
16.1434669685
16.1433785241
16.1432896161
16.1432002444
16.1431104087
16.1430201089
16.1429293449
16.1428381167
16.1427464242
16.1426542673
16.1425616459
16.1424685601
16.1423750098
16.142280995
16.1421865158
16.142091572
16.1419961638
16.1419002911
16.1418039539
16.1417071523
16.1416098862
16.1415121558
16.1414139609
16.1413153017
16.141216178
16.14111659
16.1410165377
16.140916021
16.14081504
16.1407135946
16.1406116849
16.1405093108
16.1404064724
16.1403031697
16.1401994026
16.1400951711
16.1399904751
16.1398853148
16.13977969
16.1396736008
16.139567047
16.1394600287
16.1393525459
16.1392445984
16.1391361863
16.1390273095
16.1389179679
16.1388081616
16.1386978904
16.1385871543
16.1384759532
16.1383642872
16.1382521561
16.1381395598
16.1380264983
16.1379129716
16.1377989795
16.137684522
16.1375695991
16.1374542105
16.1373383564
16.1372220365
16.1371052508
16.1369879993
16.1368702817
16.1367520982
16.1366334485
16.1365143326
16.1363947504
16.1362747018
16.1361541867
16.1360332051
16.1359117568
16.1357898417
16.1356674597
16.1355446108
16.1354212948
16.1352975117
16.1351732614
16.1350485437
16.1349233585
16.1347977058
16.1346715854
16.1345449973
16.1344179414
16.1342904174
16.1341624254
16.1340339653
16.1339050368
16.13377564
16.1336457747
16.1335154408
16.1333846382
16.1332533668
16.1331216265
16.1329894172
16.1328567387
16.132723591
16.132589974
16.1324558875
16.1323213314
16.1321863057
16.1320508102
16.1319148448
16.1317784094
16.1316415039
16.1315041282
16.1313662822
16.1312279657
16.1310891787
16.130949921
16.1308101926
16.1306699934
16.1305293231
16.1303881817
16.1302465692
16.1301044854
16.1299619301
16.1298189034
16.129675405
16.1295314349
16.129386993
16.1292420791
16.1290966931
16.1289508351
16.1288045047
16.128657702
16.1285104268
16.1283626791
16.1282144587
16.1280657655
16.1279165994
16.1277669603
16.1276168482
16.1274662628
16.1273152042
16.1271636722
16.1270116667
16.1268591876
16.1267062348
16.1265528083
16.1263989078
16.1262445334
16.1260896849
16.1259343623
16.1257785654
16.1256222941
