21.7544908253
21.6612681877
21.5681190969
21.4750379438
21.3820193776
21.2890583109
21.1961499071
21.1032895661
21.0104729118
20.9176957797
20.8249542061
20.7322444182
20.6395628241
20.5469060049
20.454270706
20.3616538301
20.2690524303
20.1764637035
20.0838849846
19.991313741
19.8987475675
19.8061841813
19.7136214178
19.6210572266
19.5284896672
19.4359169055
19.3433372107
19.2507489523
19.1581505963
19.0655407035
18.9729179261
18.880281006
18.7876287721
18.6949601384
18.602274102
18.5095697414
18.4168462146
18.3241034736
18.2313413685
18.1385593184
18.0457568115
17.9529334048
17.860088723
17.7672224579
17.6743343674
17.5814242751
17.4884920693
17.3955377027
17.3025611916
17.2095626159
17.1165421179
17.0234999027
16.9304362374
16.837351451
16.7442459337
16.6511201376
16.5579745754
16.4648098213
16.37162651
16.2784253373
16.1852070596
16.091972494
15.9987225187
15.9054580723
15.8121801545
15.718889826
15.6255882086
15.5322764851
15.4389559
15.3456277593
15.2522934309
15.1589543446
15.0656119926
14.9722679298
14.8789237738
14.7855812055
14.6922419693
14.5989078737
14.5055807911
14.4122626588
14.318955479
14.2256613195
14.1323823139
14.0391206619
13.9458786304
13.8526585533
13.7594628321
13.6662939367
13.5731544056
13.4800468465
13.3869739369
13.2939384245
13.2009431277
13.1079909363
13.0150848119
12.9222277886
12.8294229732
12.7366735463
12.6439827624
12.5513539506
12.4587905152
12.3662959362
12.2738737699
12.1815276495
12.0892612853
11.9970784659
11.904983058
11.8129790073
11.7210703393
11.629261159
11.5375556521
11.4459580854
11.3544728068
11.2631042462
11.1718569157
11.0807354101
10.9897444072
10.8988886681
10.8081730378
10.7176024452
10.6271819035
10.5369165102
10.4468114478
10.3568719834
10.2671034691
10.177511342
10.0881011244
9.99887842343
9.90984893114
9.82101842445
9.73239276482
9.64397789805
9.55578008181
9.46773428974
9.37991732305
9.25884665485
9.13920138852
9.02098694716
8.90420934101
8.78887475358
8.67498949159
8.56255997314
8.4515927209
8.34209435689
8.23407159855
8.12753125623
8.02248023208
7.91892552054
7.8168742105
7.71633348924
7.61731064839
7.51981309201
7.42384834693
7.32942407576
7.23654809254
7.14522838152
7.05547311925
6.9672917322
6.88069435756
6.79569042127
6.71228965927
6.63050216345
6.55033843234
6.47180942927
6.39492664795
6.31970218662
6.24614883177
6.17428015261
6.10411060769
6.03565566523
5.96893193906
5.90395734228
5.84075126122
5.77933475263
5.71973076768
5.66196440693
5.60606321135
5.55205749532
5.499980729
5.44986997893
5.40176641772
5.35571591632
5.31176973551
5.2699853377
5.23042734546
5.19316868086
5.15829192943
5.12589098624
5.09607306015
5.06896113854
5.04469705256
5.02344533737
5.00539816404
4.99078174498
4.97986481332
4.97297010052
4.9704902884
4.97291089737
4.98084443605
4.99508392455
