4.75859830269
4.75745681989
4.75631650648
4.75517726154
4.7540389924
4.75290161377
4.75176504724
4.75062922058
4.74949406734
4.74835952629
4.74722554102
4.74609205954
4.74495903392
4.74382642008
4.74269417756
4.7415622689
4.74043065946
4.73929931716
4.73816821231
4.73703731739
4.73590660691
4.73477605725
4.7336456465
4.73251535433
4.73138516187
4.73025505161
4.72912500727
4.72799501372
4.72686505689
4.72573512369
4.72460520193
4.72347528025
4.72234534806
4.72121539548
4.7200854133
4.7189553929
4.71782532623
4.71669520575
4.71556502442
4.71443477564
4.7133044532
4.7121740513
4.71104356448
4.70991298761
4.70878231587
4.70765154472
4.70652066987
4.70538968729
4.70425859317
4.70312738392
4.70199605613
4.70086460658
4.69973303222
4.69860133016
4.69746949766
4.69633753211
4.69520543103
4.69407319207
4.69294081299
4.69180829164
4.69067562598
4.68954281407
4.68840985404
4.68727674412
4.68614348259
4.68501006782
4.68387649824
4.68274277236
4.68160888873
4.68047484596
4.67934064271
4.6782062777
4.67707174969
4.67593705749
4.67480219993
4.67366717592
4.67253198437
4.67139662424
4.67026109452
4.66912539425
4.66798952247
4.66685347828
4.66571726078
4.6645808691
4.66344430242
4.66230755991
4.66117064078
4.66003354427
4.65889626962
4.65775881611
4.65662118301
4.65548336963
4.6543453753
4.65320719936
4.65206884115
4.65093030004
4.64979157543
4.6486526667
4.64751357326
4.64637429453
4.64523482996
4.64409517898
4.64295534105
4.64181531563
4.64067510221
4.63953470028
4.63839410932
4.63725332884
4.63611235836
4.63497119741
4.63382984551
4.6326883022
4.63154656702
4.63040463954
4.62926251932
4.62812020591
4.62697769891
4.62583499788
4.62469210241
4.6235490121
4.62240572655
4.62126224536
4.62011856814
4.61897469451
4.61783062409
4.6166863565
4.61554189137
4.61439722834
4.61325236704
4.61210730713
4.61096204824
4.60981659004
4.60867093217
4.6075250743
4.60637901609
4.60523275721
4.60408629733
4.60293963613
4.60179277327
4.60064570845
4.59949844135
4.59835097166
4.59720329906
4.59605542325
4.59490734394
4.5937590608
4.59261057356
4.59146188192
4.59031298557
4.58916388424
4.58801457764
4.58686506548
4.58571534747
4.58456542335
4.58341529283
4.58226495563
4.58111441149
4.57996366014
4.57881270129
4.5776615347
4.57651016009
4.5753585772
4.57420678577
4.57305478554
4.57190257626
4.57075015766
4.56959752951
4.56844469154
4.56729164351
4.56613838517
4.56498491627
4.56383123657
4.56267734583
4.5615232438
4.56036893025
4.55921440494
4.55805966763
4.55690471809
4.55574955608
4.55459418138
4.55343859375
4.55228279296
4.5511267788
4.54997055102
4.54881410941
4.54765745375
4.54650058381
4.54534349937
4.54418620021
4.54302868612
4.54187095688
4.54071301228
4.53955485209
4.53839647612
4.53723788414
4.53607907595
4.53492005134
4.5337608101
4.53260135202
4.53144167691
