13.7416450561
13.8394462702
13.9365994147
14.0331049285
14.1289632083
14.2241746353
14.3187395773
14.4126583908
14.5059314201
14.5985589984
14.6905414477
14.7818790791
14.8725721939
14.9626210835
15.0520260303
15.1407873081
15.2289051827
15.3163799127
15.40321175
15.4894009408
15.5749477258
15.6598523414
15.7441150201
15.8277359915
15.9107154829
15.9930537201
16.0747509283
16.1558073325
16.2362231588
16.3159986345
16.3951339896
16.4736294569
16.5514852732
16.6287016796
16.7052789229
16.7812172554
16.8565169366
16.9311782329
17.0052014193
17.0785867791
17.1513346054
17.2234452009
17.2949188793
17.3657559655
17.4359567963
17.5055217208
17.5744511014
17.6427453139
17.7104047483
17.7774298091
17.8438209161
17.9095785048
17.9747030267
18.0391949499
18.1030547596
18.1662829586
18.2288800675
18.2908466253
18.3521831895
18.4128903372
18.4729686646
18.532418788
18.5912413439
18.6494369892
18.7070064019
18.7639502813
18.8202693479
18.8759643444
18.9310360354
18.985485208
19.039312672
19.09251926
19.1451058279
19.197073255
19.2484224442
19.2991543224
19.3492698403
19.398769973
19.4476557202
19.4959281061
19.5435881796
19.5906370147
19.6370757105
19.6829053911
19.7281272062
19.7727423309
19.8167519657
19.860157337
19.9029596966
19.9451603224
19.9867605179
20.0277616125
20.0681649616
20.1079719463
20.1471839737
20.1858024767
20.2238289142
20.2612647705
20.298111556
20.3343708064
20.3700440831
20.4051329729
20.4396390877
20.4735640647
20.5069095659
20.5396772781
20.5718689126
20.603486205
20.634530915
20.665004826
20.6949097451
20.7242475022
20.7530199505
20.7812289654
20.8088764445
20.8359643071
20.862494494
20.8884689666
20.913889707
20.9387587169
20.9630780177
20.9868496495
21.010075671
21.0327581585
21.0548992054
21.0765009219
21.097565434
21.118094883
21.1380914249
21.1575572295
21.1764944798
21.1949053713
21.2127921113
21.2303592036
21.2474050695
21.2646065703
21.2811910629
21.297166741
21.3125415882
21.3273234189
21.3415198826
21.3551384646
21.3681864871
21.38067111
21.3925993317
21.4039779907
21.4148137662
21.4251131801
21.4348825984
21.4441282327
21.4528561424
21.4610722363
21.4687822752
21.4759918739
21.4827065037
21.4889314954
21.4946720414
21.4999331993
21.5047198948
21.5090369252
21.5128889624
21.5162805572
21.5192161429
21.5217000397
21.5237364586
21.5253295063
21.5264831902
21.5272014232
21.5274880293
21.5273475008
21.5267825443
21.5257953835
21.5243881843
21.5225630596
21.5203220744
21.5176672514
21.5146005763
21.5111307954
21.5072462414
21.5029556359
21.4982608829
21.4931638851
21.4876665526
21.4817708126
21.4754786207
21.4687919724
21.4617129173
21.4542435742
21.4463861486
21.4381429536
21.4295164327
21.4205091883
21.4111240143
21.4013639357
21.3912322572
21.3807326222
21.3698690877
21.3586462198
21.3470692174
21.3351440795
