9.13631
2.49340450323
2.55809871946
2.61481183362
2.67949007304
2.70984158054
2.72171352924
2.7248507732
2.72392123458
2.72110058662
2.71741295594
2.71334643444
2.70913584489
2.70489499343
2.70067930797
2.6965158478
2.69241773537
2.68839117698
2.68443887308
2.68056173563
2.67675971471
2.67303223294
2.6693784096
2.66579718174
2.66228737284
2.65884773399
2.65547697026
2.65217375855
2.64893676046
2.64576463179
2.6426560299
2.63960961938
2.63662407646
2.63369809254
2.63083037693
2.62801965886
2.62526468918
2.62256424147
2.6199171129
2.61732212485
2.61477812317
2.61228397843
2.60983858588
2.60744086541
2.60508976129
2.60278424196
2.60052329965
2.59830595006
2.59613123192
2.59399820656
2.59190595749
2.58985358987
2.5878402301
2.58586502532
2.58392714294
2.58202577014
2.58016011345
2.57832939822
2.57653286821
2.57476978514
2.57303942819
2.57134109364
2.56967409441
2.56803775961
2.5664314342
2.56485447857
2.56330626811
2.56178619291
2.56029365731
2.55882807962
2.55738889171
2.5559755387
2.55458747863
2.55322418213
2.55188513209
2.55056982339
2.54927776257
2.54800846757
2.54676146742
2.54553630198
2.54433252166
2.54314968718
2.5419873693
2.54084514859
2.53972261515
2.53861936843
2.53753501696
2.53646917815
2.53542147807
2.53439155121
2.53337904034
2.53238359624
2.53140487753
2.53044255051
2.52949628893
2.52856577384
2.52765069338
2.52675074267
2.52586562356
2.52499504455
2.52413872056
2.52329637284
2.52246772876
2.5216525217
2.52085049563
2.52006138603
2.51928494818
2.51852093807
2.517769117
2.51702925147
2.51630111304
2.51558447825
2.51487912842
2.51418484964
2.51350143257
2.5128286724
2.51216636869
2.5115143253
2.51087235027
2.51024025576
2.50961785788
2.50900497669
2.50840143602
2.50780706346
2.5072216902
2.50664515102
2.50607728414
2.50551793119
2.50496693708
2.50442414999
2.50388942124
2.50336260525
2.50284355943
2.50233214418
2.50182822273
2.50133166116
2.5008423283
2.50036009563
2.4998848373
2.49941643
2.49895475293
2.49849968775
2.49805111851
2.4976089316
2.49717301571
2.49674326174
2.49631956281
2.49590181415
2.4954899131
2.49508375904
2.49468325334
2.49428829931
2.49389880221
2.49351466914
2.49313580902
2.49276213256
2.49239355224
2.49202998222
2.49167133835
2.49131753808
2.4909685005
2.49062414624
2.49028439747
2.48994917783
2.48961841245
2.48929202789
2.48896995209
2.48865211438
2.48833844543
2.4880288772
2.48772334295
2.48742177719
2.48712411568
2.48683029534
2.48654025431
2.48625393186
2.48597126839
2.4856922054
2.48541668548
2.48514465226
2.48487605044
2.48461082569
2.4843489247
2.48409029513
2.48383488557
2.48358264558
2.48333352558
2.48308747693
2.48284445184
2.48260440337
2.48236728545
2.4821330528
2.48190166095
2.48167306624
2.48144722575
2.48122409733
2.48100363958
2.48078581182
2.48057057407
2.48035788705
