14631.672
544675.823028
561941.325502
571211.339178
575671.100918
577364.945263
577513.236382
576816.347501
575667.28126
574283.343031
572783.220644
571231.277705
569661.79775
568090.95371
566527.151001
564974.051245
563432.848324
561903.504432
560385.413268
558877.756785
557380.030276
555890.672106
554409.303838
552935.269776
551468.00439
550007.024291
548551.918577
547102.339103
545657.991409
544218.626615
542784.034343
541354.03665
539928.482851
538507.245144
537090.214927
535677.29969
534268.420419
532855.176515
531454.138528
530056.99081
528663.676201
527274.149328
525888.372815
524506.314999
523127.948469
521753.249106
520382.195395
519014.767933
517650.949044
516290.72248
514933.609197
513580.527442
512230.992429
510884.99407
509542.521206
508203.56258
506868.107159
505536.144223
504207.663352
502882.654395
501561.107428
500243.012723
498928.360715
497617.14198
496309.347213
495004.99308
493705.229166
492406.427535
491112.232808
489821.418365
488533.975033
487249.893616
485969.165055
484691.780433
483417.730952
482147.007899
480879.602626
479615.506533
478354.711061
477097.207684
475842.987906
474592.043256
473344.365293
472099.945597
470858.775773
469620.84745
468386.152278
467154.68193
465926.428102
464701.38251
463479.536892
462260.883008
461045.412639
459833.117584
458623.989668
457418.020731
456215.202638
455015.527272
453818.986537
452625.572357
446050.254368
446483.287836
446585.49769
446404.378758
445990.66906
445390.415978
444642.684801
443779.534775
442826.807307
441805.117655
440730.807202
439616.774883
438473.170852
437307.961836
436127.386329
434936.31685
433738.549726
432537.032779
431334.046521
430131.346872
428930.277828
427731.86029
426536.862069
425345.853029
424159.248496
422977.343432
421800.339311
420628.36525
419461.494616
418299.758067
417143.153783
415991.655478
414845.218677
413703.785616
412567.289065
411435.655296
410308.806383
409186.661977
408069.14067
406956.161026
405847.642364
404743.505338
403643.672362
402548.067911
401456.618729
400369.253961
399285.905229
398206.506668
397130.994915
396059.309096
394991.390766
393927.183862
392866.634626
391809.691532
390756.305206
389706.428341
388660.015615
387617.023607
386577.410714
385541.137066
384508.164454
383478.456308
382451.97737
381428.694013
380408.573904
379391.586008
378377.700522
377366.888817
376359.123377
375354.377744
374352.626469
373353.845054
372358.009914
371365.098322
370375.088372
369387.958937
368403.689626
367422.260753
366443.653297
365467.848871
364494.82969
363524.578539
362557.078747
361592.314162
360630.269118
359670.928418
358714.277306
357760.301451
356808.986919
355860.320158
354914.287979
353970.877536
353030.076314
352091.872107
351156.253007
350223.207388
349292.723895
348364.791428
347439.39913
346516.536378
