195.593688576
21.9952940783
21.924538521
21.857820258
21.7949963522
21.7359120635
21.6804201738
21.628382494
21.5796693648
21.5341589896
21.4917368071
21.4522949231
21.4157315969
21.3819507757
21.3508616729
21.3223783853
21.2964195438
21.2729079959
21.2517705156
21.2329375379
21.2163429161
21.2019236991
21.1896199267
21.1793744419
21.1711327178
21.1648426977
21.1604546485
21.1579210243
21.157196341
21.1582370593
21.1610014774
21.1654496545
21.171543291
21.1792455772
21.1885212275
21.1993363589
21.2116584208
21.2254561301
21.2406994107
21.2573593798
21.275409891
21.2948213027
21.3155680364
21.3376260207
21.3609725754
21.3855834076
21.4114363621
21.4385100978
21.4667840468
21.496238381
21.5330663354
21.5809375814
21.6296505157
21.6791955434
21.7295621894
21.7807402749
21.832719919
21.8854915318
21.9390458078
21.9933737183
22.0484665047
22.1043156725
22.1609129853
22.2182504588
22.2763203556
22.3351151803
22.3946276743
22.4548508118
22.5157777947
22.5774020493
22.6397172221
22.7027171758
22.7663959866
22.8307479402
22.8957675289
22.9614494492
23.0277885982
23.0947800715
23.1624191607
23.2307013511
23.2996223193
23.3691779315
23.4393642412
23.5101774876
23.5816140943
23.6536706669
23.7263439923
23.7996310369
23.8735289457
23.9480350409
24.0231468209
24.0988619595
24.1751783047
24.2520938785
24.3296068755
24.4077156629
24.4864187798
24.5657149366
24.6456030148
24.7260820669
24.8071513158
24.8888101551
24.9710581486
25.0538950311
25.1373207076
25.2213352541
25.3059389179
25.3911321174
25.4769154431
25.5632896577
25.650255697
25.7378146702
25.8259678609
25.9147167275
26.0040629047
26.0940082035
26.1845546133
26.275704302
26.3674596177
26.45982309
26.5527974309
26.6463855364
26.7405904879
26.8354155539
26.9308641916
27.0269400481
27.1236469628
27.220988969
27.3189702957
27.4175953697
27.5168688178
27.6167954687
27.7173803554
26.026660351
26.1228920165
25.2994387329
25.3463589639
25.3978007843
25.4535625054
25.5136323405
25.5780231637
25.6467545936
25.7198511016
25.7973418812
25.8792609275
25.9656471621
26.0565445862
26.1520024626
26.2520755264
26.3568242307
26.4663150265
26.5806206831
26.6998206527
26.8240014832
26.9532572853
27.0876902613
27.2274113015
27.3725406585
27.5232087084
27.6795568119
27.8417382877
28.0099195149
28.1842811844
28.3650197184
28.5523488874
28.7465016532
28.9477322748
29.1563187215
29.3725654435
29.5968065637
29.8294095653
30.0967707179
30.4853369781
30.8902615811
31.3125743852
31.7534596499
32.2142207152
32.6963215764
33.2014095217
33.7313456551
34.2882418249
34.8745056047
35.4928954807
36.146589097
36.8392683739
37.5752266673
38.3595050627
39.1980676901
40.0980300514
41.06796053
42.1182847345
43.2618372512
44.5146295186
45.8969428177
47.4349250296
49.1629953966
51.1275991953
53.3933310111
56.0534718898
59.2494006082
