2.43597254838
3.21322065424
3.93300190621
4.41753631343
4.6723188372
4.74958578789
4.72496419331
4.65323540879
4.56488270404
4.47463389214
4.38885260945
4.30986369986
4.23815774236
4.1734466961
4.11515154363
4.06262021286
4.01522010331
3.97237331098
3.93356627864
3.8983485395
3.86632724402
3.83716047145
3.81055060964
3.78623830367
3.76399712255
3.74362894175
3.72495998026
3.70783741296
3.69212647907
3.67770801439
3.66447634397
3.65233748071
3.64120758387
3.63101163812
3.62168232027
3.61315902561
3.60538703026
3.59831676965
3.59190321598
3.58610534044
3.58088564791
3.5762097738
3.57204613405
3.56836562093
3.5651413381
3.56234836947
3.55996357712
3.55796542442
3.55633382068
3.55504998465
3.55409632415
3.55345632975
3.55311448067
3.55305616123
3.55326758657
3.55373573637
3.5544482956
3.55539360142
3.55656059547
3.55793878089
3.55951818346
3.56128931649
3.56324314885
3.56537107595
3.56766489327
3.57011677206
3.57271923717
3.57546514663
3.57834767281
3.58136028514
3.584496734
3.58775103589
3.59111745961
3.59459051338
3.59816493294
3.60183567028
3.60559788327
3.60944692584
3.61337833876
3.61738784108
3.62147132196
3.62562483306
3.62984458134
3.63412692222
3.63846835318
3.6428655077
3.64731514942
3.6518141668
3.65635956781
3.66094847513
3.66557812139
3.67024584478
3.67494908478
3.67968537819
3.68445235521
3.68924773586
3.69406932645
3.69891501624
3.70378277429
3.70867064639
3.71357675214
3.71849928224
3.72343649572
3.72838671749
3.73334833607
3.73831980054
3.7432996191
3.74828635662
3.75327863255
3.75827511901
3.76327453884
3.76827566379
3.77327731278
3.77827835021
3.78327768437
3.78827426585
3.79326708606
3.79825517582
3.80323760396
3.80821347597
3.81318193277
3.81814214944
3.82309333407
3.82803472658
3.83296559764
3.83788524764
3.84279300563
3.84768822834
3.85257029925
3.8574386277
3.86229264794
3.86713181836
3.87195562061
3.87676355884
3.88155515894
3.88632996779
3.89108755256
3.89582750003
3.90054941589
3.90525292417
3.90993766657
3.91460330187
3.91924950538
3.92387596836
3.9284823975
3.93306851439
3.93763405501
3.94217876928
3.94670242055
3.95120478517
3.95568565207
3.96014482228
3.96458210859
3.96899733511
3.97339033688
3.97776095956
3.98210905898
3.98643450089
3.99073716056
3.99501692247
3.99927368
4.00350733515
4.00771779821
4.01190498748
4.01606882903
4.02020925639
4.02432621031
4.02841963854
4.03248949551
4.03653574221
4.04055834584
4.04455727968
4.04853252286
4.05248406012
4.05641188164
4.06031598285
4.06419636422
4.06805303111
4.07188599357
4.07569526617
4.07948086786
4.08324282179
4.08698115516
4.09069589907
4.09438708837
4.09805476155
4.10169896055
4.10531973069
4.10891712049
4.11249118157
4.11604196855
4.11956953888
4.12307395279
4.12655527313
4.1300135653
4.13344889712
4.13686133877
4.14025096264
4.14361784329
4.14696205731
