13.278
25.9003650348
25.9745587219
26.0693110149
26.1826403004
26.3128229909
26.458359275
26.617940157
26.790418098
26.974781734
27.1701347613
27.3756781277
27.590695328
27.8145401363
28.0466264217
28.2864196794
28.5334299295
28.787205833
29.0473296897
29.3134133051
29.5850944859
29.862034096
30.143913576
30.4304328508
30.7213085633
31.016272582
31.3150707384
31.6174617582
31.9232163535
32.2321164515
32.5439545354
32.8585330798
33.1756640621
33.4951685387
33.8168762715
34.1406253961
34.4662621227
34.793640462
35.1226219711
35.4530755132
35.7848770281
36.1179093098
36.4520617875
36.7872303107
37.1233169335
37.4602297007
37.7978824314
38.1361945027
38.4750906327
38.8145006611
39.1543593309
39.4946060692
39.8351847687
40.1760435701
40.5171346466
40.8584139912
41.1998412062
41.5413792975
41.8829944727
42.224655945
42.5663357415
42.9080085187
43.2496513838
43.5912437228
43.9327670357
44.2742047791
44.6155422159
44.9567662729
45.2978654056
45.6388294703
45.9796496042
46.3203181123
46.6608283619
47.0011746836
47.3413522797
47.6813571384
48.0211859549
48.3608360584
48.7003053444
49.0395922133
49.3786955132
49.7176144885
50.0563487321
50.3948981335
50.7332636589
51.0714433546
51.4094401563
51.7472540533
52.0848859592
52.4223341952
52.7596080659
53.0967006048
53.4336158399
53.7703551166
54.1069198204
54.4433113671
54.7795311934
55.1155807484
55.4514614868
55.7871748624
56.1227223295
56.4581053059
56.7933252345
57.1283835146
57.463281532
57.7980206509
58.1326022116
58.4670275294
58.8012978938
59.1354145677
59.4693787867
59.8031917591
60.1368546655
60.4703686595
60.8037348668
61.1369543864
61.4700282905
61.802957625
62.13574341
62.4683866401
62.8008882851
63.1332492907
63.4654705788
63.7975530482
64.1294975752
64.461305014
64.7929761978
65.1245119385
65.4559130283
65.7871802395
66.1183143253
66.4493160202
66.7801860409
67.1109250865
67.4415338388
67.7720129632
68.1023631091
68.4325849099
68.7626789842
69.0926459353
69.4224863523
69.7522008105
70.0817898712
70.4112540825
70.7405939797
71.0698100855
71.3989029102
71.7278729522
72.0567206984
72.3854466243
72.7140511943
73.042534862
73.3708980707
73.6991412532
74.0272648325
74.3552692219
74.6831548249
75.0109220361
75.3385712407
75.6661028153
75.9935171278
76.3208145375
76.6479953958
76.9750600458
77.3020088227
77.6288420541
77.9555600602
78.2821631537
78.6086516401
78.9350258179
79.2612859789
79.5874324079
79.9134653833
80.239385177
80.5651920547
80.8908862758
81.2164680936
81.5419377558
81.8672955041
82.1925415745
82.5176761974
82.8426995981
83.1676119962
83.4924136062
83.8171046376
84.1416852947
84.4661557771
84.7905162794
85.1147669916
85.4389080989
85.7629397821
86.0868622176
86.4106755774
86.734380029
87.0579757361
87.3814628578
87.7048415496
88.0281119627
88.3512742446
88.6743285389
