33823.2
63266.3131345
55603.0656342
48831.4170227
45573.2566743
44305.1357576
43844.3655703
43711.0730698
43720.4276084
43796.1507496
43904.4430118
44029.5774417
44163.9894604
44303.9348654
44447.4992069
44593.6555494
44741.8155948
44891.6106975
45042.7879231
45195.1539535
45348.5514797
45502.8452844
45657.9152988
45813.6528005
45969.9581896
46126.7395742
46283.9117858
46441.395633
46599.1173004
46757.0078403
46915.0027333
47073.0415013
47231.0673632
47389.0269292
47546.8699266
47704.5489545
47862.0192643
48019.2385625
48176.1668346
48332.7661853
48489.0006964
48644.8362984
48800.2406535
48955.1830519
49109.6343161
49263.5667152
49416.9538861
49569.7707625
49721.9935092
49873.5994628
50024.5670757
50174.8758663
50324.5063717
50473.4401039
50621.6595102
50769.1479345
50915.8895828
51061.8694897
51207.0734876
51351.4881771
51495.1008997
51637.899711
51779.8733563
51921.0112467
52061.3034361
52200.7406003
52339.3140155
52477.0155392
52613.8375903
52749.7731317
52884.8156514
53018.9591467
53152.1981065
53284.5274965
53415.9427427
53546.4397171
53676.0147229
53804.6644806
53932.3861139
54059.1771372
54185.0354416
54309.9592834
54433.9472709
54556.9983534
54679.1118086
54800.2872325
54920.524527
55039.8238905
55158.1858066
55275.6110342
55392.1005976
55507.6557768
55622.278098
55735.9693242
55848.7314471
55960.5666771
56071.4774362
56181.466348
56290.5362315
56398.690092
56505.9311136
56612.2626522
56717.6882278
56822.2115176
56925.8423401
57028.5726434
57130.4125692
57231.3663545
57331.438363
57430.6330766
57528.9550898
57626.4091047
57722.9999246
57818.732449
57913.6116687
58007.6426603
58100.8305815
58193.1806666
58284.6982213
58375.3886189
58465.2572957
58554.3097465
58642.5515211
58729.9882199
58816.6254903
58902.4690229
58987.5245484
59071.7978337
59155.2946778
59238.0209108
59319.9823882
59401.1849898
59481.6346155
59561.337184
59640.2986277
59718.5248935
59796.0219362
59872.7957201
59948.8522138
60024.1973891
60098.8372184
60172.7776739
60246.0247235
60318.5843301
60390.4624504
60461.6650315
60532.1980108
60602.0673134
60671.2788501
60739.8385178
60807.7521956
60875.0257456
60941.6650101
61007.6758115
61073.0639503
61137.8352036
61201.9953256
61265.5500447
61328.5050642
61390.8660603
61452.6386808
61513.8285464
61574.4412469
61634.4823431
61693.9573651
61752.8718104
61811.2311454
61869.040804
61926.306186
61983.0326582
62039.2255527
62094.8901674
62150.0317651
62204.6555723
62258.766781
62312.3705457
62365.4719852
62418.0761816
62470.1881797
62521.8129878
62572.9555756
62623.6208763
62673.8137849
62723.5391584
62772.8018162
62821.606539
62869.9580706
62917.8611152
62965.3203397
63012.3403723
63058.9258032
63105.0811838
63150.8110283
63196.1198117
63241.0119713
63285.4919063
63329.5639782
63373.2325102
63416.5017877
63459.3760588
