-36.781368297
845.373775655
844.35893536
843.32082803
842.260460658
841.178609995
840.075948411
838.953095883
837.810640987
836.649149458
835.469167778
834.271224791
833.05583252
831.823486683
830.574667091
829.309837987
828.029448386
826.733932403
825.423709576
824.099185203
822.760750667
821.40878377
820.043649061
818.665698173
817.275270145
815.872691755
814.458277846
813.032331646
811.595145096
810.146999159
808.68816414
807.218899997
805.739456643
804.250074252
802.750983555
801.242406132
799.724554704
798.197633411
796.661838095
795.11735657
793.564368893
792.003047623
790.433558079
788.856058595
787.270700766
785.677629684
784.076984183
782.468897062
780.853495314
779.230900346
777.601228195
775.964589735
774.321090885
772.670832807
771.013912101
769.350420996
767.680447536
766.004075757
764.321385867
762.632454414
760.937354458
759.236155727
757.52892478
755.815725158
754.096617539
752.371658516
750.64090626
748.904412264
747.162227167
745.414399428
743.66097546
741.90199975
740.137514981
738.367562154
736.592180693
734.811408565
733.025282382
731.23383751
729.437108164
727.635127515
725.827927783
724.015540328
722.197995745
720.375323951
718.547554269
716.714715514
714.876836075
713.033943989
711.186067023
709.333232746
707.475468601
705.612801973
703.745260263
701.872870949
699.995661652
698.113660195
696.22689467
694.33539349
692.439185448
690.538299773
688.632766181
686.722614927
684.807876855
682.888583446
680.964766864
679.036460001
677.10369652
675.166510896
673.224938458
671.279015425
669.328778942
667.374267121
665.415519067
663.452574919
661.485475873
659.514264216
657.538983353
655.559677832
653.576393374
651.589176889
649.598076505
647.603141586
645.60442275
643.601971888
641.595842185
639.586088126
637.572765517
635.555931495
633.535644539
631.511964478
629.48497435
627.45469106
625.421203222
623.384575624
621.344874729
619.302168507
617.256526357
615.208019077
613.156718843
611.102699207
609.046035083
606.986802742
604.925079799
602.860945211
600.794479256
598.725763527
596.654880916
594.581915597
592.50695301
590.430079846
588.351384025
586.270954674
584.188882109
582.105257808
580.020174391
577.933725591
575.84600623
573.757112186
571.667140373
569.576188703
567.484356056
565.391742252
563.298448014
561.204574935
559.11022544
557.015502757
554.920510869
552.825354487
550.730139002
548.634970452
546.539955477
544.445201279
542.350815582
540.256906588
538.16358293
536.070953635
533.979127902
531.888193561
529.798306268
527.709551775
525.622040774
523.535883848
521.451191554
519.368074433
517.286642987
515.20700764
513.129278693
511.053566283
508.979980328
506.90863049
504.839626118
502.773076206
500.709089347
498.647773682
496.589236854
494.533585967
492.480927533
490.43136743
488.385010857
486.34196229
-36.781368297
845.373775655
844.35893536
843.32082803
842.260460658
841.178609995
840.075948411
838.953095883
837.810640987
836.649149458
835.469167778
834.271224791
833.05583252
831.823486683
830.574667091
829.309837987
828.029448386
826.733932403
825.423709576
824.099185203
822.760750667
821.40878377
820.043649061
818.665698173
817.275270145
815.872691755
814.458277846
813.032331646
811.595145096
810.146999159
808.68816414
807.218899997
805.739456643
804.250074252
802.750983555
801.242406132
799.724554704
798.197633411
796.661838095
795.11735657
793.564368893
792.003047623
790.433558079
788.856058595
787.270700766
785.677629684
784.076984183
782.468897062
780.853495314
779.230900346
777.601228195
775.964589735
774.321090885
772.670832807
771.013912101
769.350420996
767.680447536
766.004075757
764.321385867
762.632454414
760.937354458
759.236155727
757.52892478
755.815725158
754.096617539
752.371658516
750.64090626
748.904412264
747.162227167
745.414399428
743.66097546
741.90199975
740.137514981
738.367562154
736.592180693
734.811408565
733.025282382
731.23383751
729.437108164
727.635127515
725.827927783
724.015540328
722.197995745
720.375323951
718.547554269
716.714715514
714.876836075
713.033943989
711.186067023
709.333232746
707.475468601
705.612801973
703.745260263
701.872870949
699.995661652
698.113660195
696.22689467
694.33539349
692.439185448
690.538299773
688.632766181
686.722614927
684.807876855
682.888583446
680.964766864
679.036460001
677.10369652
675.166510896
673.224938458
671.279015425
669.328778942
667.374267121
665.415519067
663.452574919
661.485475873
659.514264216
657.538983353
655.559677832
653.576393374
651.589176889
649.598076505
647.603141586
645.60442275
643.601971888
641.595842185
639.586088126
637.572765517
635.555931495
633.535644539
631.511964478
629.48497435
627.45469106
625.421203222
623.384575624
621.344874729
619.302168507
617.256526357
615.208019077
613.156718843
611.102699207
609.046035083
606.986802742
604.925079799
602.860945211
600.794479256
598.725763527
596.654880916
594.581915597
592.50695301
590.430079846
588.351384025
586.270954674
584.188882109
582.105257808
580.020174391
577.933725591
575.84600623
573.757112186
571.667140373
569.576188703
567.484356056
565.391742252
563.298448014
561.204574935
559.11022544
557.015502757
554.920510869
552.825354487
550.730139002
548.634970452
546.539955477
544.445201279
542.350815582
540.256906588
538.16358293
536.070953635
533.979127902
531.888193561
529.798306268
527.709551775
525.622040774
523.535883848
521.451191554
519.368074433
517.286642987
515.20700764
513.129278693
511.053566283
508.979980328
506.90863049
504.839626118
502.773076206
500.709089347
498.647773682
496.589236854
494.533585967
492.480927533
490.43136743
488.385010857
486.34196229
