89.63148
147.128812812
147.105626137
147.077749946
147.053024239
147.032461202
147.016010964
147.003467457
146.994610665
146.989229603
146.987126434
146.98811735
146.992032675
146.998716633
147.008026876
147.019833854
147.034020067
147.050479233
147.069115413
147.089842123
147.112581442
147.137263146
147.163823872
147.192206323
147.222358526
147.254233128
147.287786759
147.322979437
147.359774028
147.39813576
147.438031775
147.479430739
147.522302482
147.56661769
147.612347627
147.65946389
147.707938207
147.757742251
147.808847491
147.861225067
147.914845685
147.969679535
148.025696229
148.082864762
148.141153476
148.200530056
148.260961529
148.322414275
148.384854057
148.448246055
148.512554908
148.577744767
148.643779357
148.710622038
148.778235874
148.846583711
148.915628247
148.985332116
149.055657964
149.126568531
149.198026733
149.269995735
149.342439037
149.415320542
149.488604637
149.562256255
149.636240948
149.710524944
149.785075211
149.859859507
149.934846429
150.010005461
150.085307008
150.160722436
150.236224096
150.311785351
150.387380596
150.462985268
150.538575862
150.614129931
150.689626088
150.765044004
150.8403644
150.915569032
150.990640686
151.065563151
151.140321202
151.214900581
151.289287964
151.363470949
151.43743795
151.511178422
151.584682392
151.657940831
151.730819147
151.803688532
151.87616337
151.948363588
152.020283598
152.091918345
152.163263333
152.234314589
152.305068627
152.375522416
152.445673352
152.515519227
152.585058198
152.654288763
152.723209735
152.791820211
152.860119557
152.928107374
152.995783487
153.063147915
153.130200857
153.196942674
153.263373867
153.329495065
153.39530701
153.460810538
153.526021692
153.59089517
153.655480189
153.719759952
153.783736525
153.847411092
153.910784861
153.973859057
154.036634916
154.099113683
154.1612966
154.223184908
154.28477984
154.346082618
154.407094448
154.467816523
154.528250013
154.588396073
154.64825583
154.707830391
154.767120839
154.826128231
154.8848536
154.943297953
155.001462274
155.059347519
155.116954621
155.174284489
155.231338008
155.28811604
155.344619427
155.400848988
155.456805522
155.51248981
155.567902614
155.623044679
155.677916735
155.732519497
155.786853665
155.840919929
155.894718966
155.948251443
156.001518018
156.054519342
156.107256058
156.159728803
156.21193821
156.263884908
156.315569523
156.36699268
156.418155002
156.469057112
156.519699635
156.570083196
156.620208425
156.670075952
156.719686414
156.769040449
156.818138703
156.866981828
156.915570481
156.963905325
157.011987033
157.059816284
157.107393767
157.154720177
157.201796221
157.248622613
157.295200079
157.341529354
157.387611183
157.433446321
157.479035536
157.524379604
157.569479315
157.614335467
157.658948872
157.703320352
157.747450742
157.791340886
