0.0024646367193
0.00248387002197
0.00250260756222
0.00252085553137
0.00253861541117
0.00255588880656
0.00257267783063
0.00258898524672
0.00260481442114
0.00262016929435
0.00263505435053
0.00264947458634
0.00266343547929
0.00267694295584
0.00269000335939
0.00270262341849
0.00271481021523
0.00272657115405
0.0027379139312
0.00274884650471
0.0027593770653
0.00276951400805
0.00277926590509
0.00278864147926
0.00279764957891
0.00280629915378
0.00281459923204
0.00282255889854
0.00283018727422
0.00283749349679
0.00284448670251
0.00285117600928
0.00285757050081
0.00286367921202
0.00286951111554
0.00287507510929
0.00288038000519
0.00288543451884
0.00289024726025
0.00289482672545
0.00289918128908
0.00290331919782
0.00290724856463
0.00291097736375
0.00291451342651
0.00291786443771
0.00292103793276
0.00292404129534
0.00292688175568
0.00292956638929
0.00293210211624
0.00293449570082
0.00293675375167
0.00293888272224
0.00294088891156
0.00294277846538
0.00294455737755
0.00294623149164
0.00294780650279
0.00294928795973
0.00295068126705
0.00295199168749
0.00295322434446
0.00295438422463
0.0029554761806
0.00295650493364
0.00295747507653
0.00295839107637
0.00295925727748
0.00296007790426
0.00296085706413
0.00296159875038
0.00296230684507
0.00296298512184
0.00296363724879
0.0029642667912
0.00296487721432
0.00296547188599
0.00296605407935
0.00296662697532
0.0029671936652
0.00296775715304
0.00296832035805
0.00296888611688
0.00296945718585
0.00297003624311
0.0029706258907
0.00297122865654
0.00297184699635
0.00297248329551
0.00297313987077
0.00297381897196
0.00297452278355
0.00297525342622
0.00297601295826
0.00297680337692
0.00297762661973
0.00297848456568
0.00297937903634
0.00298031179695
0.00298128455738
0.00298229897304
0.00298335664574
0.00298445912444
0.00298560790598
0.00298680443573
0.00298805010814
0.00298934626727
0.00299069420728
0.0029920951728
0.0029935503593
0.00299506091338
0.00299662793302
0.0029982524678
0.00299993551904
0.00300167803989
0.00300348093548
0.00300534506288
0.00300727123116
0.00300926020132
0.0030113126863
0.00301342935082
0.00301561081134
0.00301785763592
0.00302017034407
0.00302254940663
0.0030249952456
0.00302750823393
0.00303008869544
0.00303273690457
0.00303545308627
0.0030382374158
0.00304109001864
0.00304425569911
0.00304747673834
0.00304140666716
0.00303619070335
0.00303178371486
0.00302814484214
0.00302523596829
0.00302302136087
0.00302146745541
0.00302054267268
0.00302021725645
0.00302046312867
0.00302125375994
0.00302256405379
0.00302437024329
0.00302664979876
0.00302938134557
0.00303254459105
0.00303612025966
0.00304009003578
0.00304443651347
0.00304914315258
0.00305419424084
0.00305957486152
0.00306527086623
0.00307126885265
0.00307755614695
0.00308412079069
0.00309095153216
0.00309803782192
0.00310536981273
0.00311293836379
0.00312073504937
0.00312875217208
0.00313698278106
0.00314542069523
0.00315405637482
0.00316288434353
0.00317190141562
0.00318110530494
0.00319049468612
0.0032000692665
0.00320982986914
0.00321977852967
0.00322991696152
0.00324025333873
0.00325079237899
0.00326154230312
0.00327251333744
0.00328371796647
0.00329517123403
0.00330689110355
0.00331889889216
0.00333121979692
0.00334388353757
0.00335692514777
0.00337038595797
0.00338431482839
0.00339876971264
0.0034138196656
0.00342954745772
0.00344605303354
0.00346345817153
0.00348191289751
0.00350160453529
0.00352277086746
0.00354571998369
