4.485
4.50050386688
4.51581214618
4.53092515128
4.54584327589
4.56056694926
4.57509662455
4.5894327721
4.60357587569
4.61752643054
4.63128494227
4.64485192655
4.65822790904
4.67141342549
4.68440902201
4.6972152553
4.70983269287
4.72226191325
4.73450350622
4.74655807289
4.75842622582
4.77010858905
4.7816057981
4.79291849992
4.80404735277
4.81499302611
4.82575620036
4.8363375667
4.84673782676
4.8569576923
4.86699788483
4.87685913522
4.88654218315
4.89604777669
4.90537667169
4.91452963114
4.92350742456
4.93231082725
4.94094061953
4.94939758589
4.95768251411
4.96579619433
4.97373941796
4.98151297664
4.98911766105
4.99655425961
5.00382355722
5.01092633369
5.01786336101
5.02463540557
5.03124322239
5.03768755452
5.04396913097
5.05008866454
5.05604684934
5.06184435824
5.06748184004
5.07295991647
5.07827917884
5.08344018452
5.08844345306
5.09328946199
5.09797864224
5.10251137319
5.10688797726
5.11110871407
5.11517377403
5.11908327141
5.12283723686
5.12643560895
5.12987822622
5.13316481687
5.13629498906
5.13926821931
5.14208384183
5.14474103615
5.14723881467
5.14957600994
5.15175126216
5.1537630071
5.1556094654
5.15728863386
5.15879828007
5.16013594177
5.16129893309
5.16228436007
5.16308914847
5.16371008766
5.16414389457
5.16438730195
5.16443717625
5.16429066688
5.16394538992
5.16339964437
5.16265265489
5.16170482894
5.16055800944
5.15921569754
5.1576832159
5.15596778313
5.1540784761
5.152026072
5.14982276258
5.14748179033
5.14501701775
5.14244248645
5.13977200544
5.13701880164
5.13419525216
5.13131270459
5.12838138005
5.12541034669
5.12240754754
5.11937986648
5.1163332177
5.11327264649
5.11020243309
5.10712619335
5.1040469725
5.10096733001
5.09788941435
5.09481502856
5.09174568607
5.08868265833
5.08562701497
5.08257965748
5.07954134723
5.07651272883
5.07349434937
5.07048667445
5.06749010129
5.0645049696
5.06153157196
5.05857015664
5.05562093842
5.05268410186
5.04975980549
5.04684818518
5.04394935695
5.04106341935
5.03819045534
5.03533053394
5.03248371162
5.02965003338
5.02682953378
5.02402223772
5.02122816117
5.01844731179
5.01567968941
5.01292528657
5.01018408888
5.00745607539
5.00474121895
5.00203948649
4.99935083934
4.9966752334
4.99401261947
4.99136294344
4.98872614648
4.98610216528
4.98349093223
4.9808923756
4.97830641973
4.97573298521
4.97317198901
4.9706233447
4.96808696257
4.96556274981
4.96305061064
4.96055044648
4.9580621561
4.95558563574
4.95312077927
4.95066747833
4.94822562245
4.9457950992
