15.5170011782
11.4212530694
11.3487771821
11.0064995476
11.054796805
11.0801072612
11.0918982486
11.0794063448
11.0802647456
11.0801660375
11.0797110818
11.0791758456
11.0786850159
11.0782913418
11.0780132602
11.0778530986
11.0778059451
11.0778639595
11.0780184369
11.0782607648
11.0785828374
11.0789772043
11.0794370968
11.079956397
11.0805295858
11.0811516831
11.0818181905
11.0825250378
11.0832685348
11.0840453287
11.0848523659
11.0856868597
11.0865462602
11.0874282298
11.0883306204
11.0892514537
11.0901889039
11.0911412829
11.0921070266
11.0930846831
11.0940729019
11.0950704254
11.0960760801
11.0970887696
11.098107468
11.0991312142
11.1001591068
11.1011902993
11.1022239962
11.1032594492
11.1042959539
11.1053328471
11.1063695033
11.1074053336
11.1084397816
11.1094723233
11.110502464
11.1115297375
11.1125537034
11.1135739469
11.1145900767
11.1156017246
11.1166085428
11.1176102048
11.1186064028
11.1195968489
11.1205812709
11.1215594152
11.1225310435
11.1234959328
11.1244538754
11.1254046769
11.1263481573
11.1272841495
11.1282124976
11.1291330589
11.1300457014
11.1309503046
11.1318467576
11.1327349596
11.1336148204
11.1344862576
11.1353491988
11.136203579
11.1370493417
11.1378864384
11.1387148269
11.1395344735
11.1403453501
11.1411474353
11.1419407148
11.1427251781
11.1435008223
11.1442676486
11.1450256637
11.1457748795
11.1465153084
11.1472469771
11.1479699077
11.1486841276
11.1493896697
11.1500865697
11.1507748663
11.1514546017
11.1521258213
11.1527885737
11.1534429083
11.1540888785
11.1547265404
11.1553559508
11.1559771699
11.1565902585
11.1571952805
11.1577923003
11.1583813848
11.1589626017
11.1595360203
11.1601017105
11.1606597441
11.1612101931
11.161753131
11.1622886321
11.1628167704
11.1633376221
11.1638512634
11.16435777
11.1648572194
11.1653496881
11.165835254
11.1663139951
11.1667859883
11.1672513126
11.1677100456
11.1681622644
11.168608048
11.1690474739
11.1694806194
11.1699075619
11.1703283792
11.1707431482
11.1711519444
11.1715548453
11.1719519266
11.1723432633
11.1727289307
11.173109004
11.1734835564
11.1738526625
11.1742163949
11.1745748269
11.1749280297
11.1752760751
11.1756190338
11.1759569769
11.1762899731
11.176618092
11.1769414016
11.17725997
11.1775738646
11.177883151
11.1781878955
11.1784881635
11.1787840181
11.1790755244
11.1793627447
11.1796457412
11.1799245759
11.1801993093
11.1804700023
11.1807367131
11.1809995013
11.1812584249
11.1815135408
11.1817649064
11.1820125773
11.182256608
11.1824970544
11.1827339684
11.1829674054
11.1831974163
11.1834240534
11.1836473671
11.1838674084
11.1840842272
11.1842978716
11.1845083912
11.1847158327
11.1849202431
11.1851216697
11.1853201576
11.1855157515
11.1857084962
11.1858984357
11.1860856123
11.1862700706
11.18645185
11.1866309945
11.1868075422
11.1869815352
11.1871530119
