0.00909909596121
0.0121657424521
0.0151475650008
0.0173032363155
0.0185084455321
0.0189876599571
0.0190402949062
0.0188578968836
0.0185508614989
0.0181771950994
0.0177680827171
0.0173412980765
0.0169076885578
0.0164742787128
0.0160458101608
0.0156255456452
0.0152157295594
0.0148178735223
0.0144329478711
0.0140615177824
0.0137038439209
0.0133599586895
0.0130297248236
0.0127128806631
0.0124090753521
0.0121178960555
0.0118388890393
0.0115715758853
0.0113154658862
0.0110700654333
0.0108348850395
0.0106094445075
0.0103932766465
0.0101859298583
0.00998696984616
0.00979598064922
0.00961256516018
0.00943634525334
0.00926696162129
0.00910407339837
0.00894735763139
0.00879650864501
0.00865123733829
0.00851127044038
0.00837634974685
0.00824623135253
0.00812068489288
0.00799949280249
0.00788244959687
0.00776936118161
0.00766004419168
0.00755432536219
0.00745204093149
0.00735303607635
0.0072571643788
0.00716428732387
0.00707427382706
0.00698699979031
0.00690234768515
0.00682020616168
0.00674046968194
0.00666303817626
0.00658781672126
0.0065147152383
0.0064436482108
0.00637453441966
0.0063072966952
0.00624186168484
0.00617815963543
0.00611612418914
0.00605569219217
0.00599680351538
0.005939400886
0.00588342972976
0.00582883802275
0.00577557615225
0.00572359678613
0.00567285475007
0.00562330691223
0.00557491207478
0.0055276308719
0.00548142567384
0.00543626049658
0.00539210091683
0.0053489139919
0.0053066681843
0.00526533329058
0.00522488037427
0.00518528170269
0.00514651068719
0.00510854182688
0.00507135065546
0.0050349136909
0.00499920838805
0.00496421309376
0.00492990700441
0.00489627012583
0.0048632832353
0.00483092784561
0.00479918617106
0.00476804109519
0.00473747614028
0.00470747543836
0.00467802370379
0.00464910620725
0.00462070875102
0.00459281764555
0.00456541968722
0.00453850213794
0.00451205270227
0.0044860595124
0.00446051110742
0.00443539641672
0.00441070474359
0.00438642574963
0.00436254943989
0.00433906614874
0.00431596652646
0.00429324152633
0.00427088239251
0.00424888064835
0.00422722808528
0.00420591675229
0.00418493894575
0.00416428719984
0.00414395427732
0.00412393316077
0.0041042170442
0.00408479932503
0.00406567359647
0.00404683364015
0.00402827341919
0.00400998707145
0.00399196890321
0.00397421338295
0.0039567151356
0.00393946893683
0.00392246970776
0.00390571250977
0.00388919253959
0.00387290512459
0.0038568457182
0.00384100989565
0.00382539334974
0.00380999188687
0.00379480142323
0.00377981798108
0.00376503768526
0.00375045675979
0.0037360715246
0.00372187839241
0.00370787386573
0.00369405453398
0.00368041707068
0.00366695823083
0.00365367484829
0.00364056383334
0.00362762217032
0.00361484691529
0.00360223519386
0.00358978419909
0.0035774911894
0.00356535348663
0.00355336847414
0.00354153359498
0.00352984635015
0.00351830429686
0.00350690504692
0.00349564626517
0.00348452566791
0.00347354102149
0.00346269014085
0.00345197088816
0.00344138117151
0.00343091894359
0.00342058220052
0.00341036898059
0.00340027736316
0.00339030546753
0.00338045145184
0.00337071351206
0.00336108988097
0.00335157882717
0.00334217865418
0.00333288769948
0.00332370433366
0.00331462695955
0.00330565401138
0.00329678395404
0.0032880152822
0.00327934651967
0.00327077621858
0.00326230295874
0.00325392534691
0.00324564201617
0.00323745162524
0.0032293528579
0.00322134442236
0.00321342505065
0.00320559349812
