-13.2808505492
-8.92397253412
-8.9322133203
-8.87159692288
-8.87233554812
-8.86831841786
-8.84928163513
-8.84321543653
-8.8380228676
-8.83350428206
-8.82952007976
-8.82597489053
-8.82279974688
-8.81994155103
-8.81735741515
-8.81501161564
-8.81287383249
-8.81091805079
-8.80912181035
-8.80746565087
-8.80593267645
-8.80450816693
-8.80317944003
-8.8019352728
-8.80076600462
-8.79966318549
-8.7986194432
-8.79762834013
-8.79668424917
-8.79578224594
-8.79491801558
-8.79408777212
-8.79328818859
-8.792516337
-8.79176963606
-8.79104580655
-8.79034283242
-8.78965892737
-8.78899250599
-8.78834215899
-8.78770663132
-8.78708480369
-8.78647567641
-8.78587835519
-8.785292039
-8.78471600939
-8.78414962117
-8.78359229424
-8.78304350653
-8.78250278757
-8.78196971309
-8.78144390001
-8.78092500227
-8.78041270687
-8.77990673041
-8.77940681625
-8.7789127316
-8.77842426527
-8.77794122533
-8.77746343735
-8.77699074248
-8.77652299605
-8.77606006606
-8.77560183197
-8.77514818344
-8.77469901953
-8.77425424752
-8.77381378217
-8.77337754508
-8.77294546383
-8.77251747142
-8.77209350579
-8.77167350918
-8.77125742782
-8.77084521135
-8.77043681262
-8.77003218733
-8.7696312935
-8.76923409154
-8.76884054377
-8.76845061428
-8.76806426872
-8.76768147411
-8.76730219871
-8.76692641186
-8.76655408377
-8.76618518561
-8.76581968917
-8.76545756695
-8.76509879196
-8.76474333768
-8.76439117809
-8.76404228747
-8.76369664039
-8.76335421177
-8.76301497663
-8.76267891035
-8.76234598835
-8.76201618623
-8.76168947974
-8.76136584468
-8.76104525698
-8.76072769263
-8.76041312771
-8.76010153828
-8.75979290052
-8.75948719062
-8.75918438483
-8.75888445854
-8.75858738988
-8.75829315426
-8.75800172811
-8.75771308787
-8.75742720999
-8.75714407094
-8.75686364735
-8.7565859158
-8.75631085297
-8.75603843556
-8.75576864033
-8.75550144414
-8.75523682394
-8.75497475666
-8.75471521938
-8.75445818926
-8.75420364349
-8.75395155945
-8.75370191452
-8.75345468622
-8.75320985217
-8.7529673901
-8.7527272778
-8.75248949331
-8.75225401463
-8.75202081994
-8.7517898876
-8.75156119602
-8.75133472379
-8.75111044956
-8.75088835226
-8.75066841079
-8.75045060434
-8.75023491214
-8.7500213136
-8.74980978829
-8.74960031592
-8.74939287635
-8.74918744959
-8.74898401581
-8.7487825553
-8.74858304861
-8.74838547634
-8.74818981929
-8.74799605841
-8.74780417482
-8.7476141498
-8.74742596485
-8.74723960148
-8.7470550415
-8.74687226684
-8.74669125962
-8.74651200201
-8.74633447653
-8.74615866569
-8.7459845523
-8.74581211918
-8.74564134948
-8.74547222641
-8.74530473332
-8.74513885381
-8.74497457161
-8.74481187054
-8.74465073466
-8.74449114818
-8.74433309542
-8.74417656093
-8.74402152935
-8.74386798549
-8.74371591435
-8.74356530103
-8.74341613086
-8.74326838923
-8.74312206175
-8.74297713415
-8.74283359229
-8.74269142224
-8.74255061018
-8.74241114241
-8.74227300542
-8.7421361858
-8.74200067036
-8.74186644593
-8.74173349957
-8.74160181849
-8.74147138995
-8.74134220146
-8.74121424056
-8.74108749501
-8.74096195261
-8.7408376014
