63.5209994811
63.5251711687
63.5293655768
63.5335833705
63.5378249003
63.5420904464
63.5463802721
63.5506946365
63.5550337968
63.5593980096
63.5637875308
63.568202616
63.5726435201
63.5771104981
63.5816038044
63.5861236932
63.5906704184
63.5952442335
63.599845392
63.6044741465
63.6091307495
63.6138154529
63.6185285081
63.6232701658
63.6280406758
63.6328402872
63.6376692481
63.6425278056
63.6474162056
63.6523346925
63.6572835095
63.662262898
63.6672730978
63.6723143468
63.6773868808
63.6824909335
63.6876267359
63.6927945169
63.6979945023
63.7032269152
63.7084919754
63.7137898996
63.7191209006
63.724485188
63.7298829668
63.7353144384
63.7407797995
63.746279242
63.7518129532
63.7573811151
63.7629839042
63.7686214915
63.7742940418
63.780001714
63.7857446601
63.7915230255
63.7973369483
63.8031865594
63.8090719816
63.8149933298
63.8209507104
63.8269442211
63.8329739501
63.8390399765
63.8451423693
63.8512811872
63.8574564782
63.8636682792
63.8699166157
63.8762015012
63.8825229367
63.8888809107
63.8952753981
63.9017063602
63.908173744
63.9146774821
63.9212174915
63.9277936736
63.9344059139
63.9410540807
63.9477380254
63.9544575814
63.9612125638
63.9680027686
63.9748279728
63.9816879328
63.9885823848
63.9955110436
64.0024736023
64.0094697316
64.0164990794
64.02356127
64.0306559036
64.0377825558
64.0449407769
64.0521300917
64.0593499982
64.0665999679
64.073879445
64.0811878456
64.0885245575
64.09588894
64.1032803227
64.1106980062
64.1181412606
64.1256093263
64.1331014128
64.140616699
64.148154333
64.1557134319
64.1632930816
64.1708923373
64.1785102229
64.186145732
64.1937978274
64.2014654418
64.2091474782
64.2168428103
64.2245502831
64.2322687137
64.2399968919
64.2477335812
64.2554775197
64.2632274209
64.2709819754
64.2787398515
64.2864996968
64.2942601395
64.3020197896
64.3097772407
64.3175310713
64.3252798463
64.3330221187
64.3407564308
64.3484813161
64.3561953009
64.3638969054
64.3715846451
64.3792570328
64.3869125793
64.3945497946
64.4021671895
64.409763276
64.4173365686
64.4248855848
64.4324088459
64.4399048771
64.4473722083
64.4548093741
64.4622149136
64.4695873708
64.476925294
64.4842272356
64.4914917518
64.4987174018
64.5059027473
64.5130463517
64.5201467795
64.5272025951
64.5342123621
64.5411746425
64.5480879954
64.5549509762
64.5617621355
64.5685200182
64.5752231625
64.5818700987
64.5884593486
64.5949894243
64.6014588276
64.6078660485
64.6142095652
64.6204878427
64.6266993323
64.6328424707
64.6389156796
64.6449173648
64.6508459159
64.6566997051
64.6624770876
64.6681764003
64.6737959614
64.6793340705
64.6847890076
64.6901590327
64.6954423858
64.7006372859
64.7057419313
64.7107544986
64.7156731425
64.7204959956
64.7252211677
64.7298467458
64.7343707932
64.7387913492
64.7431064291
64.747314023
64.7514120959
64.7553985869
64.7592714088
