18.2699785581
18.2708880571
18.2717420903
18.2725449534
18.2733005165
18.2740122693
18.2746833673
18.2753166712
18.2759147807
18.2764800647
18.2770146865
18.2775206256
18.2779996977
18.2784535713
18.2788837822
18.2792917472
18.2796787752
18.2800460774
18.2803947766
18.2807259148
18.2810404608
18.2813393167
18.2816233223
18.2818932623
18.2821498696
18.2823938298
18.2826257849
18.2828463366
18.2830560496
18.2832554542
18.2834450492
18.2836253035
18.283796659
18.2839595319
18.2841143149
18.2842613785
18.2844010728
18.2845337282
18.2846596577
18.284779157
18.2848925061
18.2849999703
18.2851018009
18.285198236
18.2852895015
18.2853758118
18.28545737
18.2855343692
18.2856069925
18.2856754141
18.2857397991
18.2858003044
18.2858570794
18.2859102656
18.2859599976
18.2860064035
18.2860496047
18.2860897166
18.286126849
18.286161106
18.2861925864
18.2862213841
18.2862475881
18.2862712829
18.2862925485
18.2863114607
18.2863280914
18.2863425083
18.2863547758
18.2863649545
18.2863731015
18.2863792707
18.2863835128
18.2863858754
18.2863864033
18.2863851382
18.2863821191
18.2863773825
18.2863709622
18.2863628894
18.286353193
18.2863418996
18.2863290334
18.2863146164
18.2862986684
18.2862812072
18.2862622486
18.2862418062
18.2862198918
18.2861965152
18.2861716845
18.2861454057
18.2861176834
18.2860885201
18.2860579167
18.2860258725
18.285992385
18.2859574501
18.2859210623
18.2858832143
18.2858438971
18.2858031006
18.2857608128
18.2857170203
18.2856717082
18.2856248603
18.2855764588
18.2855264844
18.2854749164
18.2854217328
18.2853669101
18.2853104234
18.2852522465
18.2851923516
18.2851307099
18.2850672909
18.2850020629
18.2849349929
18.2848660464
18.2847951879
18.2847223802
18.2846475851
18.2845707629
18.2844918727
18.2844108725
18.2843277186
18.2842423666
18.2841547704
18.2840648829
18.2839726558
18.2838780396
18.2837809836
18.2836814359
18.2835793435
18.2834746523
18.2836102348
18.2837241608
18.283817391
18.2838907814
18.2839451218
18.2839811445
18.2839995289
18.2840009066
18.2839858652
18.2839549517
18.2839086758
18.2838475132
18.2837719077
18.2836822742
18.2835790006
18.2834624497
18.2833329614
18.2831908541
18.283036426
18.2828699571
18.28269171
18.2825019308
18.2823008508
18.2820886868
18.2818656422
18.2816319073
18.2813876606
18.2811330686
18.2808682866
18.2805934587
18.2803087182
18.2800141876
18.2797099783
18.2793961909
18.2790729141
18.2787402249
18.2783981873
18.2780468518
18.2776866224
18.2773175284
18.2769395399
18.2765526076
18.2761566604
18.2757516018
18.275337306
18.2749136126
18.2744803206
18.2740371815
18.2735838896
18.2731200713
18.2726452712
18.2721589345
18.2716603852
18.2711487983
18.270623163
18.2700822355
18.2695244753
18.2689479593
18.268350263
18.2677282913
18.267078033
18.2663941882
18.2656695838
18.264894199
18.2640534296
