218.194616196
305.902678055
305.776881531
305.654274761
305.535384081
305.420241267
305.308785131
305.200932078
305.096589715
304.995660486
304.89804341
304.803635308
304.712331795
304.624028111
304.538619802
304.456003296
304.376076371
304.298738541
304.223891362
304.151438689
304.08128686
304.013344852
303.947524385
303.883739998
303.821909097
303.761951977
303.703791821
303.64735469
303.592569489
303.539367927
303.487684469
303.437456273
303.388623126
303.341127377
303.294913857
303.24992981
303.206124807
303.163450672
303.1218614
303.081313076
303.041763797
303.003173593
302.965504349
302.928719727
302.892785097
302.857667459
302.823335374
302.789758898
302.75690951
302.724760054
302.693284672
302.662458746
302.63225884
302.602662645
302.573648926
302.545197468
302.51728903
302.489905297
302.463028834
302.436643044
302.410732126
302.385281037
302.360275451
302.335701728
302.311546875
302.287798517
302.264444865
302.241474682
302.218877262
302.196642399
302.17476036
302.153221863
302.132018055
302.111140487
302.090581094
302.070332177
302.050386379
302.030736821
302.011376348
301.992298975
301.973498411
301.954968778
301.936704445
301.918700021
301.900950337
301.883450438
301.866195571
301.849181172
301.832402858
301.815856419
301.799537804
301.783443118
301.767568704
301.751910755
301.736465885
301.721230727
301.706202044
301.691376697
301.676751655
301.662323984
301.648090849
301.63404949
301.620197153
301.606531428
301.593049708
301.579749548
301.56662857
301.553684456
301.54091495
301.528317851
301.51589101
301.503632329
301.491539757
301.479611288
301.467844957
301.456238839
301.444791047
301.433499728
301.422363064
301.411379267
301.40054658
301.389863274
301.379327643
301.368938011
301.358692722
301.348590143
301.338628662
301.328806686
301.319122641
301.30957497
301.300162134
301.290882606
301.281734877
301.272717449
301.26382884
301.255067578
301.246432201
301.237921261
301.229533319
301.221266944
301.213120716
301.205093222
301.197183058
301.189388828
301.181709141
301.174142614
301.166687872
301.159343543
301.152108262
301.14498067
301.137959412
301.131043138
301.124230503
301.117520167
301.110910793
301.104401047
301.097989602
301.091675131
301.085456313
301.079331829
301.073300365
301.067360607
301.061511247
301.055750978
301.050078497
301.044492503
301.038991699
301.033574789
301.028240481
301.022987483
301.01781451
301.012720276
301.007703498
301.002762898
300.997897196
300.99310512
300.988385396
300.983736755
300.979170032
300.974659798
300.97021685
300.965839933
300.961527789
300.957279165
300.95309281
300.948967476
300.944901918
300.940894894
300.936945163
300.93305149
300.929212641
300.925427386
300.9216945
300.918012757
300.914380937
300.910797825
300.907262207
300.903772872
300.900328615
300.896928234
