31.5130054923
31.658450927
31.8120976986
31.9738244447
32.1434765907
32.3141442445
32.4825444399
32.6473758602
32.8056627811
32.9598931345
33.1101852008
33.2567075853
33.3996422366
33.5391686646
33.6754576048
33.8086688957
33.9389512057
34.0664425333
34.1912709896
34.3135556482
34.4334073655
34.5509295394
34.6662187919
34.7793655804
34.8904547405
34.9995659685
35.1067742501
35.2121502423
35.3157606145
35.4176683532
35.5179330354
35.6166110753
35.7137559458
35.8094183803
35.9036465546
35.9964862537
36.0879810232
36.1781723084
36.2670995822
36.3548004622
36.4413108194
36.5266648782
36.6108953099
36.6940333184
36.7761087213
36.8571500242
36.9371844911
37.0162382101
37.0943361543
37.1715022396
37.2477593788
37.3231295327
37.3976337573
37.4712922498
37.5441243903
37.6161487825
37.6873832914
37.7578450793
37.8275506396
37.8965158288
37.9647558968
38.0322855162
38.0991188088
38.1652693722
38.2307503037
38.2955742239
38.3597532985
38.4232992599
38.4862234261
38.5485367206
38.6102496897
38.6713725197
38.7319150534
38.7918868053
38.8512969763
38.9101544677
38.9684678944
39.0262455976
39.0834956568
39.1402259015
39.1964439214
39.2521570776
39.3073725119
39.3620971565
39.4163377429
39.4701008104
39.5233927141
39.576219633
39.628587577
39.6805023942
39.7319697777
39.7829952715
39.8335842772
39.8837420595
39.9334737516
39.982784361
40.031678774
40.0801617609
40.1282379804
40.1759119841
40.2231882204
40.2700710391
40.3165646944
40.3626733493
40.4084010787
40.4537518725
40.4987296393
40.5433382092
40.5875813364
40.6314627024
40.6749859184
40.7181545278
40.7609720087
40.8034417764
40.8455671852
40.8873515305
40.9287980515
40.9699099321
41.0106903036
41.0511422459
41.0912687897
41.1310729176
41.1705575658
41.2097256258
41.2485799456
41.2871233309
41.3253585469
41.3632883191
41.4009153344
41.4382422427
41.4752716577
41.5120061578
41.5484482875
41.5846005579
41.6204654481
41.6560454055
41.6913428473
41.7263601607
41.7610997041
41.7955638077
41.8297547741
41.8636748792
41.8973263727
41.9307114788
41.9638323967
41.9966913015
42.0292903441
42.0616316527
42.0937173324
42.1255494662
42.1571301154
42.18846132
42.219545099
42.2503834513
42.2809783556
42.3113317709
42.3414456372
42.3713218755
42.4009623883
42.4303690599
42.4595437569
42.4884883282
42.5172046056
42.545694404
42.5739595214
42.6020017398
42.6298228249
42.6574245266
42.6848085791
42.7119767015
42.7389305975
42.7656719561
42.7922024515
42.8185237434
42.8446374775
42.8705452851
42.8962487839
42.9217495776
42.9470492568
42.9721493984
42.9970515663
43.0217573115
43.046268172
43.0705856732
43.0947113279
43.1186466366
43.1423930877
43.1659521572
43.1893253094
43.2125139967
43.2355196598
43.2583437278
43.2809876184
43.303452738
43.3257404818
43.347852234
43.3697893676
43.3915532449
43.4131452174
43.4345666262
