-125.12450032
-62.0016599331
-51.6199967161
-45.2802065165
-40.8979702334
-38.6756351793
-37.5679059467
-36.9303823054
-36.5867572035
-36.3603721446
-36.18962726
-36.046822489
-35.919420923
-35.8016483566
-35.6907534645
-35.5853476559
-35.4846629952
-35.3882210223
-35.2956834209
-35.2067841035
-35.1212978479
-35.0390254349
-34.959786295
-34.8834146077
-34.8097570186
-34.7386711365
-34.6700244263
-34.6036933181
-34.5395624481
-34.47752399
-34.4174770548
-34.3593271475
-34.3029856724
-34.2483694828
-34.1954004686
-34.1440051813
-34.0941144893
-34.0456632648
-33.9985900955
-33.952837022
-33.9083492968
-33.8650751632
-33.8229656522
-33.7819743968
-33.7420574601
-33.703173178
-33.6652820133
-33.6283464215
-33.5923307273
-33.5572010091
-33.5229249931
-33.4894719547
-33.4568126268
-33.4249191152
-33.3937648188
-33.3633243564
-33.333573498
-33.3044891003
-33.2760490474
-33.2482321942
-33.2210183146
-33.1943880523
-33.1683228747
-33.1428050301
-33.117817507
-33.0933439964
-33.0693688561
-33.0458770772
-33.0228542522
-33.0002865459
-32.9781606671
-32.9564638423
-32.9351837907
-32.9143087013
-32.89382721
-32.8737283793
-32.8540016783
-32.8346369641
-32.8156244641
-32.7969547595
-32.7786187692
-32.7606077349
-32.7429132071
-32.7255270313
-32.7084413357
-32.6916485186
-32.6751412373
-32.6589123971
-32.6429551408
-32.6272628388
-32.61182908
-32.5966476628
-32.5817125865
-32.5670180433
-32.5525584107
-32.5383282439
-32.5243222693
-32.5105353774
-32.4969626167
-32.4835991875
-32.4704404363
-32.4574818502
-32.4447190514
-32.4321477927
-32.4197639521
-32.4075635288
-32.3955426381
-32.3836975079
-32.3720245447
-32.3605200474
-32.3491806282
-32.3380029253
-32.3269836706
-32.3161196869
-32.305407884
-32.2948452564
-32.2844288801
-32.2741559098
-32.2640235765
-32.2540291847
-32.2441701104
-32.234443798
-32.2248477588
-32.2153795687
-32.2060368655
-32.1968173479
-32.1877187726
-32.1787389533
-32.1698757582
-32.1611271089
-32.1524909781
-32.1439653888
-32.135548412
-32.1272381657
-32.1190328134
-32.1109305625
-32.1029296634
-32.0950284077
-32.0872251275
-32.0795181938
-32.0719060156
-32.0643870386
-32.0569597443
-32.0496226491
-32.0423743028
-32.0352132882
-32.0281382198
-32.0211477431
-32.0142405336
-32.0074152961
-32.0006707638
-31.9940056976
-31.987418885
-31.98090914
-31.9744753018
-31.9681162345
-31.961830826
-31.955617988
-31.9494766548
-31.9434057829
-31.9374043505
-31.9314713568
-31.9256058217
-31.9198067847
-31.9140733052
-31.9084044612
-31.9027993495
-31.8972570846
-31.8917767987
-31.8863576413
-31.8809987783
-31.8756993919
-31.8704586805
-31.8652758575
-31.8601501518
-31.8550808069
-31.8500670805
-31.8451082447
-31.8402035849
-31.8353524001
-31.8305540023
-31.8258077163
-31.8211128792
-31.8164688403
-31.8118749609
-31.8073306136
-31.8028351828
-31.7983880634
-31.7939886615
-31.7896363936
-31.7853306866
-31.7810709775
-31.7768567131
-31.7726873499
-31.7685623538
-31.7644812
-31.7604433727
-31.7564483649
-31.7524956781
-31.7485848226
