0.00438739913282
0.00434253911755
0.00430118361671
0.004263045318
0.00422786644327
0.00419541565928
0.00416548480393
0.00413788602866
0.00411244934915
0.00408902054294
0.00406745933862
0.00404763785027
0.00402943921936
0.00401275643253
0.00399749128939
0.00398355349833
0.0039708598824
0.00395933367971
0.00394890392564
0.00393950490579
0.00393107567042
0.00392355960252
0.00391690402445
0.00391105988665
0.00390598140923
0.00390162583945
0.00389795319435
0.00389492603683
0.00389250927354
0.00389066997214
0.00388937719596
0.00388860185393
0.00388831656431
0.00388849553072
0.00388911442912
0.00389015030477
0.00389158147798
0.00389338745795
0.00389554886376
0.0038980473519
0.00390086554971
0.00390398699414
0.00390739607535
0.00391107798474
0.00391501866689
0.00391920477529
0.00392362363123
0.00392826318583
0.00393311198481
0.00393815913574
0.00394339427767
0.00394880755292
0.0039543895807
0.00396013143262
0.00396602460987
0.0039720610218
0.00397823296606
0.0039845331099
0.00399095447273
0.00399749040978
0.00400413459677
0.00401088101552
0.00401772394047
0.00402465792599
0.00403167779443
0.00403877862496
0.00404595574294
0.00405320470999
0.00406052131464
0.00406790156344
0.00407534167264
0.00408283806031
0.00409038733885
0.00409798630803
0.00410563194827
0.00411332141438
0.00412105202962
0.00412882128004
0.0041366268092
0.00414446641306
0.00415233803526
0.00416023976254
0.00416816982052
0.00417612656958
0.00418410850108
0.00419211423364
0.00420014250977
0.00420819219256
0.0042162622626
0.00422435181506
0.00423246005693
0.00424058630439
0.00424872998033
0.00425689061203
0.00426506782897
0.00427326136068
0.00428147103484
0.00428969677541
0.00429793860086
0.00430619662255
0.00431447104319
0.00432276215535
0.00433107034015
0.00433939606595
0.00434773988715
0.00435610244308
0.00436448445695
0.00437288673486
0.00438131016488
0.00438975571624
0.00439822443846
0.00440671746067
0.00441523599087
0.00442378131533
0.00443235479794
0.00444095787965
0.00444959207797
0.00445825898643
0.00446696027413
0.00447569768529
0.0044844730388
0.00449328822779
0.00450214521928
0.00451104605371
0.00451999284457
0.00452898777799
0.00453803311234
0.00454713117777
0.00455628437579
0.00456549517876
0.00457476612943
0.0045840998404
0.00459349899347
0.00460296633911
0.00461250469569
0.00459896506293
0.00458720842792
0.00457713716393
0.00456866572681
0.00456171561034
0.0045562143164
0.0045520947701
0.00454929483031
0.0045477568556
0.00454742731615
0.00454825644587
0.00455019793013
0.00455320862497
0.00455724830428
0.00456227943214
0.00456826695738
0.0045751781284
0.00458298232612
0.00459165091341
0.00460115709963
0.00461147581891
0.00462258362123
0.00463445857542
0.00464708018334
0.0046604293047
0.0046744880921
0.00468923993612
0.00470466942014
0.0047207622852
0.00473750540476
0.00475488677004
0.00477289548619
0.00479152178025
0.00481075702176
0.00483059375733
0.00485102576075
0.00487204810062
0.00489365722797
0.00491585108691
0.0049386292521
0.00496199309761
0.00498594600315
0.00501049360471
0.00503564409881
0.00506140861184
0.00508780164896
0.00511484164136
0.0051425516159
0.00517093535642
0.0052000260061
0.00522986931183
0.0052605203186
0.00529204543085
0.00532452504719
0.00535805698161
0.0053927609683
0.00542878469039
0.00546631200101
0.00550557438076
0.0055468673213
0.00559057448252
0.00563720466579
0.00568745109009
0.00574229224465
0.0058031776157
