6.32971079364
6.02723406959
6.03463279307
6.04206553429
6.04939440053
6.05655901056
6.06353604612
6.07031980093
6.07691283217
6.08332145551
6.08955360104
6.09561757638
6.10152191007
6.1072747485
6.11288392254
6.11835686718
6.12370061153
6.12892178691
6.13402664385
6.1390210735
6.14391063055
6.14870055621
6.15339580053
6.15800104337
6.16252071376
6.16695900779
6.1713199047
6.17560718151
6.17982442608
6.1839750964
6.18806233921
6.19208928891
6.19605888138
6.19997391044
6.20383703432
6.20765078173
6.21141755725
6.21513964625
6.21881921945
6.22245833718
6.22605895339
6.22962291941
6.23315198759
6.23664781485
6.24011196612
6.24354591767
6.24695106051
6.25032870361
6.25368007722
6.25700633612
6.26030856282
6.26358777081
6.26684490769
6.27008085841
6.27329644831
6.27649244622
6.27966956754
6.28282847709
6.28596979215
6.28909408517
6.2922018866
6.29529368748
6.29836994208
6.3014310703
6.30447746012
6.30750946979
6.31052743005
6.31353164614
6.31652239981
6.31949995108
6.32246454006
6.32541638849
6.32835570135
6.33128266824
6.33419746468
6.33710025344
6.33999118558
6.34287040154
6.34573803217
6.34859419954
6.35143901779
6.35427259391
6.35709502839
6.35990641585
6.36270684561
6.3654964022
6.3682751658
6.3710432127
6.37380061563
6.37654744413
6.3792837648
6.38200964161
6.38472513612
6.38743030771
6.39012521373
6.39280990966
6.39548444934
6.39814888494
6.40080326725
6.40344764564
6.40608206822
6.40870658187
6.41132123232
6.41392606425
6.41652112122
6.41910644586
6.42168207982
6.42424806378
6.42680443755
6.42935124005
6.43188850933
6.4344162826
6.43693459624
6.43944348583
6.44194298614
6.44443313117
6.44691395411
6.44938548743
6.45184776282
6.45430081122
6.45674466285
6.45917934718
6.461604893
6.46402132837
6.46642868064
6.46882697649
6.47121624192
6.47359650225
6.47596778213
6.4783301056
6.480683496
6.4830279761
6.48536356801
6.48769029325
6.49000817274
6.49231722681
6.49461747522
6.49690893715
6.49919163125
6.50146557563
6.50373078785
6.50598728497
6.50823508355
6.51047419964
6.51270464882
6.51492644622
6.51713960648
6.51934414383
6.52154007203
6.52372740448
6.52590615411
6.52807633351
6.53023795484
6.53239102995
6.53453557029
6.53667158696
6.53879909077
6.54091809217
6.54302860133
6.5451306281
6.54722418206
6.54930927254
6.55138590855
6.55345409893
6.55551385221
6.55756517675
6.55960808066
6.56164257186
6.56366865807
6.56568634687
6.5676956456
6.56969656149
6.57168910162
6.5736732729
6.57564908217
6.57761653607
6.5795756412
6.58152640405
6.58346883099
6.58540292833
6.58732870234
6.58924615917
6.59115530497
6.59305614582
6.59494868778
6.59683293687
6.59870889911
6.60057658049
6.60243598704
6.60428712475
6.60612999965
6.6079646178
6.60979098525
6.61160910815
6.61341899265
6.61522064494
6.61701407131
6.6187992781
6.6205762717
6.62234505859
