89.63148
147.899208987
148.279317944
144.464683331
143.484180875
143.902177798
144.293931022
142.661344244
142.629229124
142.603631675
142.5970059
142.613700509
142.654239351
142.71761087
142.802331505
142.906789763
143.029444545
143.168864783
143.323739078
143.492870716
143.675168159
143.869634833
144.075359489
144.29150752
144.517313226
144.752072961
144.995139038
145.245914302
145.503847292
145.768427903
146.039183512
146.315675497
146.597496121
146.884265735
147.175630262
147.471258951
147.770842341
148.074090451
148.380731137
148.690508626
149.003182187
149.318524936
149.636322763
149.956373356
150.278485322
150.602477394
150.928177703
151.255423129
151.584058703
151.913937065
152.244917971
152.576867843
152.909659352
153.243171047
153.577287004
153.911896509
154.246893766
154.58217763
154.917651353
155.253222359
155.58880203
155.924305508
156.259651515
156.594762178
156.929562879
157.263982098
157.597951283
157.931404718
158.264279401
158.596514936
158.928053421
159.258839352
159.588819526
159.917942957
160.246160787
160.573426208
160.899694389
161.224922404
161.549069162
161.872095344
162.193963342
162.514637203
162.834082565
163.152266614
163.469158024
163.784726915
164.098944799
164.411784542
164.723220316
165.033227558
165.341782931
165.648864284
165.954450616
166.258522038
166.56105974
166.862045958
167.161463939
167.45929791
167.755533048
168.050155453
168.343152114
168.634510887
168.924220461
169.212270341
169.498650815
169.78335293
170.066368474
170.347689947
170.627333287
170.905246721
171.181447643
171.455931186
171.728693091
171.999729687
172.269037868
172.53661508
172.8024593
173.066569015
173.328943212
173.589581355
173.848483373
174.10564964
174.361080965
174.614778572
174.866744086
175.116979524
175.365487273
175.612270084
175.857331054
176.100673617
176.342301526
176.582218848
176.820429948
177.056939477
177.291752364
177.524873802
177.75630924
177.986064371
178.214145125
178.440557654
178.665308329
178.888403724
179.109850615
179.329655964
179.547826916
179.764370787
179.97929506
180.192607374
180.404315516
180.61442742
180.822951151
181.029894905
181.235267
181.43907587
181.641330058
181.84203821
182.041209071
182.238851476
182.43497435
182.629586695
182.822697591
183.014316191
183.20445171
183.393113429
183.580310681
183.766052857
183.950349393
184.133209769
184.314643508
184.494660166
184.673269334
184.850480632
185.026303705
185.20074822
185.373823863
185.545540338
185.71590736
185.884934654
186.052631953
186.219008993
186.384075514
186.547841255
186.71031595
186.871509329
187.031431115
187.19009102
187.347498744
187.503663975
187.658596384
187.812305622
187.964801325
188.116093105
188.266190552
188.415103231
188.562840683
188.70941242
188.854827926
188.999096654
189.142228028
189.284231439
