7.42967575413
10.0122531497
12.6319513203
14.68122786
16.0718767601
16.9044919916
17.3859287411
17.6764501484
17.8732441019
18.0190448012
18.139024406
18.2453867334
18.3440306901
18.4378342241
18.5282325338
18.6159694735
18.7014546632
18.784933596
18.8665690939
18.9464806422
19.0247636278
19.1014989367
19.1767578874
19.250604884
19.3230989338
19.3942945862
19.4642425648
19.5329902292
19.6005819333
19.6670593194
19.7324615657
19.7968255992
19.8601862823
19.9225765775
19.9840276932
20.0445692145
20.1042292202
20.1630343881
20.2210100907
20.2781804811
20.3345685722
20.3901963081
20.4450846299
20.4992535358
20.5527221367
20.6055087074
20.6576307335
20.7091049557
20.75994741
20.8101734659
20.8597978616
20.908834737
20.9572976641
21.0051996766
21.0525532965
21.0993705596
21.1456630395
21.1914418702
21.2367177672
21.2815010476
21.3258016489
21.3696291472
21.4129927737
21.4559014309
21.4983637078
21.540387894
21.5819819937
21.6231537382
21.6639105983
21.704259796
21.7442083156
21.7837629137
21.8229301298
21.8617162955
21.9001275433
21.9381698155
21.9758488723
22.0131702994
22.0501395153
22.0867617789
22.1230421956
22.1589857237
22.1945971811
22.2298812504
22.2648424847
22.2994853132
22.3338140454
22.3678328769
22.4015458931
22.4349570742
22.468070299
22.5008893489
22.5334179119
22.565659586
22.5976178828
22.6292962307
22.6606979783
22.6918263969
22.722684684
22.7532759657
22.7836032992
22.8136696756
22.8434780224
22.8730312054
22.9023320311
22.9313832489
22.960187553
22.9887475842
23.0170659322
23.0451451368
23.0729876898
23.1005960369
23.1279725787
23.1551196727
23.1820396345
23.208734739
23.2352072219
23.2614592811
23.2874930774
23.3133107362
23.3389143482
23.3643059706
23.3894876284
23.4144613146
23.4392289919
23.4637925934
23.4881540231
23.5123151572
23.5362778445
23.5600439074
23.5836151427
23.6069933219
23.6301801923
23.6531774774
23.6759868777
23.698610071
23.7210487134
23.7433044394
23.7653788628
23.7872735771
23.8089901556
23.8305301527
23.8518951036
23.873086525
23.8941059157
23.9149547567
23.9356345118
23.9561466279
23.9764925353
23.9966736485
24.0166913656
24.0365470696
24.0562421282
24.0757778943
24.095155706
24.1143768874
24.1334427483
24.1523545848
24.1711136797
24.1897213022
24.2081787089
24.2264871432
24.2446478362
24.2626620066
24.280530861
24.2982555939
24.3158373883
24.3332774156
24.3505768357
24.3677367975
24.3847584389
24.4016428869
24.4183912578
24.4350046575
24.4514841816
24.4678309153
24.484045934
24.5001303029
24.5160850778
24.5319113046
24.5476100197
24.5631822503
24.5786290143
24.5939513204
24.6091501682
24.6242265487
24.639181444
24.6540158273
24.6687306636
24.6833269092
24.6978055122
24.7121674123
24.7264135411
24.7405448222
24.7545621712
24.7684664957
24.7822586957
24.7959396635
24.8095102835
24.8229714329
