7.55950153916
7.55857156684
7.55764249621
7.5567140908
7.55578615413
7.55485852373
7.55393106601
7.55300367185
7.55207625284
7.55114873802
7.55022107115
7.54929320836
7.54836511612
7.54743676961
7.54650815122
7.54557924935
7.54465005739
7.54372057281
7.54279079648
7.54186073198
7.54093038511
7.53999976347
7.53906887602
7.53813773284
7.53720634483
7.5362747235
7.53534288079
7.53441082892
7.53347858026
7.53254614722
7.53161354221
7.53068077751
7.52974786526
7.52881481739
7.52788164559
7.5269483613
7.52601497568
7.52508149957
7.52414794353
7.52321431779
7.52228063225
7.52134689653
7.52041311988
7.51947931128
7.51854547937
7.5176116325
7.51667777872
7.51574392576
7.51481008111
7.51387625195
7.51294244519
7.5120086675
7.51107492528
7.51014122468
7.50920757162
7.5082739718
7.50734043069
7.50640695353
7.50547354539
7.50454021111
7.50360695535
7.50267378258
7.50174069712
7.50080770308
7.49987480444
7.49894200499
7.49800930839
7.49707671816
7.49614423765
7.49521187011
7.49427961863
7.4933474862
7.49241547568
7.4914835898
7.49055183121
7.48962020243
7.48868870588
7.4877573439
7.48682611872
7.48589503247
7.48496408721
7.48403328491
7.48310262747
7.4821721167
7.48124175433
7.48031154204
7.47938148143
7.47845157402
7.47752182129
7.47659222466
7.47566278546
7.474733505
7.47380438452
7.47287542521
7.47194662821
7.47101799461
7.47008952546
7.46916122176
7.46823308448
7.46730511452
7.46637714457
7.46544917461
7.46452120466
7.4635932347
7.46266526475
7.46173729479
7.46080932484
7.45988135488
7.45895338493
7.45802541497
7.45709744501
7.45616947506
7.4552415051
7.45431353515
7.45338556519
7.45245759524
7.45152962528
7.45060165533
7.44967368537
7.44874571542
7.44781774546
7.44688977551
7.44596180555
7.4450338356
7.44410586564
7.44317789569
7.44224992573
7.44132195578
7.44039398582
7.43946601587
7.43853804591
7.43761007596
7.436682106
7.43575413605
7.43482616609
7.43389819614
7.43297022618
7.43204225623
7.43111428627
7.43018631632
7.42925834636
7.42833037641
7.42740240645
7.4264744365
7.42554646654
7.42461849659
7.42369052663
7.42276255668
7.42183458672
7.42090661676
7.41997864681
7.41905067685
7.4181227069
7.41719473694
7.41626676699
7.41533879703
7.41441082708
7.41348285712
7.41255488717
7.41162691721
7.41069894726
7.4097709773
7.40884300735
7.40791503739
7.40698706744
7.40605909748
7.40513112753
7.40420315757
7.40327518762
7.40234721766
7.40141924771
7.40049127775
7.3995633078
7.39863533784
7.39770736789
7.39677939793
7.39585142798
7.39492345802
7.39399548807
7.39306751811
7.39213954816
7.3912115782
7.39028360825
7.38935563829
7.38842766834
7.38749969838
7.38657172842
7.38564375847
7.38471578851
7.38378781856
7.3828598486
7.38193187865
7.38100390869
7.38007593874
7.37914796878
7.37821999883
7.37729202887
7.37636405892
7.37543608896
7.37450811901
