0.0759147152214
0.0759166609724
0.0759227052088
0.0759446673727
0.0760228576962
0.0761598843277
0.076334156789
0.076495923516
0.0766641398531
0.0768347171647
0.0770057276943
0.0771762798371
0.0773459648851
0.0775145968247
0.0776820920638
0.0778484141649
0.0780135484756
0.0781774904691
0.0783402403779
0.0785018007176
0.078662175144
0.0788213679238
0.0789793836886
0.07913622732
0.0792919038944
0.0794464186548
0.0795997769949
0.079751984448
0.0799030466787
0.0800529694748
0.0802017587397
0.0803494204845
0.0804959608212
0.0806413859545
0.0807857021749
0.0809289158515
0.0810710334252
0.0812120614018
0.081352006346
0.0814908748748
0.0816286736523
0.0817654093836
0.08190108881
0.082035718704
0.0821693058645
0.0823018571125
0.0824333792868
0.0825638792404
0.0826933638367
0.0828218399459
0.0829493144419
0.0830757941995
0.0832012860911
0.0833257969844
0.0834493337397
0.0835719032076
0.083693512227
0.0838141676228
0.0839338762041
0.0840526447624
0.0841704800698
0.0842873888778
0.0844033779154
0.0845184538882
0.0846326234764
0.0847458933347
0.0848582700902
0.0849697603419
0.0850803706596
0.085190107583
0.0852989776212
0.0854069872515
0.0855141429187
0.085620451035
0.0857259179789
0.0858305500947
0.0859343536923
0.0860373350465
0.0861395003965
0.0862408559459
0.0863414078618
0.0864411622751
0.0865401252799
0.086638302933
0.0867357012543
0.086832326226
0.086928183793
0.0870232798621
0.0871176203024
0.0872112109451
0.0873040575834
0.087396165972
0.0874875418279
0.0875781908297
0.0876681186178
0.0877573307944
0.0878458329236
0.0879336305311
0.0880207291049
0.0881071340947
0.088192850912
0.0882778849308
0.0883622414869
0.0884459258786
0.0885289433664
0.0886112991734
0.0886929984852
0.08877404645
0.088854448179
0.0889342087463
0.0890133331891
0.089091826508
0.0891696936668
0.0892469395929
0.0893235691777
0.0893995872762
0.0894749987076
0.0895498082554
0.0896240206673
0.0896976406559
0.0897706728983
0.0898431220369
0.0899149926789
0.0899862893972
0.09005701673
0.0901271791813
0.0901967812211
0.0902658272854
0.0903343217767
0.090402269064
0.0904696734829
0.090536539336
0.0906028708932
0.0906686723915
0.0907339480357
0.0907987019981
0.0908629384192
0.0909266614075
0.09098987504
0.0910525833622
0.0911147903883
0.0911765001018
0.0912377164552
0.0912984433703
0.0913586847388
0.0914184444221
0.0914777262514
0.0915365340286
0.0915948715257
0.0916527424854
0.0917101506214
0.0917670996183
0.0918235931321
0.0918796347902
0.0919352281915
0.0919903769071
0.09204508448
0.0920993544254
0.0921531902311
0.0922065953575
0.0922595732379
0.0923121272787
0.0923642608594
0.0924159773332
0.0924672800268
0.0925181722408
0.0925686572498
0.0926187383026
0.0926684186225
0.0927177014074
0.0927665898299
0.0928150870378
0.0928631961539
0.0929109202764
0.0929582624791
0.0930052258113
0.0930518132986
0.0930980279425
0.0931438727206
0.0931893505872
0.0932344644732
0.0932792172862
0.0933236119109
0.093367651209
0.0934113380198
0.0934546751599
0.0934976654236
0.0935403115832
0.0935826163887
0.0936245825687
0.0936662128299
0.0937075098575
0.0937484763156
0.0937891148469
0.0938294280733
0.0938694185959
0.0939090889949
0.0939484418303
0.0939874796415
0.094026204948
