0.00011
3.64290558996e-05
2.94561448758e-05
-6.48115426136e-06
-9.7781348532e-05
-0.000180333567517
-0.000229357464873
0.000300316741261
0.00031046898026
0.000315602832094
0.000318446898046
0.000320253184334
0.000321583672828
0.000322688299117
0.000323677703046
0.000324600698886
0.00032547878111
0.000326321450777
0.000327133009839
0.000327915560712
0.000328670318409
0.000329398173477
0.000330099923993
0.00033077636309
0.000331428305006
0.000332056586339
0.000332662058481
0.000333245578008
0.000333807997666
0.000334350158857
0.000334872885768
0.000335376980997
0.000335863222445
0.000336332361245
0.000336785120496
0.000337222194642
0.000337644249326
0.000338051921625
0.000338445820542
0.00033882652771
0.000339194598218
0.000339550561546
0.000339894922548
0.000340228162467
0.000340550739964
0.000340863092141
0.000341165635543
0.000341458767142
0.000341742865289
0.000342018290627
0.000342285386978
0.000342544482179
0.000342795888893
0.00034303990537
0.000343276816181
0.000343506892907
0.000343730394798
0.000343947569395
0.000344158653122
0.000344363871842
0.000344563441391
0.000344757568075
0.000344946449145
0.000345130273248
0.000345309220851
0.000345483464641
0.000345653169907
0.000345818494903
0.000345979591183
0.00034613660393
0.000346289672258
0.000346438929502
0.000346584503495
0.000346726516825
0.000346865087086
0.000347000327106
0.000347132345172
0.000347261245241
0.000347387127137
0.000347510086743
0.000347630216178
0.000347747603971
0.000347862335218
0.000347974491741
0.000348084152232
0.000348191392391
0.000348296285062
0.000348398900351
0.000348499305755
0.000348597566268
0.000348693744493
0.000348787900744
0.000348880093143
0.000348970377716
0.000349058808476
0.000349145437517
0.000349230315084
0.000349313489658
0.000349395008025
0.000349474915347
0.000349553255228
0.000349630069779
0.000349705399679
0.000349779284228
0.000349851761407
0.000349922867931
0.000349992639296
0.000350061109828
0.000350128312995
0.000350194280394
0.000350259043374
0.000350322632026
0.000350385075478
0.000350446401939
0.000350506638728
0.000350565812311
0.000350623948332
0.000350681071643
0.000350737206337
0.000350792375769
0.000350846602593
0.000350899908776
0.000350952315635
0.00035100384385
0.000351054513494
0.000351104344053
0.000351153354442
0.000351201563035
0.000351248987674
0.000351295645694
0.000351341553937
0.000351386728774
0.000351431186115
0.000351474941428
0.000351518009754
0.000351560405722
0.000351602143562
0.000351643237117
0.000351683699859
0.000351723544899
0.000351762784999
0.000351801432584
0.000351839499754
0.000351876998291
0.000351913939676
0.00035195033509
0.000351986195431
0.000352021531317
0.0003520563531
0.000352090670872
0.000352124494471
0.000352157833495
0.000352190697301
0.00035222309502
0.000352255035559
0.000352286527611
0.00035231757966
0.000352348199986
0.000352378396673
0.000352408177615
0.00035243755052
0.000352466522917
0.00035249510216
0.000352523295436
0.000352551109763
0.000352578552004
0.000352605628864
0.000352632346899
0.000352658712518
0.000352684731988
0.000352710411438
0.000352735756862
0.000352760774123
0.00035278546896
0.000352809846984
0.000352833913689
0.000352857674453
0.000352881134537
0.000352904299094
0.00035292717317
0.000352949761703
0.000352972069533
0.000352994101399
0.000353015861943
0.000353037355714
0.000353058587169
0.000353079560676
0.000353100280516
0.000353120750887
0.000353140975901
0.000353160959593
0.00035318070592
0.00035320021876
0.000353219501918
0.000353238559129
0.000353257394053
0.000353276010285
0.000353294411351
0.000353312600712
0.000353330581765
