5240602.86261
610544.548923
608357.843344
606137.030561
603931.641783
601750.527424
599595.522937
597467.157202
595365.635455
593291.022537
591243.288574
589222.329137
587227.979148
585260.024107
583318.209487
581402.248693
579511.829791
577646.621216
575806.276605
573990.438885
572198.743727
570430.822458
568686.304501
566964.819423
565265.998633
563589.47679
561934.892954
560301.891526
558690.122993
557099.244523
555528.920417
553978.822446
552448.630096
550938.030718
549446.719618
547974.400078
546520.783336
545085.588522
543668.542557
542269.380024
540887.843029
539523.681026
538176.650643
536846.515491
535533.045969
534236.019063
532955.21814
531690.432748
530441.458409
529208.09642
527990.153652
526787.442354
525599.779966
524426.988927
523268.896501
522125.334593
520996.139589
519881.152183
518780.217223
517693.18356
516619.903896
515560.234651
514514.035819
513481.170847
512461.506505
511454.912767
510461.262703
509480.432363
508512.300677
507556.749355
506613.66279
505682.927971
504764.434392
503858.073968
502963.740963
502081.331905
501210.74552
500351.911059
499504.646241
498668.941172
497844.674298
497031.754347
496230.091868
495439.599182
494660.190328
493891.781019
493134.288592
492387.631963
491651.731587
490926.509415
490211.888855
489507.794737
488814.196262
488130.934509
487457.981845
486795.267077
486142.724374
485500.284918
484867.882573
484245.452288
483632.931549
483030.254994
482437.324091
481854.155006
481280.649551
480716.749181
480162.396349
479617.534482
479082.107964
478556.062116
478039.343175
477531.89828
477033.675447
476544.623559
476064.692345
475593.832364
475131.994993
474679.132405
474235.197561
473800.144189
473373.926776
472956.50055
472547.821469
472147.846206
471756.532139
471373.837336
470999.720545
470634.14118
470277.059315
469928.435664
469588.231578
469256.409033
468932.930616
468617.759519
468310.859526
468012.195007
467721.730906
467439.432732
467165.266552
466899.198981
466641.197172
466391.228811
466149.262108
465915.265787
465689.209081
465471.061721
465260.793934
465058.376431
464863.780401
464676.977508
464497.939878
464326.640097
464163.051204
464007.146683
463858.90046
463718.286892
463585.280768
463459.857297
463341.992107
463231.661236
463128.841131
463033.508639
462945.641004
462865.215861
462792.211234
462726.605525
462668.37752
462617.506372
462573.971608
462537.753118
462508.831153
462487.186321
462472.799584
462465.652253
462465.725984
462473.002777
462487.46497
462509.095237
462538.118641
462574.024786
462617.048719
462667.174752
462724.38719
462788.670657
462860.010091
462938.390746
463023.798182
463116.21827
463215.637186
463322.041409
463435.41772
463555.753198
463683.035222
463817.251464
463958.389892
464106.438766
464261.386635
464423.222339
464591.935004
464767.514045
