-4.96280992057
-3.89475165079
-3.76656097746
-3.63686393105
-3.5057199373
-3.37317957386
-3.23929595738
-3.10412536072
-2.96772725829
-2.83016372805
-2.69149894458
-2.55179871628
-2.41113007917
-2.2695609521
-2.12715985373
-1.98399567958
-1.84013753457
-1.69565461146
-1.55061613497
-1.40509130089
-1.25914928759
-1.11285927116
-0.966290471682
-0.819512186222
-0.672593874686
-0.525605211369
-0.378616154519
-0.23169701081
-0.0849184945371
0.061648220712
0.207931459853
0.353859015195
0.499358127766
0.644355482087
0.788777215226
0.932548940651
1.07559578725
1.21784245363
1.35921327769
1.49963232111
1.63902346851
1.77731054455
1.91441742434
2.05026819598
2.18478729506
2.3178996648
2.44953094063
2.57960760383
2.70805717985
2.83480827866
2.95979136098
3.0829380604
3.20418195792
3.32345862444
3.44070580639
3.55586360607
3.6688746553
3.77968428074
3.88824065975
3.9944949652
4.09840149843
4.1999178091
4.29900480115
4.39562682421
4.48975174973
4.5813510316
4.67039975093
4.75687664487
4.84076411956
4.92204824746
5.00071874928
5.07676896111
5.15019578728
5.22099963963
5.28918436396
5.35475715464
5.41772845815
5.47811186663
5.53592400246
5.59118439484
5.64391534956
5.69414181283
5.74189123041
5.78719340291
5.83008033833
5.87058610277
5.90874667033
5.94459977278
5.97818581417
6.00954240621
6.03871484671
6.06574536211
6.09067826947
6.11355878159
6.13443287532
6.15334716458
6.17034877826
6.1854852434
6.19880437364
6.21035416333
6.22018268719
6.22833800564
6.2348680759
6.23982066872
6.24324329078
6.24518311259
6.24568690187
6.24480096224
6.22772874521
6.19897479596
6.16992971285
6.14061566778
6.11105416164
6.08126605748
6.05127158456
6.02109034028
5.99074129316
5.96024284799
5.92961259706
5.89886772399
5.86802473542
5.83709954581
5.80610746754
5.77506324216
5.74398104293
5.71287448569
5.68175664024
5.65064004202
5.61953670423
5.58845813011
5.55741532552
5.52641881162
5.49547863768
5.46460439401
5.43380522479
5.40308984104
5.37246653341
5.34194318501
5.31152728405
5.28122593638
5.25104587792
5.22099348683
5.19107479561
5.16129550287
5.131660985
5.10217630754
5.07284623634
5.04367524846
5.01466754285
4.98582705076
4.95715744586
4.92866215417
4.90034436363
4.87220703349
4.84425290342
4.81648450231
4.78890415685
4.76151399987
4.73431597834
4.70731186124
4.68050324706
4.65389157112
4.62747811266
4.60126400165
4.57525022537
4.54943763484
4.52382695089
4.49841877016
4.47321357078
4.44821171789
4.42341346899
4.398818979
4.37442830523
4.35024141211
4.32625817577
4.3024783884
4.27890176252
4.25552793499
4.23235647096
4.20938686756
4.18661855758
4.16405091285
4.14168324762
4.11951482168
4.09754484351
4.07577247311
4.0541968249
4.03281697033
4.01163194055
3.99064072882
3.96984229291
3.94923555738
3.92881941571
3.90859273244
3.88855434512
3.86870306624
3.84903768501
3.82955696918
3.81025966662
3.79114450697
