0.00810214914805
0.00810881937731
0.00811949232765
0.00813389945623
0.0081518135631
0.00817303426253
0.00819738066062
0.00822468718574
0.00825480099361
0.00828758019226
0.00832289252733
0.00836061431193
0.0084006295952
0.00844282940233
0.00848711110491
0.00853337786749
0.00858153816318
0.00863150534848
0.00868319728955
0.00873653603324
0.00879144751742
0.00884786131564
0.00890571041176
0.00896493100092
0.00902546231332
0.00908724645784
0.00915022828287
0.00921435525186
0.00927957733152
0.00934584689843
0.00941311861696
0.00948134939909
0.00955049829736
0.00962052643882
0.00969139695614
0.0097630749219
0.00983552728545
0.00990872281171
0.00998263202134
0.010057227132
0.0101324820001
0.0102083720633
0.0102848742828
0.0103619670863
0.0104396303105
0.0105178451441
0.0105965940704
0.0106758608105
0.0107556302661
0.0108358884632
0.0109166224958
0.0109978204704
0.0110794714505
0.0111615654029
0.011244093144
0.0113270462877
0.0114104171943
0.0114941989204
0.0115783851708
0.0116629702514
0.0117479490236
0.0118333168611
0.0119190696074
0.0120052035358
0.0120917153105
0.0121786019509
0.0122658607955
0.0123534894702
0.0124414858561
0.0125298480607
0.0126185743904
0.0127076633241
0.0127971134898
0.0128869236416
0.012977092639
0.0130676194276
0.0131585030213
0.0132497424857
0.0133413369232
0.013433285459
0.013525587229
0.0136182413676
0.0137112469981
0.013804603223
0.0138983091156
0.0139923637128
0.014086766008
0.0141815149456
0.0142766094154
0.0143720482484
0.0144678302128
0.0145639540102
0.0146604182732
0.0147572215626
0.0148543623656
0.0149518390939
0.0150496500826
0.015147793589
0.0152462677921
0.0153450707917
0.0154442006088
0.0155436551846
0.0156434323816
0.0157435299832
0.0158439456941
0.0159446771413
0.0160457218742
0.0161470773657
0.0162487410128
0.0163507101374
0.0164529819875
0.0165555537378
0.0166584224913
0.0167615852796
0.0168650390648
0.0169687807399
0.0170728071307
0.0171771149961
0.0172817010301
0.0173865618625
0.0174916940604
0.0175970941292
0.0177027585138
0.0178086836002
0.0179148657162
0.0180213011333
0.0181279860672
0.0182349166797
0.0183420890795
0.0184494993237
0.018557143419
0.0186650173227
0.0187731169444
0.0188814381468
0.0189899767475
0.0190987285194
0.0192076891929
0.0193168544564
0.0194262199579
0.0195357813061
0.0196455340718
0.019755473789
0.0198655959561
0.0199758960373
0.0200863694637
0.0201970116344
0.0203078179182
0.0204187836543
0.0205299041536
0.0206411747003
0.0207525905528
0.0208641469448
0.0209758390868
0.0210876621673
0.0211996113537
0.0213116817937
0.0214238686167
0.0215361669344
0.0216485718427
0.0217610784223
0.0218736817403
0.021986376851
0.0220991587973
0.022212022612
0.0223249633184
0.0224379759322
0.0225510554619
0.0226641969105
0.0227773952765
0.0228906455545
0.0230039427373
0.0231172818162
0.0232306577821
0.0233440656273
0.0234575003459
0.0235709569351
0.0236844303963
0.023797915736
0.0239114079671
0.0240249021097
0.0241383931924
0.0242518762529
0.0243653463394
0.0244787985114
0.0245922278407
0.0247056294124
0.0248189983258
0.0249323296956
0.0250456186524
0.0251588603441
0.0252720499364
0.0253851826139
0.0254982535812
0.0256112580632
0.0257241913066
0.0258370485804
0.0259498251767
0.0260625164117
0.0261751176266
0.0262876241879
