301.45596
312.483194737
313.782037404
315.131187723
316.525817185
317.961873804
319.4358506
320.944657914
322.485545846
324.056051663
325.653962517
327.277273624
328.924181925
330.593042987
332.282361086
333.990769731
335.717016375
337.459949026
339.218504561
340.99169853
342.778616288
344.578405287
346.390268401
348.213458146
350.047271683
351.891046522
353.74415681
355.606010152
357.476044883
359.353727801
361.238551839
363.130034867
365.027717859
366.931163733
368.839956262
370.753699136
372.672015148
374.594545468
376.520949006
378.450901836
380.38409666
382.320242319
384.259063318
386.200299378
388.143704994
390.089048991
392.036114098
393.984696499
395.934605395
397.885662551
399.837701845
401.790568801
403.744120127
405.698223239
407.652755789
409.607605189
411.562668132
413.517850119
415.473064991
417.428234458
419.383287644
421.338160637
423.292796049
425.247142589
427.201154647
429.154791896
431.1080189
433.06080475
435.013122707
436.964949865
438.916266829
440.867057413
442.817308354
444.767009041
446.716151264
448.664728977
450.612738077
452.560176202
454.507042538
456.453337647
458.399063304
460.34422235
462.288818557
464.232856503
466.17634146
468.119279292
470.061676365
472.003539461
473.944875705
475.885692498
477.825997459
479.765798368
481.705103126
483.643919708
485.582256129
487.520120414
489.457520571
491.394464564
493.330960298
495.267015596
497.202638193
499.137835714
501.072615675
503.006985467
504.940952352
506.874523463
508.807705792
510.740506195
512.672931389
514.604987949
516.536682311
518.468020769
520.399009481
522.329654468
524.259961617
526.189936681
528.119585285
530.048912925
531.977924975
533.906626686
535.835023189
537.763119503
539.690920531
541.618431069
543.545655804
545.47259932
547.399266101
549.325660532
551.251786901
553.177649407
555.103252156
557.028599167
558.953694374
560.878541628
562.803144701
564.727507284
566.651632995
568.575525375
570.499187897
572.42262396
574.345836897
576.268829975
578.191606397
580.1141693
582.036521764
583.958666807
585.880607389
587.802346416
589.723886735
591.645231144
593.566382383
595.487343146
597.408116076
599.328703765
601.24910876
603.169333561
605.089380623
607.009252357
608.928951131
610.848479271
612.767839061
614.687032746
616.606062531
618.524930583
620.443639033
622.362189972
624.280585459
626.198827514
628.116918128
630.034859252
631.95265281
633.870300691
635.787804753
637.705166823
639.622388699
641.539472148
643.456418909
645.373230694
647.289909186
649.20645604
651.122872886
653.039161327
654.955322942
656.871359283
658.78727188
660.703062235
662.618731832
664.534282127
666.449714557
668.365030533
670.280231448
672.195318672
674.110293555
676.025157424
677.939911588
679.854557337
681.76909594
683.683528646
685.597856689
687.512081281
