3.73988587887
2.23310693414
2.24505908859
2.25350729634
2.2536754012
2.25571047205
2.25867841826
2.2593594042
2.2625528118
2.26564549885
2.26855246491
2.27125049984
2.27374341341
2.27604557198
2.27817448475
2.28014762072
2.28198116201
2.2836896148
2.28528578759
2.28678091463
2.28818482633
2.28950612421
2.29075234368
2.29193009908
2.29304521018
2.29410281148
2.29510744603
2.29606314596
2.29697350137
2.29784171927
2.29867067417
2.29946295131
2.30022088377
2.30094658432
2.30164197272
2.30230879924
2.30294866488
2.30356303875
2.30415327314
2.30472061647
2.30526622456
2.30579117038
2.30629645249
2.30678300248
2.30725169133
2.30770333516
2.30813870006
2.30855850657
2.30896343345
2.30935412109
2.3097311746
2.31009516644
2.31044663888
2.31078610616
2.31111405642
2.31143095347
2.31173723841
2.31203333105
2.31231963126
2.31259652014
2.3128643612
2.31312350131
2.31337427166
2.31361698868
2.31385195478
2.31407945913
2.31429977835
2.31451317719
2.31471990908
2.31492021675
2.31511433273
2.31530247988
2.31548487184
2.31566171344
2.3158332012
2.31599952364
2.3161608617
2.31631738908
2.31646927254
2.31661667226
2.31675974213
2.31689862998
2.31703347793
2.31716442258
2.31729159525
2.31741512226
2.3175351251
2.31765172066
2.31776502142
2.31787513562
2.31798216749
2.31808621735
2.31818738182
2.31828575397
2.31838142345
2.31847447664
2.31856499677
2.31865306408
2.31873875591
2.31882214684
2.31890330877
2.31898231106
2.31905922062
2.31913410199
2.31920701747
2.31927802716
2.31934718909
2.31941455883
2.31948019136
2.31954413845
2.31960645057
2.31966717643
2.31972636312
2.31978405613
2.31984029941
2.31989513546
2.31994860535
2.32000074879
2.32005160419
2.32010120868
2.32014959817
2.32019680741
2.32024287002
2.32028781851
2.32033168437
2.32037449806
2.32041628906
2.32045708593
2.32049691631
2.32053580696
2.32057378382
2.32061087197
2.32064709576
2.32068247875
2.32071704377
2.32075081295
2.32078380774
2.32081604893
2.32084755667
2.3208783505
2.32090844937
2.32093787165
2.32096663516
2.32099475719
2.32102225451
2.32104914338
2.3210754396
2.32110115848
2.32112631489
2.32115092326
2.32117499761
2.32119855153
2.32122159824
2.32124415055
2.32126622092
2.32128782145
2.32130896388
2.32132965964
2.32134991981
2.32136975517
2.3213891762
2.32140819306
2.32142681565
2.32144505359
2.32146291623
2.32148041265
2.32149755169
2.32151434195
2.32153079178
2.32154690932
2.32156270246
2.32157817891
2.32159334614
2.32160821144
2.32162278189
2.32163706439
2.32165106566
2.32166479222
2.32167825043
2.32169144648
2.32170438641
2.32171707607
2.32172952119
2.32174172734
2.32175369992
2.32176544423
2.32177696541
2.32178826846
2.32179935828
2.32181023961
2.32182091709
2.32183139525
2.32184167848
2.32185177107
2.32186167721
2.32187140099
2.32188094636
2.32189031722
2.32189951734
2.3219085504
