0.030944
0.0629106312814
0.0628970163035
0.0628831882515
0.0628690680282
0.0628545941433
0.0628397206425
0.0628244137959
0.0628086488765
0.0627924076233
0.0627757239699
0.0627584949499
0.0627407563596
0.0627225017714
0.0627037257451
0.06268442355
0.0626645909616
0.0626442241157
0.0626233194056
0.0626018164141
0.0625798250666
0.0625572863362
0.0625341967365
0.062510553185
0.0624855272118
0.0624615772505
0.0624362616738
0.0624103751817
0.0623839174396
0.0623568865817
0.062329280082
0.0623010951277
0.0622723287793
0.0622429780393
0.0622130398814
0.0621825112632
0.0621513891312
0.0621196704227
0.0620873520671
0.0620544309859
0.0620209040926
0.0619867682932
0.0619520204855
0.0619166575595
0.0618806763972
0.0618440738725
0.0618068468511
0.0617689921906
0.0617305067403
0.0616913873409
0.0616516308249
0.0616112340162
0.0615701937301
0.0615285067731
0.061486169943
0.0614431800286
0.0613995338098
0.0613552280575
0.061310259533
0.0612646249888
0.0612183211677
0.061171344803
0.0611236926184
0.061075361328
0.0610263476358
0.0609766482361
0.060926259813
0.0608751790406
0.0608234025826
0.0607709270923
0.0607177492126
0.0606638655759
0.0606092728037
0.060553967507
0.0604979462856
0.0604412057286
0.0603837424139
0.0603255529082
0.0602666337669
0.0602069815342
0.0601465927426
0.0600854639132
0.0600235915556
0.0599609721673
0.0598976022342
0.0598334782305
0.059768596618
0.0597029538466
0.0596365463543
0.0595693705665
0.0595014228964
0.0594326997449
0.0593631975003
0.0592929125386
0.0592218412228
0.0591499799036
0.0590773249186
0.0590038725928
0.0589296192381
0.0588545611537
0.0587786946254
0.0587020159262
0.0586245213156
0.0585462070402
0.0584670693329
0.0583871044137
0.0583063084886
0.0582246777505
0.0581422083787
0.0580588965386
0.0579747383821
0.0578897300473
0.0578038676585
0.0577171473262
0.0576295651468
0.0575411172028
0.0574517995625
0.0573616082804
0.0572705393965
0.0571785889368
0.0570857529129
0.0569920273221
0.0568974081472
0.0568018913566
0.0567054729044
0.0566081487298
0.0565099147575
0.0564107668977
0.0563107010457
0.0562097130819
0.0561077988721
0.0560049542671
0.0559011751027
0.0557964571998
0.0556907963641
0.0555841883865
0.0554766290423
0.0553681140919
0.0552586392803
0.0551482003373
0.0550367928422
0.0549244127631
0.0548110556493
0.0546967171687
0.0545813929735
0.0544650787004
0.0543477699703
0.0542294623884
0.0541101515442
0.0539898330112
0.053868502347
0.05374621137
0.0536228434231
0.0534984496494
0.0533730256975
0.0532465671109
0.0531190693791
0.052990527959
0.0528609382842
0.0527302957691
0.0525985958103
0.0524658337874
0.0523320050632
0.0521971049839
0.0520611288788
0.0519240720608
0.0517859298257
0.0516466974526
0.051506370204
0.051364943325
0.0512224120441
0.0510787715726
0.0509340171048
0.0507881438177
0.0506411468715
0.0504930214086
0.0503437625546
0.0501933654174
0.0500418250877
0.0498891366386
0.0497352949706
0.0495802954314
0.0494241328871
0.0492668023404
0.0491082987763
0.048948617162
0.0487877524468
0.0486256995622
0.0484624534216
0.0482980089206
0.0481323609365
0.0479655043286
0.0477973837595
0.0476280941821
0.0474575806883
0.0472858379276
0.0471128606101
0.0469386434605
0.0467631811992
0.0465864685339
