2.36790328118
3.19088547273
3.94086624467
4.41260272515
4.61906737189
4.6402535223
4.56682757831
4.45693016033
4.33715076791
4.22004583025
4.11032910827
4.00927659248
3.91675910813
3.83213338991
3.75461828409
3.68344552487
3.61791392841
3.55740327874
3.50137223295
3.44935060951
3.40093035806
3.35575689352
3.31352136625
3.27395398284
3.23681831636
3.20190648819
3.16903509563
3.13804176906
3.1087822581
3.08112796132
3.05496382814
3.03018657358
3.00670315613
2.98442947756
2.96328927026
2.94321314298
2.92413776111
2.90600514085
2.88876204039
2.87235943347
2.85675205327
2.84189799634
2.82775837766
2.81429702972
2.80148023916
2.78927651574
2.77765638902
2.76659222909
2.75605808792
2.74602955853
2.73648364976
2.72739867443
2.71875414923
2.71053070486
2.70271000511
2.69527467377
2.68820822848
2.68149502061
2.67512018056
2.66906956784
2.66332972534
2.65788783743
2.65273169141
2.64784964199
2.6432305785
2.63886389455
2.63473945991
2.63084759438
2.6271790435
2.62372495592
2.62047686227
2.61742665546
2.61456657213
2.61188917545
2.60938733884
2.6070542307
2.60488330017
2.60286826355
2.60100309171
2.59928199801
2.5976994271
2.59625004418
2.59492872498
2.59373054619
2.59265077647
2.59168486787
2.59082844776
2.59007731117
2.58942741348
2.58887486351
2.58841591698
2.58804697025
2.58776455441
2.58756532961
2.58744607973
2.58740370727
2.58743522843
2.58753776855
2.58770855766
2.58794492624
2.58824430124
2.58860420224
2.58902223778
2.58949610186
2.59002357063
2.59060249917
2.59123081844
2.59190653259
2.59262771556
2.59339250901
2.59419911959
2.59504581646
2.59593092899
2.59685284447
2.59781000602
2.5988009105
2.59982410653
2.60087819262
2.60196181536
2.60307366767
2.60421248712
2.60537705436
2.60656619155
2.60777876092
2.60901366332
2.61026983685
2.61154625562
2.6128419284
2.61415589748
2.61548723749
2.61683505428
2.61819848381
2.61957669121
2.62096886967
2.62237423957
2.62379204754
2.62522156552
2.62666209
2.62811294111
2.62957346188
2.63104301745
2.63252099437
2.63400679983
2.63549986105
2.63699962457
2.63850555564
2.64001713759
2.64153387125
2.6430552744
2.64458088116
2.64611024154
2.64764292087
2.64917849932
2.65071657144
2.65225674568
2.65379864394
2.65534190119
2.65688616497
2.65843109508
2.65997636313
2.66152165218
2.6630666564
2.6646110807
2.66615464041
2.66769706091
2.66923807738
2.67077743444
2.67231488589
2.67385019439
2.67538313123
2.676913476
2.67844101641
2.67996554797
2.68148687378
2.68300480429
2.68451915708
2.68602975663
2.68753643412
2.6890390272
2.69053737982
2.69203134202
2.69352076973
2.69500552465
2.69648547397
2.69796049031
2.69943045147
2.70089524034
2.70235474467
2.70380885699
2.70525747444
2.70670049859
2.70813783537
2.70956939491
2.71099509137
2.71241484289
2.71382857141
2.7152362026
2.7166376657
2.71803289343
2.71942182191
