-87.4868205715
69.5770893274
9.83213700276
-96.4471691806
58.1435708535
7.32688705864
-87.4721792337
58.4826898804
7.44789074793
-81.950761781
55.2470697355
7.86859935564
-77.9962010784
56.2637523223
7.83078686061
-76.1603698955
57.016810268
7.85333063761
-75.3055871991
57.6068009933
7.90253939061
-74.8557920247
58.0977776601
7.96083753551
-74.505971212
58.3747354581
8.02367767975
-74.2281598751
58.7485300677
8.08245489088
-73.9471612006
59.0868898713
8.13897000046
-73.6459480131
59.3958912974
8.19277568582
-73.3211095413
59.6798660973
8.2438102172
-72.9747357611
59.9421148792
8.29217355361
-72.6108050838
60.1852786706
8.33802708782
-72.233628776
60.4115381101
8.38154833011
-71.8472238321
60.6227310933
8.42291134516
-71.4551003267
60.8204269239
8.46227887684
-71.0602269938
61.0059770965
8.49979981501
-70.6650681189
61.1805525429
8.5356090299
-70.271644203
61.3451724181
8.56982819517
-69.8815960316
61.5007271683
8.60256696567
-69.4962440787
61.6479974629
8.63392422488
-69.1166406324
61.7876699671
8.66398927889
-68.7436143473
61.9203506073
8.6928429497
-68.3778078348
62.0465757958
8.7205585544
-68.0197091828
62.1668219667
8.74720277223
-67.6696783133
62.2815136979
8.7728364078
-67.3279690018
62.3910306439
8.79751506068
-66.9947472737
62.4957134618
8.82128971171
-66.6701067787
62.5958688837
8.8442072362
-66.3540816461
62.6917740631
8.86631085278
-66.0466572397
62.7836803038
8.88764051618
-65.7477791568
62.8718162621
8.90823326101
-65.4573607618
62.9563907003
8.92812350284
-65.1752894905
63.0375948571
8.94734330211
-64.9014321257
63.1156044906
8.96592259575
-64.6356392098
63.1905816422
8.98388940063
-64.3777487318
63.2626761607
9.00126999256
-64.1275892058
63.3320270234
9.01808906412
-63.8849822368
63.3987634806
9.03436986388
-63.6497446562
63.4630060518
9.05013431971
-63.4216902941
63.5248673924
9.06540314795
-63.2006314474
63.5844530506
9.08019595056
-62.98638009
63.6418621301
9.09453130156
-62.7787488675
63.697187871
9.10842682434
-62.5775519093
63.7505181608
9.12189926079
-62.3826054883
63.8019359857
9.13496453349
-62.193728551
63.8515198289
9.14763780165
-62.0107431399
63.8993440254
9.1599335117
-61.8334747249
63.9454790764
9.17186544309
-61.6617524581
63.9899919312
9.18344674992
-61.4954093652
64.0329462388
9.19468999894
-61.3342824834
64.0744025751
9.20560720415
-61.1782129541
64.1144186471
9.21620985867
-61.0270460793
64.1530494775
9.22650896397
-60.8806313467
64.1903475729
9.23651505676
-60.7388224293
64.2263630766
9.24623823396
-60.6014771644
64.261143908
9.25568817571
-60.4684575151
64.2947358908
9.26487416683
-60.3396295178
64.3271828701
9.27380511674
-60.2148632188
64.3585268213
9.28248957807
-60.0940326017
64.3888079497
9.29093576404
-59.9770155081
64.4180647833
9.29915156472
-59.8636935522
64.4463342589
9.30714456229
-59.7539520324
64.4736518025
9.31492204541
-59.6476798391
64.5000514033
9.3224910227
-59.5447693612
64.5255656843
9.32985823545
-59.4451163915
64.5502259673
9.33703016961
-59.3486200309
64.5740623342
9.34401306717
-59.2551825937
64.5971036849
9.3508129368
-59.1647095131
64.6193777913
9.35743556408
-59.077109247
64.6409113485
9.36388652106
-58.9922931865
64.6617300232
9.37017117541
-58.9101755643
64.681858499
9.37629469907
-58.830673366
64.7013205195
9.38226207645
-58.7537062426
64.7201389297
9.38807811232
-58.6791964253
64.7383357137
9.39374743918
-58.6070686421
64.7559320324
9.39927452436
-58.5372500367
64.7729482576
9.40466367677
-58.4696700897
64.7894040056
9.40991905334
-58.4042605417
64.8053181684
9.41504466513
-58.3409553186
64.8207089438
9.42004438316
-58.2796904595
64.8355938637
9.42492194403
-58.2204040464
64.8499898219
9.4296809552
-58.1630361361
64.863913099
9.43432490011
-58.1075286944
64.8773793881
9.43885714299
-58.0538255324
64.8904038177
9.44328093356
-58.0018722445
64.9030009744
9.44759941144
-57.9516161491
64.9151849246
9.45181561037
-57.9030062305
64.9269692346
9.45593246231
-57.8559930832
64.9383669904
9.45995280132
-57.810528858
64.9493908168
9.46387936723
-57.76656721
64.9600528946
9.46771480928
-57.7240632478
64.9703649785
9.47146168944
-57.6829734855
64.9803384128
9.47512248575
-57.6432557952
64.9899841479
9.47869959539
-57.6048693619
64.9993127546
9.48219533772
-57.5677746399
65.0083344389
9.48561195713
-57.53193331
65.0170590557
9.48895162579
-57.4973082393
65.025496122
9.49221644633
-57.4638634414
65.0336548298
9.49540845431
-57.4315640386
65.0415440578
9.49852962069
-57.4003762251
65.0491723833
9.50158185417
-57.3702672317
65.0565480935
9.50456700341
-57.3412052917
65.0636791961
9.50748685915
-57.3131596021
65.0705733559
9.51034315351
-57.2861003147
65.0772381988
9.51313757318
-57.2599984706
65.0836808804
9.51587174451
-57.2348259942
65.0899083889
9.51854724653
-57.2105556585
65.0959274804
9.52116560988
-57.1871610573
65.1017446871
9.52372831853
-57.164616579
65.1073663257
9.52623681138
-57.1428973806
65.1127985049
9.52869248383
-57.121979363
65.1180471328
9.53109668927
-57.1018391467
65.1231179242
9.53345074054
-57.0824540491
65.1280164072
9.53575591128
-57.0638020619
65.1327479301
9.53801343728
-57.0458618297
65.1373176676
9.54022451778
-57.028612629
65.1417306267
9.54239031665
-57.0120343481
65.1459916529
9.54451196365
-56.9961074679
65.1501054358
9.5465905555
-56.9808130428
65.1540765141
9.54862715702
-56.9661326831
65.1579092813
9.55062280218
-56.9520485369
65.1616079906
9.55257849512
-56.9385432736
65.1651767595
9.55449521113
-56.9256000677
65.1686195749
9.55637389758
-56.9132025824
65.1719402972
9.55821547486
-56.9013349551
65.1751426644
9.56002083723
-56.8899817823
65.1782302971
9.56179085369
-56.8791281054
65.1812067016
9.56352636877
-56.8687593969
65.1840752743
9.56522820334
-56.8588615473
65.1868393051
9.56689715532
-56.8494208523
65.1895019812
9.5685340005
-56.840424
65.1920663903
9.57013949313
-56.8318580592
65.1945355244
9.57171436671
-56.8237104679
65.1969122822
9.57325933454
-56.8159690217
65.199199473
9.57477509045
-56.8086218634
65.2013998191
9.57626230934
-56.8016574721
65.203515959
9.57772164778
-56.7950646533
65.20555045
9.57915374463
-56.7888325291
65.207505771
9.5805592215
-56.7829505286
65.2093843247
9.58193868336
-56.7774083786
65.2111884407
9.58329271901
-56.772196095
65.2129203774
9.58462190157
-56.767303974
65.2145823243
9.58592678898
-56.762722584
65.2161764045
9.58720792445
-56.7584427571
65.2177046769
9.58846583688
-56.7544555818
65.2191691379
9.58970104134
-56.7507523952
65.2205717235
9.59091403943
-56.7473247756
65.2219143115
9.59210531974
-56.7441645358
65.2231987232
9.59327535819
-56.7412637159
65.2244267252
9.5944246184
-56.7386145768
65.225600031
9.5955535521
-56.7362095937
65.2267203029
9.59666259946
-56.7340414502
65.2277891536
9.59775218938
-56.7321030317
65.2288081475
9.59882273991
-56.7303874202
65.2297788028
9.59987465848
-56.7288878881
65.2307025921
9.60090834226
-56.7275978932
65.2315809445
9.60192417845
-56.726511073
65.2324152469
9.60292254452
-56.7256212398
65.2332068451
9.60390380856
-56.7249223756
65.2339570449
9.6048683295
-56.7244086275
65.2346671139
9.60581645738
-56.7240743025
65.2353382822
9.60674853362
-56.7239138635
65.2359717439
9.60766489124
-56.7239219249
65.2365686577
9.60856585509
-56.7240932477
65.2371301487
9.60945174213
-56.7244227361
65.2376573088
9.61032286158
-56.7249054331
65.2381511981
9.61117951519
-56.7255365169
65.2386128457
9.61202199743
-56.7263112966
65.2390432506
9.61285059567
-56.7272252092
65.2394433829
9.61366559042
-56.7282738154
65.2398141842
9.61446725548
-56.7294527968
65.2401565689
9.61525585813
-56.7307579522
65.2404714249
9.61603165933
-56.7321851943
65.2407596143
9.61679491386
-56.7337305466
65.2410219741
9.61754587052
-56.7353901406
65.2412593172
9.61828477227
-56.7371602127
65.2414724331
9.61901185639
-56.7390371011
65.2416620883
9.61972735462
-56.7410172433
65.2418290273
9.62043149335
-56.7430971732
65.2419739731
9.62112449372
-56.7452735188
65.2420976279
9.62180657177
-56.7475429991
65.2422006737
9.62247793859
-56.7499024221
65.2422837729
9.62313880043
-56.7523486823
65.2423475688
9.62378935884
-56.7548787581
65.2423926863
9.62442981079
-56.7574897099
65.2424197323
9.6250603488
-56.7601786776
65.2424292964
9.62568116101
-56.7629428786
65.2424219513
9.62629243138
-56.7657796059
65.2423982533
9.62689433969
-56.7686862255
65.2423587426
9.62748706175
-56.7716601752
65.2423039441
9.62807076943
-56.774698962
65.2422343678
9.6286456308
-56.7778001608
65.2421505089
9.6292118102
-56.7809614123
65.2420528486
9.62976946836
-56.7841804212
65.2419418543
9.63031876247
-56.7874549548
65.2418179802
9.63085984629
-56.7907828409
65.2416816673
9.63139287021
