-266.744497077
-278.825426803
-279.572045565
-280.292663987
-280.987307673
-281.655994323
-282.298746698
-282.915604232
-283.506627144
-284.071897496
-284.611519069
-285.125616786
-285.614335934
-286.077841306
-286.516316298
-286.929961981
-287.318996159
-287.683652414
-288.024179148
-288.340838629
-288.633906031
-288.903668492
-289.150424168
-289.374481314
-289.57615737
-289.755778071
-289.913676572
-290.0501926
-290.165671628
-290.260464075
-290.334924531
-290.389411011
-290.42428424
-290.439906967
-290.436643305
-290.414858109
-290.374916377
-290.31718269
-290.242020676
-290.14979251
-290.040858438
-289.915576342
-289.77430132
-289.617385307
-289.44517672
-289.258020129
-289.056255956
-288.840220201
-288.61024419
-288.366654354
-288.109772018
-287.83991323
-287.557388595
-287.262503139
-286.955556188
-286.636841267
-286.306646019
-285.965252132
-285.612935292
-285.249965142
-284.876605263
-284.493113157
-284.099740252
-283.696731914
-283.284327469
-282.862760234
-282.432257561
-281.99304088
-281.545325765
-281.089321988
-280.625233593
-280.153258974
-279.673590947
-279.186416844
-278.691918594
-278.190272821
-277.681650935
-277.166219233
-276.644138999
-276.115566603
-275.580653609
-275.03954688
-274.492388679
-273.939316781
-273.380464579
-272.815961188
-272.245931558
-271.670496574
-271.089773169
-270.503874428
-269.91290969
-269.316984657
-268.716201495
-268.110658937
-267.500452384
-266.885674003
-266.266412828
-265.642754856
-265.014783143
-264.382577894
-263.74621656
-263.105773928
-262.461322206
-261.81293013
-261.160666998
-260.504596805
-259.844782309
-259.181284109
-258.514160723
-257.843468668
-257.169262531
-256.491595046
-255.810517163
-255.126078116
-254.438325497
-253.747305318
-253.053062077
-252.35563882
-251.655077208
-250.951417568
-250.244698961
-249.534959233
-248.822235074
-248.10656207
-247.387974756
-246.66650667
-245.942190402
-245.21505764
-244.485139221
-243.752465176
-243.017064776
-242.278966575
-241.538198451
-240.794787653
-240.048760835
-239.3001441
-238.548963036
-237.795242757
-237.039007934
-236.280282835
-235.519091357
-234.755457061
-233.989403205
-233.220952775
-232.450128515
-231.67695296
-230.901448465
-230.123637231
-229.343541336
-228.56118276
-227.776583414
-226.989765163
-226.200749855
-225.40955934
-224.6162155
-223.820740266
-223.023155647
-222.223483746
-221.421746787
-220.61796713
-219.812167296
-219.004369986
-218.194598096
-217.382874742
-216.569223273
-215.753667289
-214.936230661
-214.116937546
-213.295812401
-212.472880001
-211.648165452
-210.821694206
-209.993492078
-209.163585253
-208.332000305
-207.498764204
-206.663904334
-205.827448499
-204.989424936
-204.149862325
-203.3087898
-202.466236957
-201.622233862
-200.776811062
-199.92999959
-199.081830974
-198.232337242
-197.381550931
-196.529505088
-195.676233281
-194.821769597
-193.966148652
-193.10940559
-192.251576088
-191.392696357
-190.532803145
-189.671933738
-188.810125958
-187.947418165
-187.083849259
