0.00975709165349
0.0125455981045
0.0153224419179
0.0174338296252
0.0187624021564
0.0194128206982
0.019621038834
0.019575776943
0.0193957057973
0.0191370826174
0.0188351256216
0.0185092424791
0.0181706621271
0.0178262849318
0.0174806098601
0.0171367131271
0.0167967670281
0.0164623305531
0.0161345239989
0.0158141417726
0.0155017301906
0.0151976439983
0.0149020889935
0.0146151549815
0.014336841658
0.014067079131
0.0138057442787
0.0135526738209
0.0133076747721
0.0130705327933
0.0128410188533
0.0126188945233
0.0124039161693
0.0121958382516
0.0119944159036
0.0117994069261
0.011610573313
0.0114276823955
0.0112505076833
0.0110788294589
0.0109124351785
0.0107511197153
0.0105946854808
0.0104429424486
0.0102957081036
0.0101528073317
0.0100140722669
0.00987934210454
0.00974846289152
0.00962128729978
0.00949767438945
0.00937748936598
0.00926060333517
0.00914689305867
0.00903624071241
0.00892853364955
0.00882366416923
0.00872152929208
0.00862203054306
0.00852507374221
0.00843056880344
0.00833842954157
0.00824857348757
0.00816092171194
0.00807539865617
0.00799193197197
0.00791045236818
0.00783089346496
0.00775319165516
0.00767728597245
0.00760311796606
0.00753063158167
0.00745977304839
0.00739049077136
0.00732273522978
0.00725645888013
0.00719161606429
0.00712816292223
0.00706605730926
0.00700525871734
0.00694572820047
0.00688742830371
0.00683032299594
0.00677437760583
0.00671955876113
0.00666583433093
0.00661317337083
0.00656154607076
0.00651092370546
0.00646127858735
0.0064125840217
0.006364814264
0.00631794447942
0.00627195070417
0.00622680980881
0.00618249946324
0.00613899810338
0.00609628489947
0.00605433972579
0.00601314313191
0.00597267631515
0.00593292109449
0.0058938598855
0.00585547567659
0.00581775200624
0.00578067294135
0.00574422305764
0.0057083874154
0.00567315154715
0.00563850143539
0.00560442349635
0.00557090456356
0.00553793187202
0.00550549304324
0.00547357607074
0.00544216930632
0.00541126144685
0.00538084152167
0.00535089888046
0.00532142318169
0.00529240438155
0.00526383272329
0.00523569872707
0.0052079931802
0.00518070712776
0.00515383186367
0.00512735892205
0.00510128006898
0.00507558729459
0.00505027280542
0.00502532901717
0.00500074854765
0.00497652421005
0.00495264900649
0.00492911612182
0.00490591891758
0.00488305092633
0.00486050584608
0.00483827753502
0.00481636000634
0.00479474742342
0.004773434095
0.00475241447068
0.00473168313652
0.00471123481083
0.00469106434008
0.00467116669502
0.00465153696686
0.00463217036367
0.00461306220686
0.00459420792778
0.00457560306449
0.00455724325862
0.00453912425228
0.00452124188521
0.00450359209187
0.00448617089881
0.00446897442195
0.00445199886408
0.0044352405124
0.00441869573615
0.00440236098429
0.00438623278332
0.00437030773514
0.00435458251495
0.00433905386924
0.00432371861393
0.0043085736324
0.00429361587375
0.00427884235101
0.00426425013946
0.00424983637498
0.00423559825246
0.00422153302426
0.00420763799876
0.00419391053883
0.00418034806051
0.00416694803161
0.00415370797043
0.00414062544447
0.00412769806916
0.00411492350673
0.00410229946502
0.00408982369633
0.00407749399636
0.00406530820314
0.00405326419601
0.00404135989461
0.0040295932579
0.00401796228326
0.00400646500555
0.00399509949621
0.00398386386243
0.0039727562463
0.00396177482399
0.00395091780496
0.00394018343123
0.00392956997656
0.00391907574582
0.00390869907418
