0.00438619862346
0.0043951301221
0.00440387553102
0.00441244936367
0.00442086085407
0.00442911843788
0.00443723025703
0.00444520422169
0.00445304802323
0.00446076914174
0.00446837485294
0.00447587223506
0.00448326817571
0.00449056937867
0.0044977823707
0.00450491350817
0.00451196898376
0.00451895483293
0.00452587694038
0.00453274104636
0.00453955275284
0.00454631752963
0.00455304072029
0.00455972754794
0.00456638312091
0.00457301243829
0.00457962039528
0.00458621178839
0.00459279132058
0.0045993636061
0.00460593317529
0.00461250447921
0.00461908189405
0.00462566972547
0.00463227221272
0.00463889353265
0.0046455378035
0.00465220908865
0.00465891140008
0.00466564870177
0.00467242491292
0.00467924391098
0.00468610953461
0.00469302558638
0.0046999958354
0.00470702401977
0.00471411384883
0.00472126900535
0.00472849314749
0.00473578991058
0.00474316290886
0.00475061573695
0.00475815197116
0.00476577517078
0.00477348887898
0.00478129662377
0.00478920191863
0.00479720826308
0.004805319143
0.00481353803082
0.00482186838552
0.00483031365247
0.00483887726307
0.00484756263417
0.00485637316741
0.00486531224822
0.00487438324478
0.00488358950663
0.00489293436321
0.0049024211221
0.00491205306712
0.00492183345615
0.0049317655188
0.00494185245379
0.00495209742621
0.00496250356441
0.00497307395679
0.00498381164829
0.00499471963667
0.00500580086853
0.00501705823513
0.00502849456791
0.00504011263381
0.00505191513037
0.00506390468051
0.00507608382715
0.00508845502752
0.00510102064729
0.00511378295441
0.00512674411278
0.0051399061756
0.00515327107862
0.00516684063305
0.00518061651832
0.00519460027469
0.00520879329557
0.00522319681973
0.00523781192334
0.00525263951185
0.00526768031172
0.00528293486209
0.00529840350631
0.0053140863834
0.0053299834195
0.00534609431925
0.0053624185572
0.00537895536928
0.00539570374426
0.00541266241539
0.00542982985212
0.00544720425205
0.00546478353298
0.00548256532535
0.00550054696486
0.00551872548551
0.00553709761295
0.00555565975829
0.00557440801682
0.00559333814378
0.00561244558048
0.00563172542831
0.00565117245135
0.00567078107376
0.0056905453779
0.00571045910341
0.00573051564699
0.00575070806323
0.00577102906627
0.00579147103255
0.00581202600451
0.00583268569542
0.00585344149522
0.00587428447751
0.00589520540773
0.00591619475235
0.00592538741607
0.00593561827392
0.00594680916243
0.00595888729183
0.00597178300081
0.00598542936037
0.00599976197988
0.00601471885369
0.00603024023042
0.00604626850112
0.00606274810429
0.00607962544582
0.00609684883222
0.00611436841551
0.0061321361486
0.00615010574956
0.00616823267392
0.00618647409368
0.00620478888222
0.00622313760412
0.00624148250913
0.00625978752952
0.00627801828034
0.00629614206175
0.00631412786328
0.00633194636945
0.00634956996645
0.00636697274983
0.00638413053296
0.00640102085639
0.00641762299809
0.0064339160016
0.00644987051166
0.00646547165624
0.00648070628939
0.00649556302737
0.00651003227751
0.00652410627785
0.00653777914272
0.00655104691736
0.00656390764414
0.00657636144353
0.00658841061372
0.00660005975373
0.00661131591606
0.00662218879655
0.00663269097124
0.00664283819288
0.00665264976335
0.00666214900347
0.00667136384882
0.00668032760974
0.00668907994773
0.00669766814016
0.00670614873434
0.0067145897348
0.00672307353303
0.00673170089041
0.00674059644687
0.00674991649417
0.00675986020685
0.00677068633049
0.006782738834
0.00679648801984
0.00681259997163
