1110.42396411
515.070047513
424.483476716
364.02834424
327.448719936
307.570528565
297.254195216
291.854507431
288.699111713
286.69227032
285.239951836
284.064516227
283.0363044
282.094291537
281.20926505
280.366788715
279.559335559
278.782642168
278.034013515
277.311530774
276.613678524
275.939167484
275.286848791
274.655671385
274.044659792
273.452901693
272.879540233
272.323768703
271.784826459
271.261995525
270.754597634
270.261991558
269.78357066
269.318760652
268.867017501
268.427825496
268.000695456
267.585163059
267.180787294
266.787149023
266.403849646
266.030509855
265.666768487
265.312281444
264.9667207
264.629773368
264.30114084
263.980537972
263.667692338
263.362343529
263.06424249
262.773150915
262.488840666
262.211093243
261.939699276
261.674458055
261.41517709
261.161671691
260.91376458
260.671285523
260.434070989
260.201963816
259.974812915
259.752472971
259.534804181
259.321671987
259.11294684
258.908503969
258.708223162
258.511988563
258.319688476
258.131215185
257.946464773
257.765336965
257.587734964
257.413565308
257.242737725
257.075165003
256.910762859
256.74944982
256.591147109
256.435778532
256.283270378
256.133551319
255.986552314
255.842206519
255.700449204
255.561217669
255.424451166
255.290090826
255.158079588
255.028362129
254.9008848
254.775595568
254.65244395
254.531380963
254.412359064
254.295332104
254.180255272
254.067085056
253.955779186
253.846296604
253.738597409
253.632642826
253.528395166
253.425817785
253.324875053
253.22553286
253.127756415
253.03151347
252.936772119
252.843501311
252.751670823
252.661251233
252.572213894
252.48453091
252.398175113
252.313120038
252.229339902
252.146809583
252.065504599
251.985401089
251.906475794
251.828706037
251.752069708
251.676545245
251.602111619
251.528748316
251.456435325
251.385153119
251.314882645
251.245605309
251.17730296
251.10995788
251.043552771
250.978070745
250.913495306
250.849810348
250.787000135
250.725049298
250.663942821
250.60366603
250.544204589
250.485544483
250.427672018
250.370573805
250.314236755
250.258648071
250.20379524
250.149666023
250.096248452
250.043530821
249.991501676
249.940149815
249.889464275
249.839434329
249.790049479
249.741299453
249.693174192
249.645663854
249.598758802
249.552449598
249.506727006
249.461581977
249.41700565
249.372989348
249.32952457
249.286602988
249.244216444
249.202356945
249.161016659
249.12018791
249.079863177
249.040035088
249.000696415
248.961840076
248.923459126
248.885546757
248.848096292
248.811101186
248.774555018
248.738451494
248.702784436
248.66754779
248.632735611
248.598342073
248.564361454
248.530788145
248.497616639
248.464841532
248.432457521
248.400459403
248.368842068
248.337600503
248.306729784
248.27622508
248.246081646
248.216294822
248.186860036
248.157772794
