-373.365576776
-620.666390139
-618.539537723
-616.514322593
-614.588572708
-612.757604631
-611.016374291
-609.36002668
-607.783999857
-606.284028297
-604.856125189
-603.496561682
-602.201846994
-600.968710132
-599.79408323
-598.675086381
-597.609013818
-596.593321311
-595.625614651
-594.703639122
-593.82526986
-592.988503009
-592.191447606
-591.432318122
-590.709427598
-590.021181324
-589.366071009
-588.742669398
-588.149625306
-587.585659015
-587.049558021
-586.540173087
-586.056414589
-585.597249123
-585.161696348
-584.748826055
-584.357755447
-583.987646592
-583.637704061
-583.307172725
-582.995335692
-582.701512391
-582.425056774
-582.165355641
-581.921827068
-581.693918939
-581.481107572
-581.282896429
-581.098814903
-580.928417194
-580.771281231
-580.627007683
-580.49521901
-580.375558584
-580.26768985
-580.171295546
-580.086076956
-580.011753215
-579.948060644
-579.894752123
-579.851596499
-579.81837802
-579.794895796
-579.780963287
-579.776407814
-579.781070087
-579.794803752
-579.817474955
-579.848961919
-579.889154529
-579.937953931
-579.995272136
-580.061031627
-580.135164972
-580.217614433
-580.308331579
-580.407276888
-580.514419346
-580.629736039
-580.753211728
-580.884838413
-581.024614881
-581.172546229
-581.32864337
-581.49292251
-581.665404597
-581.846114736
-582.035081572
-582.23233663
-582.437913615
-582.651847667
-582.874174563
-583.104929868
-583.344148033
-583.591861424
-583.848099295
-584.112886693
-584.386243289
-584.66818214
-584.958708377
-585.257817811
-585.565495466
-585.881714028
-586.206432221
-586.539593099
-586.881122263
-587.230926013
-587.58888942
-587.95487435
-588.328717423
-588.710227937
-589.099185762
-589.495339213
-589.898402926
-590.308055762
-590.723938744
-591.14565307
-591.572758221
-592.004770197
-592.441159911
-592.88135178
-593.32472255
-593.77060039
-594.218264294
-594.66694384
-595.11581933
-595.564022354
-596.010636812
-596.454700429
-596.895206769
-597.331107779
-597.761316876
-598.184712551
-598.60014251
-599.006428304
-599.402370424
-599.786753807
-600.158353697
-600.515941785
-600.858292543
-601.184189656
-601.492432455
-601.781842242
-602.051268395
-602.299594145
-602.525741924
-602.728678176
-602.90741756
-603.061026456
-603.188625727
-603.2893927
-603.362562336
-603.407427607
-603.423339093
-603.409703844
-603.365983569
-603.291692227
-603.186393104
-603.049695486
-602.881251021
-602.680749869
-602.447912147
-602.182501948
-601.884303229
-601.553110025
-601.188752671
-600.791072669
-600.359925276
-599.895177068
-599.396703895
-598.864389208
-598.298122066
-597.697798935
-597.063319039
-596.394586636
-595.691510292
-594.954002989
-594.181982391
-593.375371221
-592.534097715
-591.658096086
-590.747306996
-589.801677199
-588.821162919
-587.805725604
-586.755334986
-585.66996833
-584.549610254
-583.39425238
-582.20389283
-580.97853553
-579.718189361
-578.422867128
-577.092584375
-575.727358033
-574.327204924
-572.892140121
-571.422175174
-569.917316214
-568.377561939
