322.541719235
668.506762872
666.142769617
663.78044129
661.420401444
659.063192051
656.709303673
654.359189044
652.013268171
649.671930402
647.335535431
645.004413978
642.67886839
640.359173269
638.04557613
635.738298124
633.437534806
631.143456945
628.856211384
626.575921925
624.302690248
622.036596852
619.777702018
617.526046777
615.281653896
613.044528862
610.814660866
608.592023786
606.376577163
604.168267156
601.967027497
599.772780419
597.585437568
595.404900895
593.231063518
591.06381057
588.903020007
586.748563398
584.600306685
582.458110906
580.321832899
578.191325965
576.066440508
573.94702464
571.832924753
569.72398607
567.620053154
565.520970395
563.426582464
561.336734739
559.251273705
557.170047322
555.092905372
553.019699775
550.950284883
548.88451775
546.822258378
544.763369937
542.707718974
540.655175589
538.605613597
536.558910677
534.514948492
532.4736128
530.434793547
528.398384946
526.364285534
524.332398232
522.302630373
520.274893731
518.249104536
516.225183474
514.203055683
512.182650739
510.163902628
508.146749716
506.131134712
504.117004619
502.104310682
500.093008333
498.083057126
496.074420669
494.067066554
492.060966279
490.05609517
488.052432654
486.049960757
484.048666134
482.048538573
480.049571256
478.051760661
476.055106473
474.059611489
472.065281518
470.072125287
468.080154349
466.089382977
464.099828077
462.111509086
460.124447878
458.138668667
456.154197915
454.171064238
452.18929831
450.208932774
448.230002153
446.252542754
444.276592588
442.302191278
440.329379977
438.358201281
436.388699151
434.420918831
432.454906769
430.490710539
428.528378771
426.567961072
424.609507959
422.653070788
420.698698613
418.746450316
416.796376453
414.848531049
412.902968672
410.959744363
409.018913573
407.080532112
405.144656091
403.211341877
401.280646043
399.352625322
397.427336564
395.504836692
393.585182666
391.668431441
389.75463993
387.843864975
385.936163307
384.031591521
382.130206043
380.232063102
378.337218709
376.445728625
374.557648347
372.673033078
370.791937715
368.914419708
367.040527587
365.170317982
363.303844408
361.441159979
359.582317402
357.727368974
355.876366572
354.029361649
352.186405225
350.347547878
348.512839748
346.682330525
344.856069448
343.034105305
341.21648643
339.403260703
337.594475549
335.79017794
333.990414396
332.195230989
330.404673341
328.618786631
326.837615598
325.061204545
323.289597341
321.522837429
319.760967829
318.004031144
316.252069566
314.505124879
312.763238469
311.026451328
309.294804057
307.568336878
305.847089635
304.131101804
302.420412495
300.715060461
299.015084103
297.320521476
295.631410293
293.947787932
292.269691441
290.597157543
288.930222639
287.268922816
285.613293846
283.963371196
282.319190026
280.680785195
279.048191264
277.421442498
275.800572866
