0.0197134233357
0.0279097664686
0.035752161259
0.0412153079933
0.0443470121684
0.0459044386176
0.0466816756342
0.0471662636424
0.0475590173614
0.0479553843047
0.0483888482796
0.0488667541551
0.0493862820294
0.0499412303318
0.0505247625388
0.0511304505874
0.0517525960453
0.0523862748628
0.0530272791076
0.0536720299405
0.054317490049
0.0549610850785
0.0556006361594
0.0562343029031
0.0568605354262
0.0574780338971
0.0580857142744
0.0586826791394
0.0592681927387
0.0598416595301
0.0604026056706
0.0609506629878
0.061485555067
0.0620070851484
0.0625151255807
0.063009608618
0.0634905183804
0.0639578838229
0.0644117725821
0.0648522855861
0.0652795523285
0.0656937267238
0.0660949834675
0.0664835148391
0.0668595278906
0.0672232419744
0.0675748865658
0.0679146993463
0.0682429245141
0.0685598112957
0.0688656126337
0.0691605840299
0.0694449825268
0.0697190658098
0.0699830914184
0.070237316052
0.0704819949621
0.0707173814195
0.0709437262499
0.0711612774296
0.0713702797357
0.0715709744449
0.0717635990754
0.0719483871679
0.0721255681024
0.0722953669452
0.0724580043253
0.0726136963356
0.072762654457
0.0729050855029
0.0730411915819
0.0731711700775
0.0732952136414
0.0734135102006
0.0735262429762
0.0736335905118
0.073735726712
0.0738328208879
0.0739250378107
0.0740125377705
0.0740954766411
0.0741740059491
0.0742482729473
0.0743184206907
0.0743845881161
0.0744469101234
0.0745055176587
0.0745605377993
0.0746120938391
0.0746603053752
0.0747052883945
0.0747471553604
0.0747860152999
0.0748219738898
0.0748551335424
0.0748855934907
0.0749134498731
0.074938795816
0.0749617215164
0.0749823143229
0.0750006588152
0.0750168368826
0.0750309278007
0.075043008307
0.075053152675
0.0750614327859
0.0750679182
0.0750726762258
0.0750757719878
0.0750772684908
0.0750772266867
0.0750757055362
0.0750727620695
0.0750684514466
0.0750628270147
0.075055940365
0.0750478413871
0.075038578323
0.0750281978184
0.0750167449734
0.0750042633913
0.074990795226
0.0749763812286
0.0749610607914
0.0749448719921
0.0749278516355
0.0749100352944
0.0748914573492
0.0748721510266
0.0748521484362
0.0748314806073
0.0748101775232
0.0747882681556
0.074765780497
0.0747427415924
0.0747191775706
0.0746951136735
0.074670574285
0.0746455829589
0.0746201624461
0.0745943347208
0.0745681210053
0.0745415417951
0.0745146168823
0.0744873653786
0.0744598057375
0.0744319557757
0.0744038326939
0.0743754530972
0.074346833014
0.0743179879152
0.0742889327324
0.0742596818753
0.0742302492489
0.0742006482699
0.0741708918825
0.0741409925742
0.0741109623903
0.0740808129485
0.074050555453
0.0740202007077
0.0739897591293
0.0739592407602
0.0739286552804
0.0738980120193
0.0738673199676
0.0738365877876
0.0738058238246
0.0737750361167
0.0737442324052
0.073713420144
0.0736826065091
0.0736517984076
0.0736210024864
0.073590225141
0.0735594725232
0.0735287505494
0.0734980649079
0.0734674210669
0.0734368242813
0.0734062795994
0.0733757918702
0.0733453657496
0.0733150057067
0.0732847160298
0.0732545008324
0.0732243640592
0.0731943094909
0.0731643407503
0.073134461307
0.0731046744825
0.0730749834552
0.0730453912648
0.0730159008171
0.0729865148884
0.0729572361293
0.0729280670695
0.0728990101213
0.0728700675835
0.0728412416453
