5.57845030337
7.63531055842
9.73517255143
11.3789855372
12.491065443
13.1650094244
13.5709306423
13.8367500325
14.0290975145
14.1846273362
14.3210632749
14.4468519655
14.5660367864
14.6805938633
14.7915288186
14.8993881955
15.0044979432
15.1070750946
15.2072804884
15.3052439901
15.4010768167
15.4948777629
15.5867365126
15.6767355281
15.764951228
15.8514547936
15.9363127673
16.0195875279
16.1013376845
16.1816184123
16.2604817448
16.33797683
16.4141501581
16.4890457642
16.5627054093
16.6351687437
16.7064734534
16.7766553935
16.8457487087
16.9137859429
16.9807981394
17.0468149327
17.1118646327
17.1759743018
17.2391698267
17.3014759842
17.3629165024
17.4235141176
17.4832906271
17.5422669384
17.6004631154
17.6578984215
17.7145913596
17.7705597101
17.8258205668
17.8803903697
17.934284937
17.9875194943
18.040108703
18.0920666868
18.1434070561
18.1941429322
18.2442869694
18.2938513763
18.3428479357
18.3912880238
18.4391826283
18.4865423653
18.5333774956
18.5796979405
18.6255132962
18.6708328477
18.7156655821
18.7600202017
18.8039051353
18.8473285503
18.8902983629
18.9328222494
18.9749076552
19.0165618047
19.0577917103
19.0986041809
19.1390058298
19.179003083
19.2186021861
19.257809212
19.2966300672
19.3350704983
19.3731360984
19.410832313
19.4481644455
19.4851376624
19.5217569989
19.5580273635
19.5939535429
19.6295402063
19.6647919097
19.6997131004
19.7343081204
19.7685812105
19.8025365139
19.8361780793
19.8695098649
19.9025357409
19.9352594927
19.9676848242
19.99981536
20.0316546484
20.0632061639
20.0944733098
20.1254594202
20.1561677626
20.1866015397
20.216763892
20.2466578993
20.2762865828
20.3056529069
20.334759781
20.3636100614
20.3922065524
20.4205520083
20.4486491348
20.4765005903
20.5041089875
20.5314768945
20.5586068364
20.5855012961
20.6121627159
20.6385934983
20.6647960074
20.6907725697
20.7165254754
20.7420569789
20.7673693004
20.7924646262
20.81734511
20.8420128734
20.8664700071
20.8907185712
20.9147605965
20.9385980847
20.9622330097
20.9856673176
21.0089029278
21.0319417336
21.0547856027
21.0774363777
21.099895877
21.122165895
21.1442482029
21.1661445488
21.1878566589
21.2093862373
21.2307349667
21.251904509
21.2728965057
21.293712578
21.3143543277
21.3348233371
21.3551211698
21.3752493708
21.3952094671
21.4150029676
21.4346313641
21.4540961311
21.4733987262
21.4925405907
21.5115231496
21.5303478119
21.549015971
21.5675290051
21.5858882772
21.6040951354
21.6221509133
21.6400569301
21.6578144911
21.6754248875
21.692889397
21.7102092837
21.7273857987
21.7444201801
21.761313653
21.77806743
21.7946827115
21.8111606853
21.8275025274
21.8437094019
21.8597824612
21.8757228463
21.8915316865
21.9072101004
21.9227591951
21.9381800671
21.9534738022
21.9686414753
21.9836841513
21.9986028845
22.013398719
22.0280726891
22.0426258192
