-40.6581386394
-34.2800185091
-34.1342104844
-33.9882754234
-33.8419744552
-33.6951802878
-33.5478212769
-33.3998566535
-33.2512624174
-33.1020232581
-32.9521279022
-32.8015664068
-32.6503285524
-32.498402853
-32.3457759059
-32.192431922
-32.0383523447
-31.8835155015
-31.727896255
-31.5714656304
-31.4141904026
-31.2560326303
-31.0969491225
-30.9368908242
-30.775802106
-30.6136199397
-30.4502729371
-30.2856802295
-30.1197501537
-29.9523787099
-29.7834477442
-29.6128228009
-29.4403505757
-29.2658558873
-29.0891380622
-28.909966606
-28.7280760047
-28.5431594596
-28.3548613173
-28.1627679004
-27.9663963795
-27.765181253
-27.5584579261
-27.3454428032
-27.1252092667
-26.8966558099
-26.658484224
-26.4091433043
-26.1467975607
-25.8692817217
-25.574065703
-25.2582429693
-24.9185712156
-24.5516152461
-24.1540711572
-23.7233819219
-23.2587618456
-22.762670369
-22.2425192713
-21.7119155953
-21.190263039
-20.6997328353
-20.2600500326
-19.8834611517
-19.5725927657
-19.3219294168
-19.1213341527
-18.9594814111
-18.8260801274
-18.7127991856
-18.6133681624
-18.5232833038
-18.439407325
-18.359598466
-18.2824140174
-18.2068908581
-18.1323900264
-18.0584895761
-17.9849119535
-17.9114752991
-17.8380610206
-17.7645922919
-17.6910258221
-17.617319771
-17.5434540391
-17.4694270001
-17.39522894
-17.3208571888
-17.2463113841
-17.1715926854
-17.0967032586
-17.0216459361
-16.9464239918
-16.8710409932
-16.7955007025
-16.7198070117
-16.6439638987
-16.5679753983
-16.4918455821
-16.4155785457
-16.3391783989
-16.2626492595
-16.1859952487
-16.1092204877
-16.032329095
-15.9553251849
-15.8782128656
-15.8009962382
-15.7236793955
-15.6462664209
-15.5687613884
-15.491168361
-15.4134913907
-15.3357345177
-15.2579017703
-15.1799971638
-15.102024701
-15.023988371
-14.9458921496
-14.8677399986
-14.7895358659
-14.7112836852
-14.6329873757
-14.5546508421
-14.4762779747
-14.397872649
-14.3194387258
-14.2409800511
-14.1625004565
-14.0840037584
-14.0054937588
-13.9269742452
-13.8484489901
-13.7699217519
-13.6913962744
-13.6128762869
-13.5343655048
-13.4558676291
-13.3773863469
-13.2989253315
-13.2204882421
-13.1420787245
-13.063700411
-12.9853569202
-12.9070518576
-12.8287888155
-12.750571373
-12.6724030965
-12.5942875391
-12.5162282414
-12.4382287314
-12.3602925242
-12.2824231225
-12.2046240167
-12.1268986845
-12.0492505913
-11.9716831902
-11.8941999219
-11.816804215
-11.7394994854
-11.6622891369
-11.5851765609
-11.5081651364
-11.4312582298
-11.3544591951
-11.2777713736
-11.2011980938
-11.1247426716
-11.0484084095
-10.9721985975
-10.8961165117
-10.8201654151
-10.7443485571
-10.6686691732
-10.5931304847
-10.5177356988
