0.0213153724827
0.0210844116458
0.020870281852
0.0206716124874
0.0204871723845
0.0203158549176
0.0201566627501
0.0200086945433
0.0198711335443
0.01974323777
0.0196243315332
0.0195137981034
0.019411073327
0.0193156400634
0.0192270233195
0.0191447859795
0.0190685250494
0.0189978683429
0.0189324715507
0.0188720156417
0.0188162045534
0.0187647630898
0.0187174352644
0.0186739823816
0.0186341817502
0.0185978253117
0.0185647184491
0.0185346789124
0.0185075358484
0.0184831289228
0.0184613075241
0.0184419300417
0.0184248632083
0.0184099815024
0.0183971666025
0.0183863068891
0.0183772969888
0.0183700373575
0.0183644338973
0.0183603976055
0.0183578442515
0.0183566940795
0.0183568715346
0.01835830501
0.0183609266131
0.0183646719501
0.0183694799258
0.0183752925585
0.0183820548076
0.0183897144146
0.0183982217545
0.0184075296974
0.0184175934803
0.018428370587
0.0184398206362
0.0184519052771
0.0184645880916
0.0184778345027
0.0184916116895
0.0185058885065
0.0185206354085
0.01853582438
0.0185514288689
0.0185674237244
0.0185837851379
0.0186004905881
0.0186175187891
0.0186348496414
0.0186524641853
0.018670344558
0.0186884739519
0.0187068365759
0.0187254176188
0.0187442032144
0.0187631804087
0.0187823371288
0.0188016621535
0.0188211450854
0.0188407763243
0.0188605470424
0.0188804491605
0.0189004753254
0.0189206188885
0.0189408738854
0.0189612350171
0.0189816976311
0.0190022577042
0.0190229118262
0.019043657184
0.0190644915464
0.0190854132502
0.0191064211867
0.0191275147884
0.0191486940168
0.0191699593509
0.0191913117755
0.0192127527711
0.0192342843028
0.0192559088114
0.019277629203
0.0192994488406
0.019321371535
0.0193434015364
0.0193655435264
0.0193878026099
0.0194101843075
0.0194326945476
0.0194553396598
0.0194781263668
0.0195010617779
0.0195241533816
0.0195474090387
0.0195708369752
0.0195944457753
0.0196182443741
0.0196422420509
0.0196664484213
0.0196908734301
0.0197155273433
0.0197404207407
0.0197655645074
0.0197909698253
0.0198166481647
0.0198426112748
0.0198688711741
0.0198954401407
0.0199223307017
0.0199495556218
0.0199771278924
0.0200050607185
0.0200333675066
0.0200620618505
0.0200911575175
0.0201206684328
0.0201506086637
0.0200952567592
0.020046987142
0.0200054247756
0.0199702380526
0.019941120434
0.0199177868098
0.0198999714343
0.0198874261831
0.0198799189961
0.0198772324739
0.0198791626107
0.0198855176477
0.0198961170342
0.0199107904852
0.0199293771255
0.0199517247117
0.019977688925
0.020007132728
0.0200399257799
0.0200759439058
0.0201150686158
0.0201571866702
0.0202021896884
0.0202499737989
0.0203004393288
0.0203534905312
0.0204090353503
0.0204669852229
0.0205272549174
0.0205897624102
0.0206544288014
0.0207211782704
0.0207899380758
0.0208606386004
0.0209332134473
0.0210075995916
0.0210837375936
0.0211615718819
0.0212409310193
0.0213217674799
0.0214040524938
0.0214877626132
0.0215728806154
0.0216593965404
0.0217473089478
0.0218366264363
0.0219273694862
0.0220195727017
0.0221132875585
0.0222085857895
0.0223055635905
0.0224043468891
0.0225050980107
0.0226080242072
0.0227133887018
0.0228215252
0.0229328572554
0.0230479245937
0.0231674196503
0.0232922395416
0.0234235621597
0.0235629615357
0.0237125903934
0.0238754851121
0.0240561126708
