7.55950153916
7.55671493387
7.55393098485
7.55114719583
7.54836217147
7.54557521301
7.54278605448
7.53999469199
7.5372012742
7.53440603276
7.53160923861
7.52881117513
7.52601212199
7.52321234597
7.52041209606
7.51761160136
7.51481107054
7.51201069242
7.50921063692
7.50641105651
7.50361208754
7.5008138518
7.49801645786
7.49522000241
7.49242457145
7.48963024149
7.48683708046
7.48404514869
7.48125449972
7.47846518101
7.47567723462
7.47289069781
7.47010560353
7.46732198091
7.46453985569
7.46175925056
7.45898018551
7.45620267813
7.45342674384
7.45065239619
7.447879647
7.44510850658
7.44233898388
7.43957108668
7.43680482165
7.43404019452
7.43127721018
7.42851587275
7.42575618569
7.42299815184
7.42024177351
7.41748705255
7.41473399037
7.41198258801
7.40923284617
7.40648476526
7.40373834541
7.40099358652
7.39825048828
7.39550905019
7.3927692716
7.39003115168
7.38729468949
7.38455988397
7.38182673396
7.37909523821
7.37636539538
7.37363720405
7.37091066275
7.36818576996
7.3654625241
7.36274092354
7.36002096662
7.35730265164
7.35458597687
7.35187094057
7.34915754095
7.34644577623
7.34373564458
7.34102714417
7.33832027317
7.33561502971
7.33291141194
7.33020941799
7.32750904597
7.324810294
7.32211316019
7.31941764265
7.31672373948
7.31403144878
7.31134076866
7.30865169721
7.30596423253
7.30327837272
7.30059411588
7.2979114601
7.2952304035
7.29255094417
7.28987308021
7.28719680973
7.28452053926
7.28184426878
7.2791679983
7.27649172782
7.27381545734
7.27113918687
7.26846291639
7.26578664591
7.26311037543
7.26043410496
7.25775783448
7.255081564
7.25240529352
7.24972902305
7.24705275257
7.24437648209
7.24170021161
7.23902394113
7.23634767066
7.23367140018
7.2309951297
7.22831885922
7.22564258875
7.22296631827
7.22029004779
7.21761377731
7.21493750684
7.21226123636
7.20958496588
7.2069086954
7.20423242492
7.20155615445
7.19887988397
7.19620361349
7.19352734301
7.19085107254
7.18817480206
7.18549853158
7.1828222611
7.18014599063
7.17746972015
7.17479344967
7.17211717919
7.16944090871
7.16676463824
7.16408836776
7.16141209728
7.1587358268
7.15605955633
7.15338328585
7.15070701537
7.14803074489
7.14535447442
7.14267820394
7.14000193346
7.13732566298
7.1346493925
7.13197312203
7.12929685155
7.12662058107
7.12394431059
7.12126804012
7.11859176964
7.11591549916
7.11323922868
7.11056295821
7.10788668773
7.10521041725
7.10253414677
7.09985787629
7.09718160582
7.09450533534
7.09182906486
7.08915279438
7.08647652391
7.08380025343
7.08112398295
7.07844771247
7.075771442
7.07309517152
7.07041890104
7.06774263056
7.06506636008
7.06239008961
7.05971381913
7.05703754865
7.05436127817
7.0516850077
7.04900873722
7.04633246674
7.04365619626
7.04097992579
7.03830365531
7.03562738483
7.03295111435
7.03027484387
7.0275985734
7.02492230292
7.02224603244
7.01956976196
