11.0695275964
10.8225769465
10.7406312765
10.7615281805
10.8077150829
10.84216299
10.8521050048
10.8361361231
10.7977694466
10.7411343334
10.6702310122
10.588533653
10.4989272394
10.403758566
10.3049169485
10.2039138894
10.1019527585
9.99998672178
9.89876601718
9.79887628209
9.70076959538
9.60478965778
9.51119226664
9.42016200594
9.33182588107
9.24626447671
9.16352109871
9.08360926866
9.00651886885
8.93222117823
8.86067299594
8.79182001272
8.7255995621
8.6619428599
8.60077682155
8.54202553123
8.48561142412
8.43145623238
8.37948173693
8.32961035977
8.28176562555
8.23587251639
8.19185773946
8.14964992375
8.10917975931
8.07038009016
8.03318596996
7.99753468784
7.96336577067
7.93062096672
7.89924421486
7.86918160269
7.84038131628
7.81279358375
7.78637061458
7.76106653592
7.73683732725
7.71364075413
7.69143630199
7.67018511027
7.64984990764
7.63039494835
7.61178595024
7.59399003444
7.57697566687
7.56071260175
7.54517182709
7.53032551221
7.51614695721
7.50261054458
7.48969169262
7.47736681097
7.46561325785
7.4544092993
7.44373407003
7.4335675361
7.42389045923
7.41468436264
7.40593149846
7.39761481661
7.38971793502
7.38222511129
7.37512121552
7.36839170442
7.36202259661
7.35600044898
7.35031233419
7.34494581906
7.3398889441
7.33513020381
7.33065852793
7.32646326356
7.322534158
7.31886134242
7.31543531622
7.3122469321
7.30928738179
7.30654818236
7.30402116325
7.30169845372
7.29957247095
7.29763590862
7.29588172602
7.29430313753
7.29289360272
7.29164681668
7.29055670094
7.28961739468
7.28882324626
7.28816880535
7.28764881504
7.28725820455
7.28699208213
7.28684572832
7.28681458941
7.28689427124
7.28708053322
7.28736928262
7.28775656903
7.28823857915
7.28881163169
7.28947217257
7.29021677018
7.29104211102
7.2919449953
7.29292233291
7.2939711394
7.29508853222
7.29627172704
7.29751803427
7.29882485566
7.30018968109
7.30161008541
7.3030837255
7.30460833737
7.30618173335
7.3078017995
7.309466493
7.31117383967
7.31292193165
7.31470892508
7.31653303791
7.31839254778
7.32028578999
7.32221115555
7.32416708925
7.32615208788
7.32816469848
7.33020351659
7.33226718472
7.33435439069
7.33646386615
7.33859438516
7.34074476273
7.34291385347
7.34510055033
7.3473037833
7.34952251818
7.35175575544
7.35400252909
7.35626190555
7.35853298264
7.36081488853
7.36310678076
7.36540784531
7.36771729567
7.37003437197
7.37235834009
7.37468849089
7.37702413937
7.37936462389
7.38170930548
7.38405756708
7.38640881285
7.3887624675
7.39111797564
7.39347480118
7.39583242666
7.39819035273
7.40054809754
7.40290519622
7.40526120032
7.40761567731
7.4099682101
7.41231839652
7.4146658489
7.41701019359
7.41935107053
7.42168813282
7.42402104635
7.42634948936
7.42867315208
7.43099173634
7.43330495525
7.43561253282
7.43791420363
7.44020971251
7.44249881423
7.44478127316
7.44705686304
