273.709744815
274.058525303
274.324506611
274.52106613
274.659737561
274.750419845
274.801574958
274.820410505
274.813045353
274.784658277
274.739619274
274.681605087
274.613699929
274.538482873
274.458103302
274.374345828
274.288685966
274.202337761
274.116294444
274.031363064
273.948191379
273.867304502
273.789106382
273.713912903
273.641962733
273.573430228
273.50843634
273.447057819
273.38933499
273.335278298
273.284873817
273.238087894
273.194871034
273.155161171
273.118886398
273.085967251
273.056318617
273.029851313
273.006473401
272.986091271
272.968610534
272.953936752
272.941976031
272.932635499
272.925823669
272.921450839
272.919429155
272.919672918
272.922098784
272.926625634
272.93317477
272.941669936
272.95203733
272.964205601
272.978105827
272.993671484
273.010838406
273.029544737
273.049730878
273.071339429
273.094315129
273.118604794
273.144157253
273.170923282
273.198855545
273.227908521
273.258038452
273.289203269
273.321362541
273.354477408
273.388510525
273.423426007
273.459189371
273.495767487
273.533128518
273.57124188
273.610078185
273.649609202
273.689807803
273.730647929
273.772104543
273.81415359
273.85677196
273.899937448
273.943628722
273.987825287
274.032507451
274.077656293
274.123253636
274.169282012
274.21572464
274.262565394
274.309788781
274.357379911
274.40532448
274.45360874
274.502219482
274.551144014
274.600370136
274.649886128
274.826310434
275.000323232
275.172010077
275.34145225
275.508727094
275.673908296
275.837066138
275.998267718
276.157577143
276.315055706
276.470762049
276.624752308
276.777080247
276.927797385
277.076953106
277.224594774
277.370767826
277.515515871
277.658880776
277.800902753
277.94162043
278.081070934
278.219289956
278.356311816
278.492169531
278.62689487
278.760518415
278.893069609
279.024576811
279.155067345
279.284567542
279.413102788
279.540697564
279.667375483
279.793159334
279.91807111
280.042132048
280.165362659
280.287782758
280.409411497
280.530267389
280.650368338
280.76973166
280.888374112
281.006311914
281.123560768
281.240135883
281.356051991
281.47132337
281.58596386
281.69998688
281.813405446
281.926232186
282.038479356
282.150158851
282.261282223
282.371860694
282.481905165
282.591426229
282.700434187
282.808939051
282.916950563
283.024478197
283.131531176
283.238118474
283.344248831
283.449930756
283.555172541
283.659982263
283.764367793
283.868336806
283.971896782
284.075055021
284.177818639
284.280194581
284.382189625
284.483810386
284.585063324
284.685954746
284.786490813
284.886677542
284.986520814
285.086026376
285.185199846
285.284046716
285.382572356
285.480782018
285.57868084
285.676273848
285.773565962
285.870561994
285.967266658
286.063684565
286.159820233
286.255678084
286.351262452
286.44657758
286.541627626
286.636416665
286.73094869
