146.65646
145.807095038
145.823762026
145.838080854
145.850183925
145.860194527
145.868226942
145.874387241
145.878774048
145.88147923
145.882588506
145.88218199
145.880334672
145.877116853
145.87259453
145.866829747
145.859880908
145.851803061
145.842648152
145.832465259
145.821300694
145.80919864
145.796200652
145.782346273
145.76767306
145.752216727
145.736011263
145.719089045
145.701480948
145.683216437
145.664323656
145.644829514
145.624759759
145.604139048
145.582991018
145.561338339
145.539202779
145.516605252
145.49356587
145.470103989
145.446238252
145.421986628
145.397366455
145.37239447
145.347086844
145.321459216
145.295526721
145.269304017
145.242805311
145.216044386
145.189034621
145.161789016
145.134320211
145.106640507
145.078761881
145.050696007
145.022454272
144.99404779
144.965487416
144.936783762
144.907947211
144.878987924
144.849915858
144.82074077
144.791472235
144.762119648
144.732692238
144.703199074
144.673649074
144.644051009
144.614413515
144.584745093
144.55505412
144.525348848
144.495637415
144.465927843
144.436228045
144.406545827
144.376888889
144.347264827
144.317681138
144.288145215
144.258664351
144.229245739
144.199896468
144.170623526
144.141433795
144.11233405
144.083330956
144.054431065
144.025640813
143.996966514
143.968414354
143.93999039
143.911700543
143.883550588
143.855546151
143.827692701
143.799995543
143.772459809
143.745090449
143.717892224
143.690869694
143.664027213
143.637368916
143.610898708
143.584620256
143.558536978
143.532652032
143.506968303
143.481488397
143.456214626
143.431148998
143.406293208
143.381648624
143.357216281
143.332996867
143.308990715
143.285197794
143.261617701
143.238249649
143.215092463
143.192144574
143.16940401
143.146868393
143.124534935
143.102400434
143.080461273
143.058713421
143.037152432
143.015773448
142.994571205
142.973540034
142.952673872
142.931966272
142.419993182
142.37301381
142.325479625
142.277388025
142.228736648
142.1795232
142.129745521
142.079401667
142.028489992
141.977009238
141.924958612
141.872337874
141.81914742
141.765388362
141.716607091
141.668116301
141.61953745
141.570867357
141.522103945
141.473245746
141.424292141
141.375243442
141.326100976
141.276867162
141.227545589
141.178141093
141.128659829
141.079109347
141.029498664
140.979838338
140.930140544
140.880419154
140.830689819
140.780970071
140.731279416
140.681639463
140.632074063
140.582609471
140.533274549
140.484101004
140.435123686
140.386380943
140.33791507
140.289772854
140.242006264
140.194673296
140.147839051
140.101577075
140.055971078
140.011117108
139.967126359
139.924128812
139.882277999
139.841757311
139.802788471
139.765643044
139.730658362
139.698259971
139.668993925
139.64357448
139.622956576
139.608449983
139.601906825
139.606046427
139.625057219
