0.0751095539547
0.0751136419973
0.0751177245822
0.0751218018918
0.0751258740999
0.0751299413706
0.0751340038595
0.0751380617142
0.0751421150747
0.075146164074
0.075150208839
0.0751542494904
0.0751582861433
0.0751623189078
0.0751663478891
0.0751703731878
0.0751743949003
0.0751784131191
0.0751824279328
0.0751864394265
0.0751904476823
0.0751944527787
0.0751984547918
0.0752024537945
0.0752064498574
0.0752104430485
0.0752144334334
0.0752184210757
0.0752224060369
0.0752263883763
0.0752303681517
0.0752343454188
0.075238320232
0.0752422926438
0.0752462627053
0.0752502304664
0.0752541959753
0.0752581592794
0.0752621204245
0.0752660794555
0.0752700364161
0.0752739913491
0.0752779442964
0.0752818952988
0.0752858443965
0.0752897916286
0.0752937370339
0.07529768065
0.0753016225142
0.0753055626631
0.0753095011327
0.0753134379584
0.0753173731752
0.0753213068176
0.0753252389197
0.0753291695152
0.0753330986374
0.0753370263193
0.0753409525937
0.0753448774929
0.0753488010493
0.0753527232949
0.0753566442614
0.0753605639805
0.0753644824839
0.0753683998029
0.075372315969
0.0753762310135
0.0753801449677
0.0753840578629
0.0753879697306
0.075391880602
0.0753957905087
0.0753996994822
0.0754036075542
0.0754075147564
0.0754114211209
0.0754153266798
0.0754192314655
0.0754231355105
0.0754270388476
0.0754309415099
0.0754348435308
0.075438744944
0.0754426457833
0.0754465460833
0.0754504458785
0.075454345204
0.0754582440954
0.0754621425885
0.0754660407197
0.0754699385258
0.0754738360441
0.0754777333124
0.0754816303691
0.075485527253
0.0754894240035
0.0754933206607
0.0754972172651
0.075501113858
0.0755050104814
0.0755089071776
0.0755128039899
0.0755167009623
0.0755205981393
0.0755244955665
0.0755283932898
0.0755322913563
0.0755361898136
0.0755400887103
0.0755439880958
0.0755478880204
0.0755517885351
0.0755556896921
0.0755595915442
0.0755634941454
0.0755673975506
0.0755713018155
0.0755752069971
0.0755791131533
0.0755830203429
0.075586928626
0.0755908380636
0.0755947487179
0.0755986606522
0.0756025739309
0.0756064886197
0.0756104047853
0.0756143224957
0.07561824182
0.0756221628288
0.0756260855937
0.0756300101876
0.0756339366847
0.0756378651606
0.0756416818203
0.0756455029749
0.0756493288259
0.0756531595657
0.0756569953836
0.075660836467
0.0756646830011
0.0756685351694
0.0756723931537
0.0756762571346
0.0756801272912
0.0756840038012
0.0756878868415
0.075691776588
0.0756956732157
0.075699576899
0.0757034878115
0.0757074061266
0.0757113320172
0.075715265656
0.0757192072157
0.075723156869
0.0757271147889
0.0757310811488
0.0757350561226
0.0757390398851
0.075743032612
0.0757470344804
0.0757510456689
0.0757550663578
0.0757590967298
0.0757631369701
0.075767187267
0.0757712478123
0.075775318802
0.0757794004369
0.0757834929234
0.0757875964746
0.0757917113108
0.0757958376613
0.0757999757653
0.0758041258741
0.0758082882525
0.0758124631812
0.0758166509597
0.0758208519093
0.075825066377
0.07582929474
0.0758335815001
0.0758379369432
0.0758423635608
0.0758468641359
0.075851441804
0.0758561001297
0.0758608432074
0.0758656757904
0.0758706034632
0.0758756328728
0.0758807720481
0.0758860308504
0.0758914216309
0.0758969602245
0.0759026675256
0.0759085721402
0.0759147152214
