96000.0
7773930.64424
8059691.32973
8221900.8684
8312625.8645
8363974.75191
8394309.13932
8413718.0344
8427616.52575
8438826.09342
8448933.58459
8458608.22923
8468223.97286
8477947.28571
8487842.85047
8497925.13653
8508185.26419
8518604.75353
8529162.37301
8539837.38525
8550610.93934
8561466.5326
8572390.02456
8583369.45243
8594394.77424
8605457.60083
8616550.94479
8627668.9971
8638806.93404
8649960.75307
8661127.13457
8672303.32624
8683487.04666
8694682.66893
8705876.08954
8717072.77685
8728142.26094
8739339.90958
8750538.14433
8761736.11388
8772933.18927
8784128.88875
8795322.83378
8806514.72187
8817704.30874
8828891.39589
8840075.8215
8851257.45356
8862436.1844
8873611.92643
8884784.60856
8895954.17341
8907120.57487
8918283.77624
8929443.74835
8940600.46914
8951753.92119
8962904.09176
8974050.97176
8985194.55512
8996334.8383
9007471.81985
9018605.50003
9029735.88052
9040862.9642
9051986.75491
9063107.25729
9074224.47667
9085338.41889
9096449.09027
9107556.49748
9118660.6475
9129761.54756
9140859.20509
9151953.62768
9163044.82304
9174132.79901
9185217.5635
9196299.12447
9207377.48996
9218452.66804
9229524.66678
9240593.49429
9251659.15871
9262721.66816
9273781.03077
9284837.25466
9295890.34796
9306940.31877
9317987.1752
9329030.92533
9340071.57724
9351109.13898
9362143.6186
9373175.02411
9384203.36353
9395228.64483
9406250.87598
9417270.06493
9428286.21961
9341906.43775
9382250.67457
9416554.33621
9445650.87976
9470483.29258
9491907.00996
9510639.15162
9527260.33131
9542232.84484
9555921.72082
9568613.97764
9580534.82956
9591860.82864
9602730.32961
9613251.7428
9623510.02546
9633571.73918
9643489.03075
9653302.73151
9663044.78341
9672740.13692
9682408.23706
9692064.18807
9701719.674
9711383.64434
9721062.93918
9730762.69403
9740486.68295
9750237.62434
9760017.39108
9769827.18658
9779667.68505
9789539.14332
9799441.49039
9809374.39914
9819337.34398
9829329.64719
9839350.51625
9849399.07394
9859474.38263
9869575.46386
9879701.31412
9889850.9175
9900023.25593
9910217.31724
9920432.10166
9930666.62685
9940919.9319
9951191.08029
9961479.16218
9971783.29605
9982102.62982
9992436.34152
10002783.6397
10013143.7634
10023515.9821
10033899.5953
10044293.9321
10054698.3506
10065112.237
10075535.0052
10085966.0955
10096404.9741
10106851.1323
10117304.0853
10127763.3713
10138228.5509
10148699.206
10159174.9389
10169655.3714
10180140.1443
10190628.9162
10201121.3626
10211617.1756
10222116.0606
10232617.7445
10243121.9618
10253628.4627
10264137.0101
10274647.3793
10285159.357
10295672.7413
10306187.3406
10316702.9733
10327219.4675
10337736.6602
10348254.397
10358772.5316
10369290.9257
10379809.4479
10390327.9743
10400846.3872
10411364.5756
10421882.434
10432399.863
10442916.7684
10453433.061
10463948.6566
10474463.4755
10484977.4426
