3.91763915712
4.99710302195
4.96227867941
4.92994909062
4.89992933996
4.87205454266
4.84617575555
4.82215793042
4.79987828822
4.77922493034
4.76009563756
4.74239682642
4.72604263918
4.71095414778
4.69705865522
4.68428908083
4.67258341762
4.66188425223
4.65213833885
4.64329622041
4.63531189075
4.62814256239
4.62174811603
4.61609128139
4.61113713468
4.60685297374
4.60320814061
4.60017386109
4.59772309936
4.59583042605
4.59447189834
4.59362495071
4.59326829539
4.59338183137
4.59394656122
4.59494451485
4.59635867959
4.59817293601
4.60037199877
4.60294136228
4.60586725046
4.60913657047
4.61273686982
4.61665629674
4.62088356345
4.62540791208
4.63021908295
4.63530728521
4.64066316937
4.64627780178
4.65214264081
4.6582495146
4.66459060026
4.67115840437
4.67794574482
4.68494573366
4.69215176106
4.69955748027
4.70715679343
4.71494383822
4.72291297533
4.73105877659
4.73937601381
4.74785964822
4.7565048205
4.76530684132
4.77426118246
4.78336346832
4.79260946789
4.80199508717
4.81151636195
4.82116945094
4.83095062929
4.84085628234
4.85088289983
4.8610270702
4.87128547536
4.88165488554
4.89213215453
4.90271421506
4.91339807443
4.9241808104
4.93505956717
4.94603155169
4.95709403007
4.96824432417
4.97947980844
4.99079790688
5.00219609013
5.01367187279
5.02522281088
5.03684649945
5.04854057032
5.06030269002
5.07213055784
5.08402190405
5.09597448827
5.10798609799
5.12005454719
5.13217767523
5.1443533457
5.15657944563
5.1688538847
5.18117459466
5.1935395289
5.20594666217
5.21839399048
5.23087953111
5.24340132283
5.25595742625
5.26854592436
5.28116492325
5.29381255292
5.30648696837
5.31918635077
5.33190890886
5.34465288051
5.35741653445
5.37019817216
5.38299613
5.39580878141
5.40863453938
5.42147185908
5.43431924057
5.44717523183
5.46003843182
5.47290749376
5.48578112858
5.49865810848
5.51153727066
5.52441752119
5.53729783894
5.55017727976
5.56305498059
5.57593016384
6.04000226022
6.04057664333
6.04245042535
6.04559093633
6.04995819451
6.05551412678
6.0622232236
6.07005241538
6.07897089112
6.08894992507
6.09996271594
6.11198423785
6.12499110161
6.13896142521
6.15387471229
6.16971173774
6.18645443936
6.20408581481
6.22258982303
6.24195128937
6.26215581371
6.28318968095
6.30503977301
6.32769348188
6.35113862284
6.37536334725
6.40035605403
6.42610529912
6.45259970187
6.47982784753
6.50777818437
6.53643891442
6.56579787599
6.59584241622
6.62655925139
6.6579343123
6.68995257135
6.72259784743
6.75441027817
6.78653301917
6.81909413665
6.85206920161
6.8854310033
6.919148627
6.95318687184
6.98750546012
7.02205806737
7.05679112184
7.09164230536
7.12653866281
7.16139419379
7.19610675074
7.23055399588
7.26458806259
7.29802840407
7.33065205882
7.3621801584
7.39225883747
7.42043157432
7.44609798568
7.46845038536
7.48637214225
7.49826665205
7.50175114855
7.49306225674
