47.4236396683
47.2381367736
47.0523575444
46.8663191407
46.6800379978
46.4935298155
46.3068096063
46.1198917463
45.9327900205
45.7455176655
45.5580874074
45.3705114969
45.1828017414
44.9949695344
44.8070258827
44.6189814319
44.4308464887
44.2426310433
44.0543447891
43.8659971411
43.6775972538
43.4891540364
43.3006761701
43.1121721204
42.9236501515
42.7351183387
42.5465845806
42.3580566101
42.1695420053
41.9810481998
41.7925824921
41.6041520549
41.4157639439
41.227425106
41.0391423876
40.8509225419
40.6627722363
40.4746980598
40.2867065293
40.0988040962
39.910997153
39.7232920389
39.5356950462
39.3482124253
39.1608503908
38.9736151264
38.7865127903
38.5995495202
38.412731438
38.2260646548
38.0395552756
37.8532094033
37.6670331438
37.4810326102
37.2952139265
37.1095832326
36.9241466876
36.7389104745
36.5538808036
36.3690639166
36.1844660904
36.0000936411
35.8159529272
35.6320503535
35.4483923751
35.2649855002
35.0818362941
34.8989513828
34.7163374559
34.5340012706
34.3519496547
34.17018951
33.9887278156
33.8075716312
33.6267281003
33.4462044536
33.2660080117
33.0861461886
32.906626495
32.7274565408
32.5486440386
32.3701968065
32.192122771
32.0144299705
31.8371265572
31.6602208011
31.4837210918
31.3076359419
31.1319739896
30.9567440012
30.7819548739
30.6076156384
30.4337354613
30.2603236473
30.0873896423
29.9149430347
29.7429935586
29.5715510953
29.4006256754
29.230227481
29.0603668474
28.8910542648
28.72230038
28.5541159977
28.3865120821
28.2194997579
28.0530903116
27.8872951921
27.7221260115
27.5575945458
27.3937127352
27.2304926842
27.0679466615
26.9060870996
26.7449265946
26.5844779054
26.424753952
26.2657678152
26.1075327341
25.9500621047
25.7933694776
25.6374685552
25.4823731892
25.3280973767
25.1746552575
25.022061109
24.8703293426
24.7194744985
24.5695112404
24.42045435
24.2723187205
24.1251193501
23.9788713351
23.8335898617
23.6892901985
23.5232314196
23.3587473053
23.1958574388
23.0345802235
22.874933246
22.7169333191
22.5605964944
22.4059380704
22.2529725996
22.1017138946
21.9521750347
21.8043683711
21.6583055327
21.5139974325
21.3714542732
21.2306855546
21.0917000807
20.9545059685
20.8191106576
20.6855209211
20.553742878
20.4237820077
20.2956431663
20.169330605
20.0448479913
19.9221984332
19.8013845064
19.6824082854
19.5652713781
19.4499749657
19.3365198472
19.2249064902
19.1151350876
19.0072056225
18.9011179407
18.7968718336
18.6944671323
18.5939038135
18.4952073231
18.3983820611
18.3034302699
18.2103549461
18.1191600568
18.0298507874
17.9424338311
17.8569177309
17.7733132824
17.6916340142
17.6118967631
17.5341223684
17.4583365174
17.3845707846
17.3128639213
17.2432634733
17.1758278369
17.1106289069
17.0477555393
16.9873181612
16.9294550324
16.8743409527
16.8221997128
16.7733225109
16.7280963479
16.6870501909
16.6509354418
