53.22304
64.1212244599
64.4442001349
64.7478912469
65.0330997857
65.3012889472
65.5539058786
65.7922618006
66.0175252474
66.2307361684
66.4328220085
66.6246122003
66.8068506549
66.9802064409
67.1452829191
67.3026255783
67.4527287779
67.596041568
67.7329727302
67.8638951571
67.9891496672
68.1090483405
68.2238774407
68.333899984
68.4393580021
68.5404745421
68.6374554374
68.7304908795
68.8197568173
68.9054162041
68.987620113
69.0665087352
69.142212276
69.2148517604
69.2845397585
69.3513810408
69.4154731696
69.4769070352
69.5357673419
69.5921330492
69.6460777738
69.6976701551
69.7469741891
69.7940495332
69.8389517849
69.8817327373
69.922440613
69.9611202791
69.9978134446
70.0325588422
70.0653923953
70.096347372
70.1254545279
70.152742237
70.1782366129
70.2019616216
70.2239391848
70.2441892766
70.2627300128
70.2795777331
70.2947470786
70.3082510628
70.3201011381
70.3303072574
70.3388779318
70.3458202837
70.3511400966
70.354841862
70.356928822
70.3574030103
70.3562652896
70.3535153866
70.3491519256
70.3431724585
70.335573494
70.3263505246
70.3154980517
70.3030096094
70.2888777867
70.2730942484
70.2556497548
70.23653418
70.2157365298
70.1932449577
70.169046781
70.1431284952
70.1154757881
70.0860735536
70.054905904
70.0219561825
69.9872069751
69.9506401218
69.9122367278
69.8719771738
69.829841127
69.7858075512
69.7398547166
69.6919602102
69.6421009456
69.5902531729
69.5363924888
69.4804938467
69.4225315666
69.3624793461
69.3003102702
69.235996823
69.1695108981
69.1008238106
69.0299063088
68.9567285866
68.8812602962
68.8034705615
68.723327992
68.640800697
68.5558563011
68.4684619594
68.3785843744
68.2861898133
68.1912441256
68.0937127621
67.9935607948
67.8907529372
67.785253566
67.6770267436
67.5660362417
67.4522455654
67.3356179794
67.2161165344
67.0937040949
66.9683433682
66.8399969347
66.7086272791
66.574196823
66.4366679587
66.2960030842
66.1521646398
66.0051151452
65.8548172387
65.701233717
65.5443275773
65.384062059
65.2204006885
65.0533073238
64.8827462013
64.7086819833
64.5310798067
64.349905333
64.1651247995
63.9767050712
63.7846136945
63.5888189503
63.3892899102
63.1859964914
62.9789095139
62.7680007576
62.5532430205
62.3346101764
62.1120772348
61.8856203991
61.6552171268
61.4208461882
61.1824877266
60.9401233169
60.6937360253
60.4433104672
60.1888328657
59.930291109
59.6676748062
59.4009753438
59.1301859391
58.8553016934
58.5763196439
58.2932388131
58.0060602569
57.7147871106
57.419424633
57.1199802477
56.8164635825
56.5088865052
56.1972631582
55.8816099882
55.5619457744
55.2382916523
54.9106711352
54.5791101309
54.2436369555
53.9042823436
53.5610794536
53.2140638702
52.8632736015
52.508749073
52.1505331168
51.7886715265
51.4232105088
51.0542007316
50.6816948911
50.3057471902
49.926414425
49.5437555966
49.1578318643
