1.50068872996
1.50068689365
1.50063053761
1.50057169697
1.50051552422
1.50046235704
1.50041205441
1.50036444138
1.50031935319
1.50027663821
1.50023615701
1.50019778108
1.50016139176
1.50012687919
1.50009414149
1.50006308401
1.50003361861
1.5000056631
1.4999791407
1.49995397958
1.49993011243
1.49990747607
1.49988601111
1.4998656617
1.49984637518
1.4998281019
1.49981079496
1.49979440998
1.499778905
1.49976424022
1.49975037791
1.49973728224
1.49972491836
1.49971325626
1.49970226284
1.49969190939
1.49968216795
1.49967301182
1.49966441548
1.49965635457
1.49964880577
1.4996417468
1.49963515631
1.49962901385
1.49962329982
1.49961799544
1.49961308265
1.49960854416
1.49960436333
1.49960052418
1.49959701133
1.49959381002
1.49959090602
1.49958828562
1.49958593563
1.49958384335
1.49958199651
1.49958038329
1.49957899229
1.4995778125
1.49957683329
1.49957604439
1.49957543588
1.49957499816
1.49957472196
1.4995745983
1.4995746185
1.49957477415
1.4995750571
1.49957545948
1.49957597362
1.49957659213
1.49957730782
1.49957811371
1.49957900305
1.49957996926
1.49958100599
1.49958210703
1.49958326639
1.49958447822
1.49958573684
1.49958703676
1.4995883726
1.49958973916
1.49959113138
1.49959254433
1.49959397323
1.49959541343
1.4995968604
1.49959830976
1.49959975722
1.49960119865
1.49960263002
1.49960404742
1.49960544706
1.49960682527
1.49960817848
1.49960950326
1.49961079627
1.49961205431
1.49961327427
1.49961445317
1.49961558816
1.49961667648
1.49961771551
1.49961870275
1.49961963582
1.49962051247
1.49962133057
1.49962208816
1.49962278336
1.49962341448
1.49962397995
1.49962447835
1.49962490842
1.49962526906
1.49962555931
1.49962577841
1.49962592577
1.49962600094
1.49962600371
1.49962593402
1.49962579203
1.49962557809
1.49962529277
1.49962493684
1.4996245113
1.49962401738
1.49962345655
1.49962283051
1.49962214121
1.49962139083
1.49962058185
1.49961971697
1.49961879919
1.50002026097
1.50002190355
1.49998849799
1.49995336297
1.49991949459
1.4998871205
1.4998562184
1.49982674575
1.49979866062
1.49977192332
1.49974649641
1.4997223445
1.49969943414
1.49967773356
1.49965721259
1.49963784247
1.49961959567
1.49960244584
1.49958636756
1.4995713363
1.49955732821
1.49954432007
1.49953228908
1.49952121281
1.49951106905
1.49950183566
1.49949411398
1.49948746487
1.49948158517
1.49947643259
1.49947198738
1.499468231
1.49946514411
1.49946270628
1.49946089575
1.49945968936
1.49945906227
1.49945898784
1.49945943732
1.49946037967
1.49946178114
1.499463605
1.49946581107
1.49946835517
1.49947118851
1.49947425691
1.49947749978
1.49948084896
1.4994842271
1.49948754578
1.49949070289
1.49949357937
1.49949603489
1.49949790201
1.49949897843
1.49949901623
1.499497707
1.49949466057
1.49948937416
1.49948118622
1.49946920542
1.49945219696
1.49942839243
1.49939515281
1.49934832634
