115.245045575
95.8670664683
95.8376680401
95.8049820123
95.7691345205
95.7302592251
95.6884819786
95.6439200051
95.596682512
95.5468713747
95.4945817596
95.4399026774
95.3829174784
95.3237042941
95.2623364324
95.1988827344
95.1334078936
95.0659727459
94.996634531
94.9254471296
94.8524612793
94.7777247708
94.7012827912
94.6231774382
94.5434488345
94.4621346292
94.379270282
94.2948891792
94.209022741
94.1217005206
94.0329502959
93.9427981543
93.8512685712
93.758384483
93.6641673549
93.5686372441
93.4718128584
93.3737116111
93.2743496721
93.1737420158
93.0719024656
92.9688437357
92.8645774704
92.7591142805
92.6524637781
92.5446346086
92.4356344813
92.3254701975
92.2141476774
92.1016719857
91.9880473546
91.8732772067
91.7573641756
91.6403101257
91.5221161712
91.4027826931
91.282309356
91.1606951237
91.0379382738
90.9140364115
90.7889864827
90.6627847863
90.5354269858
90.4069081203
90.2772226147
90.1463642893
90.0143263696
89.8811014941
89.7466817232
89.6110585468
89.4742228913
89.3361651271
89.1968750746
89.0563420111
88.9145546761
88.7715012776
88.6271694971
88.481546495
88.3346189156
88.1863728922
88.0367940513
87.8858675177
87.7335779188
87.5799093892
87.4248455748
87.2683696378
87.1104642608
86.9511116511
86.7902935461
86.6279912172
86.4641854751
86.2988566748
86.1319847208
85.9635490731
85.7935287521
85.6219023458
85.4486480157
85.2737435036
85.0971661398
84.9188928498
84.7389001637
84.5571642247
84.3736607985
84.188365284
84.0012527241
83.8122978171
83.62147493
83.4287581111
83.234121105
83.0375373675
82.8389800824
82.6384221787
82.4358363494
82.231195071
82.0244706256
81.8156351222
81.6046605216
81.3915186615
81.1761812833
80.9586200608
80.7388066306
80.5167126241
80.2923097011
80.0655695856
79.8364641039
79.6049652236
79.3710450958
79.1346760991
78.8958308854
78.6544824284
78.4106040743
78.1641695949
77.9151532429
77.66352981
77.4092746871
84.3690043545
84.2609662244
84.142370577
84.0136347808
83.8750929847
83.7270589675
83.5698332326
83.4037046375
83.2289513804
83.0458418165
82.8546351615
82.6555820938
82.4489252635
82.2348997157
82.0137332308
81.7856465873
81.5508537477
81.3095619709
81.0619718497
80.8082772739
80.5486653175
80.2833160458
80.0124022402
79.736089035
79.4545334589
79.1678838737
78.8762793002
78.5798486186
78.278709629
77.9729679535
77.66271576
77.3480302803
77.0289720918
76.7055831264
76.3778843596
76.045873125
75.7095199876
75.3687650912
75.0235138798
74.6736320646
74.3189396798
73.9592040296
73.5941312744
73.2233563394
72.8464307366
72.4628077706
72.0718244389
71.672679114
71.2337516249
70.7772744463
70.3072595067
69.8218316219
69.3187085816
68.7950966649
68.2475511046
67.671787156
67.062418964
66.4125906003
65.71344126
64.9533064694
64.1164815545
63.1812225887
62.116335886
60.8749460596
59.3820256845
