64.6837850046
64.7226347411
64.7616095446
64.8007093782
64.8399342309
64.8792841167
64.9187590723
64.9583591558
64.9980844451
65.0379350366
65.077911044
65.1180125972
65.158239841
65.1985929347
65.2390720508
65.2796773743
65.320409102
65.3612674421
65.4022526128
65.4433648427
65.4846043692
65.5259714391
65.5674663071
65.6090892359
65.6508404959
65.6927203641
65.7347291246
65.7768670674
65.8191344889
65.8615316907
65.90405898
65.9467166689
65.9895050742
66.0324245173
66.0754753236
66.1186578225
66.1619723472
66.205419234
66.2489988229
66.2927114566
66.3365574805
66.3805372427
66.4246510936
66.4688993857
66.5132824737
66.5578007135
66.6024544632
66.6472440818
66.6921699296
66.7372323679
66.7824317589
66.8277684652
66.8732428501
66.9188552769
66.9646061092
67.0104957103
67.0565244434
67.1026926711
67.1490007553
67.1954490575
67.2420379376
67.2887677547
67.3356388665
67.382651629
67.4298063967
67.477103522
67.5245433553
67.5721262446
67.6198525355
67.6677225709
67.7157366908
67.7638952324
67.8121985291
67.8606469114
67.9092407057
67.9579802348
68.0068658174
68.0558977676
68.1050763953
68.1544020056
68.2038748986
68.2534953692
68.303263707
68.3531801958
68.4032451138
68.4534587327
68.5038213181
68.5543331291
68.6049944177
68.655805429
68.7067664006
68.7578775625
68.8091391371
68.8605513382
68.9121143715
68.963828434
69.0156937136
69.0677103891
69.1198786296
69.1721985947
69.2246704334
69.2772942848
69.330070277
69.3829985272
69.4360791414
69.4893122137
69.5426978267
69.5962360505
69.6499269426
69.7037705481
69.7577668984
69.8119160118
69.8662178926
69.9206725313
69.9752799037
70.0300399709
70.0849526791
70.1400179591
70.1952357259
70.2506058786
70.3061283001
70.3618028567
70.4176293976
70.4736077551
70.5297377439
70.586019161
70.6424517851
70.699035377
70.7557696788
70.8126544136
70.8696892856
70.9268739797
70.9842081613
71.041691476
71.0993235495
71.1574619153
71.2157602862
71.2742169904
71.332830359
71.3915987219
71.4505204075
71.5095937422
71.5688170504
71.6281886547
71.6877068754
71.7473700308
71.8071764374
71.8671244094
71.9272122596
71.987438299
72.0478008371
72.1082981818
72.1689286402
72.229690518
72.2905821202
72.3516017507
72.4127477132
72.4740183104
72.5354118444
72.5969266171
72.6585609293
72.7203130812
72.7821813719
72.8441640988
72.9062595578
72.9684660419
73.0307818412
73.0932052412
73.1557345219
73.2183679567
73.2811038098
73.3439403351
73.4068757727
73.4699096023
73.5330403829
73.5962665278
73.6595864263
73.7229984391
73.7865008918
73.850092068
73.9137702008
73.9775334628
74.041379954
74.1053076876
74.1693145726
74.2333983931
74.2975567822
74.3617871909
74.4260868485
74.4904527135
74.5548814103
74.6193691486
74.6839116164
74.7485038378
74.8131399786
74.8778130725
74.9425146251
75.0072340159
75.0719575486
75.1366668359
