7.62456449202
7.63693917985
7.65022672808
7.66435650899
7.6792638423
7.69488912292
7.71117728355
7.72807734729
7.74554203669
7.76352742937
7.78199265331
7.80089961645
7.82021276606
7.83989887403
7.85992684463
7.88026754219
7.90089363599
7.92177946058
7.94290088944
7.96423522071
7.98576107343
8.00745829348
8.02930786685
8.05129184216
8.07339325853
8.09559607994
8.11788513498
8.14024606143
8.16266525526
8.18512982359
8.20762754125
8.2301468106
8.25267662414
8.27520653009
8.29772660097
8.32022740269
8.3426999672
8.36513576653
8.38752668854
8.40986501425
8.43214339665
8.45435484074
8.47649268489
8.49855058325
8.5205224892
8.54240263982
8.56418554117
8.5858659544
8.60743888267
8.62889955867
8.65024343295
8.67146616264
8.69256360096
8.71353178709
8.73436693657
8.75506543221
8.77562381537
8.79603877763
8.81630715284
8.83642590958
8.85639214382
8.876203072
8.89585602433
8.91534843837
8.93467785286
8.9538419018
8.97283830872
8.99166488121
9.01031950558
9.02880014174
9.04710481827
9.06523162761
9.08317872144
9.10094430618
9.11852663864
9.13592402182
9.15313480077
9.17015735865
9.18699011281
9.20363151107
9.220080028
9.23633416137
9.25239242865
9.26825336362
9.28391551301
9.29937743327
9.3146376874
9.32969484183
9.3445474634
9.35919411633
9.37363335938
9.38786374292
9.40188380618
9.41569207449
9.42928705657
9.44266724191
9.45583109821
9.46877706875
9.48150357002
9.49400898917
9.50629168171
9.5183499691
9.53018213647
9.54178643042
9.55316105674
9.56430417835
9.57521391313
9.58588833193
9.59632545654
9.6065232578
9.61647965368
9.62619250749
9.63565962611
9.64487875831
9.65384759313
9.66256375832
9.67102481884
9.67922827553
9.68717156371
9.69485205201
9.70226704122
9.70941376319
9.71628937999
9.72289098298
9.72921559213
9.7352601554
9.74102154827
9.74649657338
9.75168196031
9.75657436552
9.76117037241
9.76546649158
9.76945916123
9.77314474773
9.77651954639
9.77952204823
9.78231109878
9.78486282323
9.78715622407
9.78917130603
9.79088886476
9.79229043144
9.79335823518
9.79407517028
9.79442476691
9.79439116485
9.79395908996
9.79311383327
9.79184123238
9.79012765503
9.78795998461
9.78532560752
9.7822124021
9.77860872912
9.77450342353
9.76988578744
9.76474558417
9.75907303315
9.75285880564
9.74609402106
9.73877024381
9.73088111566
9.72242019966
9.7133810369
9.70375753382
9.69354396419
9.68273496931
9.67132555726
9.65931110121
9.64668733641
9.63345035587
9.61959660425
9.60512286988
9.59002627432
9.57430425943
9.55795457114
9.54097523982
9.52336455627
9.50512104294
9.48624341943
9.46673056119
9.44658145033
9.42579511686
9.40437056852
9.38230670675
9.35960222561
9.33625548976
9.31226438596
9.28762614132
9.26233709851
9.23639243521
9.2097858094
9.18250890493
9.15455083984
9.12589738159
9.09652988348
9.06642380526
9.03554659043
9.00385449932
8.97128764273
