10.7133817613
10.8257444953
10.9336473894
11.037301414
11.1369057997
11.2326479071
11.3247040844
11.4132405367
11.4984141154
11.5803730274
11.6592574735
11.7352002251
11.8083271457
11.8787576635
11.9466052025
12.0119775738
12.0749773343
12.1357021145
12.1942449196
12.2506944056
12.3051351344
12.3576478086
12.4083094903
12.457193797
12.5043710935
12.5499086631
12.5938708688
12.6363193032
12.6773129288
12.7169082083
12.7551592275
12.7921178093
12.8278336215
12.8623542774
12.8957254308
12.927990865
12.9591925769
12.989370856
13.0185643594
13.046810182
13.0741439236
13.1005997517
13.1262104617
13.151007533
13.1750211832
13.1982804188
13.2208130837
13.2426459054
13.2638045385
13.2843136063
13.3041967408
13.32347662
13.3421750042
13.36031277
13.3779099432
13.39498573
13.4115585468
13.4276460482
13.4432651548
13.4584320786
13.4731623484
13.4874708326
13.5013717627
13.5148787544
13.5280048288
13.5407624315
13.5531634523
13.5652192428
13.5769406341
13.5883379529
13.599421038
13.6101992549
13.6206815106
13.6308762675
13.6407915566
13.6504349902
13.6598137741
13.6689347191
13.6778042522
13.6864284271
13.6948129344
13.7029631113
13.7108839506
13.7185801098
13.7260559193
13.7333153906
13.7403622236
13.7471998144
13.7538312615
13.7602593732
13.7664866732
13.7725154071
13.7783475476
13.7839848001
13.7894286081
13.7946801574
13.7997403812
13.8046099646
13.8092893481
13.813778732
13.81807808
13.8221871228
13.8261053612
13.8298320695
13.8333662981
13.836706877
13.8398524176
13.8428013159
13.8455517548
13.8481017061
13.8504489329
13.8525909919
13.8545252349
13.8562488112
13.8577586691
13.8590515581
13.8601240303
13.8609724424
13.8615929574
13.8619815462
13.8621339893
13.8620458787
13.8617126198
13.8611294327
13.8602913547
13.8591932418
13.857829771
13.8561954423
13.854284581
13.8520913403
13.8496097034
13.8468334864
13.8437563415
13.8403717596
13.8366730738
13.8867552616
13.9328999913
13.9752446154
14.0139127331
14.0490217344
14.0806838013
14.1090062569
14.1340918346
14.1560389212
14.1749417838
14.1908907797
14.2039725514
14.214270209
14.2218634986
14.2268289592
14.2292400687
14.229167378
14.2266786355
14.2218389016
14.2147106526
14.2053538761
14.1938261557
14.1801827474
14.1644766448
14.1467586359
14.1270773484
14.1054792851
14.0820088477
14.0567083485
14.0296180092
14.0007759456
13.970218137
13.9379783779
13.9040882118
13.8685768421
13.8314710197
13.7927949028
13.7525698837
13.7108143803
13.6675435831
13.6227691522
13.5764988541
13.5287361273
13.4794795625
13.4287222788
13.3764511742
13.3226460211
13.2672783707
13.2103624507
13.1518522002
13.0916780277
13.0297547159
12.9659781762
12.9002213416
12.8323288768
12.7621102702
12.6893306658
12.6136984654
12.5348481926
12.4523161914
12.3655050844
12.2736298033
12.1756317115
12.0700334948
11.9546735058
