-394.705173148
122.864878953
121.162250923
119.486295015
117.836995361
116.214348361
114.618337844
113.048923739
111.506038585
109.989587027
108.499446429
107.035467918
105.597477583
104.185277758
102.79864833
101.437348061
100.101115914
98.7896723809
97.5027207909
96.2399486173
95.0010287585
93.7856208003
92.5933722519
91.4239197541
90.2768902547
89.1519021512
88.0485663965
86.9664875663
85.9052648872
84.864493224
83.843764024
82.8426662197
81.8607870878
80.8977130645
79.9530305176
79.0263264751
78.1171893112
77.2252093891
76.3499796622
75.4910962351
74.6481588828
73.8207715323
73.0085427052
72.2110859239
71.428020082
70.6589697801
69.9035656288
69.1614445202
68.4322498687
67.7156318226
67.0112474489
66.3187608914
65.6378435038
64.9681739597
64.3094383403
63.6613302012
63.0235506195
62.3958082228
61.7778192012
61.1693073026
60.570003814
59.9796475287
59.3979847005
58.8247689867
58.2597613803
57.7027301318
57.1534506629
56.6117054713
56.0772840287
55.5499826718
55.0296044883
54.5159591962
54.00886302
53.5081385622
53.0136146126
52.5251262421
52.0425143342
51.5656256579
51.0943126771
50.6284334091
50.1678512815
49.7124349899
49.2620583544
48.8166001769
48.3759440988
47.9399784594
47.5085961551
47.0816944998
46.6591750868
46.2409436516
45.8269099373
45.4169875611
45.0110938824
44.6091498741
44.2110799948
43.8168120638
43.4262771384
43.0394093932
42.6561460025
42.2764270239
41.9001952858
41.5273962766
41.1579780363
40.7918910516
40.4290881524
40.0695244113
39.7131570466
39.3599453263
39.0098505427
38.6628358866
38.3188659495
37.977907369
37.6399283501
37.3048986132
36.9727893267
36.6435730361
36.317223592
35.993716081
35.6730267567
35.3551329749
35.0400131294
34.7276465907
34.4180136471
34.1110954472
33.8068739451
33.5053318475
33.2064525626
32.9102201513
32.6166192799
32.3256351753
32.0372535813
31.7514607173
31.4682432386
31.1875881981
30.9094830347
30.6339152238
30.3608731464
30.0903450334
29.8223193882
29.5567849326
29.2937305695
29.033145354
28.7750184676
28.519339194
28.2660968973
28.0152810015
27.7668809702
27.5208862891
27.2772864481
27.0360709255
26.7972291725
26.5607505995
26.3266245625
26.0948403512
25.8653871778
25.6382541662
25.4134303425
25.1909046266
24.9706658237
24.7527026175
24.5370035633
24.3235570825
24.1123514573
23.9033748263
23.6966151802
23.4920603593
23.2896980498
23.0895157823
22.8915009299
22.6956407069
22.5019221681
22.3103322086
22.120857564
21.9334848108
21.7482003673
21.5649904951
21.3838413008
21.2047387376
21.0276686079
20.8526165659
20.6795681202
20.5085086375
20.3394233451
20.1722973354
20.0071155692
19.8438628797
19.6825239771
19.5230834527
19.3655257836
19.2098353372
19.0559963764
18.9039930644
18.7538094695
18.6054295712
18.4588372643
18.3140163655
18.1709506181
18.0296236976
17.8900192179
17.7521207363
