0.0385102177567
0.0367464511546
0.0356259821382
0.0349853224843
0.0345748188739
0.0342321204258
0.0338765241043
0.0334791021657
0.0330368453802
0.0325553236348
0.0320434402516
0.0315102464323
0.0309637736737
0.0304107239385
0.0298565058377
0.0293053897097
0.0287606883854
0.0282249275342
0.0276999939049
0.0271872597255
0.0266876852391
0.0262019024472
0.0257302831736
0.0252729942356
0.0248300420888
0.0244013089011
0.0239865816582
0.0235855756072
0.0231979530955
0.0228233386684
0.0224613311255
0.0221115131051
0.0217734586628
0.0214467392202
0.0211309281949
0.0208256045625
0.0205303555561
0.0202447786722
0.0199684831184
0.0197010908155
0.0194422370446
0.0191915708131
0.0189487550004
0.0187134663303
0.0184853952119
0.0182642454793
0.0180497340562
0.0178415905667
0.0176395569073
0.0174433867954
0.0172528453023
0.0170677083811
0.0168877623939
0.016712803645
0.0165426379224
0.0163770800508
0.0162159534592
0.016059089762
0.0159063283574
0.0157575160419
0.0156125066407
0.015471160656
0.0153333449312
0.0151989323311
0.0150678014381
0.0149398362639
0.0148149259757
0.0146929646361
0.0145738509574
0.014457488068
0.014343783292
0.0142326479395
0.0141239971089
0.0140177494996
0.013913827234
0.0138121556902
0.0137126633424
0.0136152816113
0.0135199447206
0.013426589563
0.0133351555721
0.0132455846018
0.0131578208112
0.0130718105567
0.0129875022889
0.0129048464554
0.0128237954081
0.0127443033161
0.0126663260822
0.0125898212648
0.0125147480025
0.0124410669436
0.0123687401788
0.0122977311772
0.0122280047255
0.0121595268708
0.0120922648653
0.0120261871147
0.0119612631283
0.0118974634722
0.0118347597246
0.0117731244331
0.0117125310738
0.0116529540136
0.0115943684725
0.0115367504893
0.0114800768878
0.0114243252456
0.011369473863
0.011315501735
0.0112623885229
0.0112101145289
0.0111586606704
0.0111080084561
0.0110581399637
0.0110090378175
0.0109606851676
0.0109130656705
0.0108661634695
0.0108199631767
0.0107744498559
0.0107296090054
0.0106854265425
0.010641888788
0.0105989824521
0.0105566946197
0.0105150127376
0.0104739246015
0.0104334183438
0.0103934824216
0.0103541056058
0.0103152769699
0.01027698588
0.0102392219844
0.0102019752047
0.0101652357259
0.0101289939882
0.0100932406781
0.0100579667207
0.0100231632716
0.00998882170955
0.00995493362913
0.009921490834
0.00988848533015
0.00985590931947
0.00982375519365
0.00979201552823
0.00976068307689
0.00972975076595
0.00969921168912
0.00966905910239
0.00963928641909
0.00960988720522
0.00958085517486
0.00955218418579
0.00952386823524
0.00949590145583
0.00946827811163
0.00944099259433
0.00941403941964
0.00938741322365
0.00936110875952
0.00933512089412
0.00930944460485
0.00928407497658
0.00925900719867
0.0092342365621
0.00920975845669
0.00918556836841
0.00916166187681
0.00913803465249
0.00911468245465
0.0090916011288
0.00906878660444
0.00904623489289
0.00902394208513
0.00900190434978
0.00898011793107
0.00895857914691
0.00893728438704
0.00891623011121
0.0088954128474
0.00887482919015
0.00885447579888
0.00883434939631
0.00881444676689
0.0087947647553
0.00877530026501
0.00875605025683
0.00873701174756
0.00871818180864
0.00869955756487
0.00868113619313
0.0086629149212
0.00864489102653
0.0086270618351
0.00860942472032
0.00859197710194
0.00857471644497
0.00855764025867
