0.0209942689938
0.0210212019593
0.0210481382785
0.021075077041
0.0211020170967
0.0211289572658
0.0211558963958
0.0211828333764
0.0212097671432
0.0212366966779
0.0212636210071
0.021290539201
0.0213174503711
0.0213443536684
0.0213712482811
0.0213981334325
0.0214250083789
0.0214518724082
0.021478724837
0.0215055649908
0.0215323922768
0.0215592060721
0.0215860057935
0.0216127908797
0.0216395607897
0.0216663150016
0.0216930530115
0.0217197743323
0.0217464784931
0.0217731650382
0.0217998335261
0.021826483529
0.021853114632
0.0218797264326
0.0219063185397
0.0219328905737
0.0219594421653
0.0219859729555
0.0220124825948
0.0220389707433
0.0220654370697
0.0220918812513
0.0221183029735
0.0221447019297
0.0221710778207
0.0221974303549
0.0222237592473
0.02225006422
0.0222763450015
0.0223026013268
0.022328832937
0.022355039579
0.0223812210057
0.0224073769754
0.0224335072521
0.022459611605
0.0224856898084
0.0225117416418
0.0225377668894
0.0225637653404
0.0225897367885
0.0226156810323
0.0226415978746
0.0226674871226
0.022693348588
0.0227191820864
0.0227449874378
0.0227707644662
0.0227965129995
0.0228222328696
0.0228479239121
0.0228735859665
0.022899218876
0.0229248224874
0.0229503966511
0.0229759412211
0.0230014560548
0.023026941013
0.0230523959601
0.0230778207636
0.0231032152944
0.0231285794266
0.0231539130375
0.0231792160075
0.0232044882202
0.0232297295622
0.023254939923
0.0232801191955
0.0233052672749
0.0233303840599
0.0233554694518
0.0233805233545
0.0234055456751
0.0234305363232
0.0234554952111
0.0234804222538
0.0235053173689
0.0235301804766
0.0235550114998
0.0235798103635
0.0236045769956
0.0236293113261
0.0236540132877
0.0236786828151
0.0237033198455
0.0237279243184
0.0237524961753
0.0237770353602
0.023801541819
0.0238260154997
0.0238504563524
0.0238748643292
0.0238992393841
0.0239235814732
0.0239478905542
0.0239721665867
0.0239964095322
0.0240206193538
0.0240447960162
0.0240689394859
0.0240930497308
0.0241171267204
0.0241411704257
0.024165180819
0.0241891578739
0.0242131015656
0.0242370118702
0.0242608887651
0.024284732229
0.0243085422413
0.0243323187828
0.0243560618349
0.0243797713802
0.0244034474018
0.0244270898839
0.0244506988112
0.0244742741689
0.0244978159431
0.0245213241202
0.024544798687
0.0245682396308
0.024591646939
0.0246150205995
0.0246383606001
0.0246616669289
0.024684939574
0.0247081785233
0.0247313837646
0.0247545552857
0.024777693074
0.0248007971166
0.0248238674001
0.0248469039107
0.0248699066342
0.0248928755554
0.0249158106587
0.0249387119278
0.0249615793451
0.0249844128926
0.0250072125509
0.0250299782999
0.025052710118
0.0250754079826
0.0250980718697
0.0251207017539
0.0251432976087
0.0251658594055
0.0251883871147
0.0252108807045
0.0252333401418
0.0252557653915
0.0252781564166
0.0253005131782
0.0253228356353
0.025345123745
0.0253673774619
0.0253895967387
0.0254117815255
0.0254339317703
0.0254560474184
0.0254781284127
0.0255001746936
0.0255221861985
0.0255441628625
0.0255661046177
0.0255880113933
0.0256098831156
0.025631719708
0.0256535210907
0.0256752871808
0.0256970178924
0.0257187131361
0.0257403728193
0.0257619968461
0.0257835851168
0.0258051375287
0.0258266539752
0.0258481343461
0.0258695785276
0.0258909864022
