-0.0520082765393
-0.0459255471278
-0.0468480820276
-0.0482889772625
-0.0484649974508
-0.0485566046273
-0.0485910648757
-0.048596434268
-0.0485307111936
-0.0485145470677
-0.048497911484
-0.0484824389021
-0.0484687079759
-0.0484568119885
-0.048446638085
-0.0484379988865
-0.048430692066
-0.0484245256344
-0.0484193272669
-0.0484149464375
-0.048411253494
-0.0484081375886
-0.0484055043256
-0.0484032734944
-0.0484013770247
-0.0483997571991
-0.0483983651158
-0.0483971593749
-0.0483961049615
-0.0483951722953
-0.0483943364237
-0.0483935763354
-0.0483928743762
-0.0483922157523
-0.0483915881061
-0.0483909811549
-0.048390386383
-0.0483897967779
-0.0483892066061
-0.0483886112207
-0.0483880068969
-0.0483873906923
-0.0483867603265
-0.0483861140783
-0.0483854506984
-0.0483847693339
-0.0483840694644
-0.048383350847
-0.0483826134696
-0.0483818575105
-0.0483810833046
-0.0483802913141
-0.0483794821035
-0.0483786563187
-0.0483778146687
-0.0483769579104
-0.0483760868359
-0.0483752022612
-0.0483743050171
-0.0483733959415
-0.0483724758727
-0.0483715456442
-0.0483706060801
-0.0483696579915
-0.0483687021734
-0.048367739402
-0.0483667704335
-0.0483657960019
-0.0483648168181
-0.0483638335691
-0.0483628469177
-0.0483618575014
-0.0483608659331
-0.0483598728007
-0.0483588786672
-0.048357884071
-0.0483568895263
-0.0483558955235
-0.0483549025299
-0.0483539109895
-0.0483529213246
-0.0483519339355
-0.0483509492017
-0.0483499674823
-0.0483489891166
-0.048348014425
-0.0483470437092
-0.0483460772535
-0.0483451153248
-0.0483441581737
-0.0483432060349
-0.0483422591279
-0.0483413176575
-0.0483403818147
-0.0483394517768
-0.0483385277085
-0.048337609762
-0.0483366980777
-0.0483357927849
-0.0483348940021
-0.0483340018374
-0.0483331163891
-0.0483322377467
-0.0483313659897
-0.0483305011899
-0.048329643411
-0.0483287927088
-0.0483279491318
-0.0483271127218
-0.0483262835137
-0.0483254615363
-0.0483246468125
-0.0483238393595
-0.0483230391892
-0.0483222463084
-0.0483214607193
-0.0483206824195
-0.0483199114022
-0.0483191476568
-0.0483183911689
-0.0483176419204
-0.04831689989
-0.0483161650531
-0.0483154373823
-0.0483147168473
-0.0483140034153
-0.0483132970509
-0.0483125977168
-0.0483119053731
-0.0483112199783
-0.0483105414888
-0.0483098698596
-0.0483092050439
-0.0483085469935
-0.0483078956589
-0.0483072509893
-0.0483066129328
-0.0483059814366
-0.0483053564467
-0.0483047379086
-0.0483041257667
-0.048303519965
-0.0483029204466
-0.0483023271544
-0.0483017400306
-0.0483011590171
-0.0483005840555
-0.0483000150869
-0.0482994520526
-0.0482988948933
-0.0482983435497
-0.0482977979626
-0.0482972580727
-0.0482967238205
-0.0482961951468
-0.0482956719924
-0.0482951542982
-0.0482946420052
-0.0482941350548
-0.0482936333883
-0.0482931369474
-0.0482926456742
-0.0482921595109
-0.0482916784
-0.0482912022844
-0.0482907311074
-0.0482902648126
-0.0482898033438
-0.0482893466456
-0.0482888946627
-0.0482884473402
-0.0482880046239
-0.0482875664598
-0.0482871327945
-0.048286703575
-0.0482862787487
-0.0482858582636
-0.0482854420682
-0.0482850301113
-0.0482846223424
-0.0482842187115
-0.0482838191689
-0.0482834236656
-0.048283032153
-0.0482826445831
-0.0482822609083
-0.0482818810817
-0.0482815050567
-0.0482811327873
-0.0482807642281
-0.0482803993341
-0.0482800380608
-0.0482796803644
-0.0482793262013
-0.0482789755287
-0.0482786283041
-0.0482782844857
-0.048277944032
-0.0482776069021
-0.0482772730556
