1252.32644
304.005904946
303.950636201
303.896409849
303.842927478
303.790137692
303.738018009
303.686549294
303.635712844
303.585490051
303.535862389
303.486811415
303.438318795
303.390366312
303.342935886
303.296009585
303.249569643
303.203598468
303.158078659
303.112993017
303.068324551
303.024056496
302.980172315
302.936655711
302.893490636
302.850661293
302.808152147
302.765947929
302.724033638
302.682394549
302.641016212
302.59988446
302.558985404
302.518305442
302.477831253
302.437549802
302.397448338
302.357514395
302.317735787
302.27810061
302.238597242
302.199214336
302.159940819
302.120765895
302.081679033
302.042669972
302.003728711
301.964845513
301.926010894
301.887215626
301.848450729
301.809707468
301.770977351
301.732252124
301.693523767
301.654784491
301.616026735
301.577243159
301.538426646
301.499570291
301.460667406
301.42171151
301.382696329
301.343615792
301.304464028
301.265235362
301.225924316
301.186525601
301.147034118
301.107444957
301.06775339
301.027954871
300.988045039
300.948019706
300.907874867
300.867606688
300.827211513
300.786685857
300.746026408
300.705230026
300.664293741
300.623214752
300.58199043
300.540618314
300.499096111
300.457421698
300.415593121
300.373608595
300.331466505
300.289165405
300.246704019
300.204081243
300.161296145
300.118347962
300.075236108
300.03196017
299.988519907
299.944915257
299.901146335
299.857213432
299.81311702
299.768857748
299.724436451
299.679854141
299.635112018
299.590211464
299.545154047
299.499941521
299.454575827
299.409059096
299.363393645
299.317581984
299.27162681
299.225531012
299.17929767
299.132930053
299.086431623
299.039806033
298.993057124
298.946188929
298.899205671
298.852111759
298.80491179
298.757610548
298.710212999
298.662724292
298.615149758
298.567494903
298.519765409
298.471967132
298.424106093
298.376188481
298.328220647
298.314942152
298.266204813
298.811509943
298.682102518
298.558599655
298.440603599
298.327563866
298.218941952
298.114255416
298.013086246
297.915077186
297.819924361
297.727369357
297.637191924
297.549203643
297.463242581
297.37916884
297.296860876
297.216212455
297.137130123
297.059531124
296.983341651
296.908495394
296.834932315
296.762597617
296.691440868
296.621415254
296.552844758
296.492500138
296.433325654
296.375279929
296.318321811
296.262412556
296.207513809
296.153587754
296.100596906
296.048503901
295.997271279
295.946861279
295.897235624
295.848355306
295.80018025
295.75266947
295.705780182
295.659467915
295.613686058
295.568385479
295.523514072
295.479016241
295.434832294
295.390897734
295.34714242
295.303489562
295.259854525
295.21614338
295.172251146
295.128059636
295.08343481
295.038223466
294.99224911
294.945306707
294.897155964
294.847512627
294.79603705
294.742318947
294.685856729
294.626028924
