1.5008
1.50465036299
1.50515257226
1.50504085113
1.50482925092
1.5046102049
1.50439977235
1.50420023309
1.50401142142
1.50383277428
1.5036636838
1.5035035882
1.50335195295
1.50320828221
1.50307211411
1.50294301797
1.50282059186
1.50270446031
1.50259427226
1.50248969924
1.50239043364
1.50229618718
1.50220668948
1.50212168677
1.50204094073
1.50196422735
1.50189133598
1.50182206836
1.50175623783
1.50169366849
1.50163419453
1.50157765953
1.50152391588
1.50147282416
1.50142425268
1.50137807693
1.50133417918
1.50129244802
1.50125277801
1.50121506926
1.50117922717
1.50114516207
1.5011127889
1.50108202702
1.50105279988
1.50102503482
1.50099866285
1.50097361843
1.50094983928
1.5009272662
1.5009058429
1.50088551585
1.50086623412
1.50084794923
1.50083061506
1.50081418767
1.50079862524
1.50078388791
1.50076993772
1.50075673849
1.50074425572
1.50073245654
1.5007213096
1.50071078499
1.50070085419
1.50069148998
1.5006826664
1.50067435868
1.50066654315
1.50065919723
1.50065229938
1.500645829
1.50063976644
1.50063409291
1.5006287905
1.50062384206
1.50061923122
1.50061494235
1.5006109605
1.50060727139
1.50060386137
1.50060071739
1.50059782698
1.50059517822
1.50059275971
1.50059056056
1.50058857035
1.50058677911
1.50058517733
1.50058375588
1.50058250607
1.50058141955
1.50058048837
1.5005797049
1.50057906185
1.50057855225
1.50057816944
1.50057790702
1.50057775891
1.50057771926
1.50057778249
1.50057794326
1.50057819646
1.5005785372
1.5005789608
1.50057946279
1.50058003888
1.50058068499
1.50058139718
1.50058217173
1.50058300503
1.50058389366
1.50058483433
1.50058582391
1.50058685939
1.50058793789
1.50058905667
1.50059021309
1.50059140463
1.50059262889
1.50059388561
1.50059516662
1.5005964755
1.50059780856
1.50059916379
1.50060053934
1.50060193343
1.50060334439
1.50060477056
1.50060621046
1.50060766258
1.50060912551
1.5006105979
1.50061207846
1.50061356595
1.50061505919
1.50061655705
1.50061805846
1.50061956238
1.50062106782
1.50062257384
1.50062407953
1.50062558405
1.50062708656
1.50062858627
1.50063008244
1.50063157435
1.50063306131
1.50063454266
1.50063601779
1.50063748608
1.50063894698
1.50064039993
1.50064184442
1.50064327995
1.50064470604
1.50064612228
1.50064752817
1.50064892333
1.50065030737
1.50065167991
1.50065304061
1.50065438912
1.50065572511
1.50065704828
1.50065835834
1.500659655
1.500660938
1.5006622071
1.50066346204
1.5006647026
1.50066592857
1.50066713973
1.50066833589
1.50066951688
1.5006706825
1.5006718326
1.50067296701
1.5006740856
1.50067518821
1.50067627471
1.50067734498
1.5006783989
1.50067943636
1.50068045725
1.50068146148
1.50068244895
1.50068341956
1.50068437326
1.50068530994
1.50068622956
1.50068713203
1.5006880173
1.50068888531
1.50068973601
1.50069056934
1.50069138528
1.50069218377
1.50069296477
1.50069372826
