0.0506453463259
0.0448389478315
0.0447680584311
0.0446985577547
0.0446304020684
0.0445635667406
0.0444980295405
0.044433766881
0.0443707536162
0.044308963628
0.0442483704375
0.0441889476691
0.0441306693651
0.0440735101804
0.044017445493
0.0439624514557
0.0439085050098
0.0438555838736
0.043803666516
0.0437527321221
0.0437027605536
0.0436537323086
0.0436056284819
0.0435584307263
0.0435121212174
0.04346668262
0.0434220980578
0.0433783510857
0.0433354256647
0.0432933061397
0.0432519772188
0.0432114239552
0.0431716317311
0.0431325862429
0.0430942734878
0.0430566797524
0.0430197916019
0.0429835958701
0.0429480796512
0.0429132302915
0.0428790353824
0.0428454827536
0.0428125604668
0.0427802568104
0.0427485602943
0.0427174596444
0.0426869437987
0.0426570019023
0.042627623304
0.0425987975517
0.042570514389
0.0425427637518
0.0425155357644
0.0424888207363
0.0424626091594
0.0424368917041
0.0424116592169
0.042386902717
0.0423626133936
0.042338782603
0.0423154018656
0.0422924628633
0.0422699574367
0.0422478775827
0.0422262154512
0.0422049633433
0.042184113708
0.0421636591402
0.0421435923777
0.0421239062993
0.0421045939217
0.0420856483976
0.0420670630131
0.0420488311851
0.0420309464594
0.0420134025082
0.0419961931275
0.0419793122354
0.0419627538695
0.0419465121846
0.041930581451
0.0419149560517
0.041899630481
0.0418845993416
0.0418698573432
0.0418553993002
0.0418412201296
0.0418273148491
0.0418136785752
0.041800306521
0.0417871939948
0.0417743363976
0.0417617292218
0.041749368049
0.0417372485484
0.0417253664748
0.0417137176673
0.0417022980471
0.0416911036161
0.0416801304552
0.0416693747226
0.0416588326521
0.0416485005519
0.0416383748025
0.0416284518557
0.0416187282327
0.0416092005229
0.0415998653823
0.041590719532
0.0415817597572
0.0415729829053
0.0415643858848
0.0415559656642
0.0415477192701
0.0415396437867
0.0415317363539
0.0415239941664
0.0415164144725
0.0415089945726
0.0415017318186
0.0414946236123
0.0414876674043
0.0414808606934
0.0414742010247
0.0414676859896
0.0414613132236
0.0414550804065
0.0414489852604
0.0414430255492
0.0414371990779
0.041431503691
0.0414259372723
0.0414204977435
0.0414149728251
0.0414095727988
0.0414042956606
0.0413991395118
0.0413941025329
0.0413891829667
0.0413843791044
0.0413796892775
0.0413751118509
0.0413706452179
0.041366287797
0.0413620380293
0.0413578943764
0.0413538553191
0.0413499193559
0.0413460850027
0.0413423507916
0.0413387152708
0.0413351770038
0.0413317345694
0.0413283865609
0.0413251315866
0.041321968269
0.0413188953071
0.0413159112883
0.0413130148775
0.0413102047535
0.0413074795528
0.0413048380396
0.0413022789338
0.0412998009693
0.0412974028933
0.0412950834664
0.0412928414627
0.0412906756695
0.0412885848875
0.0412865679305
0.0412846236252
0.0412827508115
0.0412809483423
0.0412792150832
0.0412775499126
0.0412759517216
0.0412744194139
0.0412729519056
0.0412715481252
0.0412702070137
0.041268927524
0.0412677086213
0.0412665492826
0.041265448497
0.0412644052651
0.0412634185994
0.0412624875237
0.0412616110736
0.0412607882957
0.0412600182479
0.0412592999993
0.0412586326299
0.0412580152307
0.0412574469034
0.0412569267603
0.0412564539244
0.0412560275293
0.0412556467187
0.0412553106467
0.0412550184776
