0.00429
0.00447428434005
0.00446786781671
0.00446404434066
0.00446160534891
0.00445995401622
0.00445879062186
0.00445796031241
0.00445737933026
0.00445699919853
0.00445678928431
0.00445672826903
0.00445679994153
0.00445699109313
0.0044572904389
0.00445768804331
0.00445817499675
0.00445874321946
0.00445938533248
0.00446009456544
0.0044608646863
0.004461689945
0.00446256502677
0.00446348501255
0.00446444534506
0.00446544179919
0.00446647045617
0.00446752768072
0.00446861010068
0.00446971458891
0.00447083826861
0.00447197841166
0.00447313255446
0.00447429839958
0.00447547382539
0.00447665687521
0.00447784574717
0.00447903878459
0.00448023446693
0.00448143140125
0.00448262831397
0.00448382404321
0.0044850175313
0.00448620781783
0.00448739403289
0.0044885753907
0.00448975118356
0.00449092079106
0.0044920836324
0.0044932390824
0.00449438696905
0.00449552666687
0.00449665789068
0.00449778033415
0.00449889373095
0.00449999785117
0.00450109249803
0.0045021775048
0.00450325273196
0.00450431806456
0.00450537340979
0.00450641869476
0.00450745386446
0.00450847887985
0.0045094937162
0.00451049836151
0.00451149281509
0.00451247708631
0.00451345119341
0.00451441516248
0.00451536902653
0.00451631282463
0.00451724660119
0.00451817040526
0.00451908428995
0.00451998831193
0.0045208825309
0.00452176700925
0.00452264181164
0.00452350700472
0.00452436265685
0.00452520883783
0.00452604561871
0.0045268730716
0.00452769126953
0.00452850028628
0.0045293001963
0.00453009107459
0.00453087299659
0.00453164603818
0.00453241027552
0.00453316578509
0.00453391264359
0.0045346509279
0.0045353807151
0.00453610208238
0.00453681510707
0.00453751986659
0.00453821643845
0.00453890490022
0.00453958532954
0.00454025780411
0.00454092240165
0.00454157919995
0.00454222827679
0.00454286971001
0.00454350357744
0.00454412995694
0.00454474892638
0.00454536056362
0.00454596494652
0.00454656215295
0.00454715226074
0.00454773534772
0.0045483114917
0.00454888077044
0.00454944326168
0.0045499990431
0.00455054819236
0.00455109078704
0.00455162690465
0.00455215662265
0.00455268001841
0.0045531971692
0.00455370815222
0.00455421304455
0.00455471192316
0.00455520486491
0.00455569194651
0.00455617324455
0.00455664883546
0.00455711879554
0.00455758320089
0.00455804212745
0.00455849565098
0.00455894384705
0.00455938679101
0.00455982455802
0.00456025722299
0.00456068486063
0.00456110754539
0.00456152535148
0.00456193835284
0.00456234662315
0.00456275023581
0.00456314926392
0.00456354378032
0.0045639338575
0.00456431956766
0.00456470098267
0.00456507817407
0.00456545121306
0.00456582017048
0.00456618511682
0.0045665461222
0.00456690325635
0.00456725658865
0.00456760618806
0.00456795212315
0.00456829446206
0.00456863327255
0.00456896862194
0.0045693005771
0.0045696292045
0.00456995457012
0.00457027673952
0.0045705957778
0.00457091174957
0.00457122471898
0.00457153474971
0.00457184190493
0.00457214624735
0.00457244783915
0.00457274674203
0.00457304301717
0.00457333672524
0.00457362792638
0.00457391668022
0.00457420304586
0.00457448708184
0.00457476884619
0.00457504839639
0.00457532578937
0.00457560108149
0.00457587432859
0.00457614558591
0.00457641490818
0.0045766823495
0.00457694796346
0.00457721180303
0.00457747392065
0.00457773436814
0.00457799319676
0.0045782504572
0.00457850619954
0.00457876047329
0.00457901332737
0.00457926481011
0.00457951496923
0.00457976385189
