0.0341662914995
0.0341923000365
0.034233775957
0.03428946126
0.0343582273617
0.0344390539814
0.0345310134275
0.0346332583524
0.0347450118913
0.0348655595369
0.034994242335
0.0351304511235
0.0352736216107
0.0354232301442
0.0355787900509
0.0357398484555
0.0359059835008
0.0360768019076
0.0362519368208
0.0364310458999
0.0366138096159
0.036799929724
0.0369891278873
0.037181144427
0.037375737183
0.0375726804676
0.0377717640999
0.0379727925085
0.0381755838956
0.0383799694514
0.0385857926155
0.0387929083777
0.039001182615
0.039210491461
0.039420720704
0.0396317652129
0.0398435283881
0.0400559216355
0.040268863864
0.0404822810037
0.0406961055462
0.0409102761036
0.0411247369892
0.0413394378162
0.0415543331166
0.0417693819781
0.0419845477005
0.0421997974437
0.0424151019662
0.0426304354733
0.0428457748312
0.0430610999297
0.0432763931034
0.0434916389767
0.0437068242542
0.0439219375249
0.044136969081
0.0443519107493
0.0445667557364
0.0447814984853
0.0449961345436
0.0452106604431
0.0454250735887
0.0456393721585
0.0458535550111
0.0460676216027
0.0462815719118
0.0464954063706
0.0467091258038
0.0469227313735
0.0471362245295
0.0473496069655
0.0475628805796
0.0477760474396
0.0479891097516
0.0482020698334
0.0484149300901
0.0486276929936
0.0488403610639
0.0490529368532
0.0492654229329
0.049477821881
0.0496901362724
0.0499023686706
0.0501145216202
0.0503265976407
0.0505385992223
0.0507505288211
0.0509623888562
0.0511741817071
0.0513859097117
0.0515975751651
0.0518091803183
0.0520207273776
0.0522322185047
0.0524436558162
0.0526550413842
0.0528663772363
0.0530776653565
0.0532889076858
0.0535001061228
0.0537112625247
0.0539223787081
0.0541334564503
0.0543444974896
0.0545555035272
0.0547664762273
0.0549774172188
0.055188328096
0.0553992104197
0.055610065718
0.0558208954875
0.0560317011942
0.0562424842743
0.0564532461352
0.0566639881563
0.05687471169
0.0570854180622
0.0572961085736
0.0575067845
0.0577174470932
0.0579280975817
0.0581387371717
0.0583493670471
0.0585599883708
0.058770602285
0.0589812099118
0.0591918123539
0.0594024106951
0.0596130060006
0.0598235993181
0.0600341916776
0.0602447840924
0.0604553775594
0.0606659730594
0.0608765715576
0.0610871740043
0.0612977813348
0.0615083944703
0.0617190143178
0.0619296417708
0.0621402777095
0.0623509230012
0.0625615785006
0.0627722450499
0.0629829234795
0.0631936146082
0.063404319243
0.06361503818
0.0638257722045
0.0640365220909
0.0642472886035
0.0644580724961
0.0646688745129
0.0648796953882
0.065090535847
0.0653013966048
0.0655122783683
0.0657231818351
0.0659341076942
0.0661450566262
0.0663560293032
0.0665670263893
0.0667780485405
0.0669890964051
0.0672001706237
0.0674112718294
0.0676224006479
0.0678335576978
0.0680447435905
0.0682559589305
0.0684672043155
0.0686784803367
0.0688897875785
0.0691011266189
0.0693124980297
0.0695239023764
0.0697353402186
0.0699468121096
0.0701583185971
0.0703698602229
0.0705814375232
0.0707930510286
0.0710047012641
0.0712163887494
0.0714281139989
0.0716398775218
0.0718516798221
0.0720635213988
0.0722754027459
0.0724873243526
0.072699286703
0.0729112902767
0.0731233355487
0.0733354229892
0.0735475530638
0.0737597262339
0.0739719429564
0.0741842036836
0.0743965088639
