1380.0
211105.766115
210879.213373
210609.392369
210304.548841
209971.330127
209615.09403
209240.175978
208850.06347
208447.541094
208034.88123
207613.921746
207186.151096
206752.776604
206314.779238
205872.957544
205427.962883
204980.327838
204530.488418
204078.803092
203625.566917
203171.023497
202715.374509
202258.787388
201801.401542
201343.333384
200884.680409
200425.524516
199965.934701
199505.969265
199045.677617
198585.101744
198124.277432
197663.235265
197202.001448
196740.598492
196279.04873
195817.430393
195355.625954
194893.715633
194431.710309
193969.619467
193507.451387
193045.213311
192582.911586
192120.55178
191658.138786
191195.676914
190733.169963
190270.621287
189808.033852
189345.690456
188882.755957
188420.065508
187957.345772
187494.598107
187031.823847
186569.024197
186106.200336
185643.353263
185180.483921
184717.593105
184254.681596
183791.75008
183328.799177
182865.829448
182402.771852
181939.76627
181476.743157
181013.702936
180550.645982
180087.57263
179624.483181
179161.37791
178698.257067
178235.120883
177771.969566
177308.803312
176845.6223
176382.426695
175919.21665
175455.992308
174992.7538
174529.50125
174066.234771
173602.95447
173139.660446
172676.352791
172213.031592
171749.696929
171286.348876
170822.987505
170359.612881
169896.225065
169432.824114
168969.410083
168505.98302
168042.542972
167579.089984
167115.624094
166652.145341
166188.653759
165725.149382
165261.632238
164798.102357
164334.559762
163871.004478
163407.436526
162943.855926
162480.262696
162016.656851
161553.038406
161089.407375
160625.763768
160162.107595
159698.438865
159234.757586
158771.063762
158307.3574
157843.638501
157379.90707
156916.163107
156452.406612
155988.637585
155524.856025
155061.061927
154597.25529
154133.436108
153669.604377
153205.76009
152741.968355
152278.098644
151814.216437
151350.321694
150886.414386
150422.494489
149958.561985
149494.616859
149030.659095
148566.68868
148102.705598
147638.709836
147174.70138
146710.680213
146246.646321
145782.599689
145318.540299
144854.468135
144390.383181
143926.285419
143462.174831
142998.0514
142533.915106
142069.765931
141605.603857
141141.428862
140677.240928
140213.040035
139748.826162
139284.599288
138820.359393
138356.106455
137891.840453
137427.561365
136963.269169
136498.963842
136034.645363
135570.313708
135105.968855
134641.610781
134177.239461
133712.854872
133248.456992
132784.045795
132319.621257
131855.183355
131390.732063
130926.267358
130461.789213
129997.297604
129532.792507
129068.273894
128603.741742
128139.196023
127674.636713
127210.063786
126745.477215
126280.876973
125816.263036
125351.635375
124886.993965
124422.338779
123957.613222
123492.984636
123028.231495
122563.521174
122098.79689
121634.058636
121169.306396
120704.540151
