0.1747
0.210604221748
0.289563540063
0.546862247456
0.637329188742
0.697839951842
0.727946046705
0.736792149348
0.733341736059
0.723727245251
0.715352553701
0.701472004461
0.68701747127
0.672495600885
0.658159643364
0.644135891602
0.630486308739
0.617239527139
0.604406362599
0.591987742471
0.579978884916
0.568371595443
0.557155594376
0.546319327928
0.535850491304
0.525736382173
0.515964148103
0.506520963741
0.497394159065
0.488571312197
0.480040315816
0.471789423535
0.46380728094
0.456082944789
0.448605893123
0.441366028379
0.434353675182
0.427559574127
0.420974872584
0.414591113354
0.408400221804
0.402394492009
0.396566572281
0.390909450404
0.385416438804
0.380081159851
0.374897531404
0.369859752729
0.364962290841
0.360199867328
0.355567445694
0.351060219228
0.346673599418
0.342403204906
0.338244850975
0.33419453956
0.330248449762
0.326402928862
0.322654483802
0.318999773117
0.315435599299
0.311958901581
0.3085667491
0.305256334441
0.302024967527
0.298870069846
0.295789168991
0.292779893496
0.289839967955
0.286967208407
0.284159517967
0.281414882691
0.278731367675
0.276107113345
0.273540331959
0.271029304288
0.268572376474
0.26616795705
0.26381451412
0.261510572683
0.259254712095
0.257045563659
0.254881808345
0.25276217462
0.250685436384
0.248650411022
0.246655957539
0.244700974794
0.242784399821
0.240905206234
0.239062402702
0.237255031503
0.23548216715
0.233742915075
0.23203641038
0.230361816649
0.228718324807
0.227105152044
0.225521540776
0.223966757662
0.222440092665
0.220940858151
0.219468391762
0.218022040659
0.21660118318
0.215205213106
0.213833542699
0.212485602018
0.21116083826
0.209858715141
0.208578712288
0.20732032467
0.206083062046
0.204866448438
0.203670021624
0.20249333266
0.201335945409
0.200197436098
0.199077392894
0.19797541549
0.196891114714
0.195824112153
0.194774039785
0.193740539637
0.192723263447
0.191721872343
0.190736036536
0.18976543502
0.188809755289
0.187868693059
0.186941952008
0.186029243519
0.185130286436
0.184244806826
0.183372537757
0.182513219076
0.181666597198
0.180832424905
0.180010461152
0.179200470874
0.178402224808
0.177615499316
0.176840076219
0.17607574263
0.1753222908
0.174579517964
0.173847226197
0.17312522227
0.172413317515
0.171711327695
0.17101907287
0.170336377284
0.169663069236
0.168998980972
0.168343948572
0.167697811842
0.167060414209
0.166431602624
0.165811227462
0.16519914243
0.164595204472
0.163999273689
0.163411213244
0.162830889287
0.162258170872
0.161692929881
0.161135040946
0.160584381382
0.16004083111
0.159504272596
0.158974590778
0.158451673007
0.157935408985
0.157425690699
0.156922412372
0.156425470396
0.155934763287
0.155450191625
0.154971658004
0.154499066985
0.154032325042
0.153571340519
0.153116023582
0.152666286176
0.152222041981
0.15178320637
0.151349696367
0.15092143061
0.15049832931
0.150080314216
0.149667308577
0.149259237105
0.148856025947
0.148457602643
0.1480638961
0.147674836557
0.147290355558
0.146910385916
0.146534861691
0.146163718157
