10.3283765527
10.3670030515
10.3755825272
10.3693452416
10.3571046476
10.3436462803
10.3313844966
10.3213983356
10.3140452055
10.3093119983
10.307010443
10.3068827163
10.3086564044
10.3120713951
10.3168916946
10.3229092105
10.329943524
10.3378398085
10.3464660359
10.3557100813
10.3654774235
10.3756867984
10.3862703264
10.3971705767
10.4083389832
10.4197344864
10.4313223749
10.4430733036
10.4549624607
10.4669688657
10.4790747754
10.4912651819
10.5035273902
10.5158506599
10.5282259033
10.5406454306
10.5531027338
10.5655920398
10.5781090577
10.5906497973
10.6032108901
10.6157894907
10.6283831933
10.6409899628
10.6536080764
10.6662360753
10.6788727235
10.6915169735
10.7041679372
10.7168248613
10.7294863334
10.7421529944
10.754824167
10.7674993552
10.7801781782
10.7928603302
10.8055455592
10.8182336544
10.8309244376
10.8436177571
10.8563134836
10.8690115059
10.8817117289
10.8944140702
10.9071184589
10.919824872
10.9325339352
10.9452437096
10.9579555465
10.9706692963
10.9833848704
10.996102214
11.0088212892
11.0215420669
11.0342645236
11.0469886385
11.0597143934
11.0724417716
11.0851707576
11.097901337
11.1106334963
11.1233672226
11.1361025038
11.148839328
11.1615776841
11.1743175611
11.1870589487
11.1998018365
11.2125462146
11.2252920732
11.2380394027
11.2507881939
11.2635384374
11.2762901243
11.2890432454
11.3017977922
11.3145537557
11.3273111274
11.3400698987
11.3528300613
11.3107002905
11.260577588
11.2073645043
11.1532183085
11.0991320602
11.0455756946
10.9927810604
10.9408694451
10.889909001
10.8399408493
10.7909911279
10.7430766964
10.6962079615
10.6503903785
10.605625336
10.561910745
10.519241479
10.4776097312
10.4370053251
10.3974159919
10.3588276216
10.3212244943
10.2845894927
10.2489042984
10.2141495717
10.1803051186
10.1473500424
10.1152628841
10.0840217497
10.0536044265
10.0239884886
9.99515139258
9.96707056333
9.93972347139
9.91308770196
9.88714101622
9.86186140553
9.83722713908
9.81321680541
9.78980934833
9.76698409772
9.74472079553
9.72299961756
9.70180119126
9.68110660996
9.66089744389
9.64115574829
9.62186406887
9.60300544495
9.58456341052
9.56652199339
9.54886571271
9.53157957509
9.51464906939
9.4980601604
9.48179928164
9.46585332729
9.45020964342
9.43485601868
9.41978067452
9.40497225497
9.3904198162
9.37611281576
9.36204110177
9.34819490193
9.33456481253
9.32114178739
9.30791712694
9.29488246728
9.28202976944
9.26935130864
9.25683966388
9.24448770757
9.23228859539
9.22023575639
9.20832288327
9.19654392293
9.18489306717
9.17336474375
9.16195360761
9.15065453235
9.13946260197
9.12837310287
9.11738151605
9.10648350965
9.09567493159
9.08495180262
9.07431030942
9.06374679813
9.05325776795
9.04283986501
9.03248987653
9.02220472508
9.01198146313
9.00181726777
8.99170943563
8.98165537798
8.97165261606
8.96169877653
8.95179158714
