26.1818791623
16.8904649152
16.9078192655
16.9269935994
16.9477482374
16.9699779577
16.9935969663
17.0185213158
17.0446666843
17.0719485487
17.1002827104
17.1295858413
17.159775985
17.1907729958
17.2224989116
17.254878256
17.2878382743
17.3213091074
17.3552239077
17.3895189079
17.4241334461
17.4590099575
17.4940939377
17.5293338849
17.5646812262
17.6000902328
17.6355179268
17.6709239851
17.7062706408
17.7415225839
17.776646865
17.8116127992
17.8463918745
17.8809576616
17.9152857279
17.9493535538
17.9831404518
18.0166274884
18.0497974075
18.0826345565
18.1151248133
18.147255515
18.1790153878
18.2103944779
18.2413840832
18.2719766858
18.3021658855
18.3319463342
18.3613136709
18.390264458
18.4187961184
18.4469068741
18.4745956858
18.5018621944
18.5287066636
18.5551299247
18.5811333226
18.6067186643
18.6318881687
18.6566444192
18.6809903178
18.704929041
18.7284639983
18.751598792
18.7743371795
18.7966830367
18.818640323
18.8402130481
18.8614052399
18.8822209124
18.9026640356
18.9227385045
18.9424481087
18.9617965004
18.9807871628
18.9994233749
19.017708175
19.0356443204
19.0532342422
19.0704799945
19.087383196
19.1039449578
19.1201658189
19.1360456296
19.1515834495
19.1667774047
19.1816245165
19.1961204883
19.2102594402
19.2240335718
19.2374327334
19.2504438712
19.2630503035
19.2725640895
19.2802009191
19.2875961802
19.2947592562
19.3016997645
19.308424764
19.3149421576
19.3212591054
19.327382375
19.3333183845
19.3390732324
19.3446527241
19.3500623964
19.3553075385
19.3603932123
19.3653242688
19.3701053644
19.3747409742
19.3792354047
19.3835928052
19.3878171774
19.391912385
19.3958821615
19.3997301176
19.403459748
19.4070744373
19.4105774657
19.4139720137
19.4172611666
19.4204479191
19.4235351786
19.4265257688
19.4294224332
19.4322278378
19.4349445739
19.4375751608
19.4401220478
19.4425876171
19.4449741853
19.4472840057
19.44951927
19.4516821103
19.4537746006
19.4557987585
19.4577565467
19.4596498746
19.4614805994
19.4632505281
19.464961418
19.4666149787
19.4682128729
19.4697567178
19.4712480862
19.4726885077
19.4740794698
19.4754224187
19.4767187608
19.4779698636
19.4791770562
19.4803416312
19.4814648447
19.4825479179
19.4835920378
19.4845983579
19.4855679994
19.4865020517
19.4874015737
19.4882675941
19.4891011124
19.4899030999
19.4906745001
19.4914162297
19.4921291792
19.4928142136
19.493472173
19.4941038737
19.4947101083
19.4952916467
19.4958492366
19.4963836043
19.4968954548
19.497385473
19.4978543239
19.4983026532
19.4987310881
19.4991402372
19.4995306918
19.4999030259
19.5002577967
19.5005955453
19.5009167971
19.501222062
19.5015118352
19.5017865974
19.5020468152
19.5022929418
19.5025254169
19.5027446675
19.5029511081
19.503145141
19.5033271568
19.5034975347
19.5036566428
19.5038048384
19.5039424682
19.504069869
19.5041873675
