164769.7188
194910.45518
223331.769123
268820.105801
303859.754881
331958.229141
351608.100748
363238.338153
366586.268677
369164.5309
369955.448534
369816.133663
369210.458737
368381.925452
367456.696537
366499.830279
365544.827453
364608.898457
363700.806286
362824.896195
361983.174437
361176.388377
360404.593782
359667.457265
358964.420889
358294.794218
357657.807617
357052.644423
356478.461257
355934.401459
355419.604355
354933.211848
354474.373245
354042.248819
353636.012469
353254.853678
352897.978951
352564.612824
352253.998553
351965.398532
351698.094507
351451.387625
351224.598346
351017.066257
350828.149801
350657.22595
350503.689824
350366.954286
350246.449499
350141.622481
350051.936639
349976.871309
349915.921289
349868.596377
349834.420915
349812.933346
349803.685771
349806.243524
349820.184759
349845.100042
349880.591964
349926.274763
349981.773955
350046.725985
350120.777882
350203.586936
350294.820379
350394.155077
350501.277245
350615.882154
350737.673868
350866.364975
351001.676338
351143.336854
351291.083216
351444.659688
351603.817891
351768.316592
351937.921501
352112.405077
352291.546341
352475.130696
352662.949749
352854.801143
353050.488396
353249.820741
353452.612973
353658.685306
353867.863221
354079.977339
354294.863278
354512.361527
354732.317319
354954.580512
355179.005465
355405.450928
355633.779927
355863.859657
356095.561378
356328.760307
356563.335525
356799.169875
357036.192392
357274.207933
357513.152788
357752.923933
357993.421663
358234.549502
358476.214128
358718.325292
358960.795736
359203.541126
359446.479974
359689.533565
359932.625892
360175.683581
360418.635831
360661.414344
360903.953263
361146.189108
361388.060719
361629.509191
361870.477821
362110.912046
362350.759393
362589.969417
362828.493655
363066.28557
363303.300501
363539.495612
363774.829845
364009.26387
364242.760041
364475.282349
364706.796375
364937.26925
365166.669612
365394.96756
365622.134618
365848.143692
366072.969033
366296.586195
366518.972002
366740.10451
366959.962969
367178.52779
367395.780512
367611.703765
367826.281241
368039.497661
368251.338741
368461.791166
368670.842557
368878.481443
369084.697234
369289.480189
369492.821396
369694.712737
369895.146869
370094.117197
370291.617847
370487.643644
370682.190089
370875.253337
371066.830171
371256.917983
371445.514753
371632.619029
371818.229904
372002.346998
372184.970441
372366.10085
372545.739316
372723.887382
372900.547027
373075.720651
373249.411058
373421.621438
373592.355354
373761.616728
373929.409821
374095.739227
374260.609851
374424.026901
374585.995875
374746.522542
374905.61294
375063.273354
375219.510312
375374.330568
375527.741096
375679.749076
375830.361885
375979.587087
376127.432422
376273.905799
376419.015286
376562.7691
376705.1756
376846.243278
