13.278
28.9449162544
29.0298566554
29.1389047508
29.2695312886
29.4195618241
29.5871175326
29.7705653591
29.9684768627
30.1795945352
30.4028043109
30.6371131216
30.8816305351
31.1355536914
31.398154906
31.6687714352
31.9467969961
32.2316747198
32.5228912743
32.8199719476
33.122476519
33.4299957804
33.7421485923
34.0585793826
34.3789560093
34.7029679244
35.030324587
35.3607540797
35.6940018944
36.0298298557
36.3680151496
36.7083494944
37.0506382742
37.3946998633
37.7403649288
38.0874757916
38.4358858225
38.7854588665
39.1360686927
39.4875984651
39.8399402326
40.1929944359
40.5466694305
40.9008810256
41.2555520371
41.610611856
41.965996031
42.3216467277
42.6775099252
43.0335318094
43.389680702
43.7459081235
44.1021810662
44.4584677899
44.8147399316
45.1709722297
45.5271422632
45.8832302077
46.2392186059
46.595092153
46.9508374973
47.3064430543
47.6618988347
48.0171962848
48.3723281402
48.7272882903
49.0820716553
49.436674072
49.7910921915
50.1453233846
50.4993656567
50.8532175709
51.206878178
51.5603469542
51.9136237445
52.2667087127
52.6196022961
52.9723051657
53.3248181905
53.6771424062
54.0292789876
54.3812292237
54.7329944968
55.0845762634
55.4359760384
55.7871953805
56.1382358803
56.4890991497
56.8397868128
57.1903004986
57.5406418342
57.8908124396
58.2408139229
58.5906478766
58.9403158749
59.2898194706
59.6391601937
59.9883395493
60.3373590171
60.6862200498
61.0349240732
61.3834724855
61.731866657
62.0801079305
62.4281976212
62.7761370169
63.1239273782
63.4715699395
63.8190659086
64.1664164677
64.513622774
64.8606859598
65.2076071334
65.5543873796
65.90102776
66.2475293141
66.5938930593
66.9401199917
67.2862110867
67.6321672995
67.9779895653
68.3236788004
68.6692359022
69.0146617497
69.3599572044
69.7051231101
70.050160294
70.3950695666
70.7398517223
71.0845075398
71.4290377827
71.7734431992
72.1177245233
72.4618824745
72.8059177584
73.1498310671
73.4936230792
73.8372944605
74.1808458639
74.52427793
74.8675912871
75.2107865517
75.5538643285
75.8968252111
76.2396697816
76.5823986113
76.9250122608
77.2675112802
77.6098962091
77.9521675774
78.2943259049
78.6363717016
78.9783054682
79.3201276959
79.6618388668
80.0034394542
80.3449299223
80.6863107269
81.027582315
81.3687451256
81.7097995893
82.0507461287
82.3915851585
82.7323170855
83.0729423092
83.4134612213
83.7538742061
84.0941816409
84.4343838957
84.7744813334
85.1144743101
85.4543631752
85.7941482714
86.1338299346
86.4734084944
86.8128842742
87.1522575908
87.4915287551
87.8306980718
88.1697658396
88.5087323513
88.8475978941
89.1863627493
89.5250271925
89.8635914939
90.2020559183
90.540420725
90.8786861679
91.2168524958
91.5549199524
91.8928887762
92.2307592007
92.5685314545
92.9062057613
93.24378234
93.5812614049
93.9186431654
94.2559278264
94.5931155883
94.9302066469
