-0.489991931647
-0.686714078918
-0.679980747084
-0.673207373413
-0.666391621261
-0.659533230913
-0.652632375574
-0.645689390007
-0.638704754514
-0.631679113139
-0.624613294767
-0.617508331666
-0.610365474226
-0.603186201425
-0.59597222689
-0.588725500563
-0.581448206156
-0.574142754642
-0.56681177412
-0.559458096432
-0.552084740906
-0.544694895634
-0.537291896658
-0.529879205441
-0.522460384972
-0.515039074845
-0.507618965629
-0.500203772824
-0.492797210708
-0.485402966328
-0.478024673921
-0.470665889989
-0.463330069282
-0.456020541913
-0.448740491796
-0.441492936606
-0.434280709443
-0.427106442318
-0.41997255162
-0.412881225637
-0.405834414222
-0.398833820643
-0.391880895633
-0.384976833636
-0.378122571214
-0.37131878755
-0.364565906958
-0.357864103309
-0.351213306222
-0.34461320891
-0.338063277491
-0.331562761631
-0.325110706319
-0.318705964623
-0.312347211232
-0.30603295662
-0.299761561661
-0.293531252527
-0.287340135733
-0.281186213159
-0.275067396951
-0.26898152416
-0.262926371034
-0.256899666858
-0.250899107298
-0.244922367158
-0.238967112544
-0.233031012388
-0.227111749322
-0.221207029936
-0.215314594404
-0.209432225558
-0.203557757432
-0.197689083387
-0.191824163885
-0.185961034059
-0.18009781121
-0.174232702428
-0.168364012557
-0.162490152767
-0.156609650094
-0.150721160801
-0.144823473696
-0.138915539306
-0.132996479806
-0.12706561452
-0.121122489259
-0.115166913568
-0.109199008453
-0.103219268069
-0.0972286401613
-0.0912286319084
-0.0852214505385
-0.083001245041
-0.0830504914301
-0.0830987770755
-0.0831461064122
-0.0831925311044
-0.0832380263983
-0.0832826222215
-0.0833263309793
-0.0833691678231
-0.0834111483933
-0.0834522881651
-0.0834926027497
-0.0835321078503
-0.0835708192215
-0.0836087526324
-0.0836459238332
-0.0836823485244
-0.0837180423295
-0.0837530207703
-0.0837872992437
-0.0838208930023
-0.083853817136
-0.0838860865559
-0.0839177159804
-0.0839487199225
-0.0839791126791
-0.0840089083212
-0.0840381206863
-0.084066763371
-0.084094849726
-0.0841223928509
-0.084149405591
-0.0841759005343
-0.0842018900098
-0.0842273860862
-0.0842524005714
-0.0842769450129
-0.0843010306985
-0.0843246686572
-0.0843478696613
-0.0843706442283
-0.0843930026238
-0.0844149548635
-0.0844365107174
-0.0844576797123
-0.0844784711358
-0.0844988940402
-0.0845189572462
-0.0845386693471
-0.0845580387133
-0.0845770734963
-0.0845957816333
-0.0846141708515
-0.0846322486729
-0.0846500224186
-0.0846674992135
-0.0846846859907
-0.0847015894962
-0.0847182162935
-0.0847345727677
-0.0847506651305
-0.0847664994243
-0.0847820815266
-0.0847974171544
-0.0848125118684
-0.0848273710772
-0.0848420000413
-0.0848564038774
-0.0848705875621
-0.084884555936
-0.0848983137075
-0.0849118654562
-0.084925215637
-0.0849383685834
-0.0849513285112
-0.0849640995216
-0.0849766856047
-0.0849890906428
-0.0850013184135
-0.0850133725925
-0.0850252567572
-0.0850369743889
-0.0850485288762
-0.0850599235176
-0.0850711615238
-0.085082246021
-0.0850931800527
-0.0851039665828
-0.0851146084974
-0.0851251086078
-0.085135469652
-0.0851456942973
-0.0851557851425
-0.0851657447196
-0.0851755754963
-0.0851852798773
-0.0851948602066
-0.0852043187693
-0.0852136577932
-0.0852228794506
-0.0852319858598
-0.0852409790869
-0.0852498611475
-0.0852586340075
-0.0852672995855
-0.0852758597533
-0.085284316338
