0.0001
0.00104622482396
0.00104739120905
0.00104850270204
0.00104955937548
0.00105056176193
0.00105151056935
0.00105240656721
0.00105325054101
0.00105404327405
0.00105478553998
0.00105547809967
0.00105612169984
0.00105671707243
0.0010572649342
0.00105776598659
0.00105822091557
0.00105863039154
0.00105899506936
0.00105931558833
0.00105959257219
0.00105982662922
0.0010600183523
0.00106016831905
0.00106027709191
0.00106034521832
0.0010603732309
0.00106036164759
0.00106031097189
0.00106022169304
0.00106009428627
0.00105992921304
0.00105972692126
0.00105948784555
0.00105921240754
0.0010589010161
0.00105855406764
0.0010581719464
0.00105775502471
0.00105730366333
0.00105681821168
0.0010562990082
0.00105574638063
0.0010551606463
0.00105454211246
0.00105389107657
0.00105320782658
0.0010524926413
0.00105174579063
0.00105096753594
0.00105015813028
0.00104931781878
0.00104844683889
0.00104754541645
0.00104661378278
0.00104565215004
0.00104466072794
0.00104363971999
0.0010425893238
0.00104150973134
0.00104040112922
0.00103926369898
0.00103809761733
0.00103690305645
0.00103568018426
0.00103442916464
0.00103315015773
0.00103184332016
0.00103050880533
0.00102914676362
0.00102775734265
0.00102634068753
0.00102489694109
0.00102342624408
0.00102192873546
0.00102040455257
0.00101885383137
0.00101727670668
0.00101567331232
0.00101404378141
0.0010123882465
0.00101070683982
0.00100899969344
0.00100726693948
0.0010055087103
0.00100372513865
0.00100191635791
0.00100008250222
0.000998223706636
0.000996340107352
0.000994431841815
0.000992499048902
0.000990541869067
0.000988560444495
0.000986554919241
0.000984525439374
0.00098247215311
0.000980395210945
0.00097829476578
0.000976170973042
0.000974023990802
0.000971853979889
0.000969661103996
0.00096744552978
0.000965207426969
0.000962946968445
0.00096066433034
0.000958359692116
0.000956033236646
0.000953685150284
0.000951315622939
0.000948924848135
0.00094651302307
0.000944080348672
0.000941627029644
0.000939153274511
0.00093665937495
0.000934145393899
0.000931611622681
0.000929058287167
0.000926485616157
0.000923893842002
0.000921283200867
0.000918653932825
0.000916006281903
0.000913340496087
0.000910656827313
0.000907955531454
0.000905236868296
0.000902501101509
0.000899748498615
0.000896979330946
0.000894193873605
0.00089139240541
0.00088857520885
0.000885742570016
0.000882894778547
0.000880032127554
0.000877154913555
0.000874263436394
0.000871357999158
0.000868438908097
0.000865506472528
0.000862561004746
0.000859602819923
0.000856632236005
0.000853649573612
0.000850655155923
0.000847649308566
0.000844632359501
0.000841604638901
0.000838566479029
0.000835518214114
0.000832460180222
0.000829392715124
0.000826316158164
0.000823230850125
0.000820137133088
0.000817035350293
0.000813925846001
0.000810808965347
0.000807684982361
0.000804554382545
0.000801417448254
0.000798274525076
0.000795125959683
0.00079197209912
0.000788813290437
0.000785649880436
0.000782482215489
0.000779310641373
0.000776135503113
0.00077295714483
0.000769775909592
0.00076659213927
0.000763406174385
0.000760218353968
0.000757029015416
0.000753838494347
0.000750647124461
0.0007474552374
0.000744263162616
0.00074107122723
0.000737879755903
0.000734689070705
0.000731499490989
0.000728311333266
0.00072512491108
0.000721940534891
0.000718758511961
0.000715579146237
0.000712402738244
0.000709229584975
0.000706059979791
0.000702894212323
0.000699732568368
0.000696575329804
0.000693422774498
0.000690275176219
0.000687132804562
