5.36289
7.44885783929
7.08522566948
6.3223390689
5.96400324061
5.74269374645
5.60946852785
5.53671206033
5.47098762073
5.45129672153
5.44263891649
5.43962895095
5.43945302554
5.4406624025
5.44251567669
5.44463423781
5.44682495105
5.44898954959
5.45107841957
5.45306700358
5.45494371969
5.45670375176
5.45834584086
5.4598706164
5.46127972051
5.46257534323
5.46375997201
5.46483625375
5.46580691685
5.46667472545
5.46744245166
5.46811285775
5.46868868427
5.46917264189
5.46956740545
5.46987560966
5.47009984589
5.4702426598
5.47030654958
5.47029396473
5.47020730517
5.47004892076
5.46982111103
5.46952612508
5.46916616177
5.46874336996
5.46825984893
5.46771764882
5.46711877126
5.46646516994
5.46575875136
5.4650013755
5.46419485662
5.46334096401
5.46244142281
5.4614979148
5.46051207926
5.45948551374
5.45841977495
5.45731637951
5.45617680485
5.45500248996
5.45379483624
5.45255520829
5.45128493468
5.44998530875
5.4486575894
5.4473030018
5.44592273818
5.44451795854
5.44308979139
5.44163933444
5.44016765531
5.43867579222
5.43716475465
5.435635524
5.43408905426
5.43252627261
5.43094808006
5.42935535206
5.4277489391
5.42612966728
5.4244983389
5.42285573302
5.42120260601
5.41953969208
5.41786770382
5.41618733271
5.41449924964
5.41280410536
5.41110253105
5.40939513872
5.4076825217
5.4059652551
5.40424389626
5.40251898518
5.40079104493
5.3990605821
5.39732808719
5.39559403502
5.3938588851
5.39212308204
5.39038706497
5.38865123167
5.38691599331
5.38518173852
5.3834488428
5.3817176689
5.3799885671
5.37826187554
5.37653792057
5.37481701702
5.37309946848
5.37138556768
5.36967559666
5.36796982716
5.36626852083
5.36457192949
5.36288029545
5.36119385172
5.35951282227
5.35783742226
5.35616785833
5.35450432877
5.35284702379
5.35119612572
5.34955180925
5.34791424162
5.34628358285
5.3446599859
5.34304359693
5.34143455545
5.33983299451
5.33823904091
5.33665281535
5.33507443263
5.3335040018
5.33194162634
5.33038740434
5.32884142861
5.32730378687
5.32577456193
5.32425383176
5.3227416697
5.32123814459
5.31974332086
5.31825725875
5.31678001434
5.31531163977
5.31385218329
5.31240168942
5.31096019908
5.30952774965
5.30810437514
5.30669010627
5.30528497058
5.30388899253
5.30250219361
5.30112459244
5.29975620484
5.29839704396
5.29704712035
5.29570644204
5.29437501464
5.29305284143
5.29173992342
5.29043625945
5.28914184624
5.28785667851
5.286580749
5.28531404858
5.28405656631
5.28280828948
5.28156920373
5.28033929305
5.2791185399
5.27790692522
5.27670442854
5.27551102797
5.27432670033
5.27315142114
5.27198516472
5.2708279042
5.26967961161
5.26854025789
5.26740981295
5.26628824574
5.26517552424
5.26407161556
5.26297648595
5.26189010083
5.26081242485
5.25974342194
5.25868305531
5.25763128749
5.25658808041
5.25555339538
5.25452719315
5.25350943393
5.25250007742
