0.00532956862589
0.0072605062096
0.00911038770667
0.0104209947501
0.0111600008414
0.0114372183737
0.0114354707672
0.0112986554168
0.011113201913
0.010918364574
0.0107337023988
0.0105665203745
0.0104184010308
0.0102884636848
0.0101749101889
0.0100757276555
0.00998898752512
0.00991295676028
0.00984612449737
0.00978719291622
0.00973505489062
0.00968876852792
0.00964753284711
0.00961066614145
0.00957758736628
0.00954780039097
0.00952088077696
0.00949646470924
0.0094742397339
0.00945393699843
0.00943532473898
0.00941820280242
0.0094023980281
0.00938776034564
0.00937415947042
0.00936148209958
0.009349629528
0.00933851561769
0.00932806506538
0.00931821192204
0.00930889832591
0.00930007341666
0.00929169240355
0.0092837157648
0.00927610855869
0.00926883983022
0.00926188209946
0.0092552109197
0.00924880449571
0.00924264335322
0.00923671005279
0.0092309889415
0.00922546593742
0.00922012834232
0.00921496467857
0.00920996454712
0.00920511850359
0.00920041795007
0.00919585504047
0.00919142259769
0.00918711404101
0.00918292332232
0.0091788448701
0.00917487354011
0.00917100457191
0.00916723355052
0.00916355637247
0.00915996921582
0.00915646851356
0.00915305092991
0.00914971333939
0.00914645280807
0.00914326657683
0.00914015204653
0.00913710676458
0.00913412841297
0.00913121479756
0.00912836383837
0.00912557356086
0.00912284208809
0.00912016763354
0.00911754849472
0.00911498304731
0.0091124697398
0.00911000708869
0.00910759367404
0.00910522813544
0.00910290916834
0.0091006355206
0.00909840598944
0.00909621941853
0.00909407469539
0.0090919707489
0.00908990654711
0.00908788109511
0.00908589343312
0.00908394263466
0.00908202780495
0.00908014807927
0.00907830262157
0.0090764906231
0.00907471130112
0.00907296389794
0.00907124767934
0.00906956193371
0.00906790597129
0.00906627912311
0.0090646807401
0.00906311019233
0.00906156686813
0.00906005017346
0.00905855953118
0.00905709438039
0.00905565417581
0.0090542383872
0.00905284649881
0.00905147800884
0.00905013242891
0.00904880928365
0.00904750811016
0.00904622845765
0.00904496988696
0.00904373197022
0.00904251429042
0.0090413164411
0.00904013802597
0.00903897865858
0.00903783796203
0.00903671556864
0.00903561111967
0.00903452426504
0.00903345466307
0.00903240198021
0.00903136589082
0.00903034607689
0.00902934222786
0.00902835404036
0.00902738121803
0.00902642347131
0.00902548051723
0.00902455207924
0.00902363788703
0.00902273767632
0.00902185118876
0.0090209781717
0.00902011837806
0.0090192715662
0.00901843749972
0.00901761594739
0.00901680668294
0.00901600948499
0.00901522413687
0.00901445042656
0.00901368814649
0.00901293709349
0.00901219706866
0.00901146787724
0.00901074932853
0.00901004123579
0.00900934341611
0.00900865569034
0.00900797788302
0.00900730982223
0.00900665133955
0.00900600226996
0.00900536245176
0.00900473172647
0.00900410993881
0.00900349693655
0.0090028925705
0.00900229669438
0.00900170916482
0.00900112984123
0.00900055858576
0.00899999526327
0.00899943974119
0.00899889188954
0.00899835158081
0.00899781868996
0.00899729309431
0.00899677467352
0.00899626330954
0.00899575888653
0.00899526129084
0.00899477041094
0.0089942861374
0.00899380836281
0.00899333698175
0.00899287189077
0.0089924129883
0.00899196017466
0.00899151335197
0.00899107242416
0.00899063729689
0.00899020787752
0.00898978407512
0.00898936580036
0.00898895296552
0.00898854548446
0.00898814327258
