-531.250891501
-483.039622342
-451.143525916
-422.274399724
-392.023102143
-368.971096506
-354.234783423
-345.59622427
-340.621157665
-337.67139964
-336.082979143
-334.662394469
-333.573517663
-332.663805529
-331.854732623
-331.105417261
-330.394119383
-329.708895877
-329.042881857
-328.391897795
-327.75322632
-327.124979119
-326.505763245
-325.894500585
-325.29032661
-324.692530848
-324.100519828
-323.513792544
-322.93192316
-322.354548176
-321.781356456
-321.21208126
-320.646493705
-320.084397331
-319.525623537
-318.970027712
-318.417485943
-317.867892205
-317.321155951
-316.777200045
-316.235958977
-315.697377332
-315.161408463
-314.62801334
-314.097159562
-313.568820486
-313.042974485
-312.519604288
-311.998696412
-311.480240668
-310.964229719
-310.450658704
-309.939524899
-309.430827424
-308.924566984
-308.420745641
-307.91936661
-307.420434083
-306.923953067
-306.429929248
-305.938368866
-305.449278602
-304.96266548
-304.478536782
-303.996899969
-303.517762608
-303.041132317
-302.567016704
-302.095423319
-301.626359611
-301.15983289
-300.69585029
-300.23441874
-299.775544934
-299.319235311
-298.86549603
-298.414332954
-297.965751629
-297.519757277
-297.076354776
-296.635548657
-296.197343087
-295.761741869
-295.328748431
-294.898365823
-294.470596714
-294.045443387
-293.622907739
-293.202991278
-292.785695128
-292.371020023
-291.958966311
-291.549533959
-291.14272255
-290.738531289
-290.336959007
-289.938004161
-289.541664845
-289.147938786
-288.756823356
-288.368315573
-287.982412109
-287.599109212
-287.218403039
-286.840289172
-286.464762952
-286.091819402
-285.721453235
-285.353658857
-284.988430379
-284.625761621
-284.265646117
-283.908077124
-283.55304763
-283.200550357
-282.850577771
-282.503122089
-282.158175284
-281.815729092
-281.47577502
-281.138304354
-280.803308161
-280.470777303
-280.140702435
-279.813074019
-279.487882328
-279.16511745
-278.844769299
-278.526827617
-278.211281983
-277.89812182
-277.587336396
-277.278914838
-276.97284613
-276.669119123
-276.367722543
-276.06864499
-275.77187495
-275.477400796
-275.185210798
-274.895293123
-274.607635844
-274.322226944
-274.039054319
-273.758105787
-273.47936909
-273.202831899
-272.928481819
-272.656306393
-272.386293107
-272.118429394
-271.852702639
-271.58910018
-271.327609319
-271.068217316
-270.810911401
-270.555678776
-270.302506615
-270.051382071
-269.802292279
-269.555224358
-269.310165417
-269.067102554
-268.826022863
-268.586913434
-268.34976136
-268.114553735
-267.88127766
-267.649920244
-267.420468609
-267.192909889
-266.967231235
-266.743419817
-266.521462826
-266.301347477
-266.083061008
-265.866590688
-265.651923811
-265.439047708
-265.22794974
-265.018617302
-264.81103783
-264.605198796
-264.401087712
-264.198692134
-263.99799966
-263.798997933
-263.601674643
-263.406017527
-263.212014371
-263.019653012
-262.828921338
-262.639807289
-262.45229886
-262.2663841
-262.082051113
-261.899288062
-261.718083165
-261.5384247
-261.360301005
