4.54991305974
4.54848275763
4.54703531431
4.54557111445
4.54409049267
4.54259373181
4.54108106363
4.53955267072
4.53800868931
4.53644921229
4.53487429244
4.5332839455
4.53167815319
4.53005686594
4.52842000543
4.52676746695
4.52509912143
4.52341481735
4.52171438242
4.51999762503
4.51826433561
4.51651428777
4.51474723932
4.51296293315
4.51116109801
4.50934144923
4.5075036892
4.50564750796
4.50377258356
4.50187858243
4.49996515966
4.49803195922
4.49607861419
4.4941047468
4.49210996864
4.4900938806
4.48805607299
4.48599612544
4.48391360693
4.48180807567
4.47967907904
4.47752615344
4.47534882418
4.4731466053
4.47091899937
4.46866549734
4.46638557828
4.46407870915
4.46174434454
4.45938192642
4.45699088383
4.45457063257
4.45212057491
4.44964009922
4.44712857963
4.44458537565
4.4420098318
4.43940127717
4.43675902504
4.43408237242
4.43137059956
4.42862296955
4.42583872773
4.42301710125
4.4201572985
4.41725850854
4.41431990055
4.41134062321
4.40831980408
4.40525654894
4.40214994113
4.39899904083
4.39580288435
4.39256048334
4.38927082404
4.38593286644
4.38254554341
4.37910775986
4.37561839176
4.37207628522
4.36848025547
4.36482908585
4.36112152668
4.35735629416
4.35353206919
4.34964749615
4.34570118161
4.34169169299
4.3376175572
4.33347725915
4.32926924029
4.32499189697
4.32064357881
4.31622258698
4.31172717242
4.30715553389
4.30250581605
4.29777610738
4.292964438
4.28806877744
4.28308703223
4.27801704345
4.27285658408
4.26760335631
4.26225498863
4.25680903283
4.25126296086
4.24561416143
4.2398599366
4.23399749803
4.22802396313
4.22193635099
4.21573157805
4.2094064536
4.20295767499
4.19638182257
4.18967535438
4.18283460053
4.1758557572
4.16873488044
4.16146787942
4.15405050941
4.14647836433
4.13874686876
4.13085126961
4.12278662709
4.11454780529
4.10612946206
4.09752603825
4.08873174625
4.07974055786
4.07054619116
4.06114209673
4.05153393428
4.0417154172
4.03167993647
4.02142054474
4.01092993921
4.00020044302
3.98922398516
3.97799207866
3.966495797
3.95472574848
3.94267204853
3.93032428955
3.91767150823
3.90470215001
3.89140403038
3.87776429283
3.86376936296
3.84940489835
3.83465573389
3.81950582193
3.80393816664
3.78793475211
3.77147646324
3.75454299875
3.73711277516
3.71916282082
3.7006686586
3.68160417583
3.66194147974
3.64165073654
3.62069999172
3.59905496909
3.57667884524
3.553531996
3.52957171045
3.50475186739
3.47902256834
3.45232971971
3.42461455562
3.39581309087
3.36585549139
3.334665347
3.30215882743
3.2682436986
3.23281817037
3.19576953988
3.15697258541
3.11628765367
3.07355836739
3.02860885917
2.98124040902
2.93122732436
2.87831184805
2.82219780576
2.7625425985
2.69894699474
2.63094195435
2.55797138459
2.47936922217
2.39432844295
2.30185832907
2.20072421617
2.08936033172
1.9657398886
1.82717454421
1.66999151364
1.488986321
