658.376785315
656.1487095
654.292749589
652.779587293
651.577163721
650.653937955
649.980241988
649.528815124
649.274949804
649.196443923
649.273457174
649.488324266
649.825353537
650.2706272
650.811811748
651.43798267
652.139464836
652.907689093
653.735064147
654.614862594
655.541120118
656.508546379
657.512446298
658.54865073
659.613455302
660.703566577
661.81605463
662.948311162
664.098012638
665.263087786
666.441688846
667.632166294
668.833046439
670.043011697
671.26088307
672.4856047
673.716230206
674.951910525
676.191883226
677.435462965
678.682033095
679.931038125
681.18197709
682.434397661
683.687890855
684.942086406
686.196648604
687.451272591
688.705681069
689.959621364
691.212862813
692.465194421
693.716422784
694.96637022
696.214873098
697.461780381
698.706952265
699.950258989
701.191579775
702.430801862
703.667819656
704.902533962
706.134851261
707.364683116
708.591945609
709.816558827
711.038446415
712.257535159
713.473754623
714.687036807
715.897315852
717.104527762
718.308610156
719.509502047
720.707143633
721.901476117
723.092441533
724.279982597
725.464042552
726.644565076
727.821494128
728.994773858
730.1643485
731.330162291
732.492159379
733.650283755
734.804479175
735.954689097
737.100856622
738.242924436
739.380834756
740.514529287
741.643949168
742.769034937
743.889726494
745.005963041
746.117683074
747.224824334
748.327323785
749.425117575
750.518141016
751.606328552
752.689613734
753.767929197
754.841206639
755.909376793
756.972369412
758.030113246
759.082536021
760.129564424
761.171124084
762.207139555
763.237534297
764.262230666
765.281149893
766.294212075
767.301336158
768.302439925
769.297439982
770.286251749
771.268789447
772.244966089
773.214693466
774.177882142
775.134441443
776.08427945
777.027302986
777.963417624
778.892527666
779.814536141
780.729344804
781.636854129
782.536963307
780.844769545
779.298734154
777.889456999
776.60813457
775.446518802
774.396878711
773.451964749
772.604975703
771.849528006
771.179627286
770.589641991
770.074278955
769.628560749
769.247804676
768.927603299
768.663806368
768.452504045
768.290011336
768.172853605
768.097753125
768.061616557
768.061523301
768.094714653
768.158584411
768.250667271
768.368632257
768.510273767
768.673503259
768.856344123
769.056922949
769.273463976
769.504283249
769.747783159
770.002447328
770.26683582
770.539580661
770.819381634
771.10500235
771.395266554
771.68905467
771.985300557
772.282988468
772.581150202
772.878862421
773.175244147
773.4694544
773.760689995
774.048183463
774.331201104
774.609041169
774.881032137
775.146531115
775.404922329
775.655615705
775.898045554
776.131669317
776.35596641
776.570437131
776.774601637
776.967998989
777.150186263
777.32073771
777.479243986
777.625311422
777.758561356
777.878629509
777.985165421
