-91.6864868608
-51.960699946
-51.888904124
-51.7941478692
-51.6818888439
-51.554223335
-51.4122673956
-51.2568346071
-51.0886160773
-50.9082310462
-50.7162437141
-50.5131709566
-50.2994873235
-50.0756290169
-49.8419973198
-49.5989616355
-49.3468622024
-49.086012532
-48.8167015997
-48.5391958188
-48.2537408194
-47.9605630565
-47.6598712617
-47.3518577586
-47.0366996536
-46.7145599157
-46.3855883569
-46.0499225222
-45.7076884986
-45.3590016508
-45.0039672905
-44.6426812855
-44.2752306142
-43.9016938704
-43.5221417229
-43.1366373338
-42.7452367391
-42.3479891947
-41.9449374911
-41.5361182381
-41.1215621243
-40.7012941506
-40.2753338415
-39.8436954359
-39.4063880573
-38.9634158673
-38.5147782011
-38.0604696885
-37.6004803594
-37.1347957361
-36.6633969134
-36.1862606255
-35.7033593032
-35.2146611191
-34.7201300242
-34.2197257743
-33.7134039477
-33.2011159546
-32.6828090391
-32.1584262727
-31.627906542
-31.0911845282
-30.5481906821
-29.9988511915
-29.4430879438
-28.8808184836
-28.3119559646
-27.7364090978
-27.1540820945
-26.5648746068
-25.9686816631
-25.3653936022
-24.7548960031
-24.1370696142
-23.5117902796
-22.8789288647
-22.2383511817
-21.5899179137
-20.9334845411
-20.268901268
-19.5960129514
-18.9146590329
-18.2246734744
-17.5258846988
-16.8181155357
-16.101183175
-15.3748991281
-14.6390691983
-13.8934934628
-13.1379662667
-12.3722762306
-11.5962062748
-10.8095336605
-10.0120300508
-9.20346159328
-8.38358902702
-7.55216781506
-6.70894830623
-5.85367592816
-4.98609141428
-4.10593106766
-3.21292706467
-2.30680780129
-1.38729828523
-0.454120576874
0.493005717761
1.45436289901
2.43023456742
3.42090495638
4.42665820086
5.44777753929
6.4845444463
7.53723769388
8.60613233931
9.69149863808
10.7936008811
11.9126961551
13.0490330278
14.2028501561
15.3743748222
16.5638213969
17.7713897365
18.9972635147
20.2416084981
21.5045707691
22.7862749061
24.086822129
25.4062884206
26.7447226351
28.1021446061
29.4785432697
30.873874814
32.2880608748
33.7209867909
35.1724999384
36.6424081597
38.1304783072
39.6364349174
41.159959035
42.7006872015
44.2582106271
45.8320745579
47.421777854
49.0267727879
50.646465074
52.2802141359
53.9273336145
55.5870921203
57.2587142275
58.9413817057
60.6342349813
62.3363748194
64.0468642118
65.7647304548
67.488967116
69.2185375412
70.9523757571
72.6893901606
74.4284659649
76.1684679537
77.9082432567
79.6466241174
81.3824306254
83.1144733865
84.8415561023
86.5624780351
88.276036332
89.9810281881
91.6762528242
93.3605132633
95.032617886
96.6913817517
98.3356276709
99.9641870191
101.575900282
103.169617324
104.744197383
106.298508405
107.831427939
109.341840056
110.828635684
112.290710809
113.726964769
115.136298278
116.517611186
117.869799979
119.191755041
120.48235766
121.740476831
122.964965817
124.154658535
125.308365728
126.424870989
127.502926607
128.541249293
129.538515778
130.493358319
131.404360126
132.270050752
133.08890145
