163.645962147
363.254435343
363.189994783
363.127746739
363.068251156
363.011614735
362.957839067
362.906888553
362.858703698
362.813229579
362.770317817
362.729929256
362.691937289
362.656229967
362.622692125
362.591207181
362.561658655
362.533931443
362.507912853
362.483493428
362.460567585
362.439034084
362.418796356
362.399762714
362.381846459
362.364965903
362.349044325
362.334009871
362.319795421
362.30633841
362.293580639
362.281468068
362.269950591
362.258981821
362.248518861
362.238522089
362.228954938
362.219783688
362.210977269
362.202507067
362.194346745
362.186472067
362.178860743
362.171492273
362.164347807
362.157410016
362.150662965
362.144092006
362.137683664
362.131425549
362.125306261
362.119315308
362.113443032
362.107680537
362.102019626
362.096452741
362.090972911
362.085573699
362.080249161
362.074993799
362.06980253
362.064670644
362.059593777
362.054567879
362.049589192
362.044654218
362.039759706
362.034902623
362.030080143
362.025289625
362.020528598
362.015794752
362.011085918
362.006400062
362.001735269
361.997089739
361.992461774
361.98784977
361.983252214
361.978667669
361.974094776
361.969532243
361.964978843
361.960433407
361.95589482
361.951362019
361.946833986
361.942309749
361.937788373
361.933268963
361.92875066
361.924232635
361.919714091
361.91519426
361.9106724
361.906147795
361.901619751
361.897087598
361.892550684
361.888008381
361.883460076
361.878905174
361.874343098
361.869773286
361.86519519
361.860608278
361.85601203
361.85140594
361.846789514
361.842162269
361.837523734
361.832873449
361.828210963
361.823535838
361.818847641
361.814145953
361.809430362
361.804700462
361.79995586
361.795196169
361.790451166
361.785629991
361.780822783
361.775999015
361.771158335
361.766300401
361.761424876
361.75653143
361.751622964
361.746692757
361.741743676
361.736775417
361.731787681
361.726780174
361.721752609
361.716704702
361.711636177
361.706546762
361.701436191
361.696304203
361.691150542
361.685974956
361.6807772
361.675557032
361.670314216
361.66504852
361.659759718
361.654447586
361.649111907
361.643752468
361.63836906
361.632961478
361.627529522
361.622072996
361.616591708
361.611085471
361.605549691
361.599992967
361.594410755
361.588802885
361.583169188
361.577509502
361.571823665
361.566111523
361.560372924
361.554607717
361.548815759
361.542996909
361.537151028
361.531277982
361.52537764
361.519449876
361.513494564
361.507511585
361.501500821
361.495462158
361.489395486
361.483300696
361.477177683
361.471026347
361.46484659
361.458638315
361.45240143
361.446135846
361.439841476
361.433518237
361.427166047
361.420784829
361.414374506
361.407935006
361.401466259
361.394968198
361.388440756
361.381883873
361.375297488
361.368681543
361.362035984
361.355360758
361.348655813
361.341921103
