146.19221952
184.151887169
165.910122053
152.948203725
133.118957671
120.508880704
113.211046314
109.012666124
106.283226829
104.494429807
103.140782213
102.012085674
101.006547825
100.074771195
99.1924505625
98.3472872644
97.5327541693
96.745125949
95.9820606334
95.2419184772
94.5234321453
93.8255449613
93.1473299983
92.4879483541
91.8466266246
91.2226439412
90.6153238855
90.0240289873
89.4481566622
88.8871360064
88.3404251466
87.8075089762
87.2878971819
86.7811224998
86.2867391598
85.8043214893
85.3334626533
84.8737735115
84.4248815795
83.9864300799
83.5580770724
83.1394946553
82.7303682281
82.3303958105
81.9392874104
81.5567644364
81.1825591497
80.8164141527
80.4580819089
80.1073242929
79.7639121671
79.4276249826
79.0982504026
78.7755839463
78.4594286523
78.1495947584
77.8458993991
77.5481663172
77.2562255901
76.9699133689
76.6890716302
76.4135479396
76.1431952256
75.8778715645
75.6174399745
75.3617682193
75.1107286201
74.8641978764
74.622056894
74.3841906205
74.1504878889
73.920841266
73.6951469092
73.473304428
73.255216752
73.040790004
72.8299333792
72.622559028
72.4185819452
72.2179198628
72.0204931476
71.8262247025
71.6350398728
71.4468663552
71.2616341114
71.0792752844
70.8997241189
70.7229168845
70.5487918021
70.3772889729
70.2083503109
70.0419194778
69.8779418199
69.7163643083
69.5571354814
69.4002053888
69.2455255387
69.093048846
68.9427295836
68.794523335
68.6483870607
68.5042786049
68.36215733
68.2219836239
68.0837189745
67.9473259322
67.8127680742
67.6800099699
67.5490171471
67.4197560608
67.2921940618
67.166299367
67.0420410314
66.9193889199
66.7983136815
66.6787867234
66.5607801864
66.4442669218
66.329220468
66.2156150288
66.1034254526
65.9926272115
65.8831963818
65.7751096257
65.6683441719
65.5628777993
65.458688819
65.3557560586
65.2540588462
65.1535769951
65.0542907894
64.9561809696
64.8592287191
64.7634156508
64.6687237948
64.5751355856
64.4826338505
64.3912017985
64.3008230084
64.2114814189
64.1231613181
64.0358473332
63.9495244212
63.8641778596
63.7797932373
63.6963564458
63.6138536712
63.5322713855
63.4515963394
63.3718155541
63.2929163144
63.2148861614
63.1377128856
63.0613845204
62.9858893354
62.9112158304
62.8373527296
62.764288975
62.6920137216
62.6205163313
62.5497863681
62.4798135924
62.4105879568
62.3420996003
62.2743388446
62.2072961888
62.1409623056
62.0753280366
62.0103843886
61.9461225291
61.8825337829
61.8196096281
61.7573416924
61.6957217498
61.6347417169
61.5743936496
61.5146697402
61.4555623139
61.3970638257
61.3391668577
61.2818641164
61.2251484291
61.1690127421
61.1134501177
61.0584537313
61.0040168696
60.9501329275
60.8967954063
60.8439979111
60.7917341485
60.7399979249
60.6887831438
60.6380838041
60.5878939982
60.5382079098
60.4890198121
60.440324066
60.3921151183
60.3443875002
60.297135825
