4525.30427709
97.1704036175
94.8973939537
92.6820887567
90.522275698
88.415691826
86.360196301
84.3537794321
82.3945541066
80.4807461215
78.6106852274
76.7827970007
74.995595473
73.24767644
71.5377113755
69.8644418875
68.2266746609
66.6232768354
65.0531717772
63.5153352035
62.0087916276
60.5326110917
59.0859061629
57.6678291653
56.2775696285
54.9143519324
53.577433131
52.2661009386
50.9796718661
49.7174894927
48.4788588515
47.2633040666
46.070175662
44.8989627311
43.7490132625
42.6198534897
41.5109813844
40.4219112979
39.3521640121
38.3012877791
37.2688364014
36.2543803728
35.260115578
34.3184234913
33.3915205805
32.4790635572
31.5807494041
30.6962825518
29.8253747625
28.9677448159
28.1231181895
27.2912267543
26.4718084882
25.6646072045
24.8693722966
24.0858584963
23.3138256452
22.5530384792
21.8032664236
21.0642834005
20.3358676453
19.6178015333
18.909871415
18.211867461
17.5235835127
16.844816943
16.1753685219
15.5150422902
14.8636454383
14.2209881915
13.5868837007
12.9611479379
12.343599597
11.7340599989
11.1323530008
10.5383049098
9.95174440008
9.37250243391
8.80041218568
8.23530896941
7.6770301691
7.12541517196
6.58030530422
6.04154376958
5.50897558991
4.9824475482
4.46180813371
3.94690748899
3.43759735892
2.93373104142
2.43516333993
1.94175051748
1.45335025229
0.969821594833
0.491024926233
0.016821918074
-0.4529245066
-0.918350211045
-1.37958988139
-1.83677706218
-2.29004419068
-2.73952263032
-3.18534270298
-3.62763372037
-4.06652401441
-4.50214096667
-4.93461103693
-5.3640597907
-5.79061192602
-6.2143912992
-6.63552094973
-7.05412312432
-7.47031929995
-7.88423020615
-8.29597584621
-8.70567551758
-9.11344783132
-9.51941073047
-9.9236815076
-10.3263768213
-10.7276127114
-11.1275046139
-11.5261673735
-11.9237152564
-12.320261961
-12.715920628
-13.1108038484
-13.5050236714
-13.89869161
-14.2919186456
-14.6848152315
-15.0774912937
-15.4700562319
-16.2462503864
-16.6264974719
29.6534600102
26.9260776029
24.3333278157
21.8296077171
19.3950429497
17.0196506041
14.6978174108
12.426001574
10.2016834179
8.02285988978
5.88779263317
3.79487978848
1.74259010939
-0.270570888022
-2.24607816905
-4.18539586958
-6.08998170825
-7.96128941672
-9.80077042301
-11.6098754475
-13.3900563583
-15.1427684638
-16.8694733295
-18.5716421626
-20.1844607442
-21.7637307685
-23.3268067178
-24.8751031043
-26.4101105426
-27.9333357516
-29.4463500881
-30.9507890265
-32.4483622738
-33.9408651072
-35.4301911052
-36.9183464838
-38.4074662875
-39.8998327448
-41.3978961533
-42.9042987438
-44.4219020628
-45.9538185351
-47.5034480143
-49.0745203166
-50.671144971
-52.2978697229
-53.9597497207
-55.662429826
-57.4122431609
-59.2163298967
-61.082781487
-63.0208171693
-65.0410017948
-67.1555171479
-69.3785033128
-71.7264929445
-74.2189705173
-76.8791023535
-79.7347041456
-82.8195453111
-86.1751418393
-89.8532758304
-93.9196282664
-98.4591765244
-103.584504956
