0.0106425771592
0.0107924939985
0.0108466161958
0.0108973672281
0.0109449603843
0.0109895838253
0.011031412242
0.0110706096077
0.0111073302606
0.0111417196254
0.0111739148552
0.0112040453459
0.0112322332749
0.011258594062
0.0112832367998
0.0113062646512
0.0113277752164
0.0113478608726
0.0113666090889
0.011384102718
0.0114004202683
0.011415636156
0.0114298209406
0.0114430415446
0.0114553614581
0.0114668409308
0.0114775371513
0.011487504415
0.0114967942814
0.0115054557223
0.0115135352604
0.0115210770996
0.0115281232481
0.0115347136332
0.0115408862107
0.0115466770671
0.0115521205163
0.0115572491906
0.011562094127
0.0115666848482
0.0115710494397
0.0115752146221
0.0115792058202
0.0115830472271
0.0115867618667
0.011590371651
0.011593897436
0.011597359073
0.0116007754593
0.0116041645838
0.0116075435725
0.0116109287305
0.0116143355814
0.0116177789064
0.0116212727795
0.0116248306022
0.0116284651358
0.0116321885327
0.0116360123654
0.0116399476545
0.0116440048955
0.0116481940838
0.0116525247386
0.0116570059262
0.0116616462811
0.0116664540271
0.0116714369967
0.0116766026502
0.0116819580928
0.0116875100924
0.0116932650951
0.0116992292407
0.0117054083776
0.0117118080764
0.0117184336435
0.0117252901334
0.0117323823609
0.0117397149127
0.0117472921583
0.01175511826
0.0117631971835
0.0117715327069
0.0117801284299
0.0117889877823
0.0117981140322
0.0118075102941
0.0118171795357
0.0118271245857
0.0118373481403
0.0118478527693
0.0118586409228
0.011869714937
0.0118810770392
0.0118927293539
0.0119046739074
0.0119169126328
0.0119294473747
0.0119422798934
0.0119554118693
0.0119688449068
0.0119825805382
0.0119966202271
0.0120109653724
0.0120256173109
0.0120405773212
0.012055846626
0.0120714263956
0.0120873177501
0.0121035217624
0.0121200394605
0.01213687183
0.0121540198161
0.012171484326
0.0121892662307
0.0122073663675
0.0122257855411
0.0122445245259
0.0122635840674
0.0122829648842
0.0123026676691
0.0123226931466
0.0123430418481
0.0123637144595
0.0123847115821
0.0124060338011
0.0124276816838
0.0124496557807
0.0124719566266
0.0124945849748
0.0125175408702
0.0125408250338
0.0125644379467
0.0125883800788
0.0126126518891
0.0126372538268
0.0126621863322
0.0126874498368
0.0127130447642
0.012738971531
0.0127652305465
0.0127918222141
0.0128187469315
0.0128460050909
0.0128735970796
0.0129015232808
0.0129297840733
0.0129583798325
0.0129873109302
0.0130165777356
0.0130461806149
0.0130761199321
0.013106396049
0.0131370093257
0.0131679601205
0.0131992487905
0.0132308756915
0.0132628407653
0.0132951451862
0.0133277889007
0.0133607722619
0.0133940956226
0.0134277593355
0.0134617637532
0.0134961092283
0.0135307961138
0.013565824763
0.0136011955293
0.0136369087669
0.0136729648304
0.0137093640748
0.0137461068562
0.0137831935309
0.0138206244565
0.0138583999909
0.0138965204931
0.0139349863228
0.0139737978408
0.0140129554086
0.0140524593886
0.014092310144
0.0141325080393
0.0141730534394
0.0142139467104
0.0142551882191
0.0142967783334
0.0143387174218
0.0143810058536
0.0144236439992
0.0144666322294
0.014509970916
0.0145536604312
0.0145977011483
0.0146420934407
0.0146868376827
0.014731934249
0.014777383515
0.0148231858562
0.0148693416487
0.0149158512689
0.0149627150933
