12.977752067
12.9914824064
13.0038864718
13.0150312543
13.024979829
13.033792648
13.041526946
13.048237084
13.0539746945
13.0587888195
13.0627260403
13.0658306026
13.0681445335
13.0697077533
13.0705581818
13.0707318385
13.0702629387
13.0691839837
13.067525846
13.0653178528
13.0625878633
13.0593623417
13.0556664274
13.0515240014
13.0469577491
13.0419892205
13.036638887
13.0309261951
13.024869618
13.0184867042
13.0117941236
13.0048077118
12.9975425114
12.9900128119
12.982232187
12.9742135309
12.9659690918
12.9575105042
12.9488488197
12.939994536
12.9309576247
12.9217475572
12.9123733301
12.9028434886
12.893166149
12.8833490204
12.8733994246
12.8633243158
12.8531302985
12.8428236456
12.8324102232
12.8218958738
12.8112858758
12.8005853315
12.7897990858
12.7789317395
12.7679876613
12.7569709994
12.7458856923
12.7347354796
12.7235239119
12.7122543597
12.7009300232
12.6895539399
12.6781289937
12.6666579216
12.6551433216
12.6435876597
12.6319932761
12.6203623918
12.6086971142
12.5969994432
12.5852712765
12.5735144143
12.5617305645
12.5499213475
12.5380883001
12.5262328799
12.5143564695
12.5024603798
12.490545854
12.4786140706
12.4666661472
12.4547031427
12.4427260612
12.430735854
12.4187334228
12.4067196216
12.3946952597
12.3826611034
12.3706178788
12.3585662731
12.346506937
12.3344404864
12.3223675045
12.3102885427
12.2982041229
12.2861147386
12.2740208567
12.2619229182
12.2498213404
12.2377165172
12.225608821
12.2134986032
12.2013861959
12.1892719123
12.1771560479
12.1650388815
12.1529206759
12.1408016787
12.1286821233
12.1165622293
12.1044422035
12.0923222404
12.0802025226
12.0680832221
12.0559645002
12.0438465081
12.031729388
12.0196132727
12.0074982868
11.9953845469
11.9832721619
11.9711612333
11.9590518561
11.9469441186
11.9348381031
11.9227338858
11.9106315378
11.8985311245
11.8864327069
11.874336359
11.8622421134
11.8501500175
11.8380601147
11.8259724447
11.8138870438
11.8018039445
11.7897231767
11.7776447668
11.7655687386
11.7534951132
11.7414239091
11.7293551425
11.7172888271
11.7052249748
11.6931635952
11.6811046962
11.6690482838
11.6569943624
11.6449429346
11.6328940018
11.6208475638
11.6088036191
11.596762165
11.5847231975
11.5726867118
11.5606527017
11.5486211603
11.5365920797
11.5245654511
11.512541265
11.5005195112
11.4885001785
11.4764832554
11.4644687298
11.4524565887
11.4404468189
11.4284394066
11.4164343376
11.4044315973
11.3924311705
11.3804330419
11.3684371959
11.3564436164
11.3444522871
11.3324631915
11.320476313
11.3084916345
11.2965091389
11.284528809
11.2725506273
11.2605745763
11.2486006383
11.2366287956
11.2246590302
11.2126913245
11.2007256603
11.1887620196
11.1768003845
11.164840737
11.1528830588
11.1409273321
11.1289735388
11.1170216607
11.1050716801
11.0931235788
11.0811773389
11.0692329427
11.0572903722
