9.8529e-05
0.000168000972302
0.000166817304032
0.000165692113831
0.000164622159076
0.000163604460397
0.000162636262419
0.000161715011087
0.000160838334951
0.000160004028684
0.000159210038384
0.000158454448436
0.000157735469727
0.000157051429071
0.000156400759679
0.000155781992575
0.000155193748832
0.00015463473255
0.000154103724486
0.00015359957627
0.000153121205141
0.000152667589157
0.000152237762815
0.000151830813054
0.0001514458756
0.000151082131609
0.000150738804591
0.000150415157585
0.000150110490554
0.000149824137997
0.000149555466733
0.000149303874332
0.000149068785367
0.000148849652456
0.000148645952796
0.000148457187127
0.000148282878339
0.000148122570185
0.000147975826079
0.000147842227967
0.00014772137458
0.000147612883258
0.000147516385096
0.000147431526423
0.000147357967482
0.000147295382036
0.00014724345628
0.000147201888315
0.00014717038754
0.000147148674087
0.000147135738636
0.000147130739981
0.000147134419705
0.000147146557289
0.000147166939282
0.000147195359256
0.000147231617473
0.000147275520584
0.000147326881342
0.000147385518336
0.000147451255734
0.000147523923042
0.000147603354873
0.000147689390731
0.000147781874807
0.000147880655779
0.000147985586631
0.000148096524473
0.000148213330372
0.000148335869198
0.000148464009466
0.000148597623194
0.000148736585766
0.000148880775796
0.00014903007501
0.000149184368118
0.000149343542708
0.000149507489131
0.000149676100398
0.000149849272082
0.000150026902222
0.000150208891231
0.000150395141808
0.000150585558857
0.000150780049404
0.000150978522523
0.000151180889258
0.000151387062557
0.000151596957198
0.000151810489731
0.000152027578408
0.000152248143127
0.000152472105374
0.000152699388161
0.000152929915982
0.00015316361475
0.000153400411756
0.000153640235614
0.000153883016219
0.000154128684699
0.00015437717337
0.000154628415699
0.000154882346259
0.000155138900689
0.000155398015659
0.000155659628831
0.000155923678822
0.000156190105173
0.00015645884831
0.000156729849515
0.000157003050895
0.000157278395347
0.00015755582653
0.000157835288839
0.00015811672737
0.000158400087899
0.000158685316852
0.000158972361279
0.000159261168829
0.000159551687724
0.00015984386674
0.000160137655177
0.000160433002838
0.000160729860012
0.000161028177445
0.000161327906323
0.000161628998252
0.000161931405238
0.000162235079664
0.000162539974275
0.000162846042161
0.000163153236733
0.000163461511714
0.000164856352039
0.000165176124135
0.000191404282437
0.000197677012244
0.000203326921885
0.000208520964653
0.000213360991689
0.000217914192088
0.000222227573243
0.000226335565337
0.000230264330205
0.000234034355044
0.000237662092429
0.00024116104033
0.000244542477914
0.000247815981399
0.000250989794651
0.000254071101046
0.000257066226568
0.000259980793935
0.000262819841229
0.000265587914321
0.000268289139683
0.000270927282337
0.00027350579236
0.000276027842526
0.000278496358981
0.00028091404639
0.000283283408653
0.00028560676604
0.000287886269372
0.000290062120815
0.000292079688009
0.000294046691195
0.000295964635433
0.000297834845911
0.000299658498477
0.000301436613837
0.00030317005485
0.000304859523029
0.000306505553396
0.000308108507499
0.000309668564368
0.000311185709109
0.000312659718764
0.000314090144948
0.00031547629267
0.000316817194568
0.000318111579593
0.00031935783489
0.000320553959302
0.000321697506425
0.000322785514517
0.000323814419703
0.000324779947731
0.000325676977836
0.000326499369931
0.000327239742863
0.000327889186433
0.000328436882254
0.000328869596788
0.000329170991449
0.000329320664619
0.00032929279011
0.00032905412887
0.000328561031074
0.000327754739368
