162350.536798
42112.7491532
42353.6710624
42580.396357
42793.905812
42992.5448925
43174.9794431
43340.6713798
43489.7493094
43622.7922477
43740.6497044
43844.3145789
43934.8379195
44013.274419
44080.6485759
44137.9346527
44186.0453744
44225.8272072
44258.0591253
44283.4537116
44302.6602185
44316.2682043
44324.8115328
44328.7728264
44328.5876186
44324.6486279
44317.3097051
44306.8893583
44293.6743113
44277.9226367
44259.8665244
44239.7150722
44217.6565074
44193.8604892
44168.4798486
44141.6524697
44113.5028453
44084.1433688
44053.6757754
44022.1921134
43989.7759126
43956.5028916
43922.4419086
43887.6556721
43852.2012807
43816.1309724
43779.4925199
43742.329726
43704.6828369
43666.5889117
43628.0821533
43589.1942043
43549.9544111
43510.3900612
43470.5265621
43430.3877606
43389.9959228
43349.372011
43308.5357899
43267.5059491
43226.3002136
43184.9354739
43143.4277493
43101.7924549
43060.0443494
43018.1976305
42976.2659933
42934.2626823
42892.2005389
42850.0920443
42807.9493575
42765.7843505
42723.6086397
42681.4336143
42639.2704625
42597.1301946
42555.0236645
42512.9615891
42470.9545363
42429.0130606
42387.1475376
42345.3682983
42303.6856111
42262.1096933
42220.6507216
42179.3188415
42138.1241766
42097.0768367
42056.1869258
42015.4645489
41974.9198192
41934.5628641
41894.4038315
41854.4528951
41814.7202902
41775.2161973
41735.9509307
41696.9348195
41658.1782436
41619.6916374
41581.485495
41543.5703733
41505.9568968
41468.6557612
41431.6777372
41395.0336745
41358.7345054
41322.7912487
41287.2150134
41252.017002
41217.2085147
41182.800953
41148.805823
41115.2347396
41082.0994298
41049.4117367
41017.1836234
40985.4271763
40954.1546095
40923.3782683
40893.1106335
40863.3643249
40834.1521059
40805.4868872
40777.381731
40749.8498553
40722.9046081
40696.5595943
40670.8284933
40645.7251899
40621.263747
40597.45841
40574.3236119
127223.122873
125344.826403
123537.995431
121800.147744
120128.753974
118521.287227
116975.256298
115488.2277
114057.839933
112681.812319
111357.950037
110084.146494
108858.383826
107678.732104
106543.347643
105450.470699
104398.422568
103385.603484
102410.488241
101471.62393
100567.626567
99697.1779784
98859.022759
98051.1817201
97274.0860639
96525.8647419
95805.4848822
95112.7389673
94445.1351546
93802.5590991
93184.1599927
92589.1270945
92016.6877604
91466.1055755
90936.6785828
90427.7376069
89938.6446663
89468.7914713
89017.5980041
88584.5111759
88169.0035582
87770.5721856
87388.7374252
87023.0419119
86673.0495451
86338.3445458
86018.530572
85713.229891
85422.0826083
85144.7459525
84880.8936176
84630.215165
84392.4154888
84167.2143498
83954.3459889
83753.5588311
83564.6153019
83387.2917835
83221.3787555
83066.6811844
82923.0192645
82790.2296693
82668.1675749
82556.709898
82455.7605258
82365.2589825
82285.1953849
