428.201712
255.298191557
209.060246157
115.998970433
-138.011921096
-470.503146179
-737.719964361
-909.487848731
-1036.84256974
-1044.31342771
1343.90211535
1365.72385307
1382.01686818
1395.44541757
1407.37352793
1418.49615435
1429.16781545
1439.57015183
1449.7969084
1459.896998
1469.89635484
1479.80905597
1489.64300309
1499.40283969
1509.09145837
1518.71078618
1528.26219851
1537.74674073
1547.1652495
1556.51842135
1565.80685294
1575.03106602
1584.19152378
1593.28864222
1602.32279858
1611.29433773
1620.2035774
1629.05081233
1637.83631788
1646.56035295
1655.22316255
1663.82498001
1672.36602876
1680.84652406
1689.26667433
1697.62668235
1705.92674637
1714.16706094
1722.34781777
1730.46920638
1738.53141471
1746.5346296
1754.47903732
1762.36482389
1770.19217547
1777.96127865
1785.6723207
1793.32548982
1800.92097533
1808.45896784
1815.93965943
1823.36324376
1830.72991623
1838.03987401
1845.2933162
1852.4904439
1859.63146024
1866.71657048
1873.74598206
1880.71990461
1887.63855003
1894.5021325
1901.31086851
1908.06497688
1914.76467878
1921.41019775
1928.00175967
1934.53959282
1941.02392785
1947.45499777
1953.83303794
1960.15828611
1966.43098233
1972.651369
1978.81969081
1984.93619476
1991.00113009
1997.01474827
2002.97730301
2008.88905016
2014.75024774
2020.56115587
2026.32203674
2032.03315459
2037.69477563
2043.30716804
2048.87060191
2054.38534919
2059.85168363
2065.26988078
2070.64021787
2075.96297383
2081.23863178
2086.46706798
2091.64876928
2096.78402073
2101.87310879
2106.91632127
2111.91394726
2116.86627706
2121.77360216
2126.63621516
2131.45440969
2136.22848039
2140.95872282
2145.64543343
2150.28890946
2154.8894489
2159.44735044
2163.96291341
2168.43643769
2172.86822368
2177.25857222
2181.60778457
2185.91616228
2190.18400721
2194.4116214
2198.59930709
2202.74736657
2206.85610222
2210.92581636
2214.95681128
2218.94938911
2222.90385184
2226.82050119
2230.69963861
2234.54156521
2238.34658173
2242.11498843
2245.84708511
2249.54317104
2253.20354487
2256.82850464
2260.4183477
2263.9733707
2267.49386949
2270.98013912
2274.4324738
2277.85116682
2281.23651054
2284.58879637
2287.90831467
2291.19535478
2294.45020494
2297.67315225
2300.8644827
2304.02448104
2307.15343083
2310.25161437
2313.31931266
2316.35680542
2319.36437099
2322.34228638
2325.29082717
2328.21026755
2331.10088024
2333.96293652
2336.79670615
2339.60245741
2342.38045701
2345.13097015
2347.85426043
2350.55058986
2353.22021886
2355.86340623
2358.48040911
2361.07148301
2363.63688177
2366.17685755
2368.69166082
2371.18154034
2373.64674318
2376.08751466
2378.5040984
2380.89673626
2383.26566836
2385.61113307
2387.933367
2390.23260499
2392.50908011
2394.76302368
2396.99466522
2399.20423246
2401.39195138
2403.55804616
2405.70273919
2407.82625108
2409.92880065
2412.01060495
2414.07187923
