707.659480947
697.209499775
695.522355537
693.831249837
692.138497392
690.444794967
688.750356304
687.055256238
685.359529397
683.663198425
681.966282073
680.26879752
678.570761041
676.872188214
675.17309398
673.473492667
671.773398013
670.072823165
668.371780702
666.670282632
664.968340413
663.265964953
661.563166625
659.859955272
658.156340217
656.452330274
654.747933748
653.043158451
651.338011705
649.63250035
647.926630752
646.220408806
644.513839947
642.806929152
641.099680945
639.392099408
637.684188178
635.975950459
634.267389019
632.558506202
630.849303925
629.139783424
627.429946292
625.719792933
624.009323597
622.298538124
620.587435941
618.876016071
617.164277127
615.452217317
613.739834446
612.027125912
610.314088709
608.600719425
606.887014245
605.172968944
603.458578892
601.743839051
600.028743969
598.313287785
596.597464223
594.881266589
593.164687772
591.447720238
589.730356026
588.01258675
586.29440359
584.575797293
582.856758163
581.137276065
579.417340415
577.696940176
575.976063857
574.254699506
572.532834704
570.810456564
569.087551721
567.364106334
565.640106071
563.915536114
562.190381149
560.464625358
558.738252421
557.011245504
555.283587259
553.555259815
551.826244776
550.096523216
548.366075671
546.63488214
544.902922076
543.170174385
541.436617421
539.702228983
537.966986314
536.230866094
534.493844441
532.755896912
531.016998495
529.277123615
527.536246133
525.794339343
524.051375979
522.307328215
520.562167668
518.815865404
517.068391943
515.319717267
513.569810824
511.818641541
510.066177833
508.312387616
506.557238318
504.800696896
503.042729854
501.283303258
499.52238276
497.759933619
495.995920725
494.230308628
492.463061562
490.694143485
488.923518104
487.151148918
485.376999253
483.601032308
481.823211196
480.043498994
478.261858795
476.478253759
474.692647171
472.905002506
471.115283486
469.323454151
467.529478929
465.733322708
463.934950917
462.134329601
460.331425511
458.526206186
456.718640045
454.908696479
453.096345949
451.281560084
449.464311778
447.644575299
445.822326392
443.997542381
442.170202286
440.340286921
438.507779011
436.672663298
434.834926646
432.994558153
431.151549251
429.305893813
427.457588245
425.606631588
423.753025603
421.896774859
420.037886805
418.176371849
416.312243414
414.445517994
412.576215196
410.704357777
408.829971659
406.953085947
405.073732916
403.191948
401.30776976
399.421239833
397.532402878
395.64130649
393.748001116
391.852539938
389.954978756
388.05537584
386.153791779
384.250289306
382.344933113
380.437789651
378.528926917
376.618414153
374.706321888
372.792721278
370.87768412
368.961282517
367.043588605
365.124674275
363.204610891
361.283469002
359.361318061
357.438226131
355.51425961
353.58948294
351.663958338
349.737745519
347.810901436
345.883480021
