5.31005083528
4.09429186543
3.29778307901
2.83395638748
2.57027837107
2.42489633381
2.34684359545
2.30513407646
2.28253310257
2.26987681544
2.26239649478
2.25763246229
2.25431830266
2.25180024781
2.24973867893
2.24795534013
2.24635516703
2.24488622123
2.24351909275
2.24223626781
2.2410266129
2.23988249467
2.23879826347
2.23776944562
2.23679230624
2.23586360709
2.23498046812
2.23414028475
2.23334067562
2.23257944759
2.23185457056
2.23116415836
2.23050645352
2.22987981455
2.22928270523
2.22871368521
2.22817140186
2.22765458297
2.22716203033
2.22669261389
2.2262452666
2.22581897972
2.22541279859
2.22502581883
2.22465718285
2.22430607672
2.22397172727
2.22365339953
2.22335039429
2.22306204592
2.22278772039
2.22252681338
2.22227874858
2.22204297616
2.22181897124
2.22160623263
2.22140428148
2.2212126602
2.22103093131
2.22085867646
2.22069549548
2.22054100546
2.22039483995
2.22025664815
2.22012609421
2.22000285648
2.2198866269
2.21977711035
2.2196740241
2.21957709722
2.21948607006
2.21940069377
2.21932072982
2.21924594954
2.2191761337
2.21911107211
2.21905056321
2.21899441373
2.21894243833
2.21889445925
2.21885030601
2.21880981508
2.21877282962
2.21873919917
2.21870877942
2.21868143192
2.21865702384
2.21863542779
2.21861652151
2.21860018773
2.21858631393
2.21857479216
2.21856551885
2.21855839462
2.21855332411
2.21855021585
2.21854898206
2.21854953852
2.21855180441
2.21855570219
2.21856115748
2.21856809888
2.2185764579
2.21858616882
2.2185971686
2.21860939674
2.21862279518
2.21863730824
2.21865288249
2.21866946667
2.21868701159
2.21870547008
2.21872479688
2.21874494856
2.21876588348
2.21878756168
2.21880994483
2.21883299618
2.21885668047
2.21888096389
2.21890581401
2.21893119973
2.21895709124
2.21898345993
2.21901027841
2.21903752037
2.21906516063
2.21909317503
2.21912154042
2.21915023462
2.21917923636
2.21920852527
2.21923808183
2.21926788734
2.21929792387
2.21932817429
2.21935862214
2.21938925171
2.21942004794
2.2194509964
2.21948208329
2.21951329542
2.21954462015
2.2195760454
2.21960755963
2.21963915177
2.21967081127
2.21970252804
2.21973429244
2.21976609526
2.2197979277
2.21982978138
2.21986164828
2.21989352077
2.21992539155
2.21995725368
2.21998910054
2.22002092583
2.22005272355
2.22008448799
2.22011621372
2.22014789558
2.22017952866
2.22021110831
2.22024263011
2.22027408988
2.22030548365
2.22033680766
2.22036805837
2.22039923242
2.22043032663
2.22046133804
2.22049226382
2.22052310133
2.22055384808
2.22058450175
2.22061506015
2.22064552125
2.22067588315
2.22070614406
2.22073630237
2.22076635653
2.22079630515
2.22082614694
2.22085588072
2.22088550539
2.22091501999
2.22094442364
2.22097371553
2.22100289498
2.22103196135
2.22106091412
2.22108975283
2.22111847709
2.2211470866
2.22117558113
2.22120396049
2.22123222458
2.22126037335
2.22128840682
