43.3321157718
-261.262959572
-259.191961367
-257.161093606
-255.16847142
-253.212945746
-251.293447276
-249.408935501
-247.558389778
-245.740809113
-243.955214473
-242.200651452
-240.476192534
-238.780938731
-237.11402063
-235.474598917
-233.861864497
-232.275038282
-230.71337074
-229.176141719
-227.662657769
-226.172254259
-224.704292407
-223.258158854
-221.83326469
-220.429044479
-219.044955289
-217.68047574
-216.335105065
-215.008362267
-213.699785045
-212.40892917
-211.135367562
-209.878689523
-208.638499985
-207.414418793
-206.206080016
-205.013131292
-203.8352332
-202.672058668
-201.523292403
-200.388630349
-199.267779174
-198.160455778
-197.066386831
-195.985308323
-194.916965151
-193.861110711
-192.817506519
-191.78592185
-190.76613339
-189.757924911
-188.761086958
-187.775418645
-186.80071896
-185.836799178
-184.883474107
-183.940563978
-183.007894222
-182.085295242
-181.172602207
-180.269654853
-179.376297288
-178.492377816
-177.617748761
-176.752266306
-175.895790334
-175.048184279
-174.209314984
-173.379052566
-172.557270288
-171.743844432
-170.938654186
-170.141581529
-169.352511125
-168.571330223
-167.797928555
-167.032198251
-166.274033741
-165.523331678
-164.779990854
-164.043912125
-163.314998334
-162.593154245
-161.878286475
-161.170303425
-160.469115227
-159.774633679
-159.086772194
-158.405445742
-157.730570803
-157.062065314
-156.399848628
-155.743841465
-155.093965869
-154.450145171
-153.812303948
-153.180367983
-152.554264234
-151.933920797
-151.319266872
-150.710232734
-150.106749703
-149.508750113
-148.916167286
-148.328935504
-147.746989987
-147.170266864
-146.598703152
-146.032236733
-145.470806334
-144.914351503
-144.362812593
-143.816130739
-143.274247841
-142.737106549
-142.204650241
-141.67682301
-141.153569648
-140.634835629
-140.120567095
-139.610710844
-139.105214311
-138.604025562
-138.107093275
-137.614366731
-137.125795802
-136.641330937
-136.160923153
-135.684524026
-135.212085676
-134.743560761
-134.278902463
-133.818064485
-133.361001035
-132.90766682
-132.458017039
-132.012007371
-131.569593972
-131.13073346
-130.695382913
-130.263499861
-129.835042276
-129.409968567
-128.988237572
-128.569808552
-128.154641186
-127.742695561
-127.333932171
-126.928311905
-126.525796047
-126.126346265
-125.729924612
-125.336493513
-124.946015766
-124.558454536
-124.173773347
-123.791936079
-123.412906965
-123.036650585
-122.663131863
-122.292316059
-121.924168771
-121.558655926
-121.195743779
-120.835398909
-120.477588213
-120.122278907
-119.76943852
-119.419034891
-119.071036167
-118.725410799
-118.382127541
-118.041155446
-117.702463862
-117.366022435
-117.031801099
-116.699770084
-116.369899902
-116.042161356
-115.716525533
-115.3929638
-115.07144781
-114.751949494
-114.434441062
-114.118895002
-113.805284079
-113.493581335
-113.183760085
-112.875793921
-112.569656707
-112.265322581
-111.962765953
-111.661961509
-111.362884203
-111.065509265
-110.769812196
-110.475768769
-110.18335503
-109.892547298
