242.35576213
241.081616849
239.831065047
238.603515183
237.398344901
236.214926948
235.052645677
233.910906898
232.789143243
231.686816609
230.603418735
229.538470631
228.491521329
227.462146248
226.449945393
225.454541492
224.475578172
223.512718195
222.565641815
221.634045228
220.717639167
219.816147593
218.929306519
218.056862931
217.198573821
216.354205305
215.523531831
214.706335469
213.902405265
213.11153667
212.333531016
211.568195053
210.815340534
210.074783836
209.346345626
208.629850557
207.925126997
207.232006791
206.550325033
205.879919879
205.220632364
204.57230625
203.934787875
203.307926036
202.691571864
202.085578725
201.489802126
200.904099631
200.328330781
199.762357032
199.206041688
198.659249842
198.121848334
197.593705693
197.074692103
196.564679363
196.063540845
195.571151472
195.087387679
194.612127391
194.145249995
193.686636318
193.236168604
192.793730492
192.359207003
191.932484512
191.513450742
191.101994739
190.698006862
190.301378765
189.912003387
189.529774934
189.154588868
188.786341898
188.424931961
188.070258215
187.722221025
187.380721956
187.045663754
186.716950342
186.394486809
186.078179393
185.767935478
185.46366358
185.165273334
184.872675491
184.585781902
184.304505508
184.028760333
183.758461474
183.493525085
183.233868376
182.979409596
182.730068027
182.485763972
182.246418747
182.011954668
181.782295047
181.557364175
181.337087318
181.121390706
180.910201519
180.703447885
180.501058864
180.302964441
180.109095515
179.919383892
179.733762274
179.552164248
179.374524279
179.2007777
179.030860702
178.864710324
178.702264446
178.543461777
178.388241848
178.236545003
178.088312387
177.943485941
177.80200839
177.663823234
177.528874742
177.39710794
177.268468604
177.142903251
177.02035913
176.900784214
176.784127192
176.670337456
176.559365101
176.451160909
176.345676345
176.242863547
174.412922485
172.653294195
170.961194862
169.333966062
167.769069009
166.264078979
164.816679938
163.424659372
162.085903323
160.798391641
159.560193445
158.369462783
157.2244345
156.123420304
155.064805015
154.047043004
153.068654804
152.128223892
151.224393636
150.355864387
149.521390731
148.719778871
147.949884147
147.210608683
146.500899153
145.819744663
145.166174739
144.539257416
143.938097435
143.361834516
142.80964173
142.280723953
141.77431639
141.289683183
140.826116084
140.382933191
139.959477759
139.555117055
139.169241282
138.801262548
138.450613893
138.116748356
137.799138093
137.497273537
137.210662597
136.938829897
136.681316053
136.437676981
136.207483242
135.990319416
135.785783506
135.593486371
135.413051185
135.244112921
135.086317864
134.939323135
134.802796253
134.676414704
134.559865537
134.452844979
134.355058061
134.266218271
134.186047215
134.114274294
134.050636406
133.994877644
133.946749023
