0.00020751
0.000221757248275
0.000221421457535
0.000221015919821
0.000220592062184
0.000220164563903
0.000219737495296
0.000219311941095
0.00021888814845
0.000218466131235
0.000218045840099
0.000217627210321
0.000217210175223
0.000216794669906
0.000216380632237
0.000215968003071
0.000215556726257
0.000215146748587
0.000214738019723
0.00021433049213
0.000213924121006
0.00021351886421
0.000213114682202
0.000212711537974
0.000212309396994
0.000211908227142
0.00021150799866
0.000211108684092
0.000210710258234
0.000210312698086
0.000209915982804
0.000209520093651
0.00020912501396
0.000208730729087
0.000208337226376
0.000207944495117
0.000207552526517
0.000207161313898
0.000206770851873
0.000206381137197
0.000205992168477
0.000205603946046
0.000205216471963
0.000204829750003
0.000204443785637
0.000204058586014
0.000203674159945
0.000203290517884
0.000202907671914
0.000202525635737
0.000202144424656
0.000201764055569
0.000201384546961
0.000201005918889
0.000200628192986
0.000200251392444
0.000199875542022
0.000199500668031
0.000199126798342
0.000198753962379
0.000198382191124
0.000198011517114
0.000197641974447
0.000197273598783
0.000196906427348
0.000196540498943
0.000196175853944
0.000195812534315
0.00019545058361
0.000195090046983
0.0001947309712
0.000194373404644
0.000194017397326
0.000193663000898
0.00019331026866
0.000192959255575
0.000192610018275
0.000192262615081
0.000191917106005
0.000191573552772
0.000191232018823
0.000190892569332
0.000190555271214
0.00019022019314
0.000189887405544
0.000189556980638
0.000189228992413
0.000188903516657
0.000188580630956
0.000188260414703
0.000187942949104
0.000187628317179
0.000187316603766
0.000187007895521
0.000186702280914
0.000186399850228
0.00018610069555
0.000185804910759
0.000185512591518
0.000185223835257
0.000184938741149
0.000184657410089
0.000184379944668
0.000184106449136
0.000183837029366
0.000183571792811
0.000183310848456
0.000183054306758
0.000182802279589
0.000182554880166
0.000182312222968
0.000182074423661
0.000181841598997
0.000181613866713
0.00018139134542
0.000181174154481
0.000180962413875
0.000180756244057
0.0001805557658
0.000180361100025
0.000180172367626
0.00017998968927
0.000179813185195
0.000179642974986
0.000179479177339
0.000179321909813
0.000179171288564
0.000179027428067
0.000178890440815
0.000178760437017
0.000178637524266
0.000178521807204
0.000178413387165
0.000178312361805
0.000178218824727
0.000178132865081
0.000178054567161
0.000177984009993
0.000177921266906
0.000177866405106
0.000177819485237
0.000177780560946
0.000177749678442
0.000177726876058
0.000177712183824
0.000177705623037
0.000177707205855
0.000177716934897
0.000177734802865
0.00017776079219
0.000177794874704
0.000177837011339
0.000177887151868
0.000177945234682
0.000178011186611
0.00017808492279
0.000178166346583
0.000178255349559
0.000178351811522
0.000178455600614
0.000178566573476
0.00017868457547
0.000178809440988
0.000178940993806
0.00017907904753
0.000179223406102
0.000179373864369
0.00017953020873
0.000179692217842
0.000179859663385
0.000180032310887
0.000180209920598
0.000180392248413
0.000180579046834
0.000180770065965
0.000180965054536
0.00018116376094
0.000181365934289
0.000181571325467
0.000181779688277
0.000181990780102
0.000182204363482
0.000182420206732
0.000182638084993
0.00018285778114
0.000183079086653
0.000183301802429
0.000183525739533
0.000183750719897
0.000183976576948
0.000184203156168
0.000184430315591
0.000184657926224
0.000184885872401
0.000185114052068
0.000185342377
0.000185570772953
0.000185799179747
0.000186027551294
0.000186255855568
