65.213027502
65.069948836
64.920295456
64.7779542351
64.6424168617
64.513247559
64.3900531263
64.2724736197
64.1601777766
64.0528597902
63.9502366682
63.8520459651
63.7580438074
63.6680031611
63.5817123048
63.4989734786
63.4196016842
63.3434236158
63.270276704
63.2000082591
63.1324746996
63.067540862
63.0050793595
62.9449700276
62.8870994009
62.8313602431
62.7776511188
62.7258760008
62.6759439117
62.6277685949
62.5812682124
62.5363650697
62.4929853494
62.451058885
62.4105189358
62.3713019934
62.3333475848
62.2965981013
62.2609986364
62.2264968354
62.193042755
62.1605887327
62.1290892639
62.0985008884
62.068782083
62.039893162
62.0117961827
61.9844548579
61.9578344728
61.9319018077
61.9066250647
61.8819737987
61.8579188527
61.8344322967
61.81148737
61.7890584264
61.767120883
61.7456511713
61.7246266915
61.7040257683
61.6838276099
61.6640122688
61.6445606046
61.6254542485
61.6066755702
61.5882076459
61.570034228
61.5521397163
61.5345091307
61.5171280854
61.4999827634
61.4830598938
61.4663467284
61.4498310209
61.4335010058
61.4173453794
61.4013532809
61.3855142744
61.3698183322
61.3542558183
61.338817473
61.3234943977
61.3082780413
61.2931601859
61.2781329342
61.2631886969
61.2483201806
61.2335203767
61.2187825502
61.2041002292
61.1894671948
61.1748774716
61.1603253184
61.1458052191
61.1313118744
61.1168401936
61.1023852866
61.0879424564
61.0735071923
61.059075162
61.044642206
61.0302043303
61.0157577009
61.0012986373
60.9868236073
60.9723292212
60.9578122269
60.9432695041
60.9286980605
60.9140950262
60.8994576495
60.884783293
60.8700694286
60.8553136343
60.8405135898
60.8256670729
60.8107719562
60.7958262034
60.780827866
60.7657750802
60.7506660637
60.7354991129
60.7202726001
60.7049849704
60.6896347396
60.6742204912
60.658740874
60.6431946001
60.6275804423
60.6118972319
60.5961438568
60.5803192592
60.5644224341
60.5484524268
60.5324083315
60.5162892894
60.5000944872
60.4838231551
60.4674745656
60.4510480319
60.4345429061
60.4179585785
60.4012944753
60.3845500583
60.367724823
60.3508182974
60.3338300412
60.3167596443
60.2996067259
60.2823709335
60.2650519418
60.2476494516
60.2301631892
60.2125929051
60.1949383734
60.1771993909
60.1593757763
60.1414673693
60.12347403
60.1053956381
60.0872320921
60.0689833089
60.0506492228
60.0322297852
60.0137249637
59.9951347418
59.9764591182
59.957698106
59.9388517327
59.9199200392
59.9009030798
59.8818009211
59.8626136424
59.8433413342
59.8239840987
59.8045420491
59.7850153089
59.7654040118
59.7457083016
59.7259283312
59.7060642627
59.6861162672
59.666084524
59.6459692208
59.6257705529
59.6054887234
59.5851239426
59.5646764279
59.5441464036
59.5235341004
59.5028397553
59.4820636115
59.4612059181
59.4402669295
59.4192469061
59.3981461131
59.376964821
59.355703305
59.3343618452
59.312940726
