0.00438640373274
0.00442307241077
0.00443177765107
0.0044337351986
0.0044338894642
0.0044335687329
0.00443313278556
0.00443267857594
0.00443223168128
0.00443179832195
0.00443137950286
0.0044309748574
0.00443058369031
0.00443020525825
0.00442983884297
0.00442948376823
0.00442913940163
0.00442880515249
0.004428480469
0.0044281648352
0.00442785776828
0.00442755881599
0.0044272675543
0.00442698358529
0.00442670653517
0.00442643605251
0.00442617180656
0.00442591348581
0.00442566079657
0.00442541346174
0.00442517121961
0.00442493382284
0.00442470103744
0.00442447264192
0.00442424842641
0.00442402819192
0.00442381174964
0.00442359892027
0.00442338953344
0.00442318342711
0.0044229804471
0.00442278044661
0.00442258328573
0.00442238883108
0.0044221969554
0.00442200753719
0.0044218204604
0.0044216356141
0.00442145289223
0.00442127219326
0.00442109342002
0.00442091647942
0.00442074128224
0.00442056774295
0.00442039577946
0.00442022531301
0.00442005626796
0.00441988857165
0.00441972215425
0.0044195569486
0.00441939289013
0.00441922991668
0.00441906796842
0.00441890698775
0.00441874691917
0.00441858770921
0.00441842930631
0.00441827166077
0.00441811472464
0.00441795845169
0.00441780279728
0.00441764771832
0.00441749317324
0.00441733912187
0.00441718552542
0.00441703234643
0.00441687954872
0.0044167270973
0.00441657495839
0.00441642309934
0.00441627148861
0.00441612009569
0.00441596889112
0.00441581784644
0.00441566693413
0.00441551612761
0.00441536540121
0.00441521473014
0.00441506409044
0.00441491345901
0.00441476281355
0.00441461213253
0.0044144613952
0.00441431058157
0.00441415967236
0.00441400864903
0.00441385749373
0.0044137061893
0.00441355471925
0.00441340306776
0.00441325121965
0.0044130991604
0.00441294687609
0.00441279435345
0.00441264157982
0.00441248854312
0.0044123352319
0.00441218163527
0.00441202774296
0.00441187354525
0.00441171903301
0.00441156419767
0.00441140903124
0.00441125352627
0.00441109767591
0.00441094147381
0.00441078491423
0.00441062799194
0.00441047070228
0.00441031304114
0.00441015500494
0.00440999659067
0.00440983779584
0.00440967861853
0.00440951905735
0.00440935911146
0.00440919878055
0.00440903806487
0.00440887696522
0.00440871548294
0.0044085536199
0.00440839137854
0.00440822876184
0.00440806577332
0.00440790241706
0.00440773869768
0.00440757462036
0.00440741019083
0.00440724541536
0.0044070803008
0.00440691485452
0.00440674908446
0.00440658299913
0.00440641660758
0.0044062499194
0.00440608294476
0.00440591569439
0.00440574817955
0.00440558041206
0.00440541240432
0.00440524416926
0.00440507572037
0.00440490707169
0.00440473823781
0.00440456923386
0.00440440007554
0.00440423077907
0.00440406136122
0.00440389183931
0.00440372223116
0.00440355255516
0.00440338283021
0.00440321307573
0.00440304331166
0.00440287355846
0.00440270383708
0.00440253416898
0.00440236457613
0.00440219508095
0.00440202570638
0.00440185647579
0.00440168741304
0.00440151854245
0.00440134988875
0.00440118147712
0.00440101333318
0.00440084548294
0.00440067795281
0.00440051076959
0.00440034396044
0.0044001775529
0.00440001157484
0.00439984605446
0.00439968102028
0.00439951650109
0.00439935252598
0.0043991891243
0.00439902632562
0.00439886415976
0.0043987026567
0.00439854184664
0.0043983817599
0.00439822242695
0.00439806387837
0.00439790614481
0.00439774925699
0.00439759324565
0.00439743814155
0.0043972839754
0.00439713077789
