181390.101048
629346.066183
565764.877135
460724.847416
351102.748501
299074.72792
265252.973474
244592.568629
232454.60208
221158.772557
216826.810938
214288.770883
212769.13439
211836.039887
211249.388276
210874.693576
210635.689146
210488.356544
210406.793878
210375.317973
210384.108475
210426.756275
210498.874365
210597.302169
210719.643868
210863.996239
211028.785036
211212.664283
211414.452516
211633.091144
211867.616317
212117.139276
212380.832182
212657.917608
212947.660561
213249.362317
213562.355591
213886.000717
214219.682607
214562.808331
214914.805183
215275.119136
215643.21362
216018.56855
216400.653258
216789.03095
217183.200911
217582.702851
217987.090491
218400.492534
218812.059323
219221.470579
219628.63118
220033.471315
220435.938232
220835.990671
221233.59531
221628.724506
222021.354838
222411.466173
222799.041028
223184.064151
223566.522221
223946.403638
224323.698356
224698.397764
225070.494581
225439.982777
225806.857494
226171.114987
226532.752568
226891.768548
227248.162193
227601.933679
227953.084047
228301.615168
228647.529697
228990.83105
229331.523357
229669.611439
230005.100771
230337.997457
230668.308196
230996.040264
231321.201476
231643.800171
231963.845183
232281.345818
232596.311833
232908.753414
233218.681154
233526.106035
233831.03941
234133.492979
234433.478775
234731.009147
235026.096744
235318.754495
235608.995597
235896.833498
236182.281886
236465.354671
236746.065971
237024.430105
237300.461575
237574.175055
237845.58538
238114.707537
238381.556648
238646.147966
238908.496861
239168.618812
239426.529399
239682.244289
239935.779231
240187.150051
240436.372634
240683.462927
240928.436924
241171.310664
241412.100219
241650.821692
241887.491206
242122.124905
242354.738939
242585.349466
242813.97264
243040.624612
243265.321523
243488.079496
243708.914633
243927.843014
244144.880689
244360.043675
244573.347951
244784.809459
244994.444092
245202.2677
245408.296081
245612.544976
245815.030074
246015.767004
246214.771329
246412.058552
246607.644106
246801.543358
246993.771599
247184.34405
247373.275855
247560.582084
247746.277725
247930.377682
248112.896786
248293.849777
248473.251315
248651.11597
248827.458229
249002.292488
249175.633053
249347.494141
249517.88988
249686.834304
249854.341354
250020.424879
250185.098634
250348.376277
250510.271378
250670.797408
250829.967739
250987.795651
251144.294327
251299.476855
251453.356226
251605.945333
251757.256974
251907.303848
252056.09856
252203.653618
252349.98143
252495.094313
252639.004483
252781.724063
252923.26508
253063.639461
253202.859044
253340.935564
253477.88067
253613.705913
253748.422743
253882.042531
254014.576537
254146.035946
254276.431837
254405.775199
254534.076937
254661.34786
254787.598682
254912.840039
255037.082463
255160.336409
