96000.0
7231893.34832
7506356.60471
7680377.15519
7788745.72927
7856171.57423
7898824.5828
7926807.95088
7946264.42233
7960864.54791
7972773.89847
7983255.35651
7993044.99977
8002555.17758
8011994.53473
8021485.97239
8031084.71638
8040813.0459
8050674.41314
8060667.60543
8070771.90695
8080979.5335
8091277.82498
8101654.82952
8112099.65901
8122602.60643
8133155.1355
8143749.80608
8154380.17154
8165040.66801
8175726.50615
8186426.184
8197150.93232
8207890.2985
8218641.72405
8229402.99882
8240172.22208
8250802.64916
8261581.68967
8272364.9686
8283151.261
8293939.57295
8304729.5291
8315519.12458
8326309.09495
8337098.52482
8347887.00358
8358674.18229
8369459.76416
8380243.49665
8391025.16495
8401804.58635
8412581.60562
8423356.09102
8434127.93086
8444897.03067
8455663.3107
8466426.70382
8477187.15367
8487944.6132
8498699.04326
8509450.4115
8520198.69139
8530943.8614
8541685.90426
8552424.80632
8563160.55721
8573893.14909
8584622.57648
8595348.83591
8606071.92544
8616791.84473
8627508.59461
8638222.17698
8648932.59463
8659639.8511
8670343.95062
8681044.89795
8691742.69835
8702437.35746
8713128.88129
8723817.27613
8734502.54851
8745184.70518
8755863.75305
8766539.69921
8777212.55085
8787882.31525
8798548.99981
8809212.61198
8819873.15926
8830530.64922
8841185.08944
8851836.48754
8862484.85117
8873130.18799
8883772.50564
8894411.81182
8905048.11419
8915681.42043
8857581.32637
8887934.85051
8914707.22578
8938225.19148
8958948.84019
8977344.47693
8993834.3948
9008781.57308
9022489.4999
9035207.96651
9047140.61628
9058452.46906
9069276.69566
9079720.43672
9089869.67124
9099793.24398
9109546.1488
9119172.20981
9128706.25289
9138175.86392
9147602.80973
9157004.18519
9166393.33857
9175780.61737
9185173.96917
9194579.42542
9204001.4907
9213443.4558
9222907.64933
9232395.63976
9241908.39758
9251446.42531
9261009.86163
9270598.56462
9280212.17825
9289850.18544
9299511.9502
9309196.75109
9318903.80767
9328632.30137
9338381.39183
9348150.22963
9357937.96615
9367743.76112
9377566.78835
9387406.23997
9397261.32952
9407131.29412
9417015.39595
9426912.92308
9436823.18993
9446745.53737
9456679.3325
9466623.96833
9476578.8632
9486543.46017
9496517.22629
9506499.65184
9516490.24951
9526488.55357
9536494.11906
9546506.52096
9556525.35336
9566550.22867
9576580.77683
9586616.64454
9596657.49458
9606703.00501
9616752.86856
9626806.79194
9636864.49522
9646925.71121
9656990.18708
9667057.675
9677127.94491
9687200.77509
9697275.95391
9707353.27937
9717432.55868
9727513.6078
9737596.25111
9747680.32093
9757765.65726
9767852.10735
9777939.52541
9788027.7723
9798116.71519
9808206.22732
9818296.1877
9828386.48085
9838476.99656
9848567.62965
9858658.27974
9868748.85105
9878839.25216
9888929.39586
9899019.19892
9909108.58196
9919197.46923
9929285.78847
