0.000421252255273
0.000426816405181
0.000430801823385
0.000434434122681
0.000438004965081
0.000441596376846
0.000445232137299
0.000448919622524
0.000452661594794
0.000456459530139
0.000460314558574
0.000464227730276
0.000468200091293
0.000472232705419
0.000476326660836
0.000480483072461
0.00048470308309
0.000488987864208
0.000493338616733
0.000497756571739
0.000502242991199
0.00050679916875
0.000511426430473
0.000516126135703
0.000520899677852
0.000525748485267
0.000530674022109
0.000535677789249
0.000540761325206
0.000545926207095
0.000551174051612
0.000556506516045
0.000561925299311
0.000567432143022
0.000573028832586
0.000578717198329
0.000584499127939
0.000590376523908
0.000596351367523
0.000602425681266
0.000608601538236
0.000614881063782
0.000621266436931
0.000627759891814
0.000634363719092
0.000641080267429
0.000647911944992
0.000654861220994
0.000661930627272
0.000669122759903
0.00067644028086
0.000683885919708
0.000691462475339
0.000699172817744
0.000707019889832
0.00071500670928
0.00072313637043
0.000731412046221
0.000739836990163
0.000748414538351
0.000757148111515
0.000766041217105
0.000775097451422
0.000784320501777
0.000793714148683
0.000803282268088
0.000813028833631
0.000822957918932
0.000833073699903
0.000843380457089
0.000853882578025
0.00086458455961
0.000875491010495
0.000886606653476
0.000897936327899
0.000909484992049
0.000921257725539
0.000933259731682
0.000945496339837
0.000957973007722
0.00097069532369
0.000983669008947
0.000996899919708
0.00101039404928
0.00102415753006
0.00103819663539
0.00105251778136
0.00106712752843
0.00108203258285
0.00109723979802
0.0011127561755
0.00112858886595
0.00114474516964
0.00116123253685
0.00117805856785
0.00119523101253
0.00121275776973
0.00123064688605
0.00124890655423
0.00126754511108
0.00128657103473
0.00130599294139
0.00132581958139
0.00134605983446
0.00136672270435
0.00138781731247
0.00140935289065
0.001431338773
0.00145378438657
0.00147669924096
0.00150009291662
0.00152397505195
0.00154835532885
0.00157324345689
0.0015986491558
0.0016245821363
0.00165105207909
0.00167806861204
0.00170564128522
0.00173377954395
0.00176249269956
0.00179178989788
0.0018216800853
0.0018521719723
0.00188327399446
0.00191499427071
0.00194734055892
0.00198032020864
0.00201394011101
0.00204820664584
0.00208312562578
0.00211870223765
0.00215494098093
0.00219184560356
0.00222941903508
0.0022676633172
0.00230657953215
0.00234616772883
0.00238642684719
0.00242735464099
0.00246894759947
0.00251120086822
0.0025541081698
0.00259766172455
0.00264185217232
0.00268666849562
0.00273209794495
0.00277812596712
0.00282473613729
0.00287191009556
0.00291962748916
0.00296786592099
0.00301660090551
0.00306580583307
0.00311545194346
0.00316550830974
0.00321594183329
0.00326671725088
0.0033177971547
0.00336914202594
0.00342071028283
0.00347245834329
0.00352434070304
0.00357631002908
0.00362831726879
0.00368031177463
0.00373224144398
0.00378405287388
0.00383569152987
0.00388710192809
0.00393822782967
0.00398901244598
0.00403939865352
0.00408932921669
0.00413874701675
0.00418759528507
0.00423581783876
0.00428335931462
0.00433016541096
0.00437618310607
0.00442136089027
0.00446564898005
0.00450899952441
0.00455136679925
0.00459270738849
0.00463298035021
0.00467214736656
0.00471017287637
0.00474702418957
0.00478267158277
0.00481708837567
0.00485025098796
0.00488213897701
0.00491273505643
0.00494202509611
0.0049699981044
0.00499664619321
0.00502196452719
0.00504595125796
0.00506860744483
