207982.23912
818262.673048
853782.642334
849589.731483
831689.912694
848069.616592
881620.978068
899104.789325
913638.754647
926011.893552
936886.236456
946736.035626
955874.884253
964503.163372
972748.513018
980693.893409
988395.298363
995892.48972
1003215.2425
1010387.08651
1017427.47791
1024353.0472
1031178.44025
1037916.75934
1044579.88284
1051178.67165
1057723.11379
1064222.43088
1070685.16058
1077119.22341
1083531.97896
1089930.2747
1096320.48927
1102708.57161
1109100.07666
1115499.88535
1121913.49041
1128345.44244
1134799.40198
1141279.71286
1147790.17286
1154334.3686
1160915.69397
1167537.36682
1174202.44414
1180913.83572
1187674.31634
1194486.53674
1201353.14265
1208276.34535
1215258.58587
1222302.10318
1229409.04913
1236581.49274
1243821.42382
1251130.75572
1258511.32743
1265964.90494
1273493.18205
1281097.78066
1288780.25044
1296542.06815
1304384.63646
1312309.28241
1320317.25557
1328409.7258
1336587.78078
1344852.42336
1353204.56857
1361645.04057
1370174.56939
1378793.78753
1387503.22658
1396303.31364
1405194.36778
1414176.59652
1423250.0923
1432414.82898
1441670.65846
1451017.30741
1460454.3741
1469981.32543
1479597.49414
1489302.07618
1499094.12843
1508972.56657
1518936.16334
1528983.54701
1539113.20029
1549323.45952
1559612.51423
1569978.40718
1580419.03467
1590932.1474
1601515.35167
1612166.1111
1621424.20592
1625523.01211
1629589.58387
1633623.63111
1637625.39872
1641594.47467
1645530.73434
1649434.09449
1653304.50495
1657141.94237
1660946.40571
1664717.91285
1668456.49807
1672162.21013
1675835.11076
1679475.2735
1683082.78266
1686657.73258
1690200.22688
1693710.37788
1697188.30609
1700634.13966
1704048.01401
1707430.07137
1710780.46041
1714099.3359
1717386.85837
1720643.19373
1723868.51307
1727062.99228
1730226.81178
1733360.15631
1736463.21462
1739536.17923
1742579.24622
1745592.61498
1748576.48799
1751531.07063
1754456.57096
1757353.19953
1760221.16919
1763060.69494
1765871.9937
1768655.28419
1771410.78677
1774138.72325
1776839.31678
1779512.79167
1782159.37332
1784779.28799
1787372.76278
1789940.02541
1792481.30418
1794996.82782
1797486.8254
1799951.52621
1802391.15967
1804805.95523
1807196.1423
1809561.95014
1811903.60778
1814221.34396
1816515.38702
1818785.96485
1821033.30484
1823257.63375
1825459.17773
1827638.16218
1829794.81175
1831929.35025
1834042.00064
1836132.98491
1838202.52411
1840250.83824
1842278.14628
1844284.66605
1846270.61429
1848236.20651
1850181.65705
1852107.17898
1854012.98411
1855899.28294
1857766.28466
1859614.19709
1861443.22668
1863253.57848
1865045.45613
1866819.06183
1868574.59633
1870312.2589
1872032.24733
1873734.75793
1875419.98547
1877088.12323
1878739.36295
1880373.89482
1881991.90751
1883593.5881
1885179.12215
1886748.69363
1888302.48495
1889840.67697
1891363.44896
1892870.9786
