207982.23912
1024726.41873
1112572.32273
1119557.35546
1102599.34858
1131088.9589
1160348.59605
1186305.43718
1206824.31599
1222143.57976
1233623.27259
1242638.69195
1250183.33569
1256876.78581
1263078.65867
1268990.01581
1274721.60012
1280333.77444
1285859.21031
1291315.94974
1296713.4799
1302056.95594
1307349.09308
1312591.26354
1317784.09544
1322927.80147
1328022.36078
1333067.62078
1338063.35506
1343009.29721
1347905.16113
1352750.65393
1357545.48436
1362289.36893
1366982.03631
1371623.23093
1376212.71575
1380750.2747
1385235.71464
1389668.86702
1394049.58931
1398377.7661
1402653.31004
1406876.16251
1411046.2941
1415163.70493
1419228.42476
1423240.51295
1427200.05827
1431107.17855
1434962.02025
1438764.75784
1442515.59319
1446214.75476
1449862.49673
1453459.09816
1457004.86197
1460500.11391
1463945.20152
1467340.49307
1470686.37638
1473983.25778
1477231.56089
1480431.72556
1483584.20671
1486689.47321
1489748.0068
1492760.30097
1495726.85993
1498648.19757
1501524.83643
1504357.30676
1507146.14555
1509891.89563
1512595.10477
1515256.32491
1517876.11126
1520455.02162
1522993.61562
1525492.45401
1527952.09803
1530373.10881
1532756.04672
1535101.47091
1537409.93874
1539682.00529
1541918.22297
1544119.30499
1546285.46808
1548417.41925
1550515.6962
1552580.83215
1554613.35555
1556613.78981
1558582.65312
1560520.45818
1562427.71205
1564304.91599
1566152.56531
1567971.1492
1569761.1507
1571523.0465
1573257.30697
1574964.39601
1576644.77103
1578298.88288
1579927.17589
1581530.08776
1583108.04963
1584661.48599
1586190.81481
1587696.44742
1589178.78865
1590638.23679
1592075.18364
1593490.01456
1594883.10854
1596254.83819
1597605.56986
1598935.66365
1600245.47351
1601535.34729
1602805.6268
1604056.6479
1605288.74056
1606502.22894
1607697.43148
1608874.66093
1610034.2245
1611176.4239
1612301.55539
1613409.90994
1614501.77326
1615577.42588
1616637.14323
1617681.19576
1618709.84901
1619723.36363
1620721.99557
1621705.99606
1622675.61175
1623631.08478
1624572.65283
1625500.54924
1626415.00307
1627316.23917
1628204.47826
1629079.93701
1629942.82812
1630793.36037
1631631.73872
1632458.16436
1633272.83481
1634075.94393
1634867.68207
1635648.23607
1636417.78935
1637176.52199
1637924.61076
1638662.22922
1639389.54775
1640106.73364
1640813.95112
1641511.36143
1642199.12291
1642877.391
1643546.31831
1644206.05473
1644856.7474
1645498.54084
1646131.57693
1646755.99501
1647371.93191
1647979.52201
1648578.89728
1649170.18732
1649753.5194
1650329.01856
1650896.80757
1651457.00702
1652009.73539
1652555.10901
1653093.24219
1653624.24719
1654148.2343
1654665.31186
1655175.58632
1655679.16223
1656176.14233
1656666.62756
1657150.71707
1657628.50831
1658100.09701
1658565.57723
1659025.04144
1659478.58046
1659926.28355
1660368.23844
1660804.53132
1661235.24694
