669.332101987
667.631597771
665.935278311
664.243139439
662.555171719
660.871360848
659.191688532
657.516133278
655.844671068
654.177275934
652.513920435
650.854576057
649.199213543
647.547803172
645.900314988
644.25671899
642.61698529
640.981084242
639.348986549
637.72066335
636.096086289
634.475227573
632.858060009
631.244557057
629.634692838
628.028442159
626.425780526
624.826684151
623.23112996
621.639095588
620.050559376
618.46550037
616.883898312
615.305733626
613.730987416
612.15964145
610.591678146
609.027080561
607.465832377
605.907917887
604.353321978
602.802030123
601.254028358
599.709303275
598.167842002
596.629632191
595.094662004
593.562920099
592.034395613
590.509078154
588.986957782
587.468025001
585.952270742
584.439686353
582.930263586
581.423994587
579.920871882
578.420888367
576.924037297
575.430312276
573.939707247
572.45221648
570.967834566
569.486556406
568.0083772
566.533292442
565.06129791
563.592389656
562.126564003
560.663817531
559.204147076
557.747549721
556.294022785
554.843563823
553.396170615
551.951841163
550.510573683
549.072366601
547.637218544
546.205128341
544.776095013
543.350117769
541.927196003
540.507329287
539.090517369
537.676760169
536.266057772
534.858410426
533.453818541
532.052282679
530.653803557
529.258382041
527.86601914
526.476716009
525.090473941
523.707294366
522.327178848
520.950129084
519.576146898
518.205234242
516.83739319
515.47262594
514.11093481
512.752322232
511.396790758
510.044343049
508.694981883
507.348710142
506.005530819
504.665447013
503.328461928
501.994578868
500.663801243
499.336132558
498.01157642
496.69013653
495.371816686
494.05662078
492.744552797
491.435616813
490.129816993
488.827157592
487.527642953
486.231277505
484.938065761
483.648012321
482.361121865
481.077399156
479.796849037
478.519476432
477.245286342
475.974283846
474.706474097
473.441862328
472.18045384
470.922254011
469.66726829
468.415502196
467.166961317
465.921651312
464.679577904
463.440746884
462.205164109
460.972835498
459.743767033
458.517964759
457.29543478
456.07618326
454.860216419
453.647540537
452.438161947
451.232087035
450.029322243
448.829874062
447.633749034
446.440953749
445.251494844
444.065379002
442.882612952
441.703203462
440.527157346
439.354481452
438.185182672
437.019267928
435.856744183
434.697618427
433.541897687
432.389589014
431.24069949
430.095236222
428.95320634
427.814616996
426.679475363
425.54778863
424.419564005
423.294808705
422.173529962
421.055735016
419.941431115
418.830625512
417.723325461
416.619538217
415.519271033
414.422531157
413.329325832
412.239662287
411.153547743
410.070989405
408.99199446
407.916570074
406.844723393
405.776461536
404.711791594
403.650720626
402.593255658
401.53940368
400.48917164
399.442566446
398.399594958
397.36026399
