0.00438506738387
0.00438632680705
0.00438622862628
0.00438608229509
0.0043859561992
0.00438585071753
0.00438576231973
0.00438568802331
0.00438562537179
0.00438557234375
0.00438552727593
0.00438548879984
0.00438545578971
0.00438542733809
0.00438540264584
0.00438538110594
0.00438536220346
0.00438534551485
0.004385324792
0.00438531744384
0.00438530554244
0.00438529478838
0.00438528502069
0.00438527610614
0.00438526793417
0.00438526041278
0.00438525346513
0.00438524702678
0.00438524104341
0.004385235469
0.00438523026429
0.00438522539563
0.0043852208339
0.00438521655375
0.00438521253295
0.00438520875183
0.00438520519289
0.00438520184039
0.00438519868014
0.00438519569922
0.00438519288581
0.00438519022905
0.0043851877189
0.00438518534604
0.0043851831018
0.00438518097809
0.00438517896735
0.00438517706248
0.00438517525682
0.00438517354412
0.00438517191848
0.00438517037437
0.00438516890658
0.00438516751021
0.00438516618064
0.00438516491353
0.00438516370479
0.00438516255059
0.0043851614473
0.00438516039155
0.00438515938014
0.0043851584101
0.00438515747861
0.00438515658307
0.004385155721
0.00438515489011
0.00438515408825
0.00438515331342
0.00438515256372
0.00438515183743
0.00438515113289
0.00438515044859
0.00438514978312
0.00438514913515
0.00438514850345
0.0043851478869
0.00438514728442
0.00438514669504
0.00438514611783
0.00438514555197
0.00438514499666
0.00438514445118
0.00438514391485
0.00438514338705
0.00438514286722
0.00438514235481
0.00438514184934
0.00438514135035
0.00438514085743
0.00438514037019
0.00438513988828
0.00438513941136
0.00438513893914
0.00438513847133
0.00438513800769
0.00438513754797
0.00438513709196
0.00438513663946
0.00438513619029
0.00438513574427
0.00438513530126
0.00438513486111
0.00438513442368
0.00438513398886
0.00438513355655
0.00438513312662
0.004385132699
0.0043851322736
0.00438513185033
0.00438513142913
0.00438513100992
0.00438513059266
0.00438513017727
0.0043851297637
0.00438512935192
0.00438512894187
0.00438512853351
0.00438512812681
0.00438512772173
0.00438512731824
0.0043851269163
0.0043851265159
0.00438512611699
0.00438512571957
0.0043851253236
0.00438512492907
0.00438512453596
0.00438512414424
0.00438512375391
0.00438512336494
0.00438512297732
0.00438512259103
0.00438512220607
0.00438512182242
0.00438512144006
0.00438512105899
0.0043851206792
0.00438512030067
0.0043851199234
0.00438511954737
0.00438511917258
0.00438511879902
0.00438511842668
0.00438511805555
0.00438511768563
0.0043851173169
0.00438511694937
0.00438511658302
0.00438511621785
0.00438511585385
0.00438511549102
0.00438511512934
0.00438511476882
0.00438511440945
0.00438511405122
0.00438511369413
0.00438511333817
0.00438511298334
0.00438511262964
0.00438511227705
0.00438511192557
0.00438511157521
0.00438511122595
0.00438511087779
0.00438511053073
0.00438511018476
0.00438510983988
0.00438510949608
0.00438510915337
0.00438510881173
0.00438510847117
0.00438510813167
0.00438510779325
0.00438510745589
0.00438510711958
0.00438510678434
0.00438510645015
0.00438510611701
0.00438510578491
0.00438510545387
0.00438510512386
0.00438510479489
0.00438510446696
0.00438510414006
0.0043851038142
0.00438510348936
0.00438510316554
0.00438510284275
0.00438510252098
0.00438510220023
0.00438510188049
0.00438510156177
0.00438510124406
0.00438510092736
0.00438510061166
0.00438510029697
0.00438509998327
0.00438509967058
0.00438509935889
0.00438509904819
