865326.998856
1298930.58245
1095460.64837
838635.534572
626283.063926
602507.823427
610452.931137
615680.687947
627162.176115
642414.907904
659677.2681
677803.105895
696094.306778
714150.15605
731756.552766
748812.15556
765281.716314
781167.718462
796493.163762
811291.715102
825601.928779
839463.869118
852917.484006
866001.521676
878753.078793
891207.386825
903397.745772
915355.536488
927110.273329
938689.676361
950119.75218
961424.877825
972627.885102
983750.144152
994811.645639
1005830.59724
1016825.43952
1027812.49614
1038806.06652
1049820.89184
1060870.30628
1071966.78189
1083121.9914
1094346.86747
1105651.65858
1117045.98118
1128538.86827
1140138.81428
1151853.9704
1163691.56773
1175658.87281
1187762.60558
1200009.1208
1212404.43337
1224954.24084
1237663.94331
1250538.66096
1263583.24919
1276802.3117
1290200.21158
1303781.08056
1317548.82654
1331507.13965
1345659.49672
1360009.16461
1374559.20218
1389312.46127
1404271.58664
1419439.01503
1434816.97338
1450407.47643
1466212.32356
1482233.09519
1498471.14868
1514927.61382
1531603.38804
1548499.13135
1565615.26115
1582951.94689
1600509.10472
1618286.39222
1636283.20312
1654498.66233
1672931.62107
1691580.65235
1710444.04681
1729519.80892
1748805.6537
1768299.00386
1787996.98762
1807896.43707
1827993.88719
1848285.57558
1868767.44296
1889435.13435
1910284.00114
1929092.60815
1940075.61423
1950985.21225
1961819.4906
1972577.58117
1983257.96613
1993859.77147
2004382.34964
2014825.22267
2025188.04171
2035470.55807
2045672.60265
2055794.07091
2065834.91207
2075795.12102
2085674.73224
2095473.81524
2105192.47094
2114830.82878
2124389.04441
2133867.29774
2143265.79128
2152584.74871
2161824.41359
2170985.04822
2180066.93261
2189070.36347
2197995.65335
2206843.1298
2215613.13453
2224306.02269
2232922.16217
2241461.93287
2249925.72607
2258313.94381
2266626.99829
2274865.31127
2283029.31356
2291119.44445
2299136.1512
2307079.8886
2314951.11843
2322750.30905
2330477.93493
2338134.47627
2345720.41855
2353236.25219
2360682.4721
2368059.5774
2375368.07101
2382608.45937
2389781.25204
2396886.96148
2403926.10268
2410899.1929
2417806.7514
2424649.29916
2431427.35864
2438141.4535
2444792.10842
2451379.84882
2457905.20066
2464368.69025
2470770.84402
2477112.18834
2483393.24933
2489614.5527
2495776.62356
2501879.98625
2507925.16423
2513912.67988
2519843.05437
2525716.80753
2531534.45774
2537296.52177
2543003.51468
2548655.9497
2554254.33813
2559799.18922
2565291.01011
2570730.30569
2576117.57853
2581453.32884
2586738.05429
2591972.25005
2597156.40864
2602291.01988
2607376.57086
2612413.54583
2617402.42618
2622343.69039
2627237.81393
2632085.2693
2636886.52591
2641642.05006
2646352.30494
2651017.75054
2655638.84367
2660216.03789
2664749.78352
2669240.52757
2673688.71376
2678094.7825
2682459.17083
