906.36
39809.9988462
41024.6755471
41924.9449377
42579.5018407
43047.7020978
43378.5310647
43609.4468344
43768.5969691
43876.7003089
43948.7902735
43995.6645141
44025.0206923
44042.3148559
44051.3954452
44054.9647326
44054.9112104
44052.5475261
44048.2798733
44044.2260789
44039.3125189
44034.7212208
44029.4223496
44024.7281491
44020.3140138
44016.2149477
44012.4448753
44009.0038009
44005.8827809
44003.0673702
44000.5399857
43998.2886957
43996.2791622
43994.4998963
43992.932104
43991.5579903
43990.3608844
43989.3252856
43988.436864
43987.6824299
43987.049882
43986.528146
43986.1071064
43985.777537
43985.5310319
43985.3599392
43985.2572979
43985.2167783
43985.2326271
43985.2996161
43985.4129955
43985.558074
43985.7526022
43985.9812589
43986.2410227
43986.5290785
43986.8428282
43987.1798982
43987.5380895
43987.9154254
43988.3100972
43988.7204597
43989.145018
43989.5824134
43990.031412
43990.4908928
43990.9598381
43991.4373232
43991.9225088
43992.4146323
43992.913887
43993.4178895
43993.9260492
43994.4396116
43994.9572241
43995.4784629
43996.0029414
43996.5303078
43997.0602422
43997.5924536
43998.1266779
43998.662675
43999.2002272
43999.7391366
44000.2792236
44000.8203251
44001.3622932
44001.9049934
44002.4483039
44002.992114
44003.5363232
44004.0808405
44004.6255831
44005.170476
44005.7154513
44006.2604472
44006.8054077
44007.3502821
44007.8950244
44008.4395931
43927.7837988
43950.2561065
43973.2226593
43994.9788558
44014.682844
44031.9948655
44046.8591634
44059.3741358
44069.7156656
44078.0924055
44084.7202686
44089.8084112
44093.5520414
44096.1292309
44097.7000269
44098.4068356
44098.3755214
44097.7166892
44096.5272535
44094.8918319
44092.8841424
44090.5682716
44087.9998264
44085.2269676
44082.2913296
44079.2288355
44076.0704161
44072.8426434
44069.5682865
44066.2668003
44062.9547533
44059.6462024
44056.3530209
44053.0851861
44049.8510297
44046.6574572
44043.5101398
44040.4136816
44037.3717653
44034.3872799
44031.462432
44028.5988418
44025.7976283
44023.059482
44020.384729
44017.7733865
44015.225211
44012.73974
44010.3163281
44007.9541787
44005.6523709
44003.4098831
44001.225613
43999.0983951
43997.0270157
43995.0102256
43993.046751
43991.135303
43989.2745855
43987.4633015
43985.7001596
43983.9838779
43982.3131882
43980.6868396
43979.1036006
43977.5622618
43976.0616371
43974.6005654
43973.1779115
43971.7925666
43970.4434493
43969.1295054
43967.8497082
43966.6030586
43965.3885848
43964.205342
43963.0524123
43961.9289042
43960.833952
43959.7667156
43958.7263797
43957.7121533
43956.7232692
43955.7589835
43954.8185747
43953.9013433
43953.0066114
43952.1337215
43951.2820365
43950.4509389
43949.63983
43948.8481297
43948.0752756
43947.3207227
43946.5839427
43945.8644335
43945.1616789
43944.4752078
43943.804554
43943.1492654
