1729.21913352
1133.82913502
1131.11328586
1128.51343489
1126.01474168
1123.60901416
1121.28951672
1119.05022504
1116.88566653
1114.79084563
1112.76118778
1110.79249219
1108.88089115
1107.02281472
1105.21495992
1103.4542638
1101.7378798
1100.06315688
1098.42762117
1096.82895957
1095.26500531
1093.73372499
1092.23320701
1090.76165125
1089.31735971
1087.89872819
1086.5042387
1085.13245266
1083.78200465
1082.45159685
1081.13999388
1079.84601815
1078.56854562
1077.30650189
1076.05885861
1074.82463025
1073.60287105
1072.39267225
1071.19315956
1070.00349075
1068.8228535
1067.65046336
1066.48556186
1065.32741478
1064.17531051
1063.02855853
1061.88648797
1060.74844635
1059.61379827
1058.48192425
1057.35221967
1056.22409371
1055.09696835
1053.97027746
1052.84346594
1051.71598883
1050.58731051
1049.45690394
1048.32424988
1047.18883615
1046.05015687
1044.90771176
1043.76100532
1042.60954608
1041.45284575
1040.29041827
1039.12177876
1037.94644229
1036.76392235
1035.57372888
1034.37536571
1033.16832691
1031.95209141
1030.72611475
1029.4898154
1028.24255048
1026.98356863
1025.71190632
1024.42611498
1023.12328907
1021.79196231
1020.50653683
1019.21991333
1017.90979575
1016.58197906
1015.23778811
1013.87756254
1012.50128348
1011.10876709
1009.69974178
1008.27388454
1006.83083982
1005.37023027
1003.89166324
1002.39473492
1000.87903306
999.344138917
997.789628624
996.215074232
994.620044546
993.004105804
991.366822282
989.707756843
988.026471472
986.322527805
984.595487694
982.844913795
981.070370223
979.271423272
977.447642224
975.598600271
973.723875566
971.823052422
969.895722713
967.941487493
965.959958882
963.950762294
961.913539054
959.84794951
957.753676759
955.630431121
953.477955568
951.296032365
949.084491255
946.843219656
944.572175504
942.271403604
939.941056738
937.581423286
935.192963947
932.776361434
930.332589036
927.863007328
927.85375207
1832.20685129
1041.69278196
1004.37653636
974.535471317
949.400906381
927.489940004
907.920451646
890.127673591
873.730174599
858.460470553
844.126836805
830.592096514
817.763499803
805.593706669
794.103442474
783.489064652
775.327404786
769.110207977
759.124221158
749.013980213
738.914731138
728.88045211
718.935238443
709.091226093
699.356627326
689.740622934
680.258073839
670.936925752
661.835076502
653.094703408
645.279981546
500.484650608
497.537305683
494.313067231
490.867157821
487.199265819
483.30200377
479.166387715
474.782316053
470.138451677
465.222012224
460.018520422
454.511512641
448.682195714
442.509038598
435.96728173
429.028341909
421.659083767
413.820919533
405.468685754
396.54922722
386.999591922
376.744702287
365.694310606
353.738959499
340.744532878
326.544766825
310.930734379
293.635713319
274.312774728
252.500446567
227.567891145
198.622955291
164.347827526
122.680496102
70.1251280675
