2.95531092396
2.91145004016
2.91113705946
2.91082480151
2.91050706396
2.91018371993
2.90985485522
2.90952057856
2.90918101343
2.90883629563
2.90848657121
2.90813199442
2.90777270195
2.90740890766
2.90704075454
2.90666841203
2.9062920497
2.90591183606
2.90552793756
2.90514051772
2.90474973634
2.90435574894
2.90395870619
2.90355875356
2.90315603102
2.90275067278
2.9023428072
2.90193255669
2.90152003768
2.90110536072
2.90068863047
2.9002699459
2.89984940035
2.89942708176
2.89900307284
2.89857745123
2.89815028977
2.89772165666
2.8972916157
2.89686022652
2.89642754478
2.8959936224
2.89555850777
2.89512224593
2.89468487883
2.89424644545
2.89380698203
2.89336652227
2.89292509744
2.89248273657
2.89203946662
2.89159531261
2.89115029777
2.89070444362
2.89025777017
2.88981029597
2.88936203826
2.88891301304
2.88846323517
2.88801271848
2.88756147583
2.88710951918
2.88665685967
2.88620350771
2.88574947298
2.88529476455
2.8848393909
2.88438335997
2.88392667919
2.88346935556
2.88301139567
2.88255280569
2.88209359149
2.88163375859
2.88117331222
2.88071225735
2.88025059871
2.87978834079
2.87932548788
2.87886204408
2.87839801333
2.87793339938
2.87746820588
2.8770024363
2.87653609403
2.87606918231
2.87560170431
2.87513366308
2.87466506159
2.87419590273
2.87372618933
2.87325592413
2.87319591028
2.87272648551
2.87225510053
2.87178210707
2.87130777245
2.87083230008
2.87035584492
2.86987852517
2.86940043107
2.86892163168
2.86844217992
2.86796211644
2.86748147258
2.86700027256
2.86651853522
2.86603627529
2.86555350436
2.86507023164
2.86458646453
2.86410220903
2.86361747011
2.8631322519
2.86264655795
2.8621603913
2.86167375466
2.86118665044
2.86069908086
2.86021104796
2.85972255364
2.85923359972
2.85874418793
2.85825431994
2.85776399737
2.85727322179
2.85678199477
2.8562903178
2.85579819239
2.85530562001
2.85481260212
2.85431914015
2.85382523553
2.85333088967
2.85283610397
2.85234087982
2.8518452186
2.85134912166
2.85085259037
2.85035562608
2.8498582301
2.84936040378
2.84886214842
2.84836346534
2.84786435582
2.84736482117
2.84686486265
2.84636448154
2.8458636791
2.84536245659
2.84486081524
2.8443587563
2.84385628099
2.84335339053
2.84285008613
2.84234636899
2.84184224032
2.8413377013
2.8408327531
2.84032739689
2.83982163385
2.83931546513
2.83880889186
2.83830191521
2.83779453629
2.83728675623
2.83677857615
2.83626999717
2.83576102038
2.83525164688
2.83474187776
2.83423171411
2.83372115699
2.83321020748
2.83269886664
2.83218713552
2.83167501517
2.83116250664
2.83064961095
2.83013632914
2.82962266222
2.82910861121
2.82859417713
2.82807936097
2.82756416372
2.82704858639
2.82653262995
2.82601629538
2.82549958365
2.82498249573
2.82446503258
2.82394719515
2.82342898438
2.82291040123
2.82239144663
2.8218721215
2.82135242678
2.82083236338
2.82031193222
2.8197911342
