0.675923967829
0.399235943442
0.292076831953
0.234988048955
0.197938773649
0.1696147783
0.147164969003
0.128994370208
0.114170421711
0.101988016967
0.091894642978
0.0834587760052
0.0763459405097
0.0702976998994
0.0651139925909
0.0606390670976
0.0567506856206
0.0533520062743
0.0503655376108
0.0477286471789
0.0453902167717
0.0433081382148
0.0414474249445
0.0397787758283
0.0382774730032
0.0369225280201
0.0356960140022
0.0345825382924
0.0335688221162
0.0326433624698
0.0317961577446
0.0310184831906
0.0303027056961
0.0296421298537
0.0290308691332
0.0284637374357
0.0279361569549
0.0274440800821
0.0269839224836
0.0265525052754
0.0261470054382
0.0257649128009
0.0254039926886
0.0250622534033
0.0247379178437
0.024429398685
0.0241352766319
0.0238542813317
0.0235852745022
0.0233272355729
0.0230792479996
0.0228404882633
0.0226102155929
0.0223877629936
0.0221725293057
0.0219639721702
0.0217616017894
0.0215649753911
0.0213736923107
0.0211873896191
0.0210057382331
0.0208284394526
0.0206552218734
0.0204858386354
0.0203200649658
0.0201576959848
0.0199985447436
0.01984244047
0.019689226997
0.0195387613543
0.0193909125067
0.0192455602199
0.0191025940434
0.0189619123954
0.0188234217396
0.0186870358443
0.0185526751145
0.0184202659898
0.0182897404009
0.0181610352787
0.0180340921104
0.0179088565382
0.0177852779956
0.0176633093783
0.0175429067453
0.0174240290479
0.0173066378834
0.0171906972715
0.017076173451
0.016963034694
0.0168512511377
0.0167407946304
0.0166316385913
0.0165237578824
0.016417128692
0.0163117284273
0.016207453333
0.0161040132402
0.0160014445552
0.0158997758447
0.0157990297212
0.0156992241144
0.0156003731924
0.0155024880382
0.0154055771596
0.0153096468821
0.0152147016569
0.0151207443082
0.0150277762349
0.014935797579
0.0148448073677
0.014754803636
0.0146657835331
0.0145777434162
0.0144906789334
0.014404585098
0.0143194563552
0.0142352866422
0.0141520694427
0.0140697978363
0.0139884645434
0.0139080619663
0.0138285822267
0.0137500171994
0.013672358544
0.0135955977332
0.0135197260786
0.013444734755
0.0133706148221
0.013297357244
0.0132249529082
0.0131533926415
0.0130826672257
0.0130127674114
0.0129436839306
0.0128754075083
0.0128079288731
0.0127412387669
0.0126753279533
0.012610187226
0.0125458074155
0.0124821793962
0.0124192940917
0.0123571424807
0.0122957156015
0.0122350045561
0.0121750005147
0.0121156947186
0.0120570784836
0.0119991432026
0.0119418803479
0.0118852814737
0.0118293382176
0.0117740423022
0.0117193855368
0.0116653598181
0.0116119571315
0.0115591695518
0.0115069892438
0.0114554084628
0.0114044195547
0.0113540149566
0.0113041871966
0.011254928894
0.0112062327588
0.0111580915921
0.0111104982851
0.0110634458196
0.0110169272665
0.0109709357865
0.0109254646285
0.0108805071298
0.010836056715
0.0107921068955
0.0107486512688
0.0107056835177
0.0106631974096
0.0106211867954
0.0105796456094
0.0105385678675
0.0104979476672
0.0104577791862
0.0104180566816
0.0103787744891
0.0103399270223
0.0103015087713
0.0102635143021
0.0102259382557
0.0101887753469
0.0101520203638
0.0101156681666
0.0100797136865
0.0100441519251
0.0100089779536
0.00997418691116
0.00993977400488
0.00990573450831
0.0098720637607
0.00983875716616
0.00980581019268
