501005.603098
428440.345556
428049.802152
427645.459853
427227.919187
426797.829943
426355.802711
425902.399664
425438.137513
424963.491785
424478.900815
423984.769285
423481.471345
422969.353365
422448.736373
421919.918225
421383.17553
420838.765378
420286.926884
419727.882578
419161.839648
418588.991073
418009.516639
417423.583866
416831.348841
416232.956985
415628.543749
415018.235243
414402.148822
413780.393616
413153.071015
412520.275115
411882.093137
411238.605797
410589.887659
409936.007461
409277.028404
408613.008434
407944.000496
407270.052769
406591.208882
405907.508125
405218.985629
404525.67255
403827.596225
403124.78033
402417.245019
401705.007059
400988.079952
400266.474053
399540.196677
398809.252208
398073.642188
397333.365416
396588.418033
395838.793611
395084.48323
394325.475564
393561.756958
392793.311516
392020.12118
391242.165824
390459.423351
389671.869803
388879.479486
388082.225122
387280.078025
386473.008331
385660.985285
384843.977621
384021.954069
383194.884063
382362.738734
381525.492374
380683.124639
379835.624033
378982.99366
378125.261364
377262.499013
376394.863365
375522.697002
374646.846945
373770.309282
372880.6479
371952.895567
371029.314399
370102.551476
369171.091397
368234.274352
367291.714689
366343.14342
365388.349407
364427.152889
363459.391968
362484.915032
361503.576187
360515.232322
359519.741121
358516.959651
357506.743294
356488.94492
355463.414195
354429.996996
353388.534875
352338.864566
351280.817511
350214.219377
349138.889584
348054.640798
346961.278414
345858.599994
344746.394671
343624.442498
342492.513741
341350.368103
340197.753859
339034.406908
337860.049706
336674.39007
335477.119829
334267.913295
333046.425514
331812.290261
330565.117712
329304.491743
328029.966739
326741.063816
325437.26629
324118.014178
322782.697451
321430.647626
320061.127133
318673.315634
319411.107754
317975.496261
384796.683849
394890.035202
402682.438148
408860.048055
413822.852614
417827.161249
421048.7904
423614.598593
425619.666097
427137.287003
428225.050527
428928.611351
429283.934468
429318.314825
429050.01504
428485.522199
427610.817848
426361.123424
424449.00295
416346.517981
418021.568357
419083.398298
391437.0245
387616.593325
383586.857062
379311.570291
374752.418649
369862.745302
364580.308534
358816.062864
352433.274329
345202.040354
336678.075479
325748.526954
305588.357068
684931.218589
738033.602285
792263.3263
846758.967718
900791.318869
953761.669625
1005224.69294
1054887.73475
1102590.666
1148276.13785
1191958.74866
1233698.55429
1273580.90464
1311702.4117
1348161.85176
1383054.55685
1416469.15262
1448485.84408
1479175.69034
1508600.60496
1536813.89812
1563861.30699
1589782.39483
1614612.25288
1638383.346
1661127.36269
1682876.85853
1703666.56674
1723534.25945
1742521.15114
