1910.6051526
1912.2118414
1913.68262021
1915.0267405
1916.25281752
1917.36887422
1918.38238209
1919.30029914
1920.12910536
1920.87483561
1921.54311034
1922.13916411
1922.66787222
1923.13377542
1923.54110299
1923.89379418
1924.19551816
1924.44969267
1924.65950127
1924.82790952
1924.95767974
1925.05138534
1925.11142376
1925.14002853
1925.1392805
1925.11111835
1925.05734841
1924.97965367
1924.87960235
1924.75865573
1924.61817551
1924.45943066
1924.28360378
1924.09179704
1923.88503768
1923.66428317
1923.430426
1923.18429811
1922.92667509
1922.65828
1922.37978699
1922.09182463
1921.79497908
1921.48979694
1921.17678799
1920.85642769
1920.52915957
1920.19539735
1919.85552701
1919.50990872
1919.15887853
1918.80275008
1918.44181609
1918.07634981
1917.70660635
1917.33282388
1916.95522484
1916.57401697
1916.1893943
1915.80153814
1915.41061789
1915.01679187
1914.62020806
1914.22100484
1913.81931158
1913.4152493
1913.00893123
1912.60046329
1912.18994466
1911.77746816
1911.36312074
1910.94698385
1910.52913378
1910.10964207
1909.68857578
1909.26599781
1908.84196719
1908.41653932
1907.9897662
1907.56169669
1907.13237673
1906.70183553
1906.2701424
1905.83732075
1905.40340654
1904.96843367
1904.53243407
1904.09543787
1903.65747347
1903.21856772
1902.77874595
1902.33803212
1901.89644889
1901.45401771
1901.01075889
1900.56669168
1900.12183436
1899.67620424
1899.2298178
1898.78269069
1898.33483781
1897.88627333
1897.43701077
1896.98706302
1896.53644238
1896.0851606
1895.63322893
1895.18065813
1894.72745848
1894.27363988
1893.81921181
1893.36418337
1892.9085633
1892.45236005
1891.9955817
1891.53823608
1891.08033074
1890.62187295
1890.16286975
1889.70332796
1889.24325415
1888.78265472
1888.32153585
1887.85990355
1887.39776367
1886.93512187
1886.47198367
1886.00835444
1885.54423941
1885.0796437
1884.61457227
1884.14902998
1883.68302158
1883.2165517
1882.7496249
1882.2822456
1881.81441815
1881.34614681
1880.87743577
1880.40828911
1879.93871086
1879.46870496
1878.99827528
1878.52742564
1878.05615978
1877.58448138
1877.11239405
1876.63990137
1876.16700685
1875.69371394
1875.22002604
1874.74594652
1874.27147867
1873.79662576
1873.32139101
1872.84577759
1872.36978863
1871.89342723
1871.41669643
1870.93959925
1870.46213866
1869.98431761
1869.506139
1869.0276057
1868.54872055
1868.06948636
1867.58990589
1867.10998188
1866.62971706
1866.1491141
1865.66817565
1865.18690435
1864.70530277
1864.22337351
1863.74111909
1863.25854204
1862.77564484
1862.29242996
1861.80889985
1861.32505692
1860.84090355
1860.35644213
1859.87167499
1859.38660446
1858.90123284
1858.41556241
1857.92959543
1857.44333413
1856.95678072
1856.4699374
1855.98280634
1855.49538969
1855.00768959
1854.51970815
1854.03144746
1853.5429096
1853.05409663
1852.56501057
1852.07565344
1851.58602726
