0.01266
0.0108418627977
0.0109609661799
0.0114505610222
0.016055942125
0.127792952319
0.026826623449
0.0310115025011
0.0334265078596
0.0347230329082
0.035382449092
0.0356921957488
0.0358124541411
0.0358304147388
0.0357932061958
0.0357262883461
0.0356434469187
0.0355521763461
0.0354565746566
0.0353589004374
0.0352604128001
0.0351618254504
0.035063552898
0.0349658443744
0.0348688569191
0.0347726954139
0.0346774346058
0.0345831312833
0.034489831052
0.0343975721371
0.0343063875438
0.0342163063047
0.0341273542198
0.0340395543095
0.033952927107
0.0338674908581
0.0337832616676
0.0337002536147
0.0336184788494
0.0335379476776
0.0334586686391
0.0333806485805
0.0333038927255
0.0332284047423
0.0331541868098
0.0330812396823
0.033009562753
0.0329391541168
0.0328700106319
0.0328021279808
0.0327355007305
0.0326701223916
0.0326059854764
0.0325430815568
0.0324814013206
0.0324209346267
0.0323616705594
0.032303597482
0.0322467030883
0.0321909744534
0.0321363980833
0.0320829599
0.0320306455378
0.0319794400149
0.0319293280254
0.0318802939193
0.0318323217429
0.0317853952778
0.0317394980783
0.0316946135068
0.0316507247679
0.0316372697308
0.0316239734362
0.0316106163141
0.0315972731415
0.0315839913566
0.0315708009259
0.031557720626
0.0315447620494
0.0315319321645
0.0315192349566
0.0315066724826
0.0314942455505
0.0314819541588
0.0314697977814
0.0314577755523
0.031445886387
0.0314341290607
0.0314225022611
0.0314110046217
0.0313996347453
0.0313883912182
0.0313772726211
0.0313662775351
0.0313554045467
0.0313446522509
0.0313340192529
0.0313235041702
0.0313131056328
0.0313028222848
0.031292652784
0.0312825958028
0.0312726500282
0.0312628141618
0.0312530869202
0.0312434670348
0.0312339532519
0.0312245443326
0.0312152390527
0.0312060362028
0.0311969345881
0.0311879330283
0.0311790303577
0.0311702254249
0.0311615170925
0.0311529042374
0.0311443857505
0.0311359605364
0.0311276275136
0.0311193856141
0.0311112337831
0.0311031709796
0.0310951961752
0.031087308355
0.0310795065167
0.0310717896707
0.0310641568402
0.0310566070606
0.0310491393798
0.0310417528576
0.031034446566
0.0310272195888
0.0310200710215
0.0310129999711
0.0310060055563
0.0309990869068
0.0309922431634
0.0309854734783
0.0309787770141
0.0309721529445
0.0309656004536
0.0309591187361
0.0309527069968
0.030946364451
0.0309400903239
0.0309338838507
0.0309277442764
0.0309216708556
0.0309156628527
0.0309097195413
0.0309038402044
0.0308980241344
0.0308922706325
0.030886579009
0.0308809485831
0.0308753786827
0.0308698686443
0.0308644178129
0.0308590255421
0.0308536911936
0.0308484141374
0.0308431937515
0.0308380294219
0.0308329205427
0.0308278665155
0.0308228667498
0.0308179206625
0.0308130276782
0.0308081872288
0.0308033987535
0.0307986616987
0.0307939755179
0.0307893396718
0.0307847536278
0.0307802168604
0.0307757288507
0.0307712890866
0.0307668970625
0.0307625522794
0.0307582542447
0.0307540024722
0.030749796482
0.0307456358003
0.0307415199596
0.0307374484982
0.0307334209606
0.0307294368973
0.0307254958643
0.0307215974236
0.0307177411429
0.0307139265953
0.0307101533599
0.0307064210208
0.0307027291678
0.030699077396
0.0306954653059
0.0306918925031
0.0306883585984
0.0306848632078
0.0306814059522
