0.0
0.0
0.0
0.0
0.0
0.0
0.0
0.0
0.0
0.0
0.0
0.0
0.0
0.0
0.0
0.0
0.0
0.0
0.0
0.0
0.0
0.0
0.0
0.0
0.0
0.0
0.0
0.0
0.0
0.0
0.0
0.0
0.0
0.0
0.0
0.0
0.0
0.0
0.0
0.0
0.0
0.0
0.0
0.0
0.0
0.0
0.0
0.0
0.0
0.0
0.0
0.0
0.0
0.0
0.0
0.0
0.0
0.0
0.0
0.0
0.0
0.0
0.0
0.0
0.0
0.0
0.0
0.0
0.0
0.0
0.0
0.0
0.0
0.0
0.0
0.0
0.0
0.0
0.0
0.0
0.0
0.0
0.0
0.0
0.0
0.0
0.0
0.0
0.0
0.0
0.0
0.0
0.0
0.0
0.0
0.0
0.0
0.0
0.0
0.0
0.354859198202
0.280431659293
0.219287585106
0.16883846124
0.127025310739
0.0922030245245
0.0630529391059
0.0385155195073
0.0177378440126
3.22596932744e-05
-0.0151563784994
-0.0282767873673
-0.0396920861629
-0.0496964759955
-0.0585286200348
-0.0663823922187
-0.0734155214414
-0.0797565491653
-0.0855104333374
-0.0907630644611
-0.0955849066525
-0.100033934356
-0.104158001779
-0.107996755232
-0.111583177017
-0.114944832248
-0.118104876083
-0.121082867708
-0.123895428405
-0.126556773835
-0.12907914479
-0.131473156023
-0.133748078939
-0.135912070896
-0.137972361392
-0.139935403437
-0.141806996794
-0.1435923885
-0.145296355005
-0.146923269461
-0.14847715699
-0.149961740215
-0.151380476908
-0.152736591242
-0.154033099855
-0.155272833687
-0.156458456385
-0.157592479904
-0.158677277823
-0.159715096772
-0.160708066331
-0.161658207648
-0.162567441011
-0.163437592539
-0.164270400152
-0.165067518921
-0.165830525905
-0.166560924547
-0.167260148694
-0.167929566298
-0.168570482825
-0.169184144433
-0.169771740921
-0.170334408499
-0.170873232369
-0.171389249173
-0.17188344928
-0.172356778963
-0.172810142446
-0.173244403851
-0.17366038904
-0.174058887368
-0.174440653347
-0.174806408228
-0.175156841509
-0.175492612366
-0.175814351023
-0.176122660054
-0.176418115621
-0.176701268661
-0.176972646013
-0.177232751497
-0.177482066938
-0.177721053151
-0.177950150871
-0.178169781652
-0.178380348714
-0.178582237761
-0.178775817754
-0.178961441656
-0.179139447137
-0.179310157252
-0.179473881086
-0.179630914371
-0.179781540074
-0.179926028959
-0.180064640124
-0.180197621514
-0.180325210413
-0.180447633907
