1.384e-05
0.000338369325864
0.000338560186547
0.00033874688853
0.000338930437136
0.000339111643649
0.000339291153176
0.000339469475994
0.000339647012381
0.000339824073365
0.000340000897956
0.000340177750709
0.000340354517396
0.000340531545253
0.000340708821391
0.000340886393151
0.000341064290503
0.000341242530122
0.000341421118652
0.000341600055299
0.000341779333872
0.000341951782048
0.000342138838216
0.000342319079768
0.000342499610559
0.000342680415631
0.000342861480025
0.000343042789165
0.000343224329071
0.000343406086499
0.000343588049024
0.000343770205092
0.000343952544025
0.000344135056025
0.000344317732138
0.000344500564225
0.00034468354492
0.000344866667576
0.00034504992622
0.000345233315503
0.000345416830646
0.000345600467393
0.000345784221967
0.000345968091023
0.000346152071608
0.000346336161122
0.000346520357284
0.0003467046581
0.000346889061829
0.000347073566959
0.000347258172185
0.000347442876378
0.000347627678576
0.000347812577955
0.000347997573894
0.000348182734745
0.000348368347008
0.000348554042281
0.000348739820449
0.000348925681478
0.000349111625405
0.000349296655411
0.000349483757779
0.000349669951986
0.000349856229622
0.000350042590982
0.000350229036374
0.000350415566122
0.000350602180565
0.000350788880053
0.000350975664944
0.000351162535603
0.000351349492399
0.000351536535703
0.000351723665886
0.000351910883321
0.000352098188378
0.000352285581422
0.00035247306282
0.000352660632929
0.000352848292106
0.000353036040701
0.000353223879057
0.000353411807514
0.000353599826405
0.000353787936056
0.000353976136786
0.00035416442891
0.000354352812735
0.000354541041165
0.000354729591354
0.000354918246761
0.000355106995322
0.000355295837279
0.000355484772875
0.00035567380235
0.000355862925941
0.000356052143881
0.000356241456401
0.000356430863729
0.000356491319509
0.000356662525812
0.000356837129569
0.000357014586813
0.000357194423582
0.000357376247134
0.000357559732585
0.000357744611116
0.000357930660236
0.000358117695754
0.000358305565151
0.000358494142112
0.000358683322004
0.000358873018143
0.000359063158705
0.000359253684068
0.0003594445452
0.000359635700931
0.000359827117472
0.000360018766728
0.000360210625412
0.00036040267422
0.000360594897149
0.000360787280932
0.000360979814572
0.000361172488954
0.000361365296523
0.00036155823102
0.000361751287259
0.000361944460944
0.00036213774852
0.000362331147046
0.000362524654088
0.000362718267637
0.000362911986035
0.000363105807914
0.000363299732149
0.000363493757816
0.000363687884159
0.00036388211056
0.000364076436516
0.000364270861622
0.000364465385551
0.000364660008043
0.000364854728894
0.000365049547946
0.00036524446508
0.000365439480206
0.000365634593266
0.000365829804219
0.000366025113047
0.000366220519745
0.000366416024321
0.000366611626796
0.000366807327199
0.000367003125567
0.000367199021942
0.000367395016374
0.000367591108916
0.000367787299626
0.000367983588564
0.000368179975794
0.000368376461383
0.000368573045397
0.000368769727907
0.000368966508985
0.000369163388703
0.000369360367135
0.000369557444356
0.000369754620442
0.000369951895469
0.000370149269515
0.000370346742657
0.000370544314973
0.000370741986543
0.000370939757446
0.00037113762776
0.000371335597567
0.000371533666946
0.000371731835978
0.000371930104743
0.000372128473323
0.000372326941798
0.00037252551025
0.00037272417876
0.00037292294741
0.000373121816281
0.000373320785456
0.000373519855016
0.000373719025044
0.000373918295621
0.00037411766683
0.000374317138752
0.000374516711472
0.000374716385069
0.000374916159628
0.000375116035231
0.00037531601196
0.000375516089897
0.000375716269125
