0.03347
0.0155939234493
0.0156402310147
0.0156817454769
0.015718703107
0.0157513163358
0.0157797857266
0.0158043015803
0.0158250447164
0.0158421870428
0.0158558920402
0.0158663152068
0.0158736044817
0.0158779006483
0.0158793379405
0.0158780434932
0.0158741391423
0.0158677407445
0.0158589587597
0.0158478985479
0.0158346606505
0.0158193411136
0.015802031532
0.015782819538
0.0157617888855
0.0157390196803
0.0157145885736
0.0156885689434
0.015661031065
0.0156320422711
0.015601667102
0.0155699674477
0.01553700268
0.0155028297784
0.0154675034472
0.0154310762271
0.0153935985988
0.0153551190825
0.015315684401
0.0152753392842
0.0152341269757
0.0151920890296
0.0151492654542
0.015105694782
0.0150614141359
0.0150164592913
0.0149708647361
0.0149246637264
0.0148778883399
0.0148305695264
0.0147827371558
0.0147344200636
0.0146856460942
0.0146364421421
0.0145868341908
0.0145368473502
0.0144865058918
0.0144358332826
0.0143848522173
0.0143335846487
0.0142820518168
0.0142302742769
0.0141782719261
0.0141260640286
0.0140736692396
0.0140211056292
0.0139683907035
0.0139155414264
0.0138625742397
0.0138095050822
0.013756349408
0.0137031222048
0.0136498380103
0.0135965109283
0.0135431546448
0.0134897824423
0.0134364072142
0.0133830414786
0.0133296973911
0.0132763867577
0.0132231210464
0.0131699113991
0.0131167686425
0.0130637032988
0.0130107255956
0.0129578454762
0.0129050726085
0.0128524163943
0.0127998859778
0.0127474902541
0.0126952378769
0.0126431372664
0.0125911966167
0.0125394239026
0.0124878268865
0.0124364131254
0.0123851899762
0.0123341646028
0.0122833439811
0.0122327349049
0.0121823439914
0.012132177686
0.0120822422674
0.0120325438524
0.0119830884004
0.011933881718
0.0118849294627
0.0118362371475
0.0117878101446
0.011739653689
0.0116917728822
0.0116441726959
0.0115968579748
0.0115498334403
0.0115031036933
0.0114566732171
0.0114105463805
0.0113647274402
0.0113192205436
0.0112740297311
0.0112291589389
0.0111846120009
0.0111403926512
0.0110965045258
0.0110529511653
0.0110097360163
0.0109668624334
0.0109243336813
0.0108821529361
0.010840323287
0.0107988477384
0.0107577292108
0.0107169705424
0.0106765744908
0.010636543734
0.0105968808718
0.0105575884269
0.0105186688463
0.0104801245024
0.0104419576935
0.0104041706458
0.0103667655135
0.0103297443801
0.0102931092594
0.010256862096
0.0102210047665
0.01018553908
0.0101504667789
0.0101157895395
0.0100815089729
0.0100476266255
0.0100141439796
0.00998106245395
0.0099483834044
0.0099161081243
0.00988423784506
0.00985277373664
0.00982171690793
0.00979106840727
0.00976082922277
0.00973100028275
0.00970158245609
0.0096725765526
0.00964398332332
0.00961580346087
0.00958803759974
0.00956068631661
0.00953375013058
0.0095072295035
0.00948112484017
0.00945543648864
0.00943016474041
0.00940530983069
0.00938087193862
0.00935685118748
0.00933324764491
0.00931006132314
0.00928729217917
0.00926494011306
0.00924300500489
0.00922148660135
0.00920038464911
0.00917969883576
0.00915942879282
0.00913957409715
0.00912013427167
0.00910110878578
0.0090824970557
0.00906429844468
0.00904651226329
0.00902913776967
0.00901217416971
0.00899562056703
0.00897947616413
0.00896373996219
0.00894841096083
0.00893348810889
0.00891897030469
0.00890485639631
0.00889114518191
