0.0
0.0
0.0
0.0
0.0
0.0
0.0
0.0
0.0
0.0
0.0
0.0
0.0
0.0
0.0
0.0
0.0
0.0
0.0
0.0
0.0
0.0
0.0
0.0
0.0
0.0
0.0
0.0
0.0
0.0
0.0
0.0
0.0
0.0
0.0
0.0
0.0
0.0
0.0
0.0
0.0
0.0
0.0
0.0
0.0
0.0
0.0
0.0
0.0
0.0
0.0
0.0
0.0
0.0
0.0
0.0
0.0
0.0
0.0
0.0
0.0
0.0
0.0
0.0
0.0
0.0
0.0
0.0
0.0
0.0
0.0
0.0
0.0
0.0
0.0
0.0
0.0
0.0
0.0
0.0
0.0
0.0
0.0
0.0
0.0
0.0
0.0
0.0
0.0
0.0
0.0
0.0
0.0
0.0
0.0
0.0
0.0
0.0
0.0
0.0
-491.30343597
-436.134322427
-387.727163016
-345.248813206
-307.969860284
-275.251490443
-246.534054427
-221.327109696
-199.200743901
-179.778010209
-162.728327745
-147.761720311
-134.623783739
-123.091287107
-112.968325858
-104.082955855
-96.2842468923
-89.4397022995
-83.4329983149
-78.1620029387
-73.5370391965
-69.4793622634
-65.9198238054
-62.7977002817
-60.059664899
-57.6588854639
-55.5542326071
-53.709584793
-52.0932182211
-50.6772712006
-49.4372738709
-48.3517352673
-47.4017807195
-46.5708334287
-45.8443348325
-45.2094990193
-44.6550970428
-44.1712674893
-43.7493500984
-43.3817396302
-43.0617575112
-42.7835390961
-42.5419346438
-42.3324223378
-42.1510318876
-41.9942774209
-41.8590985389
-41.7428085399
-41.6430489404
-41.5577495276
-41.4850932697
-41.4234854944
-41.3715268164
-41.3279893568
-41.2917958555
-41.2620013245
-41.2377769322
-41.2183958488
-41.2032208131
-41.1916932118
-41.1833234882
-41.1776827172
-41.1743952055
-41.1731319927
-41.1736051428
-41.1755627311
-41.1787844405
-41.1830776948
-41.1882742623
-41.1942272727
-41.200808598
-41.2079065522
-41.2154238706
-41.2232759365
-41.231389223
-41.2396999253
-41.24815276
-41.2566999101
-41.2653000994
-41.2739177799
-41.2825224179
-41.291087868
-41.2995918232
-41.3080153322
-41.3163423763
-41.3245594976
-41.3326554727
-41.3406210274
-41.348448585
-41.3561320468
-41.363666599
-41.3710485431
-41.3782751485
-41.3853445215
-41.3922554925
-41.3990075153
-41.4056005805
-41.4120351388
-41.4183120342
-41.4244324455
