0.0210374357906
0.0210516734891
0.0210659534482
0.0210802756806
0.0210946402043
0.0211090470446
0.0211234962337
0.0211379878102
0.0211525218188
0.0211670983093
0.0211817173369
0.0211963789612
0.021211083246
0.0212258302591
0.0212406200723
0.0212554527605
0.0212703284018
0.0212852470775
0.0213002088717
0.0213152138709
0.0213302621642
0.0213453538432
0.0213604890012
0.0213756677341
0.0213908901393
0.0214061563162
0.0214214663659
0.021436820391
0.0214522184958
0.021467660786
0.0214831473684
0.0214986783514
0.0215142538444
0.021529873958
0.0215455388039
0.0215612484947
0.021577003144
0.0215928028663
0.0216086477769
0.021624537992
0.0216404736282
0.0216564548032
0.0216724816349
0.0216885542422
0.0217046727442
0.0217208372605
0.0217370479114
0.0217533048175
0.0217696080995
0.0217859578787
0.0218023542766
0.021818797415
0.0218352874157
0.0218518244008
0.0218684084925
0.0218850398129
0.0219017184845
0.0219184446295
0.02193521837
0.0219520398282
0.0219689091262
0.0219858263857
0.0220027917284
0.0220198052756
0.0220368671485
0.0220539774677
0.0220711363537
0.0220883439264
0.0221056003053
0.0221229056093
0.022140259957
0.0221576634661
0.0221751162538
0.0221926184367
0.0222101701305
0.0222277714502
0.0222454225099
0.022263123423
0.0222808743018
0.0222986752576
0.0223165264008
0.0223344278406
0.0223523796851
0.0223703820412
0.0223884350145
0.0224065387093
0.0224246932287
0.022442898674
0.0224611551454
0.0224794627414
0.0224978215586
0.0225162316925
0.0225346932363
0.0225532062816
0.0225717709183
0.0225903872341
0.0226090553147
0.0226277752438
0.0226465471028
0.0226653709711
0.0226842469256
0.0227031750408
0.0227221553887
0.0227411880389
0.0227602730583
0.022779410511
0.0227986004583
0.0228178429589
0.0228371380681
0.0228564858385
0.0228758863194
0.0228953395568
0.0229148455936
0.022934404469
0.022954016219
0.0229736808758
0.022993398468
0.0230131690204
0.0230329925538
0.0230528690853
0.0230727986276
0.0230927811896
0.0231128167756
0.0231329053858
0.0231530470157
0.0231732416566
0.0231934892947
0.0232137899119
0.0232341434851
0.0232545499861
0.0232750093819
0.0232955216343
0.0233160866999
0.0233367082689
0.0233573826042
0.0233781815918
0.0233990227685
0.0234199074637
0.0234408365649
0.0234618106632
0.0234828301462
0.0235038952587
0.0235250061413
0.0235461628571
0.0235673654105
0.0235886137595
0.023609907826
0.0236312475027
0.0236526326579
0.0236740631404
0.0236955387823
0.0237170594014
0.0237386248035
0.0237602347838
0.0237818891283
0.0238035876148
0.0238253300135
0.0238471160884
0.023868945597
0.0238908182914
0.0239127339183
0.0239346922194
0.0239566929318
0.0239787357876
0.0240008205147
0.0240229468361
0.0240451144702
0.024067323131
0.0240895725271
0.0241118623622
0.0241341923346
0.0241565621364
0.0241789714535
0.0242014199647
0.0242239073409
0.0242464332444
0.0242689973277
0.024291599232
0.0243142385862
0.0243369150044
0.0243596280841
0.0243823774032
0.0244051625169
0.0244279829539
0.0244508382108
0.0244737277471
0.0244966509765
0.0245196141757
0.0245426211026
0.0245656716132
0.0245887655714
0.0246119028536
0.0246350833564
0.0246583070089
0.0246815737925
0.0247048837737
0.0247282371612
0.0247516344092
0.0247750764173
0.0247985649534
