6.0
8.32816469955
8.3287073874
8.32920058896
8.3296501101
8.33006114404
8.33043832226
8.33078576473
8.33110712813
8.33140565165
8.33168419972
8.33194530156
8.33219118674
8.33242382001
8.33264492918
8.332856033
8.33305846501
8.33325339522
8.33344184928
8.33362472563
8.33380281066
8.33397680604
8.33414726784
8.33431477013
8.33447975271
8.33464261485
8.33480370425
8.33496332341
8.33512173516
8.33527916764
8.33543581852
8.33559185884
8.33574743634
8.33590267834
8.33605769433
8.33621257821
8.33636741026
8.33652225887
8.33667718209
8.33683222888
8.33698744037
8.33714285082
8.33729848853
8.33745437663
8.33761053378
8.33776697475
8.33792371092
8.33808075083
8.33823810048
8.33839576374
8.33855374267
8.33871203772
8.33887064803
8.33902957163
8.33918
8.33934834575
8.33950818816
8.33966832791
8.33982875963
8.33998947758
8.34015047575
8.34031174096
8.34047328823
8.34063508919
8.34079714477
8.34095944841
8.34112199355
8.34128477366
8.34144778226
8.34161101294
8.34177445938
8.34193811536
8.34210197474
8.34226603153
8.34243027985
8.34259471394
8.34275932819
8.3429241171
8.34308907532
8.34325419764
8.34341947899
8.34358491441
8.34375049911
8.34391622841
8.34408209778
8.34424810281
8.34441423921
8.34458050285
8.34474688968
8.34491339529
8.34508001688
8.34524675034
8.34541359208
8.34558053864
8.34574758669
8.34591473298
8.34608197437
8.34624930783
8.34641673041
8.34658423925
8.347
8.34717
8.34734
8.34751
8.34768
8.34785
8.34802
8.34819
8.34836
8.34853
8.3487
8.34887
8.34904
8.34921
8.34938
8.34955
8.34972
8.34989
8.35006
8.35023
8.3504
8.35057
8.35074
8.35091
8.35108
8.35125
8.35142
8.35159
8.35176
8.35193
8.3521
8.35227
8.35244
8.35261
8.35278
8.35295
8.35312
8.35329
8.35346
8.35363
8.3538
8.35397
8.35414
8.35431
8.35448
8.35465
8.35482
8.35499
8.35516
8.35533
8.3555
8.35567
8.35584
8.35601
8.35618
8.35635
8.35652
8.35669
8.35686
8.35703
8.3572
8.35737
8.35754
8.35771
8.35788
8.35805
8.35822
8.35839
8.35856
8.35873
8.3589
8.35907
8.35924
8.35941
8.35958
8.35975
8.35992
8.36009
8.36026
8.36043
8.3606
8.36077
8.36094
8.36111
8.36128
8.36145
8.36162
8.36179
8.36196
8.36213
8.3623
8.36247
8.36264
8.36281
8.36298
8.36315
8.36332
8.36349
8.36366
8.36383
