0.0022513
-0.00170084539396
-0.00179030653196
-0.00188149009039
-0.0019743729679
-0.00206893356596
-0.00216515162297
-0.00226300811609
-0.00236248520102
-0.00246356616118
-0.00256623536165
-0.0026704782071
-0.00277628110317
-0.00288363142096
-0.00299251746442
-0.00310292844028
-0.00321485443044
-0.00332828636654
-0.00344321600646
-0.00355963591286
-0.0036775394333
-0.00379692068208
-0.00391777452354
-0.00404009655681
-0.00416388310185
-0.00428913118681
-0.00441583853652
-0.00454400356215
-0.00467362535193
-0.00480470366291
-0.00493723891372
-0.00507123217828
-0.00520668518045
-0.00534360028954
-0.00548198051675
-0.00562182951247
-0.00576315156437
-0.00590595159642
-0.00605023516866
-0.00619600847784
-0.00634327835891
-0.00649205228729
-0.00664233838206
-0.00679414540994
-0.00694748279021
-0.00710236060048
-0.00725878958345
-0.00741678115455
-0.00757634741072
-0.00773750114008
-0.00790025583289
-0.00806462569359
-0.00823062565418
-0.00839827138897
-0.00856757933081
-0.0087385666891
-0.00891125146954
-0.00908565249607
-0.00926178943522
-0.00943968282326
-0.00961935409665
-0.00980082562656
-0.00998412075822
-0.0101692638565
-0.0103562803595
-0.0105451968424
-0.0107360410959
-0.0109288422245
-0.0111236307743
-0.0113204389043
-0.011519300629
-0.0117202521776
-0.0119233325643
-0.0121285845651
-0.0123360565711
-0.012545806615
-0.0127579130702
-0.0129725149961
-0.0131902302846
-0.01340777581
-0.0136280241058
-0.0138507988358
-0.0140760480008
-0.014303788499
-0.0145340551786
-0.014766890539
-0.0150023415213
-0.0152404582806
-0.0154812936676
-0.0157249030105
-0.0159713440414
-0.0162206768977
-0.0164729641689
-0.0167282709719
-0.0169866650457
-0.0172482168638
-0.0175129997583
-0.0177810900576
-0.0180525672352
-0.0183275140714
-0.018606016826
-0.0188881654243
-0.0191740536566
-0.0194637793914
-0.0197574448034
-0.0200551566175
-0.0203570263694
-0.0206631706842
-0.0209737115734
-0.0212887767511
-0.0216084999716
-0.0219330213869
-0.0222624879262
-0.0225970536967
-0.0229368804038
-0.0232821377915
-0.0236330040973
-0.0239896665179
-0.0243523216773
-0.024721176086
-0.0250964465715
-0.0254783606565
-0.0258671568433
-0.0262630847486
-0.0266664050044
-0.0270773887983
-0.0274963168648
-0.0279234776379
-0.0283591641181
-0.0288036687404
-0.0292572750895
-0.0297202445201
-0.0301927943057
-0.0306281716346
-0.0311212541222
-0.0312388308143
-0.0316017210304
-0.0320042955083
-0.0324327683068
-0.0328801242533
-0.0333422186901
-0.0338162114002
-0.0342997563727
-0.0347903843526
-0.0352846688547
-0.0357774833611
-0.0362673747878
-0.63310467721
-0.56817209175
-0.509664645033
-0.453612806602
-0.395693543378
-0.320913129985
-0.234535849988
-0.249699420698
-0.264285551184
-0.278212021251
-0.291451857621
-0.303984899978
-0.315820305388
-0.326972078821
-0.337460554059
-0.347310072509
-0.356547556013
-0.365201527291
-0.373301380266
-0.380876923076
-0.38795779061
-0.394573263382
-0.400751926124
-0.406521475028
-0.41190856294
-0.416938690399
-0.421636136766
-0.426023926098
-0.429949191124
-0.431026369779
-0.431905026547
-0.432594683691
-0.433107403641
-0.433455717726
-0.433651840844
-0.433707116569
-0.433631632922
-0.433433987557
-0.433121164428
-0.432698481735
-0.432169576772
-0.431536400721
-0.430799203008
-0.429956490045
-0.429004948038
-0.427939325915
-0.426752286448
-0.425434258676
-0.423973376032
-0.422355682363
-0.420565953091
-0.418589703351
-0.41641713929
