0.439651703418
-0.344589201891
-0.311084074184
-0.279019518743
-0.248396482225
-0.219199177884
-0.191407182834
-0.164996309642
-0.139939058585
-0.116205039561
-0.0937613756377
-0.0725730870227
-0.0526034540609
-0.0338143582313
-0.0161666001186
0.000379805566295
0.0158653585773
0.0303308250035
0.043817002787
0.0563645607313
0.0680137842143
0.0788044765635
0.0887757941423
0.0979661279813
0.10641299956
0.114152972976
0.121221582304
0.127653272933
0.133481355703
0.138737972672
0.143454073398
0.147659400651
0.151382484541
0.154650644085
0.157489995309
0.159925465046
0.161980809627
0.163678637772
0.165040436986
0.166086602882
0.166836470877
0.167308349751
0.167519556661
0.167486453175
0.167224482007
0.166748204127
0.166071335979
0.165206786576
0.164166694255
0.16296246294
0.161604797736
0.160103739761
0.15846870009
0.156708492735
0.154831366607
0.152845036389
0.150756712303
0.148573128727
0.146300571674
0.143944905089
0.141511596015
0.139005738586
0.136432076907
0.133795026807
0.131098696513
0.128346906256
0.125543206844
0.122690897243
0.119793041179
0.116852482819
0.113871861552
0.110853625906
0.107800046653
0.104713229109
0.1015951247
0.0984475417997
0.095272155895
0.0920705190962
0.0888440690402
0.0855941372098
0.082321956703
0.0790286694841
0.0757153331433
0.0723829271955
0.0690323589432
0.0656644689304
0.0622800360129
0.0588797820669
0.0554643763599
0.0520344396045
0.0485905477164
0.045133235294
0.0416629988404
0.0381802997433
0.0346855670288
0.0311791999071
0.0276615701209
0.0241330241136
0.0205938850282
0.0170444545489
0.013485014598
0.00991582889777
0.00633714440734
0.00274919264388
-0.000847809102903
-0.00445365665515
-0.0080681579226
-0.0116911319624
-0.0153224081168
-0.0189618252219
-0.0226092308834
-0.0262644808114
-0.0299274382127
-0.033597973233
-0.0372759624469
-0.0409612883909
-0.044653839136
-0.048353507897
-0.0520601926743
-0.0557737959271
-0.0594942242737
-0.0632213882178
-0.066955201898
-0.0706955828584
-0.0744424518388
-0.0781957325826
-0.0819553516611
-0.0857212383119
-0.0894933242917
-0.0932715437405
-0.0970558330573
-0.100846130786
-0.10464237751
-0.108444515758
-0.11225248991
-0.116066246122
-0.119885732244
-0.123710897755
-0.127541693696
-0.13137807261
-0.135219988488
-0.139067396714
-0.14292025402
-0.146778518441
-0.150642149272
-0.154511107028
-0.158385353407
-0.162264851259
-0.166149564549
-0.170039458328
-0.173934498705
-0.177834652817
-0.181739888805
-0.185650175788
-0.18956548384
-0.193485783967
-0.197411048085
-0.201341249
-0.205276360389
-0.209216356777
-0.213161213524
-0.217110906804
-0.221065413587
-0.225024711626
-0.228988779438
-0.23295759629
-0.236931142183
-0.240909397837
-0.244892344678
-0.248879964825
-0.252872241073
-0.256869156884
-0.260870696371
-0.264876844287
-0.268887586013
-0.272902907544
-0.276922795481
-0.280947237014
-0.284976219919
-0.289009732536
-0.293047763771
-0.297090303072
-0.301137340431
-0.305188866366
-0.309244871911
-0.313305348614
-0.317370288516
-0.321439684151
-0.325513528531
-0.329591815142
-0.333674537929
-0.33776169129
-0.341853270071
-0.345949269549
-0.350049685434
-0.35415451385
-0.358263751335
-0.362377394831
-0.366495441672
-0.370617889583
