384542.8587
28905.7282202
29040.6148239
29167.265751
29286.0725274
29397.4302059
29501.7079563
29599.2525514
29690.3911997
29775.4334548
29854.6726439
29928.387039
29996.8408703
30060.2852339
30118.9589151
30173.0891439
30222.8922903
30268.5745061
30310.3323194
30348.3533655
30382.8161415
30413.8916669
30441.7430995
30466.5263617
30488.3905244
30507.4781645
30523.9257
30537.8637031
30549.4171931
30558.7060319
30565.8447274
30570.9433192
30574.1072049
30575.4374484
30575.0309829
30572.9808016
30569.3761386
30564.3026391
30557.8425209
30550.074727
30541.0750701
30530.9163701
30519.6685841
30507.3989295
30494.1720022
30480.0498875
30465.0922668
30449.3565182
30432.8978133
30415.7692088
30398.021734
30379.7044745
30360.8646516
30341.547673
30321.797309
30301.6556069
30281.1630617
30260.3586532
30239.2799074
30217.9629547
30196.4425862
30174.7523074
30152.9243899
30130.9899205
30108.9788488
30086.9200329
30064.841283
30042.7694036
30020.7302335
29998.7486851
29976.8487815
29955.0536922
29933.3857681
29911.8665743
29890.5169225
29869.3569012
29848.4059059
29827.6826675
29807.2052796
29786.9912253
29767.0574024
29747.4201482
29728.0952635
29709.0980347
29690.4432567
29672.1452536
29654.2178994
29636.6746379
29619.5285016
29602.79213
29586.4777877
29570.5973815
29555.1624765
29540.1843128
29525.6738201
29511.6416334
29498.0981067
29485.0533271
29472.5171285
29460.499104
29449.0086188
29438.054822
29427.6466582
29417.7928793
29408.5020545
29399.7825814
29391.642696
29384.0904822
29377.1338816
29370.7807024
29365.0386284
29359.915227
29355.4179582
29351.5541817
29348.3311652
29345.7560912
29343.8360647
29342.5781195
29341.9892254
29342.0762941
29342.8461857
29344.3057143
29346.4616542
29349.3207451
29352.8896975
29357.1751978
29362.1839135
29367.9224974
29374.3975929
29381.6158378
29389.5838688
29398.3083258
29407.7958552
29418.0531144
29429.0867747
29440.9035255
29453.5100768
29466.9131632
29481.1195462
29496.1360176
29511.9694022
29528.6265602
29546.11439
29564.4398304
29583.609863
29603.6315143
29624.5118578
29646.2580159
29668.8771616
29692.3765204
29716.7633718
29742.0450509
29768.2289496
29795.3225181
29823.3332658
29852.2687627
29882.1366404
29912.9445927
29944.7003765
29977.4118128
30011.0867868
30045.7332489
30081.3592149
30117.9727662
30155.5820505
30194.1952814
30233.820739
30274.4667694
30316.141785
30358.8542641
30402.6127509
30447.4258546
30493.3022498
30540.250675
30588.279933
30637.3988896
30687.616473
30738.9416731
30791.3835405
30844.9511857
30899.6537777
30955.5005432
31012.5007655
31070.6637829
31129.9989877
31190.5158244
31252.2237889
31315.1324264
31379.2513302
31444.5901396
31511.1585389
31578.9662549
31648.0230557
31718.3387485
31789.9231776
31862.7862231
31936.9377978
32012.3878461
32089.1463417
32167.2232849
