5.0
4.94778681167
4.89566501367
4.84361312788
4.79161383762
4.73965399401
4.68772320895
4.63581294481
4.58391592922
4.53202577804
4.48013675176
4.42824359753
4.37634144627
4.32442574521
4.27249221333
4.22053681164
4.16855572313
4.11654533904
4.0645022494
4.01242323648
3.96030527017
3.9081455049
3.8559412776
3.80369010656
3.75138969106
3.69903791157
3.64663283067
3.59417269447
3.54165593464
3.48908117104
3.43644721486
3.3837530725
3.33099795001
3.27818125819
3.22530261846
3.17236186945
3.11935907436
3.06629452922
3.0131687735
2.95998259655
2.90673705161
2.85343346757
2.80007346259
2.74665895888
2.69319219908
2.63967576411
2.58611259281
2.53250600338
2.47885971698
2.42517788341
2.3714651094
2.31772648952
2.26396764006
2.21019473623
2.1564145529
2.10263450937
2.04886271851
1.99510804084
1.94138014385
1.88768956749
1.83404779609
1.78046733781
1.72696181206
1.67354604614
1.62023618176
1.56704979282
1.51400601541
1.46112569149
1.40843152759
1.35594829791
1.30370295876
1.25172493437
1.20004630212
1.14870213056
1.0977306858
1.0471737603
0.99707700529
0.947490287679
0.898468069555
0.850069805592
0.802360350941
0.755410367707
0.709296712167
0.664102777
0.619918752335
0.576841756232
0.534975759837
0.494431267266
0.455324557284
0.417776447578
0.381910401975
0.347849850619
0.315714610289
0.285616355462
0.257653205085
0.231903660626
0.208420346217
0.18722422361
0.168300115865
0.151594390915
0.137015463586
0.124437367292
0.113706108377
0.1046480017
0.0970788644567
0.0908128889375
0.0856702550077
0.0814829053833
0.0780983275702
0.0753814773852
0.0732152079659
0.0714995770363
0.0701506205621
0.0690984515119
0.0682855169462
0.0676647645977
0.0671979607845
0.0668541900216
0.0666085531315
0.0664410603951
0.0663357048841
0.066279695703
0.0662628292759
0.0662769774433
0.0663156729567
0.0663737752868
0.0664472021005
0.066532714081
0.0666277428632
0.0667302536764
0.0668386358427
0.0669516155758
0.0670681865982
0.067187554975
0.0673090952758
0.0674323157544
0.067556830701
0.0676823384969
0.0678086041998
0.0679354457266
0.0680627228924
0.068190328717
0.0683181825296
0.0684462245011
0.068574411308
0.0687027126932
0.06883110874
0.0689595877087
0.0690881443219
0.0692167784039
0.0693454938008
0.0694742975245
0.0696031990721
0.0697322098862
0.0698613429256
0.0699906123245
0.0701200331211
0.0702496210412
0.0703793923269
0.0705093635985
0.0706395517456
0.0707699738388
0.0709006470601
0.0710315886463
0.071162815844
0.0712943458731
0.0714261958979
0.0715583830029
0.0716909241747
0.0718238362858
0.0719571360828
0.0720908401762
0.0722249650329
0.0723595269693
0.0724945421468
0.0726300265678
