9.76518522504
9.76581789895
9.76680060008
9.7679659101
9.76921572141
9.77049684731
9.77177994863
9.77304845463
9.77429289001
9.77550779059
9.77669004123
9.77783794866
9.77895070848
9.7800280884
9.78107023339
9.78207754107
9.78304736652
9.78398520721
9.78489099707
9.78576517431
9.7866083968
9.78742143447
9.78820511279
9.78896028056
9.78969123461
9.79039363744
9.79106925191
9.79171932616
9.79234488495
9.79294683244
9.79352600284
9.7940831863
9.79461914005
9.79513459631
9.79563026376
9.79610683028
9.79656496342
9.79700531093
9.79742850125
9.79783514379
9.79822582933
9.79860113029
9.79896160111
9.79930777865
9.79964018248
9.79995931534
9.80026566349
9.8005596971
9.8008418707
9.80111262352
9.80137237993
9.80162154983
9.80186052905
9.80208969974
9.80230943078
9.80252007815
9.80272198531
9.80291548359
9.80310089256
9.80327852038
9.80344866417
9.80361161033
9.80376763492
9.80391700397
9.80405997383
9.80419679144
9.8043276947
9.80445291272
9.80457266614
9.80468716744
9.80479662115
9.80490122421
9.80500116615
9.80509662941
9.80518778953
9.80527481545
9.80535786972
9.80543710868
9.80551268278
9.80558473669
9.80565340957
9.80571883525
9.80578114241
9.8058404548
9.80589689139
9.80595056655
9.80600159024
9.80605006815
9.80609610184
9.80613978897
9.80618122336
9.80622049516
9.80625769102
9.80629289418
9.80632618463
9.8063576392
9.80638733171
9.80641533305
9.80644171135
9.80646653203
9.8064898579
9.80651174932
9.80653226423
9.80655145829
9.80656938492
9.80658609544
9.80660163911
9.80661606324
9.80662941323
9.80664173267
9.80665306343
9.80666344568
9.80667291798
9.80668151734
9.80668927932
9.80669623799
9.80670242611
9.80670787507
9.80671261504
9.80671667493
9.80672008253
9.80672286448
9.80672504633
9.80672665264
9.80672770694
9.80672823183
9.80672824897
9.80672777918
9.8067268424
9.80672545778
9.8067236437
9.80672141777
9.80671879691
9.80671579735
9.80671243465
9.80670872374
9.80670467896
9.80670031404
9.80669564218
9.80669067603
9.80668542773
9.80667990893
9.80667413079
9.80666810405
9.80666183898
9.80665534546
9.80664863295
9.80664171054
9.80663458694
9.80662727053
9.80661976932
9.80661209103
9.80660424303
9.80659623243
9.80658806604
9.80657975037
9.80657129172
9.80656269609
9.80655396926
9.80654511679
9.80653614398
9.80652705596
9.80651785764
9.80650855373
9.80649914874
9.80648964704
9.8064800528
9.80647037002
9.80646060256
9.80645075412
9.80643724368
9.80642550972
9.80641458091
9.80640401957
9.80639360995
9.80638324628
9.80637287736
9.80636247908
9.8063520407
9.80634155812
9.80633103044
9.80632045835
9.80630984327
9.80629918695
9.80628849124
9.80627775804
9.80626698921
9.80625618659
9.80624535195
9.80623448698
9.80622359335
9.80621267266
9.80620172644
9.80619075619
9.80617976334
9.80616874929
9.80615771538
9.8061466629
9.80613560096
9.80612467513
