5.36289
8.12125050992
8.03832044932
8.01112010427
8.01206507382
7.84392278735
7.6867649874
7.54615421469
7.42204419179
7.31264549446
7.21580171679
7.12948143426
7.05193062651
6.98168951622
6.91756062782
6.85856523126
6.80390171794
6.75291067076
6.70504802955
6.65986220967
6.61697749918
6.57608032586
6.53690824276
6.49923967788
6.46290687893
6.42772464308
6.39358244568
6.36036693915
6.32798500852
6.26294642019
6.23144873702
6.20077218874
6.17079397
6.14142764815
6.11261017144
6.08429400568
6.05644216682
6.0290250276
6.00201762008
5.97540127377
5.94915663579
5.92326899681
5.89772484553
5.87251210722
5.84761988195
5.82303824404
5.7987580857
5.77477099321
5.75106914772
5.72764524493
5.70449242963
5.68160424181
5.65897457226
5.63659762564
5.61446788975
5.59258010975
5.57092926646
5.54951055807
5.52831938455
5.5073513343
5.48660217269
5.46606783208
5.44574440308
5.42562812685
5.4057153882
5.38600270938
5.36648674443
5.34716427393
5.32803220019
5.30908754269
5.29032743379
5.2717491146
5.2533499311
5.23512733028
5.21707885656
5.19920214814
5.18149493358
5.16395502839
5.14658033171
5.12936882309
5.11231855929
5.09542767119
5.07869436074
5.06211689798
5.04569361817
5.02942291889
5.01330325732
4.99733314751
4.98151115774
4.96583590797
4.95030606736
4.93492035182
4.91967752168
4.90457637939
4.88961576737
4.87479456581
4.86011169068
4.84556609168
4.83115675036
4.81688267828
4.80274291521
4.78873652745
4.77486260616
4.76112026581
4.74750864267
4.73402689337
4.72067419349
4.70744973629
4.69435509618
4.68138261829
4.66853806615
4.65581878986
4.64322396247
4.6307528462
4.61840472337
4.60617888688
4.59407463823
4.58209128655
4.57022814775
4.55848454384
4.54685980216
4.53535325484
4.52396423809
4.51269209174
4.50153615864
4.4904957842
4.47957031593
4.46875910301
4.45806149593
4.44747684606
4.43700450536
4.42664382608
4.41639416042
4.40625486033
4.39622527722
4.3863047618
4.37649266384
4.366788332
4.3571911137
4.34770035499
4.33831540039
4.32903559281
4.31986027349
4.31078878188
4.30182045562
4.29295463051
4.28419064044
4.27552781737
4.26696549139
4.25850299065
4.25392119595
4.25193313526
4.24999390449
4.24810290132
4.2462594458
4.24446282584
4.24271231275
4.24100716935
4.23934665546
4.23773003187
4.23615656321
4.23462552013
4.23313618091
4.23168783258
4.23027977174
4.22891130518
4.22758175026
4.22629043519
4.2250366992
4.22381989258
4.22263937675
4.22149452421
4.2203847185
4.21930935411
4.21826783635
4.21725958129
4.21628401557
4.21534057632
4.21442871097
4.21354787714
4.21269754246
4.21187718448
4.21108629042
4.21032435713
4.20959089084
4.20888540712
4.20820743061
4.20755649497
4.20693214269
4.20633392496
4.20576140153
4.20521414057
4.20469171851
4.20419371994
4.20371973748
4.2032693716
4.20284223055
4.2024379302
4.20205609392
4.20169635246
