1066172.41064
2686918.38765
2687992.05911
2688922.94315
2689767.82249
2690525.58887
2691193.08533
2691768.09077
2692249.25441
2692635.97513
2692928.29439
2693126.80272
2693232.55778
2693246.9738
2693171.91234
2693009.39393
2692761.70254
2692431.30463
2692017.02425
2691532.92437
2690970.4593
2690336.25284
2689633.17897
2688864.11936
2688031.94572
2687139.50459
2686189.60432
2685185.00396
2684128.40399
2683022.43862
2681869.66947
2680672.58057
2679433.57447
2678154.96937
2676838.99707
2675487.80182
2674103.43975
2672687.87892
2671242.99991
2669770.59684
2668272.37871
2666749.97118
2665204.91849
2663638.68561
2662052.66068
2660448.15742
2658826.41774
2657188.61443
2655535.85382
2653869.17853
2652189.57019
2650497.95218
2648795.19229
2647082.10537
2645359.45594
2643627.96072
2641888.29108
2640141.07547
2638386.9017
2636626.31921
2634859.84122
2633087.94679
2631311.08279
2629529.66586
2627744.08418
2625954.6992
2624161.84731
2622365.84141
2620566.97239
2618765.51055
2616961.70691
2615155.79453
2613347.98965
2611538.49286
2609727.49012
2607915.1538
2606101.64361
2604287.10746
2602471.68233
2600655.49502
2598838.66287
2597021.29449
2595203.49034
2593385.34337
2591566.93954
2589748.35838
2587929.67344
2586110.95276
2584292.25927
2582473.6512
2580655.18245
2578836.90289
2577018.85869
2575201.09263
2573383.64433
2571566.55053
2569749.84532
2567933.56031
2566117.72486
2564302.36629
2562487.50997
2560673.17954
2558859.39702
2557046.18296
2555233.55653
2553421.53567
2551610.13716
2549799.37672
2547989.26911
2546179.8282
2544371.06704
2542562.99791
2540755.63242
2538948.98153
2537143.05562
2535337.86453
2533533.4176
2531729.72371
2529926.79132
2528124.62851
2526323.24299
2524522.64213
2522722.83299
2520923.82237
2519125.61677
2517328.22247
2515531.64552
2513735.89172
2511940.96673
2510146.87597
2508353.62471
2506561.21806
2504769.66097
2502978.95824
2501189.11455
2499400.13443
2497612.02232
2495824.7825
2494038.41919
2492252.93646
2490468.33833
2488684.62867
2486901.81132
2485119.88998
2483338.8683
2481558.74985
2479779.5381
2478001.23646
2476223.84829
2474447.37684
2472671.82533
2470897.1969
2469123.49463
2467350.72154
2465578.88058
2463807.97467
2462038.00665
2460268.97932
2458500.89542
2456733.75764
2454967.56862
2453202.33097
2451438.04721
2449674.71986
2447912.35136
2446150.94412
2444390.50052
2442631.02287
2440872.51345
2439114.9745
2437358.40823
2435602.81679
2433848.20231
2432094.56687
2430341.91252
2428590.24127
2426839.55509
2425089.85592
2423341.14568
2421593.42622
2419846.69939
2418100.967
2416356.23081
2414612.49257
2412869.754
2411128.01676
2409387.28251
2407647.55288
2405908.82945
2404171.11378
2402434.40742
2400698.71186
2398964.0286
2397230.35907
2395497.70472
2393766.06694
2392035.44711
2390305.84658
2388577.26668
2386849.7087
