1005.90098633
2186.2412416
2181.23816923
2176.25192829
2171.2880661
2166.35174149
2161.44709986
2156.57737672
2151.74503393
2146.95188559
2142.19920745
2137.48782962
2132.81821434
2128.19052088
2123.6046596
2119.06033711
2114.55709387
2110.09433571
2105.67136007
2101.28734189
2096.94150604
2092.63289791
2088.36056915
2084.12354287
2079.92082283
2075.751401
2071.61426395
2067.50839814
2063.4327943
2059.38640526
2055.36832477
2051.3775374
2047.41308131
2043.47401152
2039.55940111
2035.66834223
2031.79994675
2027.95334678
2024.12769498
2020.32216476
2016.53595029
2012.76826649
2009.01834887
2005.28545334
2001.56885591
1997.86785238
1994.181758
1990.50990705
1986.85165246
1983.20636532
1979.57343448
1975.95226608
1972.34228304
1968.74292515
1965.15364649
1961.57391819
1958.00322572
1954.44106903
1950.88696206
1947.34043235
1943.80102053
1940.26827993
1936.74177614
1933.2210866
1929.70580019
1926.19551685
1922.6898472
1919.18841213
1915.69084248
1912.19677869
1908.70587043
1905.21777628
1901.73216345
1898.24870739
1894.7670916
1891.28700723
1887.8081529
1884.33023435
1880.85296426
1877.37606193
1873.89925308
1870.42226962
1866.94484938
1863.46673599
1859.98767856
1856.50743158
1853.02575466
1849.5424124
1846.05717418
1842.56981401
1839.08011035
1835.58784599
1832.09280787
1828.59478695
1825.09357808
1821.58897987
1818.08079458
1814.56882796
1811.05288918
1807.53279072
1804.00834826
1800.47938058
1796.94570947
1793.40715964
1789.86355868
1786.31473691
1782.76052739
1779.20076576
1775.63529026
1772.06394164
1768.48656306
1764.90300011
1761.31310072
1757.71671512
1754.1136958
1750.50389746
1746.88717702
1743.26339352
1739.63240814
1735.99408417
1732.34828697
1728.69488396
1725.03374459
1721.36474036
1717.68774477
1714.00263332
1710.30928353
1706.6075749
1702.89738893
1699.17860912
1695.45112095
1691.71481193
1687.96957155
1684.21529134
1680.45186485
1676.67918769
1672.89715752
1669.10567407
1665.30463918
1661.4939568
1657.67353302
1653.8432761
1650.00309649
1646.15290685
1642.29262209
1638.42215941
1634.54143831
1630.65038062
1626.74891059
1622.83695483
1618.91444245
1614.98130502
1611.03747666
1607.08289404
1603.11749645
1599.14122586
1595.1540269
1591.15584696
1587.14663623
1583.12634772
1579.09493732
1575.05236386
1570.99858914
1566.93357797
1562.85729827
1558.76972103
1554.67082046
1550.56057397
1546.43896222
1542.30596923
1538.16158235
1534.00579238
1529.83859355
1525.65998366
1521.46996401
1517.26853957
1513.05571893
1508.83151441
1504.59594207
1500.34902178
1496.09077724
1491.82123604
1487.54042971
1483.24839374
1478.94516762
1474.63079491
1470.30532324
1465.96880436
1461.62129419
1457.26285282
1452.89354456
1448.51343799
1444.12260592
1439.72112549
1435.30907815
1430.88654968
1426.45363023
1422.0104143
1417.55700079
1413.09349298
