1.4977
1.50148482103
1.50150927726
1.5014676427
1.50141872301
1.50137026767
1.50132322946
1.50127766203
1.50123350465
1.50119068616
1.50114913834
1.50110879729
1.50106960331
1.5010315005
1.50099443649
1.50095836213
1.50092323122
1.50088900027
1.50085562832
1.50082307672
1.50079130892
1.5007602904
1.50072998844
1.50070037204
1.50067141177
1.50064307969
1.50061534922
1.50058819507
1.50056159317
1.50053552054
1.50050995527
1.50048487645
1.50046026408
1.50043609905
1.50041236308
1.50038903866
1.50036610902
1.50034355808
1.50032137044
1.50029953131
1.50027802651
1.50025684243
1.50023596599
1.50021538465
1.50019508635
1.50017505952
1.50015529303
1.50013577621
1.5001164988
1.50009745096
1.50007862324
1.50006000658
1.50004159229
1.50002337203
1.50000533785
1.4999874821
1.49996979749
1.49995227707
1.4999349142
1.49991770255
1.49990063613
1.49988370923
1.49986691646
1.49985025275
1.49983371328
1.49981729358
1.49980098944
1.49978479695
1.4997687125
1.49975273275
1.49973685466
1.49972107549
1.49970539275
1.49968980428
1.49967430817
1.49965890281
1.49964358687
1.49962835932
1.49961321939
1.4995981666
1.49958320076
1.49956832196
1.49955353057
1.49953882724
1.4995242129
1.49950968875
1.49949525628
1.49948091725
1.49946667368
1.49945252787
1.49943848239
1.49942454006
1.49941070398
1.49939697747
1.49938336414
1.4993698678
1.49935649253
1.49934324262
1.49933012262
1.49931713724
1.49930429144
1.49929159037
1.49927903935
1.49926664389
1.49925440967
1.49924234252
1.49923044841
1.49921873343
1.49920720379
1.4991958658
1.49918472586
1.49917379041
1.49916306598
1.49915255909
1.4991422763
1.49913222416
1.49912240919
1.49911283789
1.49910351666
1.49909445184
1.49908564968
1.49907711627
1.49906885757
1.4990608794
1.49905318736
1.49904578685
1.49903868306
1.49903188091
1.49902538507
1.49901919991
1.49901332952
1.49900777764
1.49900254769
1.49899281091
1.49898789385
1.49907701997
1.49904639951
1.49902044973
1.49900108609
1.4989866975
1.49897603693
1.49896829186
1.49896291588
1.49895952104
1.49895781799
1.49895758184
1.49895863193
1.49896081903
1.49896401715
1.49896811789
1.49897302659
1.49897865958
1.49898494209
1.49899180678
1.49899919255
1.49900704366
1.49901530898
1.49902394141
1.49903289746
1.49904213679
1.49905162195
1.49906131802
1.49907119241
1.49908121467
1.49909135623
1.49910159026
1.49911189153
1.49912223621
1.49913260176
1.49914303639
1.49915354141
1.49916401272
1.49917442679
1.49918476468
1.4991950083
1.49920513984
1.49921514153
1.49922499535
1.49923468284
1.49924418474
1.49925348064
1.49926254852
1.49927136418
1.49927990056
1.49928812681
1.49929600716
1.49930349938
1.49931055279
1.49931710556
1.49932308103
1.49932838252
1.49933288607
1.49933642983
1.49933879833
1.49933969844
1.49933872145
1.49933528096
1.49932850644
1.4993170504
1.49929871352
