0.0206259256869
0.0206392489606
0.0206526102076
0.0206660093905
0.0206794464765
0.0206929214404
0.020706434264
0.0207199849356
0.0207335734495
0.0207471998056
0.0207608640085
0.0207745660676
0.0207883059964
0.0208020838122
0.020815899536
0.0208297531919
0.0208436448072
0.0208575744119
0.0208715420387
0.0208855477226
0.0208995915008
0.0209136734127
0.0209277934996
0.0209419518044
0.0209561483719
0.0209703832483
0.0209846564812
0.0209989681195
0.0210133182135
0.0210277068144
0.0210421339746
0.0210565997473
0.0210711041866
0.0210856473475
0.0211002292857
0.0211148500574
0.0211295097196
0.0211442083298
0.0211589459458
0.021173722626
0.021188538429
0.0212033934138
0.0212182876396
0.0212332211659
0.0212481940521
0.0212632063579
0.0212782581431
0.0212933494672
0.0213084803899
0.0213236509707
0.0213388612691
0.0213541113442
0.021369401255
0.0213847310601
0.0214001008179
0.0214155105865
0.0214309604233
0.0214464503854
0.0214619805295
0.0214775509116
0.0214931615871
0.0215088126109
0.021524504037
0.0215402359188
0.0215560083089
0.0215718212589
0.0215876748199
0.0216035690415
0.0216195039728
0.0216354796615
0.0216514961545
0.0216675534973
0.0216836517342
0.0216997909082
0.0217159710609
0.0217321922326
0.0217484544616
0.0217647577846
0.0217811022351
0.0217974878484
0.0218139146617
0.0218303827095
0.0218468920238
0.0218634426349
0.021880034571
0.0218966678582
0.0219133425206
0.0219300585803
0.0219468160571
0.0219636149685
0.0219804553297
0.0219973371536
0.0220142604505
0.0220312252282
0.0220482314918
0.0220652792436
0.0220823684832
0.0220994992071
0.0221166714088
0.0221338850786
0.0221511402035
0.0221684367674
0.0221857747502
0.0222031541286
0.0222205748752
0.022238036959
0.0222555403446
0.0222730849928
0.0222906708597
0.022308297897
0.0223259660518
0.0223436752663
0.0223614254775
0.0223792166173
0.0223970486121
0.0224149213826
0.0224328348436
0.0224507889039
0.0224687834657
0.0224868184246
0.0225048936692
0.0225230090811
0.0225411645342
0.0225593598944
0.0225775950197
0.0225958697594
0.0226141839539
0.0226325374345
0.0226509300228
0.0226693615306
0.0226878317594
0.0227063405007
0.0227248875354
0.022743474266
0.0227620988431
0.0227808507495
0.0227996329126
0.0228184457447
0.0228372895265
0.0228561644057
0.0228750704221
0.0228940075312
0.022912975625
0.0229319745494
0.0229510041222
0.0229700652429
0.0229891719315
0.0230417507331
0.0230897662395
0.0231334110454
0.0231730814549
0.0232091047245
0.0232415635143
0.0232667518608
0.0232902031294
0.0233124140353
0.0233337259482
0.0233543832211
0.0233745577188
0.0233943748125
0.0234139254865
0.0234332762283
0.0234524759527
0.0234715608994
0.023490558111
0.0235094879145
0.0235283656997
0.0235472032012
0.02356600943
0.0235847913529
0.0236035543934
0.0236223028028
0.0236410399369
0.0236597684645
0.0236784905248
0.0236972102597
0.0237159646475
0.0237347483354
0.0237535570252
0.0237723873014
0.0237912364876
0.0238101025273
0.0238289838858
0.0238478794743
0.0238667885918
0.0238857108833
0.0239046463134
0.0239235951528
0.0239425579785
0.0239615356871
0.0239805295237
0.0239995411266
0.0240185725916
0.0240376265586
0.0240567063229
0.0240758159712
0.0240949605328
0.024114146124
0.0241333800347
0.0241526706736
