6.22110974797
6.21709947095
6.21308182036
6.20905684169
6.20502457746
6.20098506741
6.19693834871
6.19288445621
6.18882342267
6.18475527892
6.18068005404
6.17659777552
6.17250846938
6.1684121603
6.16430887172
6.16019862595
6.15608144427
6.15195734697
6.14782635349
6.14368848245
6.1395437517
6.13539217841
6.13123377911
6.12706856976
6.12289656575
6.11871778198
6.11453223292
6.11033993258
6.1061408946
6.10193513229
6.09772265859
6.0935034862
6.08927762752
6.08504509472
6.08080589976
6.0765600544
6.07230757024
6.06804845872
6.06378273116
6.05951039876
6.05523147266
6.05094596388
6.04665388341
6.0423552422
6.03805005117
6.03373832123
6.02942006329
6.02509528829
6.02076400721
6.01642623105
6.01208197089
6.00773123788
6.00337404325
5.99901039834
5.99464031458
5.99026380356
5.98588087695
5.98149154661
5.97709582454
5.97269372292
5.96828525409
5.9638704306
5.95944926519
5.95502177084
5.95058796071
5.94614784825
5.94170144711
5.93724877123
5.93278983481
5.92832465233
5.92385323856
5.91937560859
5.9148917778
5.91040176192
5.90590557701
5.90140323946
5.89689476607
5.89238017395
5.88785948066
5.8833327041
5.87879986262
5.87426097497
5.86971606034
5.86516513837
5.86060822915
5.85604535324
5.85147653171
5.8469017861
5.84232113846
5.83773461138
5.83314222799
5.82854401194
5.82393998749
5.81933017943
5.81471461319
5.81009331477
5.80546631081
5.80083362858
5.796195296
5.79155134167
5.78690179484
5.78224668548
5.77758604426
5.77291990259
5.7682482926
5.76357124718
5.75888880001
5.75420098555
5.74950783905
5.74480939659
5.7401056951
5.73539677233
5.73068266693
5.72596341841
5.72123906719
5.7165096546
5.71177522292
5.70703581535
5.70229147606
5.69754225022
5.69278818397
5.68802932447
5.68326571989
5.67849741946
5.67372447346
5.66894693323
5.66416485118
5.65937828085
5.65458727686
5.64979189496
5.64499219204
5.64018822611
5.63538005638
5.63056663216
5.62574911599
5.62090653096
5.61606331855
5.61121908524
5.60637357229
5.60152661191
5.59667809883
5.59182797193
5.58697620227
5.58212278483
5.57726773287
5.5724110738
5.5675528462
5.5626930976
5.55783188274
5.5529692623
5.54810530184
5.54324007101
5.53837364286
5.53350609336
5.52863750092
5.52376794607
5.51889751117
5.51402628016
5.50915433835
5.5042817723
5.49940866963
5.49453511896
5.48966120982
5.48478703257
5.47991267835
5.47503823911
5.47016380754
5.46528947711
5.46041534211
5.45554149767
5.45066803987
5.44579506581
5.44092267374
5.4360509632
5.43118003523
5.42630999257
5.42144093995
5.4165729844
5.41170623565
5.40684080664
5.40197681402
5.39711437892
5.39225362773
5.38739469317
5.38253771553
5.37768284426
5.3728302399
5.36797997242
5.3631321533
5.35828696829
5.35344462548
5.34860536116
5.34376944778
5.3389372049
5.33410901466
5.32928534439
5.32446678082
5.31965408451
5.31484828194
5.31005083528
