41.4075809592
41.3764716979
41.3666106968
41.3576485302
41.3487798629
41.3399512609
41.3311404503
41.3223296385
41.3135041214
41.3046518331
41.2957629652
41.2868296252
41.2778455345
41.2688057645
41.2597065077
41.2505448811
41.2413187585
41.2320266288
41.2226674417
41.2132406517
41.20374591
41.194183149
41.1845524885
41.174854188
41.1650886083
41.1552561808
41.1453573834
41.1353927207
41.1253627086
41.1152678628
41.1051086894
41.0948856782
41.0845992978
41.0742499923
41.0638381788
41.0533642464
41.0428285556
41.0322314381
41.0215731978
41.0108541111
41.0000744282
40.9892343743
40.978334151
40.9673739374
40.9563538919
40.9452741535
40.9341348431
40.9229360647
40.9116779073
40.9003604455
40.8889837412
40.8775478443
40.8660527942
40.8544986205
40.842885344
40.8312129775
40.819481527
40.8076909918
40.7958413656
40.7839326374
40.7719647913
40.7599378078
40.7478516638
40.7357063335
40.7235017883
40.7112379977
40.698914929
40.6865325485
40.6740908209
40.6615897101
40.6490291793
40.6364091912
40.6237297082
40.6109906924
40.5981921062
40.5853339121
40.5724160727
40.5594385513
40.5464013117
40.533304318
40.5201475354
40.5069309297
40.4936544676
40.4803181166
40.4669218453
40.4534656234
40.4399494214
40.4263732111
40.4127369653
40.3990406582
40.385284265
40.3714677621
40.3575911273
40.3436543396
40.3296573792
40.3156002277
40.301482868
40.2873052843
40.2730674622
40.2587693885
40.2444110516
40.229992441
40.2155135478
40.2009743645
40.1863748847
40.1717151037
40.156995018
40.1422146258
40.1273739263
40.1124729206
40.0975116107
40.0824900005
40.067408095
40.0522659009
40.0370634261
40.0218006802
40.0064776739
39.9910944197
39.9756509314
39.9601472243
39.9445833151
39.928959222
39.9132749647
39.8975305643
39.8817260434
39.8658614262
39.8499367383
39.8339520066
39.8179072597
39.8018025278
39.7856378422
39.7694132361
39.7531287439
39.7367844017
39.7203802469
39.7039163186
39.6873926574
39.6708093051
39.6541663055
39.6374637035
39.6207015457
39.6038798802
39.5869987565
39.5700582258
39.5530583407
39.5359991553
39.5188807254
39.501703108
39.4844663619
39.4671705473
39.449815726
39.4324019613
39.414929318
39.3973978624
39.3798076624
39.3621587873
39.3444513081
39.3266852973
39.3088608287
39.290977978
39.273036822
39.2550374395
39.2369799104
39.2188643164
39.2006907406
39.1824592676
39.1641699837
39.1458229765
39.1274183354
39.108956151
39.0904365155
39.0718595229
39.0532252685
39.0345338489
39.0157853627
38.9969799096
38.978117591
38.9591985099
38.9402227706
38.9211904789
38.9021017424
38.8829566699
38.8637553718
38.8444979601
38.8251845481
38.8058152507
38.7863901844
38.7669094669
38.7473732178
38.7277815577
38.7081346091
38.6884324958
38.668675343
38.6488632775
38.6289964275
38.6090749228
38.5890988943
38.5690684748
38.5489837984
38.5288450005
