-557.938510151
-403.094827038
-394.101864575
-381.795712396
-371.421560338
-365.472912227
-361.105241324
-358.383253481
-356.906729364
-356.224971504
-355.9921511
-355.981014814
-356.054166736
-356.13327055
-356.17627875
-356.162624085
-356.084129837
-355.939622931
-355.731668556
-355.464781342
-355.144302636
-354.775784417
-354.364639499
-353.915985288
-353.43406014
-352.923788228
-352.388377525
-351.831178627
-351.25503974
-351.009211254
-350.352279503
-349.700942781
-349.049382484
-348.39449179
-347.734726897
-347.069422584
-346.398392029
-345.72169535
-345.039512059
-344.352044406
-343.659526867
-342.962154325
-342.260101764
-341.553515891
-340.842516289
-340.127198203
-339.407636
-338.683886749
-337.955993654
-337.223989183
-336.487897856
-335.747738663
-335.003527141
-334.255277125
-333.503002223
-332.746717024
-331.986438094
-331.22218477
-330.453979796
-329.681849809
-328.905825699
-328.125942876
-327.342241437
-326.554766261
-325.763567042
-324.968698272
-324.17021917
-323.368193586
-322.562689866
-321.753780704
-320.94154296
-320.126057479
-319.307408885
-318.48568538
-317.660978525
-316.833383031
-316.002996533
-315.169919383
-314.334254427
-313.4961068
-312.655583712
-311.812794248
-310.967849172
-310.12086073
-309.271942466
-308.421209042
-307.568776065
-306.714759922
-305.859277617
-305.002446619
-304.144384718
-303.285209882
-302.425040128
-301.563993391
-300.702187409
-299.839739605
-298.97676698
-298.113386012
-297.249712559
-296.385861768
-295.521947989
-294.658084695
-293.794384407
-292.930958619
-292.067917739
-291.20537102
-290.343426504
-289.482190971
-288.621690831
-287.762270399
-286.903792411
-286.046432755
-285.19029515
-284.335478274
-283.482078839
-282.630191945
-281.779911104
-280.931328216
-280.084533545
-279.239615705
-278.396661637
-277.555756599
-276.716984149
-275.88042614
-275.046162705
-274.214272256
-273.384831477
-272.557915321
-271.733597008
-270.911948023
-270.093038121
-269.276935327
-268.463705938
-267.653414532
-266.846123968
-266.041895399
-265.240788277
-264.442860359
-263.648167722
-262.856764772
-262.068704253
-261.284037261
-260.502813256
-259.725080079
-258.950883959
-258.180269536
-257.413279871
-256.649956464
-255.890339268
-255.134466712
-254.673032143
-254.408364716
-254.145437804
-253.884247446
-253.624789346
-253.367057962
-253.111046701
-252.8567482
-252.604154569
-252.353257562
-252.104048705
-251.856519388
-251.610660923
-251.366464594
-251.123921683
-250.883023489
-250.643761341
-250.406126602
-250.170110675
-249.935705
-249.702901053
-249.471690345
-249.242064418
-249.014014838
-248.787533199
-248.56261111
-248.339240199
-248.117412107
-247.897118486
-247.678350993
-247.461101293
-247.245361054
-247.031121945
-246.818375638
-246.607113802
-246.397328105
-246.189010214
-245.982151791
-245.776744498
-245.572779993
-245.37024993
-245.169145961
-244.969459735
-244.7711829
-244.5743071
-244.37882398
-244.184725183
-243.992002353
-243.800647134
-243.61065117
