5.7065
6.47541782073
6.4561151484
6.43683925435
6.41757382308
6.39831321329
6.37905571069
6.35980074235
6.34054807433
6.32129758445
6.30204919776
6.28280286812
6.26355857271
6.24431631028
6.22507610045
6.20583798321
6.18660201864
6.16736828655
6.14813688619
6.12890793591
6.10968157291
6.09045795294
6.07123724996
6.05201965594
6.03280538054
6.01359465083
5.99438771112
5.9751848226
5.9559862632
5.9367923273
5.91760332555
5.89841958462
5.87924144706
5.86006927103
5.84090343018
5.82174431345
5.80259232492
5.78344788364
5.76431143478
5.74518340483
5.72606426773
5.70695450109
5.68785459683
5.66876506111
5.64968641424
5.63061919056
5.61156393842
5.59252122005
5.57349161153
5.55447570271
5.53547409721
5.5164874123
5.49751627892
5.47856134165
5.45962325865
5.44070270168
5.42180035604
5.40291692063
5.38405310786
5.36520964374
5.34638726782
5.32758673321
5.30880880664
5.29005426841
5.27132391245
5.25261854631
5.23393899124
5.21528608215
5.19666066766
5.17806361013
5.15949578571
5.14095808432
5.12245140969
5.10397667942
5.08553482496
5.06712679165
5.04875353872
5.03041603935
5.01211528063
4.99385226358
4.97562800315
4.95744352823
4.9392998816
4.92119811994
4.90313931378
4.88512454746
4.86715491908
4.84923154043
4.83135553692
4.81352804747
4.79575022443
4.77802323341
4.76034825319
4.74272647551
4.72515910492
4.70764735855
4.69019246588
4.67279566851
4.65545821985
4.63818138481
4.62096643947
4.60381467069
4.58672737572
4.5697058617
4.55275144526
4.5358654519
4.51904921548
4.5023040776
4.4856313869
4.46903249839
4.45250877266
4.43606157508
4.41969227489
4.40340224433
4.38719285756
4.37106548969
4.35502151558
4.33906230872
4.32318923991
4.30740367595
4.29170697827
4.27610050139
4.26058559143
4.24516358444
4.22983580468
4.2146035629
4.19946815441
4.18443085719
4.16949292985
4.15465560954
4.1399201098
4.12528761834
4.1107592947
4.09633626794
4.08201963419
4.06781045417
4.05370975071
4.03971850616
4.02583765982
4.01206810533
3.99841068806
3.98486620247
3.97143538954
3.95811893414
3.94491746257
3.93183154
3.9188616681
3.90600828272
3.89327175168
3.88065237264
3.86815037123
3.85576589918
3.84349903281
3.83134977157
3.8193180369
3.8074036713
3.79560643764
3.78392601877
3.77236201745
3.7609139565
3.74958127939
3.73836335106
3.72725945915
3.71626881556
3.70539055833
3.69462375396
3.68396739998
3.67342042798
3.66298170689
3.65265004664
3.64242420218
3.63230287772
3.62228473133
3.61236837975
3.60255240352
3.59283535225
3.5832157501
3.57369210147
3.56426289675
3.55492661821
3.54568174597
3.53652676569
3.52746016775
3.51848046333
3.50958618366
3.50077588753
3.49204816702
3.48340165308
3.47483502097
3.46634699561
3.45793635657
3.44960194307
3.44134265855
3.43315747519
3.42504543812
3.41700566937
3.40903737165
3.40113983183
3.39331242423
3.38555461364
