0.0164606604337
0.0163450736419
0.0162322653224
0.0161214347566
0.016012465584
0.0159052842823
0.0157998277869
0.0156960386861
0.0155938633915
0.0154932512701
0.015394154188
0.0152965262397
0.015200323564
0.0151055042007
0.0150120279713
0.0149198563733
0.014828952484
0.0147392808728
0.0146508075187
0.014563499702
0.0144773260663
0.0143922563516
0.0143082614676
0.0142253134019
0.014143385166
0.014062450745
0.0139824850497
0.0139034638727
0.0138253638466
0.01374816243
0.0136718377675
0.0135963688113
0.0135217351836
0.013447917172
0.0133748957008
0.0133026523032
0.0132311690958
0.0131604287541
0.0130904144892
0.0130211100259
0.0129524995825
0.0128845678505
0.0128172999765
0.0127506815447
0.0126846985595
0.0126193374303
0.0125545849564
0.0124904283123
0.0124268550342
0.0123638530073
0.0123014104532
0.0122395159185
0.012178158263
0.0121173266467
0.0120570105292
0.0119971996488
0.0119378840178
0.0118790539139
0.0118206998711
0.0117628126719
0.0117053833398
0.0116484031313
0.0115918635297
0.0115357562373
0.01148007317
0.0114248064503
0.0113699484017
0.0113154915428
0.0112614285822
0.0112077524128
0.011154456107
0.0111015329119
0.0110489762446
0.0109967796875
0.0109449369843
0.0108934420359
0.0108422888962
0.0107914717681
0.0107409850004
0.0106908230837
0.0106409806473
0.0105914524556
0.0105422334051
0.0104933185213
0.0104447029559
0.0103963819835
0.0103483509991
0.0103006055154
0.0102531411603
0.0102059536741
0.0101590389075
0.0101123928186
0.0100660114714
0.010019891033
0.00997402777176
0.00992841805496
0.0098830583471
0.0098379452077
0.00979307528953
0.00974844533666
0.00970405218274
0.0096598927492
0.00961596404357
0.00957226315782
0.00952878726672
0.0094855336263
0.00944249957228
0.00939968251858
0.00935707995588
0.00931468945014
0.00927250864124
0.00923053524159
0.00918876703482
0.00914720187444
0.00910583768255
0.00906467244863
0.00902370422826
0.00898293114191
0.00894235137379
0.00890196317064
0.0088617648406
0.0088217547521
0.0087819313327
0.00874229306806
0.00870283850081
0.00866356622951
0.0086244749076
0.00858556324239
0.00854682999398
0.00850827397431
0.00846989404616
0.00843168912212
0.00839365816366
0.00835580018015
0.0083181142279
0.00828059940921
0.00824325487145
0.00820607980612
0.0081690734479
0.00813223507377
0.0080955640021
0.00805905959168
0.00802272124092
0.00798654838686
0.00795054050435
0.00791469710512
0.0078790177369
0.00784350198256
0.00780814945923
0.00777295981742
0.00773793274014
0.00770306794205
0.00766836516858
0.00763382419507
0.00759944482592
0.00756522689371
0.00753117025835
0.00749727480622
0.00746354044932
0.00742996712439
0.0073965547921
0.00736330343616
0.00733021306247
0.00729728369827
0.00726451539132
0.00723190820898
0.00719946223744
0.00716717758082
0.00713505436033
0.00710309271343
0.00707129279298
0.0070396547664
0.00700817881482
0.00697686513222
0.00694571392463
0.00691472540926
0.00688389981366
0.00685323737488
0.00682273833867
0.00679240295862
0.0067622314953
0.00673222421552
0.0067023813914
0.00667270329964
0.00664319022065
0.00661384243774
0.00658466023633
0.00655564390314
0.00652679372539
0.00649810998998
0.00646959298274
0.00644124298761
0.0064130602859
0.00638504515548
0.00635719787004
0.00632951869833
0.00630200790339
0.00627466574184
0.00624749246313
0.00622048830881
