9.69130046936
9.69035796488
9.68987761184
9.68937188377
9.68884569056
9.68830928354
9.68776740282
9.68722210016
9.68667424918
9.68612421235
9.68557213109
9.68501805173
9.68446198012
9.68390390526
9.68334380954
9.68278167316
9.68221747594
9.68165119848
9.68108282106
9.68051232614
9.6799396965
9.6793649158
9.67878796856
9.67820884013
9.67762751666
9.67704398483
9.67645823278
9.67587024843
9.67528002074
9.67468753933
9.67409279437
9.67349577665
9.67289647747
9.67229488867
9.67169100261
9.67108481211
9.67047631049
9.66986549149
9.66925234929
9.66863687848
9.66801907406
9.66739893139
9.66677644622
9.66615161464
9.66552443308
9.66489490106
9.66426301128
9.66362876208
9.66299215152
9.6623531777
9.66171183892
9.66106813371
9.66042206082
9.65977361925
9.65912280824
9.65846962725
9.65781407595
9.65715615427
9.65649586229
9.65583320034
9.65516816891
9.65450076871
9.65383100062
9.65315886569
9.65248436517
9.65180750044
9.65112827309
9.65044668483
9.64976273754
9.64907643326
9.64838777416
9.64769676256
9.64700340092
9.64630769184
9.64560963803
9.6449092421
9.64420650772
9.64350143743
9.64279403455
9.64208430243
9.64137224453
9.64065786442
9.63994116577
9.63922215236
9.63850082807
9.63777719688
9.63705126288
9.63632303025
9.63559250326
9.63485968629
9.63412458378
9.63338720031
9.63264754049
9.63190560906
9.63116141083
9.63041495069
9.62966623362
9.62891526467
9.62816204897
9.62740659174
9.62664889827
9.62588897391
9.6251268241
9.62436245435
9.62359587025
9.62282707743
9.62205608163
9.62128288862
9.62050750426
9.61972993448
9.61895018525
9.61816826263
9.61738417274
9.61659792173
9.61580951586
9.61501896143
9.61422626477
9.61343143233
9.61263447057
9.61183538602
9.61103418527
9.61023087497
9.60942546183
9.60861795259
9.60780835408
9.60699667315
9.60618291672
9.60536709176
9.60454920529
9.60372926439
9.60290727618
9.60208324784
9.60125718658
9.60042909967
9.59959899444
9.59876687826
9.59793275854
9.59709664273
9.59625853836
9.59541845297
9.59457639415
9.59373236956
9.59288638688
9.59203845384
9.59118857822
9.59033676783
9.58948303052
9.5886273742
9.58776980681
9.58691033632
9.58604897077
9.5851857182
9.58432058672
9.58345358447
9.58258471961
9.58171400036
9.58084143497
9.57996703173
9.57909079894
9.57821274497
9.57733287821
9.57645120708
9.57556774002
9.57468248554
9.57379545216
9.57290664841
9.57201608289
9.5711237642
9.57022970099
9.56933390193
9.56843637571
9.56753713106
9.56663617673
9.56573352149
9.56482917416
9.56392314355
9.56301543852
9.56210606794
9.5611950407
9.56028236572
9.55936805195
9.55845210832
9.55753454383
9.55661536747
9.55569458824
9.55477221517
9.55384825731
9.55292272372
9.55199562346
9.55106696562
9.55013710379
9.54920549803
9.54827228152
9.54733750992
9.54640121192
9.54546340493
9.54452410165
9.5435833127
9.54264104789
9.54169731665
