0.0149957771542
0.0150276873894
0.0150595033536
0.0150912255061
0.0151228541548
0.0151543895592
0.0151858319641
0.0152171816092
0.0152484387322
0.0152796035692
0.0153106763556
0.0153416573256
0.0153725467132
0.0154033447517
0.015434051674
0.0154646677131
0.0154951931014
0.0155256280719
0.0155559728575
0.0155862276913
0.0156163928071
0.015646468439
0.0156764548218
0.0157063521912
0.0157361607837
0.0157658808366
0.0157955125885
0.0158250562791
0.0158545121494
0.0158838804417
0.0159131614
0.0159423552695
0.0159714622974
0.0160004827323
0.0160294168251
0.016058264828
0.0160870269958
0.0161157035849
0.016144294854
0.0161728010642
0.0162012224785
0.0162295593627
0.0162578119846
0.016285980615
0.0163140655268
0.0163420669957
0.0163699853003
0.0163978207216
0.0164255735437
0.0164532440534
0.0164808325405
0.0165083392979
0.0165357646214
0.0165631088098
0.0165903721652
0.016617554993
0.0166446576016
0.0166716803028
0.0166986234118
0.0167254872471
0.0167522721306
0.0167789783878
0.0168056063475
0.0168321563422
0.016858628708
0.0168850237846
0.0169113419153
0.0169375834471
0.0169637487307
0.0169898381207
0.0170158519754
0.0170417906568
0.0170676545308
0.0170934439673
0.01711915934
0.0171448010264
0.0171703694082
0.0171958648707
0.0172212878033
0.0172466385997
0.017271917657
0.0172971253769
0.0173222621646
0.0173473284298
0.0173723245857
0.0173972510501
0.0174221082443
0.0174468965941
0.0174716165289
0.0174962684824
0.0175208528921
0.0175453701998
0.017569820851
0.0175942052952
0.0176185239859
0.0176427773804
0.01766696594
0.0176910901299
0.0177151504189
0.0177391472798
0.0177630811888
0.0177869526261
0.0178107620754
0.0178345100239
0.0178581969624
0.017881823385
0.0179053897893
0.017928896676
0.0179523445491
0.0179757339156
0.0179990652858
0.0180223391724
0.0180455560913
0.0180687165609
0.018091821102
0.018114870238
0.0181378644945
0.0181608043993
0.018183690482
0.0182065232741
0.0182293033086
0.0182520311203
0.0182747072447
0.0182973322189
0.0183199065804
0.0183424308676
0.0183649056193
0.0183873313743
0.0184097086715
0.0184320380492
0.0184543200454
0.0184765551971
0.0184987440401
0.0185208871087
0.0185429849357
0.0185650380515
0.0185870469843
0.0186090122596
0.0186309343997
0.0186528139235
0.0186746513464
0.0186964471795
0.0187182019292
0.0187399160976
0.018761590181
0.0187832246705
0.018804820051
0.0188263768012
0.0188478953929
0.018869376291
0.0188908199526
0.0189122268271
0.0189335973557
0.0189549319709
0.0189762310963
0.018997495146
0.0190187245248
0.0190399196271
0.0190610808374
0.0190822085294
0.0191033030659
0.0191243647988
0.0191453940684
0.0191663912035
0.0191873565213
0.0192082903267
0.0192291929127
0.0192500645601
0.0192709055372
0.0192917161
0.019312496492
0.0193332469443
0.0193539676753
0.0193746588913
0.0193953207859
0.0194159535407
0.0194365573247
0.0194571322954
0.019477678598
0.0194981963662
0.0195186857223
0.0195391467771
0.0195595796308
0.0195799843726
0.0196003610814
0.019620709826
0.0196410306655
0.0196613236494
0.0196815888183
0.019701826204
0.0197220358299
0.0197422177116
0.019762371857
0.0197824982668
0.0198025969351
0.0198226678494
0.0198427109913
0.0198627263368
0.0198827138567
0.0199026735171
