0.28872
0.221133088589
0.231989443813
0.242893782295
0.253842094798
0.264837738478
0.275881925068
0.286974516017
0.298114567059
0.309300663255
0.320531124147
0.3318041288
0.343117791486
0.354470207037
0.365859477575
0.377283727841
0.388741113548
0.400229825487
0.411748091044
0.423294174147
0.434866374267
0.446463024844
0.458082491367
0.469723169243
0.48138348153
0.493061876581
0.504756825624
0.516466820274
0.528190369999
0.539925999513
0.551672246102
0.563427656873
0.575190785891
0.586960191228
0.598734431862
0.610512064442
0.622291639887
0.634071699782
0.645850772574
0.657627369513
0.669399988014
0.681167076138
0.692927074028
0.704678377602
0.716419340446
0.728148267504
0.739863408235
0.751562949152
0.763245005668
0.774907613172
0.786548717237
0.798166162852
0.809757682578
0.821320883462
0.832853232604
0.844352041164
0.85581444667
0.867237393379
0.878617610493
0.889951587949
0.901235549512
0.912465422942
0.923636806692
0.934744932994
0.945784627003
0.956750261356
0.967635706049
0.978434547756
0.989138941272
0.999740878784
1.01023216471
1.02060295043
1.03084274415
1.04094005855
1.05088232823
1.0606558313
1.07024562116
1.07963547718
1.08880788666
1.09774407479
1.10642410599
1.11482713348
1.12293154743
1.13071583027
1.13815908374
1.14524221603
1.15194939353
1.15826992208
1.16420054938
1.16974811827
1.17493238468
1.17978865909
1.18436975914
1.18874662991
1.19300697293
1.19725142844
1.20158730288
1.20612047232
1.21094671206
1.21614403456
1.22176746508
1.22784706865
1.23438918947
1.24138020512
1.24879159428
1.25658529315
1.26471848958
1.27314741749
1.28183003415
1.29072767975
1.29980592459
1.30903483103
1.31838883303
1.32784639327
1.33738955278
1.34700344886
1.35667584752
1.3663967152
1.37615784109
1.38595251249
1.39577524103
1.40562153471
1.4154877102
1.42537073933
1.43526812433
1.44517779684
1.45509803642
1.46502740493
1.47496469387
1.48490888197
1.49485910129
1.50481460992
1.51477477012
1.5247390307
1.53470691294
1.54467799914
1.55465192345
1.56462836442
1.57460703896
1.58458769739
1.59457011945
1.60455411094
1.61453950102
1.62452613988
1.63451389686
1.6445026588
1.65449232871
1.6644828245
1.67447407803
1.68446603416
1.69445864996
1.70445189402
1.71444574575
1.72444019486
1.73443524077
1.74443089216
1.75442716647
1.76442408952
1.77442169507
1.78442002445
1.79441912621
1.80441905577
1.81441987512
1.8244216525
1.8344244621
1.84442838377
1.85443350281
1.86443990963
1.87444769959
1.8844569727
1.89446783343
1.90448039049
1.91449475661
1.92451104836
1.93452938597
1.9445498931
