21.2036170182
21.2034439373
21.2033007828
21.203164416
21.2030292938
21.2028938421
21.2027576009
21.2026204278
21.2024822705
21.2023431024
21.2022029039
21.202061657
21.2019193439
21.2017759467
21.2016314468
21.2014858255
21.2013390632
21.2011911402
21.2010420362
21.2008917301
21.2007402008
21.2005874263
21.200433384
21.2002780511
21.2001214038
21.199963418
21.1998040688
21.1996433309
21.1994811782
21.199317584
21.1991525208
21.1989859607
21.1988178748
21.1986482337
21.1984770071
21.1983041639
21.1981296726
21.1979535003
21.1977756136
21.1975959786
21.1974145601
21.1972313219
21.1970462273
21.1968592384
21.1966703164
21.1964794215
21.196286513
21.196091549
21.1958944867
21.1956952821
21.1954938901
21.1952902646
21.195084358
21.1948761219
21.1946655064
21.1944524604
21.1942369314
21.1940188657
21.1937982083
21.1935749025
21.1933488905
21.1931201127
21.1928885084
21.1926540148
21.1924165681
21.1921761024
21.1919325504
21.1916858429
21.1914359092
21.1911826765
21.1909260705
21.1906660147
21.1904024308
21.1901352387
21.189864356
21.1895896985
21.1893111796
21.1890287109
21.1887422016
21.1884515586
21.1881566867
21.1878574883
21.1875538633
21.1872457094
21.1869329216
21.1866153927
21.1862930125
21.1859656687
21.1856332461
21.1852956269
21.1849526905
21.1846043137
21.1842503706
21.1838907322
21.1835252671
21.1831538408
21.182776316
21.1823925526
21.1820024076
21.1816057352
21.1812023866
21.1807922104
21.1803750522
21.1799507549
21.1795191587
21.1790801012
21.1786334172
21.1781789391
21.1777164968
21.1772459179
21.1767670279
21.1762796502
21.1757836061
21.1752787154
21.1747647963
21.1742416658
21.1737091398
21.1731670335
21.1726151615
21.1720533384
21.1714813792
21.1708990993
21.1703063153
21.1697028456
21.1690885103
21.1684631325
21.1678265384
21.1671785581
21.1665190264
21.1658477834
21.1651646753
21.1644695553
21.1637622845
21.1630427329
21.1623107801
21.1615663168
21.1608092455
21.160039482
21.1592569563
21.1584616141
21.1576534179
21.1568323484
21.1559984061
21.1551516123
21.1542920109
21.1534196695
21.1525346812
21.1516371659
21.1507272719
21.149805177
21.1488710902
21.1479252531
21.1469679411
21.1459994645
21.14502017
21.1440304412
21.1430307001
21.1420214077
21.1410030644
21.1399762105
21.1389414269
21.1378993347
21.1368505949
21.1357959086
21.1347360158
21.1336716948
21.1326037609
21.1315330647
21.1304604909
21.1293869556
21.1283134047
21.1272408105
21.1261701697
21.1251024996
21.124038835
21.1229802247
21.1219277276
21.1208824089
21.1198453359
21.1188175737
21.1178001811
21.1167942065
21.1158006828
21.1148206241
21.1138550208
21.1129048358
21.1119710003
21.1110544103
21.1101559229
21.1092763528
21.1084164696
21.1075769946
21.1067585987
21.1059619002
21.1051874628
21.1044357943
21.1037073456
21.1030025098
21.1023216217
21.1016649581
