-18.01425017
-14.1704159017
-14.0285997208
-13.886955666
-13.7457401286
-13.6049945018
-13.4647040153
-13.324838763
-13.1853650406
-13.0462484963
-12.9074550084
-12.7689509279
-12.6307031452
-12.4926791063
-12.3548468136
-12.2171748228
-12.0796322369
-11.9421886992
-11.8048143858
-11.6674799969
-11.5301567471
-11.3928163561
-11.2554310379
-11.1179734897
-10.980416881
-10.8427348416
-10.7049014496
-10.5668912192
-10.4286790879
-10.290240404
-10.1515509137
-10.012586748
-9.87332440947
-9.73374075919
-9.59381300343
-9.45351868038
-9.31283564678
-9.17174206463
-9.0302163879
-8.88823734924
-8.74578390179
-8.60283539052
-8.45937125501
-8.31537121075
-8.17081518612
-8.02568330949
-7.87995589637
-7.73361343654
-7.58663658129
-7.43900613077
-7.29070302134
-7.141708313
-6.99200317694
-6.84156888308
-6.6903867877
-6.53843832112
-6.38570497543
-6.23216829226
-6.07780985058
-5.92261125455
-5.76655412139
-5.60962006928
-5.45179070523
-5.29304761305
-5.13337234122
-4.97274639085
-4.81115120357
-4.6485681494
-4.48497851468
-4.3203634899
-4.15470415748
-3.98798147962
-3.82017628601
-3.65126926151
-3.48124093385
-3.31007166122
-3.13774161977
-2.96423079119
-2.78951895008
-2.61358565135
-2.4364102176
-2.25797172631
-2.07824899718
-1.89722057922
-1.71486473797
-1.53115944261
-1.34608235309
-1.15961080719
-0.971721807701
-0.782392009545
-0.591597706972
-0.399314820839
-0.205518885979
-0.0101850386952
0.186711995578
0.385197914414
0.585298850296
0.787041382224
0.990452546985
1.19555985002
1.40239127584
1.61097529788
1.82134088779
2.03351752399
2.24753519946
2.46342442861
2.68121625324
2.90094224727
3.12263452032
3.34632571986
3.57204903184
3.79983817965
4.02972742114
4.26175154373
4.49594585709
4.73234618352
4.97098884554
5.21191065059
5.45514887255
5.7007412298
5.94872585956
6.19914128816
6.45202639704
6.70742038399
6.96536271948
7.22589309753
7.4890513809
7.75487754022
8.02341158658
8.29469349726
8.56876313419
8.84566015478
9.12542391463
9.4080933618
9.6937069223
9.98230237623
10.2739167245
10.5685860455
10.8663453418
11.1672283757
11.4712674952
11.7784934479
12.0889351844
12.402619651
12.7195715702
13.0398132113
13.3633641496
13.690241015
14.0204572308
14.3540227425
14.6909437376
15.0312223572
15.3748564001
15.7218390205
16.0721584208
16.4257975401
16.7827337409
17.1429384944
17.506377068
17.8730082144
18.2427838676
18.6156488444
18.9915405576
19.3703887396
19.7521151818
20.1366334909
20.5238488647
20.9136578915
21.305948373
21.700599176
22.0974801134
22.4964518582
22.8973658905
23.3000644823
23.7043807193
24.1101385614
24.5171529449
24.9252299236
25.3341668522
25.7437526098
26.1537678638
26.563985372
26.9741703232
27.3840805808
27.7934676069
28.2020761323
28.6096451247
29.0159081467
29.4205938576
29.8234265257
30.2241265487
30.6224109755
31.0179940226
31.4105875811
31.799901707
32.1856450884
32.5675254838
32.9452501257
33.3185260828
33.6870605748
