540.0
33712.1998786
33716.2164613
33719.2084927
33721.2410144
33722.3748992
33722.667149
33722.171134
33720.936818
33719.0109696
33716.4373626
33713.2569643
33709.5081125
33705.2266848
33700.4462446
33695.19821
33689.5119708
33683.4150286
33676.933117
33670.0903155
33662.9110823
33655.4154364
33647.6220884
33639.5495159
33631.2150133
33622.6347683
33613.8239344
33604.7966981
33595.5663418
33586.145303
33576.545229
33566.7770288
33556.8509208
33546.7764782
33536.5626706
33526.2179036
33515.750055
33505.1665098
33494.4741914
33483.6795922
33472.7888011
33461.8075295
33450.7411363
33439.5946498
33428.3727897
33417.0799866
33405.7204007
33394.2979388
33382.8162711
33371.2788458
33359.6889035
33348.0494902
33336.36347
33324.6335361
33312.8622222
33301.0519121
33289.2048492
33277.3231454
33265.4087895
33253.4636543
33241.4895046
33229.4880244
33217.4607378
33205.4091448
33193.3346394
33181.2385366
33169.1220774
33156.986433
33144.8327096
33132.6619517
33120.4751464
33108.2732263
33096.0570731
33083.8275206
33071.5853573
33059.3313295
33047.0661435
33034.7904677
33022.5049355
33010.2101466
32997.9066695
32986.3083066
32973.272822
32960.9468943
32948.6141808
32936.2751433
32923.930207
32911.5797743
32899.2242263
32886.8639243
32874.499211
32862.1304115
32849.7578344
32837.3817731
32825.0025062
32812.6202987
32800.2354026
32787.8480577
32775.4584923
32763.0669238
32750.6735592
32738.2785959
32725.8822219
32713.4846167
32701.0859514
32688.6863891
32676.2860857
32663.8851899
32651.4838438
32639.0821831
32626.6803374
32614.2784307
32601.8765813
32589.4749026
32577.0735029
32564.6724858
32552.2719506
32539.8719921
32527.4727013
32515.0741651
32502.6764669
32490.2796866
32477.8839007
32465.4891823
32453.0956021
32440.7032271
32428.3121222
32415.9223492
32403.5339677
32391.1470346
32378.7616048
32366.3777309
32353.9954632
32341.6148502
32329.2359385
32316.8587728
32304.483396
32292.1098494
32279.7381727
32267.3684039
32255.0005797
32242.6347354
32230.2709048
32217.9091206
32205.5494141
32193.1918154
32180.8363537
32168.4830569
32156.1319518
32143.7830644
32131.4364196
32119.0920414
32106.749953
32094.4101766
32082.0727337
32069.7376451
32057.4049306
32045.0746096
32032.7467004
32020.4212211
32008.0981888
31995.7776202
31983.4595313
31971.1439376
31958.830854
31946.520295
31934.2122744
31921.9068057
31909.6039019
31897.3035754
31885.0058385
31872.7107028
31860.4181796
31848.1282798
31835.841014
31823.5563924
31811.2744249
31798.9951209
31786.7184898
31774.4445405
31762.1732816
31749.9047214
31737.6388682
31725.3757296
31713.1153134
31700.8576268
31688.6026771
31676.350471
31664.1010154
31651.8543167
31639.6103811
31627.3692148
31615.1308237
31602.8952135
31590.6623899
31578.4323582
31566.2051236
31553.9806914
31541.7590663
31529.5402534
