3.720552
3.72158489322
3.75491069466
3.78900150785
3.82331609447
3.85775978178
3.89232215147
3.92701046005
3.9618375336
3.99681962878
4.03197597224
4.0673286098
4.10290220076
4.13872396044
4.17482256295
4.21122903079
4.24797556252
4.28509540492
4.32262253044
4.36059134212
4.39903641351
4.43799226799
4.47749319947
4.51757313413
4.55826553125
4.59960332033
4.64161887059
4.68434398913
4.72780994363
4.77204750605
4.81708701396
4.86295844666
4.90969151386
4.9573157551
5.00586064869
5.0553557294
5.10583071477
5.15731564008
5.20984100269
5.26343791684
5.3181382803
5.37397495471
5.43098196214
5.48919470041
5.54865018077
5.60938729168
5.67144709362
5.73487315026
5.7997119027
5.86601309446
5.93383025666
6.0032212645
6.07424909923
6.1469821243
6.2214956238
6.29787237543
6.37620393966
6.45659205577
6.53915029712
6.62400604382
6.71130284741
6.80120328189
6.89389240343
6.98958197723
7.08851567941
7.19097554946
7.29729006223
7.40784431916
7.52309304479
7.64357734283
7.76994655951
7.90298718939
8.0436616528
8.19316116545
8.3529791378
8.52501517299
8.71172586018
8.91634926711
9.14324948849
9.3984645947
9.69061547948
10.0324914182
10.4439927405
10.9580329063
11.2280031115
11.3100375269
11.3921152009
11.4742318153
11.5563652942
11.6385016177
11.720610138
11.802670408
11.8846592931
11.9665535679
12.0483300004
12.129965427
12.2114368217
12.2927213583
12.3737964672
12.454639888
12.5352297162
12.6155444464
12.6955630116
12.7752648179
12.8546297766
12.9336383323
13.0122714883
13.0905108288
13.168338538
13.2457374171
13.3226908979
13.3991830551
13.475198615
13.5507229631
13.6257421488
13.7002428885
13.7742125669
13.8476392365
13.920511615
13.9928190821
14.0645516738
14.1357000761
14.2062556107
14.2762102535
14.345556582
14.4142877911
14.4823976771
14.5498806269
14.6179003349
14.6841034855
14.748520268
14.8134506062
14.8777342608
14.9413688509
15.0043524734
15.0666836945
15.1283615319
15.1893854389
15.2497552882
15.309471355
15.3685343008
15.4269451574
15.4847053106
15.5418164844
15.5982807247
15.6541003848
15.7092781091
15.7638168188
15.8177196967
15.8709901732
15.9236319123
15.9756487973
16.0270449183
16.0778245583
16.1279921815
16.1775524203
16.226510064
16.2748700468
16.3226374372
16.3698174273
16.4164153221
16.4624365299
16.5078865527
16.5527709769
16.5970954648
16.640865746
16.6840876094
16.7267668953
16.7689094884
16.8105213106
16.8516083143
16.8921764761
16.9322317906
16.9717802651
17.0108279137
17.0493807524
17.0874447941
17.1250260442
17.162130496
17.1987641271
17.2349328948
17.2706427333
17.3058995498
17.3407092217
17.3750775934
17.4090104734
17.4425136324
17.4755928003
17.5082536641
17.5405018663
17.5723430026
17.6037826202
17.6348262167
17.6654792379
17.6957470774
17.7256350748
17.7551485147
17.7842926262
17.8130725817
17.8414934962
