-75.2438497194
-70.0826149126
-64.0202332919
-55.6986774709
-46.4588104369
-38.0222185525
-31.5997246344
-27.2511345385
-24.5028928527
-22.799801784
-21.7178121189
-20.9880406403
-20.455026761
-20.0328637112
-19.6750060314
-19.3563527739
-19.0632854018
-18.7883001919
-18.527152514
-18.2773446752
-18.0373278549
-17.8060764337
-17.5828614439
-17.3671282443
-17.1584296421
-16.9563886018
-16.7606768705
-16.5710022582
-16.3871006985
-16.208731007
-16.035671209
-15.8677158144
-15.704673696
-15.5463663712
-15.3926265727
-15.2432970343
-15.0982294472
-14.9572835547
-14.8203263627
-14.6872314478
-14.5578783514
-14.4321520464
-14.3099424679
-14.1911441007
-14.0756556149
-13.9633795454
-13.8542220081
-13.7480924504
-13.6449034293
-13.5445704162
-13.4470116222
-13.3521478448
-13.2599023295
-13.1702006479
-13.0829705871
-12.9981420518
-12.9156469746
-12.8354192363
-12.7573945919
-12.6815106043
-12.6077065829
-12.5359235269
-12.4661040727
-12.3981924453
-12.3321344123
-12.2678772407
-12.2053696563
-12.1445618042
-12.0854052125
-12.0278527562
-11.9718586231
-11.9173782804
-11.8643684434
-11.8127870434
-11.7625931983
-11.7137471823
-11.6662103977
-11.6199453461
-11.5749156014
-11.531085782
-11.4884215249
-11.4468894594
-11.4064571814
-11.3670932287
-11.3287670561
-11.2914490115
-11.255110312
-11.2197230139
-11.1852600184
-11.1516950051
-11.1190024404
-11.0871575483
-11.0561362894
-11.0259153401
-10.9964720728
-10.9677845362
-10.9398314357
-10.9125921147
-10.8860465365
-10.8601752657
-10.8349594516
-10.8103808099
-10.7864216073
-10.7630646439
-10.7402932385
-10.7180912124
-10.6964428746
-10.6753330069
-10.6547468502
-10.63467009
-10.6150888429
-10.5959896442
-10.5773594341
-10.559185546
-10.5414556941
-10.5241579621
-10.507280791
-10.490812969
-10.47474362
-10.4590621937
-10.4437584553
-10.4288224756
-10.4142446216
-10.4000155473
-10.3861261848
-10.3725677354
-10.3593316614
-10.346409678
-10.3337937452
-10.3214760604
-10.3094490507
-10.297705366
-10.2862378719
-10.2750396429
-10.2641039561
-10.2534242848
-10.2429942922
-10.2328078257
-10.2228589112
-10.2131417473
-10.2036507002
-10.1943802983
-10.1853252274
-10.1764803256
-10.1678405787
-10.1594011156
-10.151157204
-10.143104246
-10.135237774
-10.1275534468
-10.1200470456
-10.1127144702
-10.1055517358
-10.0985549689
-10.0917204042
-10.0850443816
-10.0785233425
-10.0721538271
-10.0659324711
-10.0598560033
-10.0539212425
-10.0481250947
-10.0424645508
-10.0369366839
-10.0315386468
-10.0262676699
-10.0211210587
-10.0160961915
-10.0111905176
-10.006401555
-10.0017268882
-9.99716416683
-9.99271110318
-9.98836547073
-9.98412510227
-9.97998788822
-9.975951775
-9.97201476337
-9.96817490694
-9.9644303107
-9.96077912946
-9.95721956655
-9.95374987243
-9.95036834334
-9.94707332007
-9.94386318668
-9.94073636935
-9.93769133517
-9.93472659106
-9.93184068265
-9.92903219324
-9.92629974275
-9.92364198678
-9.9210576156
-9.91854535325
-9.91610395659
-9.9137322145
-9.91142894696
-9.90919300424
