419.418774031
713.790810991
713.530084739
713.269054826
713.007740946
712.746161478
712.484333581
712.222273269
711.959995498
711.697514229
711.4348425
711.171992488
710.908975563
710.645802346
710.382482761
710.119026076
709.855440953
709.591735484
709.327917232
709.063993267
708.799970793
708.535855658
708.271653321
708.007369185
707.743008306
707.478575412
707.214074924
706.949510981
706.684887455
706.420207971
706.155475922
705.890694482
705.625866627
705.360995142
705.096082635
704.83113155
704.566144179
704.301122666
704.036069024
703.770985139
703.50587278
703.240733606
702.975569172
702.71038094
702.445170279
702.179938476
701.914686738
701.6494162
701.384127926
701.118822919
700.853502117
700.588166406
700.322816617
700.057453531
699.792077884
699.526690368
699.261291633
698.995882292
698.730462923
698.46503407
698.199596243
697.934149927
697.668695575
697.403233617
697.137764457
696.872288477
696.606806036
696.341317476
696.075823116
695.81032326
695.544818193
695.279308188
695.013793499
694.748274368
694.482751025
694.217223685
693.951692553
693.686157823
693.42061968
693.155078295
692.889533836
692.624031157
692.358436147
692.092883389
691.827328129
691.561770495
691.296210606
691.030648577
690.765084517
690.499518528
690.233950708
689.968381151
689.702809944
689.437237171
689.171662913
688.906087246
688.640510241
688.374931967
688.109352491
687.843771874
687.578190175
687.312607453
687.047023759
686.781439147
686.515853664
686.250267358
685.984680274
685.719092453
685.453503937
685.187914765
684.922324973
684.656734597
684.39114367
684.125552226
683.859960294
683.594367905
683.328775086
683.063181864
682.797588266
682.531994316
682.266400037
682.000805452
681.735210583
681.469615451
681.204020074
680.938424472
680.672828664
680.407232666
680.141636495
679.876040168
679.610443698
679.344847102
679.079250393
678.813653584
678.548056688
678.282459718
678.016862685
677.751265601
677.485668476
677.220071322
676.954474147
676.688876962
676.423279776
676.157682597
675.892085434
675.626488295
675.360891188
675.095294121
674.829697099
674.564100132
674.298503223
674.032906381
673.767309612
673.50171292
673.236116312
672.970519793
672.704923368
672.439327042
672.173730819
671.908134705
671.642538704
671.376942819
671.111347055
670.845751415
670.580155904
670.314560525
670.048965281
669.783370175
669.517775211
669.252180392
668.98658572
668.720991198
668.455396829
668.189802615
667.924208559
667.658614663
667.39302093
667.12742736
666.861833958
666.596240724
666.33064766
666.065054768
665.79946205
665.533869508
665.268277143
665.002684957
664.73709295
664.471501125
664.205909483
663.940318025
663.674726752
663.409135666
663.143544767
662.877954057
662.612363537
662.346773207
662.081183069
661.815593123
661.550003371
661.284413812
