4.6633
5.09833018245
5.0892419654
5.08092150284
5.07292889296
5.06513433876
5.05749643272
5.04999880387
5.0426322848
5.03538988876
5.02826539051
5.02125292171
5.01434685231
5.00754175249
5.00083237757
4.99421365937
4.98768069948
4.98122876326
4.97485327403
4.96854980742
4.96231408591
4.95614197345
4.95002947024
4.94397270761
4.93796794303
4.93201155523
4.92610003949
4.92023000299
4.91439816029
4.90860132897
4.90283642532
4.89710046018
4.89139053488
4.88570383728
4.88003763792
4.87438928626
4.86875620702
4.86313589631
4.85752591867
4.85192390481
4.84632754528
4.84073458933
4.83514284156
4.82955015875
4.82395444686
4.81835365816
4.8127457883
4.80712887364
4.80150098847
4.79586024239
4.79020477773
4.784532767
4.77884241044
4.77313193357
4.76739958483
4.76164363327
4.75586236624
4.75005408716
4.74421711334
4.73834977382
4.73245040726
4.72651735986
4.72054898329
4.71454363275
4.70849966492
4.70241543606
4.69628930012
4.69011960679
4.68390469973
4.6776429147
4.67133257777
4.66497200359
4.65855949364
4.65209333451
4.64557179625
4.63899313071
4.63235556995
4.62565732462
4.61889658247
4.61207150679
4.60518023496
4.598220877
4.5911915142
4.58409019777
4.57691494749
4.56966375056
4.56233456029
4.55492529508
4.54743383725
4.53985803213
4.53219568706
4.52444457064
4.51660241186
4.50866689957
4.50063568183
4.49250636554
4.48427651609
4.47594365719
4.46750527081
4.45895879733
4.45030163581
4.44153114444
4.4326446412
4.42363940472
4.41451267539
4.40526165665
4.3958835166
4.38637538986
4.37673437967
4.36695756043
4.35704198043
4.34698466503
4.33678262018
4.3264328363
4.31593229268
4.30527796219
4.29446681656
4.28349583209
4.2723619959
4.26106231263
4.24959381185
4.23795355586
4.22613864819
4.21414624268
4.20197355319
4.18961786391
4.17707654031
4.16434704083
4.15142692908
4.13831388678
4.12500572731
4.11150040988
4.09779605427
4.08389095621
4.06978360324
4.05547269102
4.0409571402
4.02623611353
4.01130903327
3.99617559894
3.98083580496
3.96528995849
3.94953869699
3.93358300562
3.91742423415
3.9010641134
3.88450477083
3.86774874535
3.85079900096
3.8336589391
3.81633240957
3.79882371973
3.78113764187
3.76327941842
3.74525476498
3.72706987089
3.70873139712
3.69024647145
3.67162268071
3.65286806003
3.63399107892
3.61500062425
3.59590598
3.57671680383
3.55744310051
3.53809519237
3.51868368669
3.49921944045
3.47971352249
3.46017717333
3.44062176302
3.42105874717
3.40149962173
3.38195587664
3.36243894894
3.34296017562
3.32353074667
3.30416165874
3.28486366983
3.26564725653
3.24652256735
3.22749938972
3.20858710802
3.18979467021
3.17113055642
3.15260275087
3.13421871742
3.11598537881
3.09790909971
3.07999567377
3.06225031458
3.04467765061
3.02728172404
3.01006599354
2.99303334066
2.97618607996
2.95952597256
2.94305424299
2.92677159919
2.91067825537
