3.5325321534
4.39295564553
5.28311166178
6.05843978357
6.65846394391
7.08466593735
7.3632694714
7.53682910685
7.6428785336
7.70959612209
7.75143789037
7.77873157022
7.7975106145
7.8112534582
7.82195810233
7.8307752438
7.83837270139
7.84514290702
7.85132057879
7.8570494588
7.86242027491
7.86749244003
7.87230654231
7.87689160026
7.88126932646
7.8854566705
7.88946736376
7.89331287921
7.89700304393
7.90054644207
7.90395068891
7.90722262381
7.91036845059
7.91339384289
7.91630402547
7.91910383836
7.92179778838
7.92439009128
7.92688470648
7.92928536609
7.93159559928
7.93381875293
7.93595800914
7.93801640029
7.93999682188
7.94190204374
7.94373471954
7.94549739524
7.94719251647
7.94883665076
7.95043825309
7.95200278026
7.95353389312
7.95503412923
7.95650531706
7.95794883246
7.95936575827
7.96075698424
7.96212327007
7.96346528549
7.96478363602
7.96607887977
7.96735153851
7.96860210516
7.96983104898
7.97103881916
7.97222584751
7.97339255043
7.97453933047
7.97566657752
7.97677466979
7.97786397467
7.9789348494
7.97998764168
7.98102269021
7.98204032515
7.98304086853
7.98402463463
7.98499193032
7.98594305538
7.98687830274
7.98779795881
7.98870230364
7.98959161121
7.99046614958
7.99132618112
7.99217196267
7.99300374574
7.99382177659
7.99462629649
7.99541754175
7.99619574395
7.99696113
7.99771392228
7.99845433878
7.99918259317
7.99989889494
8.00060344949
8.0012964582
8.00197811858
8.00264862431
8.00330816535
8.00395692803
8.0045950951
8.00522284587
8.0058403562
8.00644779865
8.00704534252
8.00763315393
8.00821139587
8.00878022826
8.00933980808
8.00989028934
8.01043182321
8.01096455803
8.01148863942
8.01200421029
8.01251141093
8.01301037902
8.01350124974
8.01398415578
8.01445922738
8.01492659243
8.01538637647
8.01583870276
8.01628369232
8.01672146397
8.01715213437
8.01757581809
8.01799262761
8.0184026734
8.01880606391
8.01920290569
8.01959330333
8.01997735957
8.02035517532
8.02072684966
8.02109247991
8.02145216169
8.02180598887
8.02215405368
8.02249644672
8.02283325696
8.02316457182
8.02349047716
8.02381105733
8.02412639521
8.02443657219
8.02474166826
8.02504176198
8.02533693056
8.02562724984
8.02591279434
8.02619363727
8.02646985058
8.02674150495
8.02700866984
8.0272714135
8.02752980299
8.02778390421
8.02803378193
8.02827949978
8.0285211203
8.02875870494
8.02899231411
8.02922200716
8.02944784242
8.02966987723
8.02988816793
8.03010276989
8.03031373754
8.03052112437
8.03072498296
8.03092536499
8.03112232124
8.03131590164
8.03150615527
8.03169313035
8.03187687429
8.03205743369
8.03223485436
8.03240918134
8.03258045887
8.03274873047
8.0329140389
8.03307642621
8.03323593371
8.03339260205
8.03354647114
8.03369758025
8.03384596796
8.03399167222
8.03413473032
8.03427517892
8.03441305405
8.03454839115
8.03468122504
8.03481158996
8.03493951957
8.03506504696
