-695.999999916
69.5770893274
9.83213700276
-547.665243755
20.0881082996
1.88385966228
-492.755961983
19.8249260102
1.80393188865
-442.083911556
23.3551915713
1.8268594253
-396.809914951
27.3819040364
1.86281249565
-358.154900126
24.1190304208
1.79989811034
-328.599837578
21.682852262
1.76042517065
-305.245879251
20.0774037031
1.73740100184
-287.304320412
18.9074326972
1.72384243967
-273.213824254
18.0331062628
1.71631359692
-261.783229813
17.3650658632
1.7127257274
-252.192960222
16.8445885759
1.7117716573
-243.906243558
16.4321827616
1.71261188426
-236.577354086
16.1006750763
1.7146928858
-229.982521106
15.8309367802
1.71763988609
-223.973938969
15.6092018467
1.7211925151
-218.450849
15.4253543628
1.72516548814
-213.341818907
15.2718214271
1.72942421666
-208.593982009
15.1428276943
1.73386909169
-204.166493009
15.0339024118
1.73842543386
-200.026517874
14.9415356761
1.74303672307
-196.146745982
14.8629329819
1.7476598989
-192.503820174
14.7958497454
1.75226222934
-189.0773291
14.7384617942
1.75681890046
-185.849145325
14.6892743046
1.76131131391
-182.802980544
14.6470527966
1.7657257857
-179.924078659
14.610770778
1.77005254141
-177.198997651
14.5795695085
1.77428492527
-174.615449361
14.5527267089
1.77841876743
-172.162177457
14.5296319579
1.78245187145
-169.828860842
14.5097671502
1.78638359559
-167.606034175
14.4926908313
1.79021450849
-165.485020061
14.478025533
1.79394610567
-163.457869333
14.4654474587
1.79758057599
-161.517307121
14.4546780243
1.80112060991
-159.656680751
14.4454711591
1.80456903534
-157.869921822
14.4376305102
1.80792952462
-156.151495488
14.4309754259
1.81120543383
-154.496355133
14.4253381473
1.81439976916
-152.899913286
14.4205877395
1.81751611025
-151.358001009
14.4166050108
1.82055775943
-149.866833636
14.4132856814
1.82352790828
-148.422978487
14.4105383316
1.82642961198
-147.023324662
14.4082826596
1.82926577203
-145.665054851
14.4064479979
1.8320391259
-144.345619127
14.4049720461
1.83475224189
-143.062710647
14.4037997879
1.83740751829
-141.814243211
14.4028825623
1.84000718582
-140.598329359
14.4021751315
1.84255304141
-139.413266336
14.4016435622
1.84504754154
-138.257511139
14.4012517461
1.84749217618
-137.129669673
14.4009695092
1.84988856965
-136.02848093
14.4007700104
1.85223821612
-134.952803747
14.4006293593
1.85454248914
-133.901604756
14.4005262855
1.85680265107
-132.873947446
14.4004418509
1.85901986245
-131.868982231
14.4003591993
1.86119519099
-130.88593746
14.4002633376
1.8633296203
-129.924111268
14.400140945
1.86542405811
-128.98286422
14.3999802055
1.86747934405
-128.06161265
14.3997706606
1.86949625692
-127.159822656
14.3995030804
1.8714755215
-126.277004679
14.3991693489
1.87341781479
-125.412708612
14.3987623632
1.87532377182
-124.566519398
14.3982759437
1.87719399091
-123.738053061
14.3977047542
1.87902903858
-122.926953136
14.397044231
1.88082945383
-122.132887462
14.3962905185
1.88259575224
-121.355545294
14.3954404121
1.88432842943
-120.594634714
14.3944913064
1.88602796436
-119.84988031
14.3934411484
1.88769482214
-119.121021093
14.3922883947
1.88932945657
-118.407808634
14.3910319724
1.8909323124
-117.7100054
14.389671244
1.89250382725
-117.02738327
14.3882059744
1.89404443337
-116.359722208
14.3866363002
1.89555455907
-115.706809092
14.3849627025
1.89703462998
-115.068436667
14.3831859799
1.89848507013
-114.444402625
14.3813072249
1.89990630281
-113.834508794
14.3793278006
1.90129875132
-113.238560421
14.3772493193
1.90266283949
-112.656365551
14.3750736225
1.90399899218
-112.087734483
14.3728027615
1.90530763557
-111.532479304
14.3704389795
1.90658919738
-110.990413484
14.3679846944
1.90784410697
-110.461351532
14.3654424821
1.90907279545
-109.945108715
14.3628150615
1.91027569553
-109.441500814
14.360105279
1.91145324154
-108.950343932
14.3573160946
1.91260586917
-108.471454338
14.3544505683
1.91373401535
-108.004648349
14.3515118471
1.91483811794
-107.549742243
14.3485031525
1.91591861549
-107.106552201
14.3454277686
1.91697594691
-106.674894272
14.3422890308
1.91801055118
-106.254584366
14.3390903151
1.91902286694
-105.84543826
14.3358350272
1.92001333219
-105.547693146
14.3335985978
1.92099386753
-105.609488841
14.3350928296
1.92199611224
-105.669829407
14.3365795006
1.92299162811
-105.728832549
14.3380670836
1.92398166983
-105.786582636
14.3395567255
1.92496609248
-105.84315488
14.3410485903
1.92594463399
-105.898618107
14.3425426857
1.92691707069
-105.953035822
14.3440389618
1.92788321962
-106.006466734
14.3455373327
1.92884293085
-106.05896519
14.3470376843
1.92979608046
-106.110581539
14.34853988
1.93074256529
-106.161362465
14.3500437647
1.9316822991
-106.211351282
14.3515491685
1.93261520971
-106.260588199
14.3530559088
1.93354123675
-106.309110566
14.3545637936
1.93446033008
-106.356953087
14.3560726223
1.93537244845
-106.404148024
14.3575821886
1.93627755847
-106.450725383
14.3590922808
1.93717563374
-106.496713077
14.360602684
1.93806665418
-106.542137087
14.3621131807
1.93895060545
-106.587021598
14.3636235518
1.93982747838
-106.631389136
14.3651335775
1.9406972686
-106.675260684
14.3666430385
1.9415599761
-106.718655799
14.3681517158
1.94241560489
-106.76159271
14.3696593921
1.94326416272
-106.804088417
14.3711658518
1.94410566074
-106.846158778
14.3726708816
1.94494011329
-106.887818589
14.3741742711
1.94576753764
-106.929081662
14.3756758129
1.94658795375
-106.969960894
14.3771753029
1.94740138413
-107.010468331
14.3786725407
1.94820785357
-107.050615229
14.3801673297
1.94900738903
-107.09041211
14.3816594773
1.94980001947
-107.129868812
14.3831487953
1.95058577565
-107.168994539
14.3846350995
1.95136469005
-107.207797904
14.3861182104
1.95213679672
-107.24628697
14.3875979528
1.95290213112
-107.284469289
14.3890741562
1.95366073008
-107.322351939
14.3905466547
1.9544126316
-107.359941556
14.3920152869
1.95515787485
-107.397244361
14.3934798963
1.95589649999
-107.434266196
14.3949403309
1.95662854814
-107.471012545
14.3963964432
1.95735406127
-107.507488561
14.3978480907
1.95807308212
-107.543699087
14.3992951352
1.95878565414
-107.57964868
14.4007374432
1.95949182143
-107.61534163
14.4021748856
1.96019162865
-107.650781977
14.4036073378
1.960885121
-107.685973531
14.4050346798
1.96157234411
-107.720919884
14.4064567957
1.96225334403
-107.755624431
14.407873574
1.96292816718
-107.790090379
14.4092849075
1.96359686028
-107.824320759
14.410690693
1.9642594703
-107.858318444
14.4120908314
1.96491604448
-107.892086156
14.4134852278
1.96556663022
-107.925626476
14.4148737909
1.96621127507
-107.958941856
14.4162564335
1.96685002671
-107.992034628
14.4176330722
1.96748293292
-108.024907009
14.419003627
1.96811004151
-108.057561115
14.4203680219
1.96873140034
-108.089998962
14.4217261841
1.96934705728
-108.122222479
14.4230780443
1.96995706015
-108.154233508
14.4244235369
1.97056145677
-108.186033815
14.4257625991
1.97116029484
-108.217625094
14.4270951716
1.97175362204
-108.249008972
14.4284211983
1.97234148588
-108.280187013
14.4297406259
1.9729239338
-108.311160724
14.4310534042
1.97350101308
-108.341931559
14.432359486
1.97407277084
-108.372500921
14.4336588267
1.97463925404
-108.402870169
14.4349513847
1.97520050946
-108.433040617
14.4362371208
1.97575658369
-108.463013543
14.4375159987
1.9763075231
-108.492790187
14.4387879843
1.97685337384
-108.522371753
14.4400530463
1.97739418185
-108.551759419
14.4413111555
1.97792999283
-108.58095433
14.4425622852
1.97846085222
-108.609957605
14.4438064109
1.97898680521
-108.638770342
14.4450435103
1.97950789673
-108.667393613
14.4462735631
1.98002417145
-108.695828469
14.4474965513
1.98053567376
-108.724075945
14.4487124588
1.98104244776
-108.752137055
14.4499212713
1.98154453726
-108.7800128
14.4511229766
1.98204198581
-108.807704163
14.4523175642
1.98253483661
-108.835212116
14.4535050254
1.98302313261
-108.862537617
14.4546853532
1.98350691644
-108.889681613
14.4558585423
1.98398623039
-108.916645041
14.457024589
1.98446111649
-108.943428827
14.4581834911
1.98493161642
-108.970033891
14.459335248
1.98539777156
-108.996461141
14.4604798604
1.98585962296
-109.022711482
14.4616173305
1.98631721136
-109.048785809
14.4627476621
1.98677057717
-109.074685013
14.4638708598
1.98721976049
-109.100409979
14.46498693
1.98766480107
-109.125961586
14.46609588
1.98810573837
-109.151340711
14.4671977185
1.98854261149
-109.176548223
14.468292455
1.98897545922
-109.201584991
14.4693801006
1.98940432001
-109.22645188
14.470460667
1.98982923201
-109.251149749
14.4715341674
1.99025023302
-109.275679459
14.4726006155
1.99066736051
-109.300041864
14.4736600263
1.99108065164
