4406713.7049
1863165.01923
1882636.84411
1901085.64226
1918580.69821
1935184.22729
1950952.96369
1965938.87121
1980189.68884
1993749.38409
2006658.54011
2018954.69179
2030672.62008
2041844.61141
2052500.68733
2062668.80846
2072375.05616
2081643.79472
2090497.81665
2098958.47295
2107045.79026
2114778.5765
2122174.53006
2129250.2679
2136021.49452
2142503.00992
2148708.79046
2154652.04768
2160345.28192
2165800.33133
2171028.41676
2176040.18288
2180845.73595
2185454.68793
2189876.15258
2194118.82594
2198190.98141
2202100.50232
2205854.90528
2209461.36163
2212926.71746
2216257.51207
2219459.99527
2222540.14337
2225503.67408
2228356.06049
2231102.54399
2233748.14644
2236297.68153
2238755.76535
2241126.82637
2243415.11476
2245624.71116
2247759.53486
2249823.35158
2251819.78071
2253752.30217
2255624.26287
2257438.88277
2259199.26068
2260908.37963
2262569.11202
2264184.22505
2265756.38311
2267288.15534
2268782.01768
2270240.35727
2271665.47621
2273059.59503
2274424.85608
2275763.32672
2277077.00232
2278367.80921
2279637.60738
2280888.19311
2282121.30152
2283338.6089
2284541.73501
2285732.24526
2286911.65281
2288081.4205
2289242.96283
2290397.64773
2291546.7983
2292691.69451
2293833.57476
2294973.63746
2296113.04245
2297252.91244
2298394.33435
2299538.36059
2300686.01033
2301838.27071
2302996.09791
2304160.41833
2305332.12963
2306512.10171
2307701.17772
2308900.175
2310109.88597
2311331.07899
2312564.49921
2313810.86936
2315070.89054
2316345.24291
2317634.58648
2318939.56172
2320260.79026
2321598.87553
2322954.40331
2324327.9424
2325720.0451
2327131.2478
2328562.07148
2330013.02221
2331484.59164
2332977.25741
2334491.48367
2336027.72141
2337586.40896
2339167.97228
2340772.82542
2342401.3708
2344053.9996
2345731.09206
2347433.01782
2349160.13617
2350912.79636
2352691.33788
2354496.0907
2356327.37551
2358185.50397
2360070.77891
2361983.49456
2363923.93675
2365892.38307
2367889.10306
2369914.3584
2371968.40304
2374051.48334
2376163.83825
2378305.6994
2380477.29124
2382678.83114
2384910.52952
2387172.5899
2389465.20903
2391788.57698
2394142.87715
2396528.2864
2398944.97509
2401393.10714
2403872.84004
2406384.32495
2408927.70668
2411503.12377
2414110.70848
2416750.5868
2419422.87852
2422127.69716
2424865.15004
2427635.33825
2430438.35665
2433274.29387
2436143.23227
2439045.24798
2441980.41082
2444948.78431
2447950.42565
2450985.38568
2454053.70883
2457155.43314
2460290.59018
2463459.20504
2466661.29626
2469896.87584
2473165.94913
2476468.51487
2479804.56507
2483174.08504
2486577.05327
2490013.44144
2493483.21436
2496986.32993
2500522.73909
2504092.38578
2507695.2069
2511331.13225
2515000.08455
2518701.97931
2522436.7249
2526204.22241
2530004.36569
2533837.04132
2537702.12853
2541599.49923
2545529.01795
2549490.54186
2553483.92071
2557508.99687
