-0.171463346309
-0.251134667752
-0.269501283515
-0.287744556334
-0.305876243
-0.323908528943
-0.341849249226
-0.359703161633
-0.377472892888
-0.395159608353
-0.412763481029
-0.430284016921
-0.447720278815
-0.465071038976
-0.482334882547
-0.499510277073
-0.516595618881
-0.533589263763
-0.550489547068
-0.567294796675
-0.584003341199
-0.600613515019
-0.617123661186
-0.633532132913
-0.649837294118
-0.666037519331
-0.682131193156
-0.698116709423
-0.713992470118
-0.729756884126
-0.745408365838
-0.760945333612
-0.77636620812
-0.791669410557
-0.80685336072
-0.821916474943
-0.836857163872
-0.851673830067
-0.866364865416
-0.880928648324
-0.895363569984
-0.909667921427
-0.923840040783
-0.937878220095
-0.951780719443
-0.965545762311
-0.979171530477
-0.992656158332
-1.00599772662
-1.01919425548
-1.0322436968
-1.04514392564
-1.05789273085
-1.07048780447
-1.08292673012
-1.09520696988
-1.10732584984
-1.11928054376
-1.131068055
-1.1426851962
-1.15412856651
-1.16539452625
-1.17647916836
-1.1873782865
-1.19808733945
-1.20860141125
-1.21891516678
-1.22902325636
-1.23891851472
-1.24859393397
-1.25804281383
-1.26725650389
-1.27622591883
-1.28494109538
-1.29339110891
-1.30156399147
-1.30944665613
-1.31702483545
-1.32428304485
-1.3312045869
-1.33777161849
-1.34396529882
-1.34976607742
-1.35515429381
-1.36011068964
-1.36461759302
-1.36866033317
-1.37222915034
-1.37532160454
-1.37794544384
-1.38012177046
-1.38188816617
-1.38330122531
-1.38443774957
-1.38539378225
-1.3862808185
-1.38721900872
-1.38832792842
-1.3897163007
-1.3914725811
-1.39365825451
-1.39630504986
-1.39941596855
-1.40296993174
-1.40692779882
-1.41123905528
-1.41584780523
-1.42069752128
-1.42573437971
-1.43090929731
-1.43617892943
-1.44150592369
-1.44685869302
-1.45221091529
-1.45754090673
-1.46283096604
-1.46806674691
-1.47323668954
-1.4783315236
-1.48334384457
-1.48826775889
-1.49309859087
-1.49783264287
-1.50246700067
-1.50699937638
-1.51142798217
-1.51575142918
-1.51996864683
-1.52407881842
-1.52808132992
-1.53197572927
-1.53576169397
-1.53943900548
-1.54300752878
-1.54646719619
-1.54981799455
-1.55305995504
-1.55619314506
-1.55921766181
-1.56213362722
-1.56494118383
-1.56764049162
-1.57023172539
-1.57271507271
-1.57509073235
-1.57735891289
-1.57951983173
-1.58157371423
-1.58352079307
-1.58536130769
-1.58709550389
-1.58872363348
-1.590245954
-1.59166272854
-1.59297422554
-1.59418071867
-1.59528248677
-1.59627981372
-1.59717298843
-1.5979623048
-1.59864806172
-1.59923056302
-1.59971011753
-1.60008703909
-1.60036164655
-1.60053426386
-1.60060522003
-1.60057484928
-1.60044349102
-1.60021148993
-1.59987919605
-1.59944696481
-1.59891515716
-1.59828413956
-1.59755428414
-1.59672596876
