-255.480217062
-326.25063107
-326.265940626
-326.159658706
-325.965377464
-325.709509724
-325.408718801
-325.073538212
-324.710660698
-324.324368287
-323.917427855
-323.491652845
-323.048255913
-322.588070421
-322.111689608
-321.619554037
-321.112006547
-320.589326788
-320.051752919
-319.499495249
-318.932744798
-318.351678683
-317.756463483
-317.147257357
-316.524211347
-315.887470188
-315.237172788
-314.5734525
-313.896437258
-313.206249621
-312.503006747
-311.786820327
-311.057796468
-310.316035553
-309.561632064
-308.794674377
-308.015244524
-307.223417924
-306.41926308
-305.602841242
-304.774215447
-303.933414735
-303.080482388
-302.215446646
-301.338325982
-300.44912849
-299.547851182
-298.634479196
-297.708984904
-296.771326916
-295.821448969
-294.859278686
-293.884726196
-292.897682589
-291.898018199
-290.885580687
-289.860192897
-288.821650471
-287.769719176
-286.70413193
-285.624585467
-284.530736645
-283.422198284
-282.298534551
-281.159255853
-280.003813118
-278.8315915
-277.642004523
-276.434096422
-275.206992502
-273.959926849
-272.691757483
-271.401305135
-270.087263774
-268.748190648
-267.382497249
-265.988442123
-264.564126892
-263.10749736
-261.616352404
-260.088364253
-258.521112615
-256.912143687
-255.259080523
-253.559714951
-251.812212063
-250.015345799
-248.168808572
-246.273590963
-244.332420116
-242.350225125
-240.334569799
-238.295961495
-236.247918474
-234.206674157
-232.190431217
-230.218163348
-228.30808531
-226.47603429
-224.734072359
-223.089589289
-221.545065155
-220.098437043
-218.744005775
-217.473506212
-216.277226157
-215.144965657
-214.066764231
-213.033383713
-212.036577504
-211.069195926
-210.125179212
-209.199482122
-208.287963271
-207.387261882
-206.494676126
-205.608050999
-204.725679419
-203.846217551
-202.968613873
-202.092050649
-201.215896237
-200.339666542
-199.462994092
-198.585603341
-197.707291045
-196.827910695
-195.947360219
-195.065572271
-194.182506582
-193.29814394
-192.412481453
-191.525528838
-190.637305495
-189.747838225
-188.857159428
-187.965305707
-187.072316761
-186.178234532
-185.28310253
-184.386965315
-183.489868088
-182.59185638
-181.692975809
-180.793271891
-179.892789904
-178.991574777
-178.089671012
-177.187122628
-176.283973118
-175.380265422
-174.476041911
-173.571344376
-172.666214028
-171.7606915
-170.854816852
-169.948629583
-169.042168639
-168.135472433
-167.228578854
-166.321525288
-165.414348633
-164.507085317
-163.599771315
-162.692442171
-161.785133013
-160.877878574
-159.970713208
-159.063670912
-158.156785342
-157.250089832
-156.343617412
-155.437400826
-154.53147255
-153.625864809
-152.720609593
