0.0202173529219
0.020229808914
0.0202423000445
0.0202548262742
0.0202673875683
0.0202799838992
0.0202926152463
0.0203052815952
0.0203179829376
0.0203307192703
0.0203434905952
0.0203562969183
0.02036913825
0.0203820146044
0.0203949259992
0.0204078724551
0.020420853996
0.0204338706486
0.0204469224419
0.0204600094077
0.0204731315797
0.0204862889939
0.0204994816882
0.0205127097021
0.0205259730771
0.0205392718562
0.0205526060836
0.0205659758053
0.0205793810682
0.0205928219207
0.0206062984121
0.020619810593
0.0206333585146
0.0206469422293
0.0206605617902
0.0206742172513
0.0206879086673
0.0207016360933
0.0207153995853
0.0207291991999
0.0207430349939
0.0207569070249
0.0207708153506
0.0207847600294
0.0207987411198
0.0208127586806
0.0208268127709
0.02084090345
0.0208550307774
0.0208691948127
0.0208833956156
0.0208976332457
0.0209119077629
0.0209262192268
0.0209405676972
0.0209549532336
0.0209693758954
0.020983835742
0.0209983328325
0.0210128672256
0.02102743898
0.0210420481539
0.0210566948052
0.0210713789916
0.0210861007701
0.0211008601974
0.0211156573297
0.0211304922225
0.0211453649311
0.0211602755099
0.0211752240126
0.0211902104923
0.0212052350016
0.0212202975918
0.0212353983137
0.0212505372172
0.021265714351
0.0212809297631
0.0212961835001
0.0213114756073
0.0213268061281
0.0213421751063
0.0213575825878
0.0213730286172
0.0213885132374
0.0214040364898
0.0214195984145
0.0214351990498
0.0214508384329
0.0214665165992
0.0214822335827
0.0214979894156
0.0215137841285
0.0215296177503
0.0215454903081
0.0215614018271
0.0215773523305
0.0215933418396
0.0216093703734
0.0216254379491
0.0216415445812
0.0216576902823
0.0216738750622
0.0216900989285
0.021706361886
0.021722663937
0.0217390050807
0.0217553853135
0.021771804629
0.0217882630174
0.0218047604656
0.0218212969573
0.0218378724725
0.0218544869877
0.0218711404754
0.0218878329043
0.0219045642388
0.021921334439
0.0219381434608
0.021954991255
0.0219718777678
0.0219888029403
0.0220057667082
0.0220227690017
0.0220398097453
0.0220568888575
0.0220740062502
0.0220911618293
0.0221083554933
0.0221255871341
0.0221428566357
0.0221601638748
0.0221775087201
0.0221948923408
0.0222123133025
0.0222298649492
0.0222474468065
0.0222650594489
0.0222827032634
0.0223003784818
0.0223180852163
0.0223358234883
0.0223535932488
0.0223713943939
0.0223892267767
0.0224070902165
0.0224249845076
0.0224429094282
0.0224608647538
0.0224788502857
0.0224968660052
0.0225150063889
0.0225332006064
0.0225514498899
0.0225697558438
0.0225881204727
0.0226065462613
0.0226250363122
0.0226435945612
0.0226622261253
0.0226809378974
0.0226997396616
0.0227186465097
0.022737685545
0.0227569293618
0.0227748658938
0.0227928266959
0.0228108119688
0.0228288217966
0.0228468562257
0.0228649152734
0.0228829989284
0.02290110715
0.0229192398672
0.0229373969773
0.0229555783443
0.022973783797
0.022992013127
0.0230102660858
0.0230285423814
0.0230468416745
0.023065163574
0.023083507631
0.0231018733321
0.023120260091
0.0231386672386
0.0231570940099
0.0231755395288
0.023194002788
0.0232124826243
0.0232309776856
0.023249486389
0.0232680068629
0.0232865368693
0.0233050736924
0.0233236139778
0.0233421534864
0.0233606866994
0.0233792061379
0.0233977010708
