0.89981
0.932740758597
0.940113393482
0.946890421602
0.953386008238
0.959716034596
0.965954538154
0.97214909911
0.978330267783
0.984517629538
0.990723709088
0.996956484047
1.00322100305
1.0095204273
1.01585670086
1.02223098197
1.02864392046
1.03509583619
1.04158683379
1.04811687633
1.05468583279
1.0612935084
1.06793966425
1.07462402984
1.08134631111
1.08810619564
1.09490335598
1.10173745185
1.10860813149
1.11551503261
1.12245778305
1.12943600117
1.13644929623
1.14349726862
1.15057951007
1.15769560392
1.16484512526
1.17202764116
1.17924274493
1.18648994289
1.19376878342
1.20107880652
1.20841954445
1.21579052242
1.2231912591
1.23062126715
1.23808005369
1.24556712075
1.25308196578
1.26062408211
1.26819295948
1.27578808462
1.28340894177
1.29105501334
1.29872578058
1.30642072424
1.31413932536
1.32188106609
1.3296454305
1.33743190557
1.34523998215
1.35306915605
1.36091892918
1.36878881081
1.3766783189
1.38458698153
1.39251433851
1.40045994299
1.40842336336
1.41640443742
1.42440243221
1.43241700462
1.44044756706
1.44849415435
1.45655644965
1.46463417592
1.47272709707
1.48083501893
1.48895779102
1.49709530873
1.5052475155
1.51341440479
1.52159602141
1.52979246187
1.53800387312
1.54623044916
1.55447243129
1.56273007769
1.57100366972
1.57929348155
1.58759975279
1.59592265216
1.60426223312
1.6126183823
1.62099076305
1.62937875818
1.63778141799
1.64619742073
1.65462505331
1.66306221803
1.67150646841
1.67995507182
1.68840509237
1.69685346796
1.70529715607
1.71373315072
1.72215857714
1.73057068101
1.73896702513
1.74734530434
1.75570342062
1.76403806301
1.77235081346
1.78063802842
1.78889834613
1.7971305096
1.80533335119
1.81350578365
1.8216467909
1.8297554192
1.83783076907
1.84587198822
1.85387826541
1.86184882521
1.8697829236
1.87767984425
1.88553889547
1.89335940764
1.90114073107
1.90888223424
1.91658330231
1.92424333595
1.93186175024
1.93943797383
1.94697144821
1.95446162707
1.96190797576
1.96930997079
1.97666709946
1.98397885942
1.99124475837
1.99846431375
2.00563705241
2.01276251041
2.01984023269
2.02686977291
2.03385069313
2.04078256366
2.0476649628
2.05449747664
2.06127969889
2.06801123059
2.07469168003
2.08132066244
2.08789779988
2.09442272102
2.10089506094
2.10731446097
2.1136805685
2.11999303678
2.12625152479
2.132455697
2.13860522325
2.14469977854
2.15073904289
2.15672270115
2.16265044282
2.16852196194
2.17433695685
2.1800951301
2.18579618822
2.19143984164
2.19702580445
2.20255379429
2.2080235322
2.21343474243
