0.0043665
0.00438462049489
0.00438750227024
0.00438829743144
0.00438849598981
0.00438852628539
0.00438850862399
0.00438847677742
0.00438844024009
0.00438840169119
0.00438836189508
0.00438832107749
0.00438827931223
0.00438823663001
0.0043881930491
0.00438814858389
0.00438810324742
0.00438805705206
0.00438801000971
0.00438796213192
0.0043879134299
0.00438786391453
0.00438781359645
0.00438776248599
0.00438771059329
0.00438765792826
0.00438760450061
0.00438755031991
0.00438749539556
0.00438743973685
0.00438738335299
0.00438732625307
0.00438726844619
0.00438720994136
0.00438715074762
0.00438709087401
0.00438703032378
0.00438696912179
0.00438690726459
0.00438684476342
0.00438678162838
0.00438671786927
0.00438665349592
0.00438658851834
0.00438652294673
0.00438645679156
0.00438639006354
0.00438632277367
0.00438625493328
0.00438618655403
0.00438611764792
0.00438604822737
0.00438597830517
0.00438590789456
0.00438583700925
0.00438576566338
0.00438569387164
0.00438562164921
0.00438554901185
0.00438547597585
0.00438540255814
0.00438532877624
0.00438525464833
0.00438518019323
0.00438510543048
0.00438503038031
0.0043849550637
0.00438487950237
0.00438480371883
0.00438472773641
0.00438465157922
0.00438457527225
0.00438449884134
0.00438442231323
0.00438434571555
0.00438426907686
0.00438419242667
0.00438411579544
0.00438403921462
0.00438396271665
0.00438388633498
0.00438381010408
0.00438373405948
0.00438365823772
0.00438358267644
0.00438350741433
0.00438343249117
0.00438335794782
0.00438328382622
0.00438321016942
0.00438313702156
0.00438306442787
0.00438299243467
0.00438292108938
0.00438285044048
0.00438278053754
0.00438271143116
0.00438264317299
0.00438257581573
0.00438250941303
0.00438244401955
0.00438237969089
0.00438231648356
0.00438225445494
0.00438219366326
0.00438213416753
0.00438207602751
0.00438201930365
0.00438196405702
0.00438191034926
0.00438185824251
0.00438180779931
0.00438175908257
0.00438171215543
0.00438166708118
0.0043816239232
0.0043815827448
0.00438154360912
0.00438150657905
0.00438147171705
0.00438143908504
0.00438140874427
0.00438138075514
0.00438135517709
0.00438133206839
0.004381311486
0.00438129348539
0.00438127812034
0.00438126544277
0.00438125550254
0.00438124834725
0.00438124402203
0.00438124256932
0.00438124402867
0.00438124843652
0.004381255826
0.00438126622667
0.00438127966433
0.00438129616078
0.00438131573363
0.00438133839608
0.00438136415669
0.00438139301922
0.00438142498243
0.00438146003985
0.00438149817971
0.00438153938468
0.00438158363184
0.00438163089247
0.00438168113201
0.00438173430997
0.00438179037986
0.0043818492892
0.00438191097948
0.0043819753862
0.00438204243896
0.0043821120615
0.00438218417183
0.00438225868241
0.0043823355003
0.00438241452738
0.00438249566059
0.00438257879223
0.00438266381022
0.00438275059845
0.00438283903715
0.00438292900324
0.00438302037076
0.00438311301126
0.00438320679423
0.00438330158757
0.00438339725804
0.00438349367169
0.00438359069434
0.00438368819204
0.0043837860315
0.00438388408057
0.00438398220862
0.00438408028696
0.00438417818932
0.00438427579208
0.00438437297474
0.00438446962015
0.00438456561487
0.0043846608494
0.00438475521841
0.00438484862094
0.00438494096057
0.00438503214557
0.00438512208895
0.00438521070859
0.00438529792722
0.00438538367247
0.00438546787682
0.00438555047758
0.00438563141675
0.00438571064101
0.00438578810151
0.00438586375378
0.00438593755755
