1.29674017644
1.31262095056
1.32747297466
1.34135216636
1.35431060512
1.36639692284
1.37765661224
1.38813229634
1.39786396704
1.40688919795
1.41524333491
1.42295966731
1.43006958251
1.43660270548
1.44258702529
1.44804901001
1.45301371142
1.45750486046
1.46154495425
1.46515533628
1.46835626965
1.47116700445
1.47360583986
1.47569018141
1.47743659382
1.47886084991
1.47997797611
1.48080229435
1.48134746121
1.48162650428
1.48165185608
1.48143538564
1.48098842803
1.48032181193
1.47944588554
1.4783705407
1.47710523565
1.47565901638
1.4740405366
1.47225807668
1.47031956137
1.46823257655
1.46600438504
1.46364194151
1.46115190656
1.45854066006
1.45581431384
1.45297872353
1.45003949999
1.44700201998
1.44387143644
1.44065268812
1.43735050885
1.43396943625
1.43051382013
1.42698783037
1.42339546455
1.4197405551
1.41602677624
1.41225765051
1.40843655504
1.40456672755
1.40065127207
1.3966931644
1.39269525735
1.38866028575
1.38459087122
1.38048952681
1.37635866131
1.37220058354
1.36801750634
1.36381155047
1.35958474828
1.35533904731
1.3510763137
1.34679833496
1.34250682507
1.33820342458
1.33388970547
1.32956717346
1.32523727065
1.32090137817
1.31656081854
1.31221685816
1.30787070952
1.30352353344
1.29917644115
1.29483049635
1.29048671714
1.28614607794
1.28180951123
1.27747790935
1.27315212614
1.26883297857
1.26452124827
1.260217683
1.25592299814
1.25163787801
1.24736297723
1.24309892196
1.23884631116
1.23460571776
1.23037768977
1.22616275141
1.22196140412
1.21777412758
1.21360138069
1.20944360249
1.20530121306
1.20117461437
1.19706419111
1.1929703115
1.18889332803
1.18483357819
1.18079138521
1.17676705869
1.17276089526
1.16877317922
1.16480418311
1.16085416831
1.15692338555
1.15301207547
1.1491204691
1.14524878837
1.14139724653
1.13756604863
1.13375539192
1.12996546625
1.1261964545
1.12244853287
1.11872187131
1.11501663382
1.11133297877
1.10767105922
1.10403102319
1.10041301397
1.09681717035
1.0932436269
1.08969251419
1.08616395902
1.08265808466
1.079175011
1.07571485482
1.07227772988
1.06886374719
1.0654730151
1.06210563948
1.05876172387
1.05544136962
1.05214467599
1.0488717403
1.04562265803
1.04239752291
1.03919642706
1.03601946103
1.0328667139
1.02973827337
1.02663422584
1.02355465642
1.02049964906
1.01746928654
1.01446365058
1.01148282183
1.00852687992
1.00559590352
1.00268997034
0.999809157176
0.996953539899
0.994123193506
0.991318192113
0.988538608968
0.985784516456
0.983055986099
0.980353088558
0.977675893625
0.975024470218
0.972398886367
0.969799209208
0.967225504959
0.964677838907
0.962156275388
0.959660877762
0.957191708392
0.954748828613
0.952332298709
0.949942177879
0.947578524208
0.945241394633
0.942930844908
0.940646929571
0.938389701947
0.936159213862
0.933955516027
0.931778657754
0.929628686932
0.92750564999
0.925409591857
0.923340555929
0.921298584015
0.919283716305
