49.7239289169
-242.46643977
-240.527149994
-238.627597293
-236.76595756
-234.941000594
-233.151558761
-231.396496635
-229.674708365
-227.985119028
-226.326686629
-224.698403777
-223.099298758
-221.528436036
-219.98491684
-218.467876308
-216.976486613
-215.509953448
-214.067515646
-212.648444036
-211.252040242
-209.877635259
-208.524588998
-207.192287787
-205.880144053
-204.587594898
-203.31410095
-202.059145252
-200.822232192
-199.602886478
-198.400652162
-197.215091701
-196.045785065
-194.892328889
-193.754335663
-192.63143297
-191.523262748
-190.429480607
-189.34975731
-188.283769543
-187.231212298
-186.191789617
-185.165216249
-184.151217149
-183.149526996
-182.15988974
-181.182058177
-180.215793537
-179.260865099
-178.317049824
-177.384132008
-176.461902952
-175.550160646
-174.648709475
-173.757359933
-172.875928356
-172.00423667
-171.142112142
-170.289387155
-169.445898989
-168.61148961
-167.786005472
-166.969297334
-166.161220073
-165.36163252
-164.570397294
-163.787380651
-163.012452333
-162.24548543
-161.486356247
-160.734944176
-159.991131574
-159.254803652
-158.52584836
-157.804156283
-157.089620543
-156.382136704
-155.681602677
-154.987918639
-154.300986944
-153.62071205
-152.947000438
-152.279760544
-151.618902689
-150.964339012
-150.31598341
-149.673751475
-149.037560438
-148.407329116
-147.782977857
-147.16442849
-146.55160428
-145.94442988
-145.342831285
-144.746735797
-144.156071976
-143.57076961
-142.990759671
-142.415974285
-141.846346696
-141.281811235
-140.722303285
-140.167759256
-139.618116557
-139.073313562
-138.533289592
-137.997984883
-137.467340568
-136.941298647
-136.419801972
-135.90279422
-135.390219873
-134.882024202
-134.378153245
-133.878553788
-133.383173349
-132.891960161
-132.404863156
-131.921831946
-131.442816813
-130.96776869
-130.49663915
-130.029380389
-129.565945218
-129.106287046
-128.650359867
-128.198118254
-127.749517342
-127.304512819
-126.863060916
-126.425118396
-125.990642544
-125.55959116
-125.131922543
-124.707595491
-124.286569286
-123.868803688
-123.454258925
-123.04289569
-122.634675126
-122.229558826
-121.827508822
-121.428487578
-121.032457987
-120.639383358
-120.249227418
-119.861954298
-119.477528535
-119.095915061
-118.717079197
-118.340986654
-117.967603522
-117.596896267
-117.228831729
-116.863377113
-116.500499987
-116.140168281
-115.782350275
-115.427014605
-115.074130251
-114.723666539
-114.375593136
-114.029880044
-113.686497602
-113.34541648
-113.006607675
-112.670042514
-112.335692643
-112.003530033
-111.673526971
-111.345656064
-111.019890232
-110.696202707
-110.374567034
-110.054957068
-109.737346969
-109.421711205
-109.108024551
-108.796289645
-108.486425539
-108.178437185
-107.872300279
-107.567990976
-107.265485804
-106.964761618
-106.665795583
-106.368565165
-106.073048129
-105.779222536
-105.487066743
-105.196559399
-104.907679449
-104.62040383
-104.334716712
-104.050595574
-103.768020533
-103.486971999
-103.207430671
-102.929377538
-102.652793881
