18.5664
1900.1691376025333
1902.5923643178637
1904.2727659010068
1905.408116878092
1906.1414711570023
1906.575350308815
1906.785263377628
1906.8252734773457
1906.7349358702265
1906.5431645396875
1906.2711788818322
1905.934618789766
1905.5450662775347
1905.1112253280587
1904.6413064439364
1904.1363948870273
1903.602028780359
1903.040983966243
1902.4553727735101
1901.8468081767583
1901.216524640128
1900.56546933594
1899.8921720316673
1899.2015532367059
1898.4918722016946
1897.7634426220795
1897.0164987732269
1896.2307097930106
1895.4674752871135
1894.6659344412917
1893.8462406623335
1893.0084426551653
1892.1525547077445
1891.278566126233
1890.386448595257
1889.476160566853
1888.547650225972
1887.600857602416
1886.6357161435178
1885.652153922282
1884.6500945863002
1883.6294581152765
1882.590161431893
1881.532118896332
1880.4552427106437
1879.3594432483678
1878.2446293251637
1877.1107084202927
1875.9575868591442
1874.7851699624357
1873.5933621695865
1872.3820671397812
1871.1511878348801
1869.90062658776
1868.6302851583232
1867.3400647795395
1866.0298661948275
1864.6995896888577
1863.349135112635
1861.9784019037186
1860.5872891024026
1859.1756953653648
1857.7435189756247
1856.2906578511486
1854.8170095511884
1853.3224712809817
1851.8069398957216
1850.2703119027237
1848.7124834634171
1847.1333503941373
1845.5328081665234
1843.9107519073696
1842.2670763979443
1840.6016760732423
1838.9144450206213
1837.205276978361
1835.474065334107
1833.7207031229475
1831.9450830255657
1830.1470973660175
1828.3266381096817
1826.4835968610419
1824.6178648613845
1822.7293329862914
1820.8178917435746
1818.8834312706117
1816.9258413320117
1814.945011317212
1812.9408302379172
1810.9131867257108
1808.8619690296255
1806.7870650135305
1804.6883621538486
1802.565747537075
1800.4191078572103
1798.2483294133258
1796.0532981073745
1793.8338994414978
1791.5900185157154
1789.3215400255967
1787.028348259788
1784.7103270977273
1782.3673600072243
1779.9993300422218
1777.6061198402526
1775.1876116205167
1772.7436871811392
1770.2742278972353
1767.7791147184898
1765.2582281669606
1762.7114483347973
1760.1386548820662
1757.5397270344731
1754.914543581266
1752.262982872989
1749.5849228193792
1746.880240887013
1744.1488140975137
1741.390519025003
1738.6052317943615
1735.7928280788171
1732.9531830980989
1730.0861716161173
1727.1916679391097
1724.2695459133288
1721.319678923203
1718.3419398891651
1715.3362012656362
1712.3023350389947
1709.240212725567
1706.1497053695782
1703.0306835412239
1699.8830173344268
1696.7065763651858
1693.5012297693238
1690.2668462006036
1687.0032938287575
1683.7104403374196
1680.3881529222506
1677.036298288933
1673.6547426512889
1670.2433517290915
1666.8019907463924
1663.3305244294381
1659.8288170046328
1656.2967321968001
1652.7341332270207
1649.140882810857
1645.5168431563466
1641.8618759620194
1638.1758424150503
1634.4586031892732
1630.7100184432552
1626.9299478183402
1623.1182504367382
1619.2747848996155
1615.399409285069
1611.4919811463053
1607.5523575096356
1603.5803948725827
1599.575949201841
1595.5388759315115
1591.469029960994
1587.3662656531703
1583.230436832399
1579.0613967825643
1574.8589982451265
1570.6230934172763
1566.3535339497987
1562.0501709453217
1557.7149143269307
1553.3435040477937
1548.937832865229
1544.4977534262698
1540.0231158840388
1535.5137688930545
1530.9695600902623
1526.3903363276706
1521.7759437843345
1517.12622801965
1512.4410339981594
1507.7202061005362
1502.963588127764
1498.1710233022295
1493.3423542671444
1488.4774230851494
1483.5760712367253
1478.638139618188
1473.6634685399015
1468.6518977241253
1463.6032663030883
1458.5174128168867
1453.3941752114747
1448.2333908366331
1443.034896443896
1437.7985281844492
1432.5241216071645
1427.2115116564178
1421.8605326700845
