19.486
20.081172887553283
20.05422826819189
20.035313433151234
20.022971882229324
20.016192260650836
20.01422270098053
20.016472499963935
20.022458538048447
20.031774625803
20.04407296581607
20.059051958889548
20.076447835249276
20.09602838917919
20.11758812541484
20.140944360806934
20.165934022908406
20.192410983412604
20.22024381738967
20.24931390976975
20.279513849516366
20.310746064356184
20.342921657768784
20.375959416623633
20.409784962970566
20.4443300277073
20.479531827315583
20.515332527686997
20.551678781482167
20.588521327559153
20.625814642667965
20.663516637177935
20.7015883877528
20.739993901118435
20.77869990386063
20.817675654071554
20.856892771301297
20.8963250819195
20.935948477354565
20.975740783326017
21.015681638290523
21.055752379845053
21.095935937996348
21.136216734373555
21.176580586795815
21.217014618466106
21.257507171828966
21.29804772597456
21.338626818309287
21.379235969523684
21.41986761216687
21.46051502254074
21.50117225591181
21.541834084931182
21.582495941226174
21.623153860116986
21.663804428383358
21.704444735058658
21.74507238037427
21.78568520954225
21.826281609340374
21.866860243558357
21.90742007493136
21.94796033246247
21.988480481206686
22.028980194386055
22.06945932772767
22.109917895957338
22.15035605126798
22.190774063708858
22.23117230336049
22.271551224169862
22.31191134936883
22.352253258326208
22.39257757477665
22.432884956278997
22.47317608484489
22.513451658611686
22.553712384507467
22.593958971778733
22.634192126359824
22.674412545938594
22.714620915714956
22.754817904755907
22.79500416287689
22.83518031802054
22.87534697405899
22.91550470899278
22.955654073476534
22.995795589660837
23.035929750290435
23.076057018047234
23.116177825089945
23.15629257277401
23.196401631524697
23.23650534085451
23.2766040094667
23.316697915493563
23.35678730678763
23.396872401291557
23.436953387471362
23.477030424781972
23.517103644185557
23.55717314868962
23.59723901391808
23.637301288686185
23.677359995600916
23.71741513166419
23.75746666887505
23.79751455484157
23.837558713393253
23.87759904517571
23.917635428251682
23.957667718696783
23.99769575117709
24.03771933952786
24.077738277311592
24.117752338381962
24.15776127741481
24.19776483045047
24.23776271541172
24.277754632608904
24.317740265242577
24.35771927989188
24.39769132698344
24.4376560412649
24.477613042249466
24.517561934667032
24.557502308892882
24.597433741368764
24.637355795017072
24.67726801964488
24.717169952334373
24.757061117826957
24.79694102890245
24.836809186738332
24.876665081273188
24.91650819155427
24.95633798607591
24.996153923122392
25.035955451082426
25.075742008776892
25.115513025766145
25.15526792265871
25.195006111403252
25.234726995590357
25.274429970726626
25.314114424523307
25.35377973716221
25.393425281573638
25.433050423684328
25.472654522688615
25.512236931286445
25.551796995942908
25.591334057117024
25.63084744950542
25.67033650227123
25.709800539273566
25.74923887928675
25.788650836217204
25.828035719324273
25.86739283342062
25.90672147908686
25.946020952865595
25.985290547461492
26.024529551938496
26.063737251907646
26.102912929712566
26.142055864614296
26.18116533297248
26.220240608420134
26.25928096203578
26.298285662518627
26.337253976348745
26.376185167959868
26.415078499889994
26.453933232947843
26.492748626367685
26.531523937956507
26.570258424250127
26.60895134065752
26.64760194160359
26.68620948067764
26.724773210768358
26.76329238420031
26.801766252874664
26.84019406839389
26.87857508219954
26.91690854569768
26.95519371038146
26.99342982796186
27.031616150482666
27.069751930445566
27.10783642092346
27.145868875680712
27.183848549280608
27.22177469720727
27.25964657596175
27.297463443184185
27.335224557750262
