101732.436
1090235.3886740396
1096152.7956213686
1101958.7358721492
1107651.446514863
1113229.3642404957
1118690.8858847916
1124034.337635932
1129257.9820078642
1134360.0315445187
1139338.6637782352
1144192.0363640492
1148918.3020730743
1153515.6234685064
1157982.1871228495
1162316.2172528326
1166515.9886637311
1170579.8389099236
1174506.1795935512
1178293.506738108
1181940.4101883783
1185445.58200228
1188807.8238135977
1192026.054328256
1195099.3099464271
1198026.7560216791
1200807.6854868364
1203441.522324384
1205927.822956946
1208266.2767591483
1210456.705743574
1212499.0634766924
1214393.433283533
1216140.0258020367
1217739.1759491712
1219191.339361397
1220497.088371614
1221657.1075837857
1222672.189104829
1223543.2274912538
1224271.214465558
1224857.2334545166
1225302.4539984427
1225608.126077151
1225775.5743949816
1225806.192663709
1225701.4379186518
1225462.8248998083
1225091.9205263988
1224590.3384898875
1223959.7339873067
1223201.7986136829
1222318.2554294418
1221310.8542159596
1220181.3669298925
1218931.5833645887
1217563.3070247197
1216078.351218343
1214478.53536884
1212765.6815475908
1210941.6112268895
1209008.1422513302
1206967.0860249077
1204820.2449101028
1202569.4098345211
1200216.358099989
1197762.832530711
1195210.6123061848
1192561.4065771438
1189816.9200820369
1186978.8358091693
1184048.813891899
1181028.4906626863
1177919.5181762725
1174723.404921711
1171441.7493099237
1168076.085941282
1164627.9230307408
1161098.7422771244
1157489.9988471505
1153803.1214690807
1150039.5126308997
1146200.5472290255
1142287.5795371796
1138301.9338528854
1134244.9116031236
1130117.7903724038
1125921.8246283007
1121658.2465241984
1117328.2667730695
1112933.0755883344
1108473.8436882787
1103951.723360635
1099367.8495839853
1094723.3412026847
1090019.3021520094
1085256.8227302104
1080436.9809141355
1075560.8437150088
1070629.4685709032
1065643.9047723198
1060605.1949172053
1055514.3763915952
1050372.4942738407
1045180.557798796
1039939.6080784278
1034650.6773660566
1029314.7998879494
1023933.0137735291
1018506.3626573719
1013035.8972178766
1007522.6766910321
1001967.7703607169
996372.2590208444
990737.236403519
985063.798875934
979353.0930495284
973606.249014659
967824.4250768598
962008.7993671837
956160.5705324434
950280.9586801862
944371.2062921448
938432.579053675
932466.3665851908
926473.8830679493
920456.4677578408
914415.4853812155
908352.3264071132
902268.4071906626
896165.1699827975
890044.0828019417
883906.6391638401
877754.3576662866
871588.781426175
865411.4773669521
859224.0353553344
853028.0671869126
846825.205421096
840617.1020667315
834405.4271206023
828191.8669619286
821978.1226069237
815765.9078064464
809556.9471467251
803352.9736963861
797155.7269825477
790966.9505271122
784788.3894206327
778621.7877874572
772468.8861754718
766331.4188820298
760211.1112281675
754109.6767937483
748028.8146265406
741970.2064385719
735935.5138032652
729926.3753670097
723944.4040887618
717991.184521203
712068.2701467271
706177.1807812175
700319.4000581426
694496.3730049651
688709.5037232491
682960.1531831227
677249.6371419922
671579.2241965181
665950.1339759801
660363.5354841405
654820.545595764
649322.2277128482
643869.590584624
638463.5872942492
633105.1144141166
627795.0113306015
622534.0597380456
617322.9833008107
612162.4474812192
607053.0595303376
601995.3686376784
596989.8662350937
592036.9864494238
587137.1066977885
582290.5484188225
577497.5779326528
572758.4074219628
568073.1960261457
563442.0510402329
558865.0292101237
554342.1381154278
549873.3376312325
545458.5414600422
541097.6187252192
536790.3956173749
532536.6570852768
528336.148563097
524188.57772605744
520093.6162668007
516050.9016851706
