3.3236844671428813
0.3479612232421652
0.32952176322353194
0.311771595089269
0.2946669220778734
0.27818028815539464
0.26228452442592354
0.24695245179541234
0.23215705029113423
0.2178716232689163
0.20406994187820132
0.19072636519933917
0.17781596331831087
0.16531457700759353
0.1531989055811161
0.14144662544925285
0.13003616897106368
0.11894700813644617
0.10816008919643767
0.09765628205677336
0.08741854896747929
0.07742998277178804
0.06767507760394936
0.058139493492510665
0.048809272886941764
0.039671528179304055
0.030714206126575064
0.02192605164147821
0.013296570417017248
0.004815990924787629
-0.00352477375183798
-0.011734163861279382
-0.01982001038201854
-0.027789571612145306
-0.035649568739497706
-0.043406220227523815
-0.05106527489217905
-0.05863204357990091
-0.06611142938632149
-0.07350795638064177
-0.08082579682167425
-0.08806879686931997
-0.09524050080935219
-0.10234417382159838
-0.10938282333008495
-0.11635921898175157
-0.123275911305021
-0.13013524910379964
-0.13693939564496935
-0.14369034369891134
-0.15038992949350863
-0.1570398456409749
-0.16364165309856835
-0.17019679221721598
-0.17670659294444224
-0.18317228422042522
-0.18959500263736465
-0.19597580039967968
-0.20231565264047607
-0.20861546413610307
-0.21487607546500867
-0.2210982686497374
-0.22728277232214086
-0.23343026644733614
-0.23954138664078248
-0.2456167281102613
-0.25165684925246395
-0.2576622749320686
-0.26363349946905834
-0.2695709893582933
-0.2754751857435552
-0.2813465066669115
-0.28718534911213806
-0.2929920908603284
-0.29876709217345293
-0.30451069732141284
-0.3102232359659101
-0.3159050244143481
-0.3215563667549771
-0.3271775558844334
-0.33276887443717124
-0.3383305956260134
-0.3438629840019694
-0.34936629614083525
-0.3548407812635401
-0.3602866817964711
-0.36570423387744627
-0.37109366781259256
-0.37645520848901604
-0.38178907574722654
-0.387095484717595
-0.39237464612421924
-0.39419898226859007
-0.3960714227885593
-0.3979324181070929
-0.3997829465651864
-0.4016237442808616
-0.40345536457856473
-0.4052782229105096
-0.40709263078006314
-0.4088988213597274
-0.4106969688372204
-0.4124872030249896
-0.41426962039241044
-0.4160442923960807
-0.41781127176937644
-0.4195705972706244
-0.4213222972669505
-0.4230663924387861
-0.424802897820102
-0.42653182433693143
-0.4282531799669851
-0.42996697061297773
-0.4316732007598669
-0.43337187396877686
-0.4350629932476304
-0.43674656132866413
-0.4384225808756993
-0.4400910546381813
-0.44175198556533385
-0.4434053768898872
-0.4450512321891223
-0.446689555428557
-0.4483203509928003
-0.44994362370649243
-0.45155937884793673
-0.45316762215713463
-0.45476835983977837
-0.4563615985679428
-0.45794734547856475
-0.45952560817012006
-0.4610963946980403
-0.4626597135691664
-0.4642155737354377
-0.4657639845871266
-0.4673049559457509
-0.46883849805670647
-0.47036462158161313
-0.4718833375907366
-0.47339465755524857
-0.4748985933394775
-0.4763951571932412
-0.47788436174402826
-0.47936621998940104
-0.48084074528933723
-0.48230795135875526
-0.48376785225992913
-0.48522046239510974
-0.48666579649920394
-0.48810386963247954
-0.4895346971734277
-0.49095829481162573
-0.49237467854068373
-0.49378386465139057
-0.4951858697248764
-0.49658071062570486
-0.4979684044953594
-0.4993489687455255
-0.5007224210516419
-0.5020887793464411
-0.5034480618136332
-0.5048002868815353
-0.5061454732170872
-0.5074836397195144
-0.5088148055145584
-0.51013898994827
-0.5114562125813736
-0.512766493183384
-0.5140698517269771
-0.5153663083822765
-0.5166558835113901
-0.5179385976628988
-0.5192144715665862
-0.5204835261279435
-0.5217457824231021
-0.5230012616936521
-0.5242499853414755
-0.525491974923878
-0.5267272521484807
-0.5279558388685511
-0.5291777570781612
-0.5303930289073836
-0.5316016766177538
-0.5328037225977031
-0.5339991893580069
-0.5351880995273767
-0.5363704758481423
-0.537546341171893
-0.5387157184553254
-0.5398786307560232
-0.5410351012284198
-0.5421851531197772
-0.5433288097662011
-0.5444660945886949
-0.5455970310895093
-0.5467216428482025
-0.5478399535179765
-0.5489519868221073
-0.5500577665503312
