49.039042783715374
48.98229177268532
48.946498303423105
48.929939191947014
48.93107067437314
48.94849612627106
48.980943338374914
49.02724753871439
49.08633809973461
49.15722776630707
49.23900371298618
49.3308199935923
49.43189109098007
49.54148635857161
49.65892519829755
49.78357285420973
49.914836725200935
50.05216311794895
50.19503437467572
50.342966320912076
50.495505987002254
50.652229564097745
50.81274056123103
50.9766681349748
51.143665567363925
51.313408871319155
51.48559550586964
51.65994318610488
51.836188775061764
52.01408724671947
52.19341071097765
52.373947492965264
52.55550126029816
52.737890192998215
52.92094619172524
53.104514120774034
53.28845108296881
53.47262572415889
53.65691756549662
53.841216362071194
54.02542148679131
54.209441338664156
54.39319277481647
54.57660056575349
54.75959687345962
54.94212075201839
55.12411767047172
55.30553905766003
55.48634186878255
55.666488173403856
55.84594476460421
56.02468278893758
56.202677396819354
56.379907412922954
56.55635502611935
56.732005498449986
56.906846892581335
57.08086981715131
57.25406718971418
57.426434014976465
57.597967180941595
57.768665268977756
57.93852837873402
58.10755796685625
58.275756698777634
58.44312831285905
58.60967749616051
58.775409771134655
58.94033139254661
59.104449253941596
59.26777080300124
59.43030396515188
59.592057074812175
59.75303881369368
59.91325815559442
60.07272431715421
60.231446714068476
60.38943492228631
60.54669864374729
60.70324767623985
60.85909188699197
61.01424118963252
61.16870552418773
61.322494839802815
61.47561907990366
61.62808816953608
61.7799120046431
61.931100443061204
62.08166329703625
62.23161032707836
62.380951236992296
62.52969566993585
62.67785320537351
62.82543335680661
62.97244557017376
63.118899222826535
63.26480362299659
63.410168009679346
63.555001552868795
63.69931335408523
63.84311244714521
63.98640779912952
64.12920831151041
64.27152282140469
64.41336010292375
64.5547288685957
64.69563777083854
64.83609540346598
64.976110303211
65.11569095125432
65.25484577474676
65.39358314831699
65.5319113955576
65.66983879048334
65.80737355895711
65.94452388008023
66.08129788754415
66.21770367094177
66.3537492770369
66.4894427109912
66.62479193754827
66.75980488217468
66.89448943215861
67.02885343766614
67.16290471275651
67.2966510363566
67.43010015319624
67.56325977470492
67.6961375798713
67.82874121606675
67.96107829983386
68.09315641764141
68.22498312660692
68.35656595518779
68.48791240384254
68.61902994566309
68.7499260269792
68.88060806793625
69.01108346304748
69.14135958172149
69.27144376876625
69.40134334487033
69.53106560706253
69.66061782915064
69.79000726214007
69.91924113463332
70.04832665321123
70.17727100279626
70.30608134699902
70.43476482844842
70.56332856910632
70.69177967056697
70.82012521434237
70.9483722621334
71.07652785608818
71.2045990190472
71.3325927547766
71.46051604818943
71.5883758655558
71.71617915470206
71.84393284519969
71.97164384854403
72.09931905832352
72.22696535037966
72.35458958295811
72.48219859685123
72.60979921553236
72.73739824528246
72.86500247530888
72.9926186778571
73.12025360831535
73.24791400531264
73.37560659081016
73.50333807018674
73.63111513231809
73.75894444965057
73.88683267826936
74.01478645796134
74.14281241227302
74.27091714856357
74.39910725805315
74.5273893158669
74.65576988107452
74.7842554967258
74.91285268988229
75.04156797164511
75.17040783717916
75.29937876573395
75.42848722066101
75.55773964942824
75.68714248363119
75.81670213900142
75.94642501541212
76.07631749688119
76.2063859515716
76.33663673178953
76.46707617398006
76.59771059872094
76.72854631071394
76.85958959877448
