130.85121072489468
129.95474525881454
129.8019091984031
129.67874074568772
129.5628826631365
129.45333144082304
129.34975394509314
129.25184938396836
129.1593279892593
129.07190917825875
128.98932077215008
128.91129859479634
128.83758629254396
128.7679353753058
128.70210532792873
128.63986450200395
128.58098821764517
128.52525988455324
128.47247634196074
128.42243600867684
128.37495175869512
128.32984125220028
128.2869322619756
128.24606495840484
128.20708560457126
128.1698489384926
128.13421804267028
128.1000641112998
128.0672661895853
128.03571089208006
128.00529210481983
127.97591067564498
127.94747409672723
127.91989618291336
127.89309674907906
127.86700128927524
127.84154066005003
127.81665076995606
127.79227227690305
127.76835029469808
127.74483410982933
127.72167690929223
127.69883552003189
127.67627016037876
127.65394420368419
127.6318239542175
127.60987843526503
127.58807918926826
127.56640008975599
127.54481716475782
127.52330843133372
127.50185374081349
127.48043463431094
127.45903420805753
127.43763698808624
127.41622881379286
127.39479672989943
127.37332888635058
127.35181444568059
127.33024349740005
127.30860697896522
127.28689660290704
127.26510478971495
127.24322460608634
127.22124970817212
127.1991742894661
127.17699303300539
127.1547010675663
127.13229392755923
127.10976751634314
127.08711807269775
127.06434214020804
127.0414365393318
127.01839834193584
126.99522484810213
126.97191356501786
126.94846218777717
126.92486858193536
126.90113076766691
126.87724690539085
126.85321528273697
126.82903430273649
126.80470247312877
126.7802183966863
126.7555807624661
126.73078833790419
126.70583996167657
126.68073453725607
126.6554710271011
126.63004844741701
126.60446586343646
126.57872238516957
126.56147506328959
126.55073475740298
126.54490711158931
126.54278409216528
126.54345209283997
126.54622021822792
126.55056599480433
126.55609431499337
126.56250638958258
126.56957626859797
126.57713308560778
126.58504763023934
126.59322219382825
126.60158289032644
126.61007384909347
126.61865282327858
126.62728786872724
126.63595483246054
126.64463545338326
126.65331592598311
126.66198581415932
126.67063722983148
126.67926421178342
126.68786225593108
126.69642796010154
126.70495875540796
126.71345270311105
126.72190834100252
126.73032456723811
126.73870055249077
126.74703567351965
126.75532946293467
126.76358157120764
126.77179173794502
126.7799597701636
126.78808552586271
126.7961689016012
126.80420982310275
126.8122082381514
126.82016411121909
126.82807741940249
126.83594814935054
126.84377629494033
126.85156185551979
126.85930483457831
126.86700523874127
126.87466307700947
126.88227836018366
126.88985110042925
126.89738131094674
126.90486900572239
126.91231419933935
126.91971690683457
126.92707714359051
126.93439492525289
126.94167026766826
126.94890318683669
126.95609369887563
126.9632418199925
126.97034756646374
126.97741095461866
126.98443200082708
126.99141072148998
126.99834713303196
127.00524125189547
127.01209309453641
127.01890267742037
127.02567001701982
127.03239512981187
127.03907803227617
127.04571874089332
127.05231727214367
127.05887364250593
127.06538786845637
127.07185996646761
127.07828995300818
127.08467784454146
127.09102365752513
127.09732740841058
127.10358911364216
127.1098087896568
127.1159864528834
127.12212211974229
127.12821580664486
127.13426752999297
127.1402773061786
127.14624515158353
127.15217108257863
127.15805511552388
127.16389726676762
127.16969755264655
127.17545598948512
127.1811725935953
127.1868473812764
127.19248036881457
127.19807157248258
127.20362100853973
127.20912869323126
127.21459464278847
127.22001887342822
127.22540140135288
127.23074224274998
127.2360414137921
127.24129893063675
127.246514809426
127.2516890662866
127.25682171732952
127.26191277865006
