60.32145661408718
60.09668720586988
59.87233343845433
59.64839482268189
59.424870900202194
59.20176125299575
58.979065507099165
58.756783333985766
58.53491445095366
58.313458621085466
58.0924156530157
57.87178540060466
57.65156776256106
57.4317626820323
57.212370146170755
56.99339018568083
56.77482287434933
56.55666832856151
56.338926706804024
56.12159820915652
55.90468307677304
55.68818159135449
55.472094074613395
55.256420887731885
55.04116243081412
54.82631914233394
54.61189149857888
54.397880013091005
54.18428523610582
53.97110775398971
53.758348188676635
53.54600719710484
53.334085470654024
53.122583734583635
52.91150274747277
52.70084330066216
52.49060621769863
52.28079235378237
52.07140259521763
51.86243785886687
51.65389909160874
51.44578726980032
51.238103398743554
51.030848512156304
50.82402367164818
50.61762996620115
50.41166851165526
50.20614045019937
50.00104694986712
49.79638920403812
49.592168430944504
49.38838587318271
49.18504279723067
48.982140492970245
48.779680273214964
48.57766347324312
48.37609145033589
48.1749655833208
47.97428727212006
47.77405793730402
47.5742790196495
47.37495197970277
47.17607829713197
46.977659470943685
46.779697018417465
46.58219247489981
46.38514739338938
46.188563344126074
45.99244191418402
45.79678470706808
45.601593342313905
45.406869455091375
45.212614695811084
45.01883072973389
44.82551923658326
44.632681910160166
44.44032045796053
44.248436600794875
44.05703207240996
43.86610861911245
43.67566799939416
43.48571198355883
43.29624235335025
43.10726090158144
42.918769431764794
42.73076975774301
42.543263703320505
42.35625310189522
42.169739796090596
41.983725637387614
41.79821248575653
41.61320220928835
41.428696683825656
41.24469779259277
41.061207425825025
40.87822748039689
40.69575985944894
40.513806472013336
40.33236923263777
40.15145006100764
39.971050881566434
39.791173623133936
39.6118202185223
39.4329926041498
39.25469271965212
39.076922507490934
38.89968391255986
38.72297888178746
38.54680936373732
38.37117730820492
38.19608466581142
38.02153338759398
37.84752542459282
37.67406272743456
37.50114724591219
37.32878092856117
37.15696572223188
36.98570357165818
36.81499641902214
36.64484620351479
36.475254860892946
36.30622432303191
36.137756517474195
35.96985336697413
35.802516791082674
35.635748699604356
35.46955099812517
35.30392558559829
35.13887435385769
34.974399187133876
34.81050196156807
34.647184544723466
34.48444879509295
34.32229656160322
34.16072968311505
33.99974998791998
33.83935929323322
33.67955940468314
33.520352115797174
33.361739207484476
33.20372244751533
33.04630358999742
32.88948437484921
32.73326652727046
32.577651757210155
32.42264175883192
32.26823820997711
32.11444277162587
31.961257087356152
31.808682782801124
31.656721465105022
31.505374722377702
31.3546441231482
31.2045312158174
31.055037528110184
30.90616456652725
30.757913815796925
30.61028673832708
30.463284773657676
30.31690933791401
30.171161823261066
30.02604359735925
29.881556002821778
29.737700354719976
29.594477945872043
29.451890040539556
29.30993787577545
29.168622660902873
29.027945576992867
28.887907776344047
28.7485103819657
28.609754487065295
28.471641154540784
28.33417141647828
28.197346273655413
28.061166695050783
27.925633617359868
27.790747944517715
27.65651054722887
27.522922262504768
27.3899838932091
27.257696207611332
27.12605993894895
26.995075784998583
26.8647444076565
26.73506643252869
26.60604244853106
26.477673007499895
26.349958623813034
26.222899774022043
26.09649689649573
25.970750391075317
25.845660618741537
25.721227901294057
25.597452521043376
25.47433472051565
25.35187470217056
25.230072628132632
25.108928619936133
24.988442758283934
