2.9845930938133547
2.984590208499541
2.9845874161950103
2.9845847222746076
2.9845821289793677
2.9845796371380846
2.9845772466839744
2.984574956974483
2.9845727669966116
2.984570675491494
2.9845686810418437
2.9845667821264605
2.9845649771562366
2.9845632644983366
2.9845616424927535
2.9845601094638714
2.984558663796336
2.9845573036440443
2.9845560274297704
2.984554837180614
2.9845537224860816
2.9845526871960306
2.984551729534762
2.9845508477527436
2.984550040163823
2.9845493051288527
2.984548641045312
2.984548046341078
2.9845475194707296
2.984547058913421
2.984546663171677
2.9845463307707663
2.9845460602583924
2.9845458502045785
2.9845456992023855
2.984545606172874
2.9845455693356175
2.9845455873884426
2.984545659040684
2.984545783013352
2.984545958043849
2.9845461828880335
2.984546456321692
2.9845467771414014
2.984547144165024
2.984547556231959
2.9845480122032413
2.98454851096153
2.984549051411043
2.984549632477428
2.984550253107615
2.984550912269634
2.984551608913602
2.984552342140772
2.9845531109236387
2.984553914313793
2.98455475138286
2.9845556212216997
2.9845565138401144
2.9845574498938396
2.984558414941251
2.984559408490367
2.9845604300373174
2.9845614786696277
2.984562554149607
2.9845636557511277
2.9845647827480644
2.9845659344241993
2.984567110075664
2.9845683090123023
2.984569530558401
2.984570774053034
2.9845720388501706
2.9845733243186285
2.984574629841942
2.984575954818168
2.9845772986596666
2.9845786607928533
2.9845800406579466
2.9845814377087057
2.9845828514121657
2.984584281248376
2.984585726710134
2.9845871873027248
2.9845886625436613
2.9845901519624265
2.984591655100222
2.9845931715097147
2.9845947007547924
2.984596242410317
2.9845977960618857
2.9845993613055954
2.9846009377478078
2.9846025250049197
2.984604122703139
2.984605730478261
2.984607347975451
2.9846089748490297
2.984610610762263
2.984612255387153
2.984613908404239
2.98461556950239
2.984617238378618
2.984618914737878
2.9846205982928877
2.9846222887639335
2.984623985878696
2.9846256893720704
2.9846273989859915
2.9846291144692647
2.984630835577398
2.984632562072439
2.984634293722814
2.9846360303031707
2.984637771594228
2.9846395173826226
2.9846412674607623
2.9846430216266824
2.9846447796839075
2.984646541441311
2.9846483067129834
2.9846500753180973
2.9846518470807823
2.984653621829998
2.9846553993994105
2.9846571796272756
2.9846589623563173
2.9846607474336175
2.9846625347105014
2.984664324042429
2.98466611528889
2.984667908313298
2.9846697029828895
2.9846714991686247
2.9846732967450924
2.9846750955904118
2.984676895586144
2.9846786968980203
2.9846804990314038
2.9846823019126947
2.9846841054618594
2.9846859095921463
2.9846877142136923
2.9846895192357614
2.9846913245680913
2.9846931301217055
2.9846949358093826
2.9846967415459247
2.984698547248297
2.9847003528356866
2.9847021582295157
2.984703963353431
2.9847057681332685
2.9847075724970127
2.984709376374752
2.9847111796986248
2.9847129824027703
2.9847147844232786
2.9847165856981355
2.984718386167177
2.984720185772035
2.984721984456092
2.984723782164432
2.984725578843797
2.9847273744425395
2.9847291689105786
2.98473096219936
2.984732754261811
2.984734545052302
2.984736334526605
2.9847381226418586
2.9847399093565263
2.984741694630365
2.984743478424386
2.9847452607008185
2.9847470414230832
2.984748820555752
2.984750598064519
2.984752373916171
2.984754148078555
2.9847559205205503
2.9847576912120397
2.9847594601238816
2.984761227227881
2.9847629924967656
2.9847647559041603
2.984766517424559
2.984768277033305
2.984770034706562
2.984771790421297
2.9847735441552534
2.98477529588693
2.9847770455955613
2.9847787930215968
2.984780538472947
2.9847822818886613
2.9847840232450515
2.984785762509585
2.984787499656032
2.984789234662408
