6.056500697669104
6.05629689070372
6.056103482815399
6.055917622830091
6.055740049272827
6.055571105670583
6.055410898798257
6.055259432011246
6.055116664350934
6.054982535797756
6.0548569780383135
6.054739919065749
6.054631285155978
6.054531001727095
6.0544389937231795
6.0543551857952504
6.054279502395369
6.054211867833258
6.0541522063164095
6.054100441982624
6.0540564989287935
6.054020301237557
6.053991773002519
6.0539708383523685
6.053957421474018
6.053951446634841
6.053952838204049
6.053961520673247
6.053977418676172
6.054000457007643
6.054030560641763
6.054067654749341
6.05411166471462
6.054162516151265
6.054220134917679
6.054284447131634
6.054355379184251
6.0544328577533415
6.054516809816121
6.054607162661338
6.0547038439007865
6.054806781480289
6.054915903690077
6.05503113917469
6.055152416942305
6.0552796663735915
6.055412817230065
6.05555179966197
6.055696544215699
6.055846981840774
6.056003043896385
6.056164662157531
6.05633176882074
6.056504296509403
6.056682178278746
6.056865347620416
6.057053738466733
6.057247285194599
6.057445922629074
6.057649586046648
6.057858211178198
6.05807173421166
6.058290091794415
6.058513221035413
6.0587410595070175
6.058973545246622
6.059210616758008
6.059452213012484
6.0596982734497935
6.059948737978813
6.06020354697805
6.060462641295942
6.060725962250963
6.060993451631564
6.0612650516959325
6.061540705171588
6.061820355254827
6.062103945610018
6.062391420368751
6.062682724128856
6.062977801953288
6.063276599368899
6.063579062365086
6.063885137392337
6.06419477136066
6.064507911637933
6.064824506048144
6.065144502869552
6.0654678508327695
6.065794499118759
6.066124397356761
6.066457495622163
6.066793744434282
6.067133094754125
6.067475497982053
6.067820905955433
6.068169270946216
6.068520545658487
6.068874683225967
6.0692316372094925
6.069591361594451
6.069953810788189
6.070318939617404
6.070686703325501
6.0710570575699405
6.071429958419562
6.071805362473609
6.072183226458203
6.072563507678597
6.072946163831707
6.073331153006903
6.073718433686329
6.074107964743533
6.074499705441328
6.074893615429322
6.07528965474132
6.075687783792663
6.076087963377552
6.0764901478504205
6.076894308916967
6.077300406786831
6.0777084028140465
6.07811825924321
6.078529938913072
6.078943405121757
6.079358621567502
6.0797755523218875
6.080194161816954
6.08061441483828
6.0810362765206065
6.08145971234456
6.081884688133873
6.082311170052818
6.082739124603751
6.0831685186247215
6.0835993192871145
6.08403149409333
6.084465010874496
6.084899837788192
6.085335943316218
6.08577329626238
6.086211865750302
6.086651628189965
6.087092542942563
6.087534581816941
6.087977716148178
6.088421917043302
6.0888671556790435
6.089313403435301
6.089760631951473
6.09020881314949
6.090657919242582
6.091107922737967
6.091558796436917
6.092010513433736
6.092463047114273
6.092916371154247
6.093370459517504
6.093825286454261
6.094280826499343
6.0947370544704365
6.095193945466354
6.095651474865321
6.096109618323269
6.0965683517721425
6.097027651418229
6.097487493740496
6.097947855488938
6.098408713682938
6.09887004560964
6.0993318288223275
6.099794041138816
6.100256660639843
6.100719665667479
6.10118303482353
6.101646746967958
6.1021107812172914
6.102575116943052
6.1030397337701725
6.103504611575423
6.10396973048584
6.104435070877139
6.104900613372147
6.1053663388392145
6.105832228390638
6.106298263381069
6.106764425405919
6.1072306962997684
6.107697058134757
6.108163493218972
6.10862998409483
6.1090965135374455
6.109563064552998
6.110029620377086
6.110496164473055
6.110962680530348
6.111429152462812
6.111895564407006
6.112361900720501
