23.299134386874897
23.324745573148157
23.344728917980515
23.359923617309178
23.37105849857017
23.378764643536766
23.38358719136801
23.385996034277145
23.38639541085886
23.385132444412097
23.382504726069552
23.378766927033965
23.374136406295587
23.368798795776293
23.362912014367687
23.3566102133412
23.35000710414559
23.343198833283704
23.33626646505749
23.329278123325157
23.322290837402385
23.315352131789062
23.308488975491624
23.30176045693649
23.295178883766795
23.28876526802061
23.28253673030052
23.276506709011226
23.27068549972936
23.26508073044323
23.259697769982278
23.2545400786107
23.24960950887999
23.244906563711407
23.240430617700323
23.236180106791444
23.232152690752063
23.22834539224608
23.22475471577997
23.22137674933239
23.21820725108585
23.21524172334088
23.21247547540277
23.209903676981806
23.207521403433603
23.205323673981916
23.20330548390817
23.20146183155573
23.199787740879664
23.198278280172033
23.196928577505936
23.19573383336655
23.1946893308732
23.193790443193237
23.1930326477956
23.192411516945818
23.191922728765853
23.191562069750923
23.191325436369798
23.19120817996575
23.191207925277883
23.191322146415978
23.191542544489902
23.191868082808174
23.192295387988157
23.192821113666277
23.19344201569022
23.19415495233017
23.194956881897628
23.19584486022659
23.196816038118282
23.197867658768484
23.198997055191786
23.200201647654314
23.20147894112579
23.20282652275831
23.204242059399753
23.205723295147095
23.207268048944638
23.208874212230683
23.210539746635813
23.212262674177484
23.214040944251064
23.21587288991145
23.217756733126727
23.219690750198115
23.221673275470714
23.223702699499928
23.22577746710749
23.22789607550539
23.230057072489732
23.232259054701153
23.234500665948644
23.23678059559379
23.239097576992837
23.241450385994124
23.243837839488556
23.246258794011062
23.248712144391018
23.251196822449813
23.205311965162952
23.160279597516215
23.11595123856307
23.072252216231444
23.029122195481108
22.986511097103225
22.94437724104014
22.902685868036215
22.861407923567217
22.820519056107955
22.77999879183688
22.73982985464443
22.699997605713712
22.660489582224834
22.621295116271916
22.582405021663803
22.543811335435173
22.505507104880085
22.467486212043898
22.429743229085865
22.392273299086167
22.35507203782568
22.31813545285321
22.281459876802696
22.245041912456742
22.208878387492593
22.172966317209234
22.13730287383303
22.10188536124553
22.066711194180048
22.031777881100997
21.997083010117855
21.96262423739934
21.928399277647223
21.89440589626648
21.860641902932223
21.827105146306415
21.793793509700848
21.76070490751841
21.727837282334324
21.695188602503343
21.66275686019881
21.630540069806194
21.598536266607265
21.56674350570236
21.535159861127433
21.503783425130266
21.47261230757651
21.441644635461497
21.410878552507885
21.380312218832962
21.34994381067217
21.31977152014789
21.289793555074525
21.260008138792486
21.230413510025105
21.20100792275352
21.1717896461056
21.142756964255643
21.113908176332124
21.085241596331556
21.05675555303658
21.028448389936997
21.000318465152652
20.972364151357283
20.944583835702698
20.916975919742733
20.889538819356595
20.862270964671307
20.835170799983043
20.808236783677174
20.781467388147
20.754861099711015
20.728416418528784
20.702131858515376
20.6760059472544
20.650037225909724
20.624224249135846
20.598565584987085
20.57305981482559
20.54770553322828
20.522501347892767
20.497445879542376
20.47253776183032
20.447775641243105
20.423158177003256
20.398684040971442
20.374351917548065
20.350160503574404
20.326108508233343
20.302194652949822
20.278417671290974
20.25477630886613
20.231269323226662
20.20789548376571
20.184653571617954
20.161542379559375
20.138560711907065
20.115707384419213
20.092981224195217
