1407828.63744
1792639.9506684097
1792725.4813638348
1792832.0369861291
1792944.049524763
1793056.9311848127
1793169.1642759365
1793280.0760283908
1793389.2300194313
1793496.2591898148
1793600.8196189823
1793702.5773677372
1793801.204395673
1793896.3769827103
1793987.7748531706
1794075.0805074472
1794157.978624501
1794236.1554967286
1794309.2984858276
1794377.0954957623
1794439.2344609776
1794495.4028487517
1794545.0561050815
1794588.3400195355
1794624.7081877945
1794653.8414616676
1794675.4179328487
1794689.1124923774
1794694.596406295
1794691.5369019026
1794679.5967626655
1794658.433930871
1794627.7011176609
1794587.04542002
1794536.1079445702
1794474.5234379072
1794401.9199233693
1794317.9183441803
1794222.1322128724
1794114.167267077
1793993.6211316935
1793860.0829876175
1793713.133247161
1793552.3432364347
1793377.2748849555
1793187.4804228568
1792982.5020860543
1792761.8718299088
1792525.1110518242
1792271.7303234218
1792001.2291328947
1791713.0956383012
1791406.8064324704
1791081.8263204438
1790737.6081103012
1790373.5924182814
1789989.2074893136
1789583.86903391
1789156.980082651
1788707.930859387
1788236.0986744415
1787740.8478390884
1787221.5296026361
1786677.482113558
1786108.0304059891
1785512.48641317
1784890.1490092122
1784240.304080707
1783562.2246297137
1782855.1709095342
1782118.390594807
1781351.1189873249
1780552.5792589358
1779721.9827328508
1778858.5292045719
1777961.4073035193
1777029.7948963118
1776062.859532515
1775059.7589333886
1774019.641524041
1772941.647009046
1771824.9069913004
1770668.5456335826
1769471.6803618385
1768233.4226088047
1766952.8785961373
1765629.1501525892
1764261.335565346
1762848.5304608082
1761389.8287106082
1759884.3233578138
1758331.107557476
1756729.275524883
1755077.923484007
1753376.1506076364
1751623.0599398066
1749817.759290108
1747959.362088424
1746046.9881876637
1744079.764601042
1742056.8261593953
1739977.316073155
1737840.3863826126
1735645.1982793515
1733390.9222809684
1731076.7382406301
1728701.8351726253
1726265.4108748788
1723766.6713293863
1721204.8298618924
1718579.1060427905
1715888.7243121443
1713132.912313327
1710310.8989214487
1707421.9119552753
1704465.1755641242
1701439.907284797
1698345.3147675819
1695180.592175055
1691944.916262732
1688637.4421564979
1685257.298848222
1681803.5844380832
1678275.361159645
1674671.6502317043
1670991.4265892617
1667233.613554542
1663397.0775170797
1659480.6227012167
1655482.9861062206
1651402.8327126482
1647238.751054717
1642989.2492641758
1638652.7516952965
1634227.596243216
1629712.032468344
1625104.220638263
1620402.2317943298
1615604.04894391
1610707.5694698107
1605710.6088365132
1600610.9056579617
1595406.128174138
1590093.8821636273
1584671.720296985
1579137.2925031346
1573487.7846428351
1567720.7055664186
1561833.7503701122
1555824.2696098553
1549689.7687240362
1543427.8009104144
1537035.9851478552
1530512.024547451
1523853.7248252204
1517059.0126631388
1510125.9537181652
1503052.7700386757
1495837.8566525744
1488479.797101412
1480977.3777095163
1473329.6003963028
1465535.6938628142
1457595.1230097828
1449507.5964734007
1441273.0582625603
1432891.7459300817
1424364.1118202729
1415690.874961789
1406873.0057384847
1397911.7214679974
1388808.4801538421
1379564.9725261077
1370183.1125047896
1360665.026235257
1351013.0431484287
1341229.6695278028
1331317.593815193
1321279.6586527133
1311118.8485268005
1300838.2737990282
1290441.1544968467
1279930.8040216542
1269310.6129201602
1258584.0328534832
1247754.560886306
1236825.7242057056
1225801.0653663084
1214684.1281453492
1203478.4440783544
1192187.519733538
1180814.824770876
1169363.7808201327
1157837.7512011395
1146240.0314990738
1134573.8409977644
1122842.3149647748
1111048.497773506
1099195.3368395057
1087285.6773408258
