0.006376482537800965
0.006184497572368046
0.006008588411670485
0.005847719720811331
0.005700996168049971
0.0055675733212263556
0.005446640037851712
0.005337413886279558
0.005239139346177752
0.005151088594300921
0.005072560106913893
0.005002880571084112
0.004941405518391811
0.004887520291181935
0.004840640908152347
0.004800214731927053
0.004765720874739783
0.00473667030832415
0.004712605669379806
0.004693100771934697
0.00467775985248615
0.0046662165834039405
0.004658132895294943
0.004653197650747934
0.004651125210877656
0.004651653933180759
0.004654544635098324
0.0046595790529144416
0.004666558320652308
0.004675301488775905
0.00468564409798039
0.00469743681930767
0.004710544168286106
0.004724843297817771
0.004740222872067244
0.004756582021636866
0.004773829378772068
0.004791882190178971
0.004810665504181407
0.004830111428382734
0.004850158453621624
0.004870750839831261
0.004891838059352631
0.004913374293297085
0.004935317976687047
0.004957631388269399
0.004980280281112523
0.005003233550341035
0.005026462934597323
0.005049942748077819
0.005073649640230265
0.005097562380445909
0.005121661665302726
0.005145929946131863
0.005170351274883772
0.00519491116645497
0.005219596475812848
0.00524439528840929
0.005269296822528824
0.005294291342340508
0.005319370080550897
0.005344525169664821
0.005369749580961912
0.0053950370703899795
0.005420382130659037
0.005445779948904145
0.005471226369352027
0.005496717860495474
0.005522251486349385
0.005547824881414558
0.005573436229041326
0.005599084242945954
0.00562476815168189
0.005650487685943559
0.005676243068631919
0.0057020350076938875
0.005727864691820817
0.005753733788852409
0.005779644448356275
0.005805599307924401
0.005831601502155704
0.00585765467847433
0.005883763018653531
0.00590993126799674
0.0059361647740966165
0.005962465730814003
0.005988848343639453
0.00601454258047464
0.00603939085003896
0.006063413720323558
0.0060866312416716865
0.006109062101031939
0.006130723734311136
0.006151632477609406
0.006171803751520117
0.006191252182701235
0.006209991730336766
0.006228035792074278
0.006245397295798289
0.00626208877881312
0.006278122455845375
0.006293510277123256
0.006308263977662595
0.006322395118767596
0.006335915122649931
0.006348835300981182
0.00636116687810455
0.006372921009558045
0.006384108796499056
0.006394741296551413
0.006404829531551105
0.006414384492608776
0.006423417142871047
0.006431938418318395
0.0064399592268989765
0.006447490446269829
0.006454542920389077
0.006461127447104674
0.006467254804950167
0.006472935700272651
0.006478180791974613
0.006483000677665083
0.0064874058869823685
0.006491406874874545
0.006495014014879824
0.006498237592470873
0.006501087798525577
0.006503574722978636
0.006505708348695116
0.0065074985456036296
0.006508955065120719
0.006510087534885685
0.006510905453826433
0.006511418187569354
0.006511634964200032
0.006511564870381715
0.00651121684783161
0.006510599690155289
0.006509722040033663
0.00650859238675872
0.006507219064108341
0.006505610248553449
0.006503773957785243
0.00650171804955142
0.006499450220790463
0.006496978007049693
0.006494308782174979
0.006491449758257968
0.0064884079858267335
0.006485190354267501
0.006481803592461349
0.006478254269624811
0.006474548796338979
0.0064706934257546195
0.006466694254959923
0.006462557226498896
0.0064582881300278205
0.0064538926040984095
0.006449376138054505
0.006444744074034598
0.0064400016090659686
0.006435153797243852
0.006430205551983463
0.006425161648337348
0.006420026725368667
0.006414805288573225
0.006409501712340878
0.006404120242450859
0.00639866499859334
0.00639313997691133
0.006387549052555883
0.006381895982250916
0.006376184406859928
0.0063704178539530955
0.006364599740367042
0.006358733374755387
0.006352821960125389
0.006346868596357321
0.006340876282703866
0.006334847920266374
0.00632878631444431
0.0063226941773581995
0.006316574130240612
0.00631042870579603
0.0063042603505269095
0.006298071427023532
0.006291864216218262
0.0062856409196011855
0.006279403661397589
0.006273154490705568
0.006266895383593674
0.006260628245158089
0.006254354911537646
0.006248077151888599
0.006241796670317163
0.006235515107770456
0.00622923404388522
0.006222954998796082
0.006216679434900885
0.006210408758585594
