4.2403
15.830681773259071
15.835592160527908
15.840324190003443
15.844871297881971
15.849231607769408
15.85340546555458
15.857394148147476
15.861199316108964
15.8648227849753
15.868266429705496
15.871532144629406
15.8746218265384
15.877537367433932
15.880280651313951
15.882853552654671
15.885257935611461
15.887495653530735
15.88956854860369
15.89147845158948
15.89322718157843
15.894816545781667
15.89624833934192
15.897524345162077
15.898646333750111
15.899616063079565
15.900435278463966
15.90110571244535
15.901629084695346
15.902007101928593
15.902241457827774
15.90233383297928
15.90228589481937
15.902099297589668
15.901775682301807
15.901316676710232
15.900723895292979
15.899998939239557
15.899143396445352
15.898158841512409
15.897046835755477
15.895808927213327
15.894446650664564
15.892961527647625
15.89135506648429
15.889628762306454
15.887784097085854
15.88582253966581
15.88374554579536
15.881554558164638
15.879251006441834
15.876836307310779
15.874311864509345
15.871679068867923
15.86893929834801
15.866093918080498
15.86314428040319
15.860091724897803
15.856937578425574
15.853683155161857
15.850329756628934
15.84687867172744
15.843331157981776
15.839688515553718
15.83595197825222
15.832122784627854
15.828202160811813
15.824191320488705
15.820091464891865
15.815903782807307
15.811629450578964
15.807269632113183
15.80282547888069
15.79829812991587
15.793688711812669
15.788998338717533
15.784228112318733
15.77937912183253
15.774452443985757
15.769449142995077
15.764370270542749
15.759216865748943
15.753989955140678
15.748690552617187
15.743319659412057
15.737878264051918
15.732367342311758
15.7267878571669
15.721140758741914
15.715426984256148
15.709647457966106
15.703803091104993
15.697894781818922
15.691923415100542
15.685889862719533
15.679794983150554
15.673639621498516
15.667424609421166
15.66115076504945
15.654818892905418
15.64842978381784
15.641984214835942
15.635482949141029
15.628926735956316
15.62231631045512
15.615652393667357
15.608935692384936
15.60216689906547
15.595346691735376
15.588475733891642
15.581554674403092
15.574584147410919
15.56756477222889
15.560497153243167
15.553381879812282
15.546219526167055
15.53901065131088
15.53175579892056
15.524455497247866
15.517110259021802
15.509720581352362
15.50228694563522
15.49480981745819
15.487289646509252
15.479727164871262
15.472122241101202
15.464475503724989
15.456787351448249
15.449058158950189
15.441288281168902
15.433478055151753
15.42562780080152
15.417737821155601
15.409808402469782
15.401839814221896
15.393832309084408
15.385786122886396
15.377701474574092
15.36957856617397
15.361417582759815
15.353218692425088
15.344982046260593
15.336707778338463
15.328396005701977
15.320046828361926
15.31166032929975
15.303236574477307
15.29477561285389
15.286277476410389
15.277742180180896
15.269169722292087
15.260560084010265
15.25191322979648
15.243229107369759
15.234507647778717
15.225748765481619
15.216952358435059
15.208118308191413
15.199246480005128
15.190336722948052
15.181388870033906
15.172402738351945
15.163378129209876
15.154314514260898
15.145212244544323
15.136070831837005
15.1268900024854
15.117669475542371
15.10840895867214
15.099108146448472
15.08976671975641
15.080384345672345
15.070960677553472
15.061495355222236
15.051988005196106
15.042438240942593
15.032845663149818
15.023209860009036
15.01353040750753
15.003806869730655
14.99403879917297
14.984225737057796
14.974367213665387
14.964462748669074
14.954511851479367
14.944514021595955
14.934468748966832
14.924375514354864
14.91423378971132
14.904043038555752
14.893802716362583
14.883512270953405
14.873171142895332
14.862778765904249
14.852334567253598
14.84183796818747
14.831288384338048
14.82068522614709
14.810027899290786
14.799315805107755
