16.022457474797854
811.1676094573979
808.6667600776008
806.1335204857558
803.5734866757075
800.991304054292
798.3912315229007
795.7772454806955
793.1530593079947
790.522129231876
787.887658638526
785.2526028203556
782.6196744367217
779.9913496773211
777.3698750675841
774.7572748463979
772.1553588448201
769.5657307943311
766.989796993914
764.4287752664274
761.8837041365844
759.3554521650935
756.8447273763054
754.352087879464
751.8779465347671
749.4225876940012
746.9861713719209
744.5687436398442
742.1702454952293
739.790521494306
737.4293281149467
735.0863418234636
732.7611668235593
730.4533424699448
728.1623503330563
725.8876209051028
723.6285399411342
721.3844544321161
719.1546782099357
716.9384971869657
714.7351742352118
712.5439537122028
710.3640656425914
708.1947295660574
706.0351580633562
703.8845599734865
701.7421433157418
699.607117931083
697.478697857674
695.3561034556922
693.2385632966581
691.1253158324356
689.0156108589472
686.9087107893647
684.8038917511701
682.7004445210837
680.5976753113254
678.4949064201885
676.3914767592652
674.2867422691365
672.1800762346456
670.0708695103103
667.9585306657522
665.8424860604233
663.7221798562913
661.5970739765197
659.4666456697389
657.3303967344024
655.1878393815734
653.0385053365432
650.8819433113919
648.7177187778831
646.5454137275123
644.3646297752638
642.1749745441729
639.9760813915464
637.7675958667407
635.5491787778464
633.320505947403
631.0812679769747
628.8311700220075
626.569931578597
624.2972848685332
622.0129804777673
619.7167781874477
617.4084530144522
615.0877934660343
612.7546014261246
610.4086920559889
608.0498937129012
605.6780478875771
603.2930091605867
600.8946451778203
598.4828366449146
596.0574773405355
593.6184741482431
591.1657471066588
588.6992294775085
586.2188678310756
583.7246221485073
581.2164659403173
578.6943863803853
576.1583844546323
573.6084958411639
571.0447058382229
568.4670818092833
565.8756811229136
563.2705763988187
560.6518552966191
558.0196206686576
555.3739907760677
552.7150995178029
550.0430966631208
547.3581480845266
544.6604359890922
541.9501377327047
539.2275139417801
536.4927727275609
533.7461644301487
530.9879563014658
528.2184330877853
525.4378972571275
522.6466691519116
519.8450871108979
517.0335075654801
514.2123051090405
511.38187253708224
508.54262085565705
505.69497925565963
502.8393950505638
499.9763335752561
497.10627804371427
494.2297293633638
491.3472059040908
488.45924322002554
485.56639372237584
482.669226301802
479.7683258990026
476.86429302244335
473.9577432124065
471.04930645078974
468.1396265164224
465.22936028591624
462.31917697347757
459.4097573593113
456.501792860218
453.59598469063997
450.6930428679304
447.7936852134436
444.8986363018605
442.0086263687512
439.12439017954375
436.24666586339345
433.3761937157437
430.51371497369485
427.6599705685205
424.81569985995407
421.9816393570458
419.1585214305908
416.3470730222644
413.54801435569266
410.7620576547807
407.9899058746198
405.2322514502879
402.4897750688153
399.76314446946276
397.0530132773456
394.3600198752453
391.6847863182392
389.0279172955329
386.3899991435872
383.7715989143329
381.1732635019102
378.5955188310258
376.0388691096226
373.5037961481798
370.99075874753254
368.50019215670534
366.0325076018258
363.58809188677105
361.1673070657974
358.7704901879832
356.39795311295376
354.04998239694993
351.726839247976
349.42875954841304
347.15595394317154
344.9086079911737
342.6868823777172
340.49091318497904
338.3208122178034
336.1766673816608
334.0585431095744
331.9664808346605
329.9004995048663
327.86059613640566
325.8467464023699
323.858905252983
321.897007563972
319.96096880958015
