0.016960922107121183
0.016991929897985723
0.017022835161711034
0.017053638716495706
0.017084341145456483
0.01711494296113935
0.017145444655777956
0.01717584671530981
0.017206149623351364
0.017236353862406316
0.017266459914307856
0.017296468260445324
0.01732637938192706
0.017356193759721465
0.017385911874788128
0.017415534208202386
0.017445061241274592
0.017474493455664496
0.017503831333491093
0.017533075357438217
0.017562226010856018
0.01759128377785865
0.01762024914341825
0.01764912259351973
0.017677904615056503
0.017706595696105012
0.017735196325942355
0.017763706995124598
0.017792128195562338
0.017820460420593622
0.017848704165054345
0.017876859925346322
0.01790492819950304
0.017932909487253276
0.017960804290082573
0.017988613111292778
0.01801633645605958
0.018043974831488216
0.018071528746667384
0.018098998712721397
0.018126385242860657
0.0181536888524305
0.018180910058958406
0.018208049382199713
0.018235107344181732
0.018262084469246424
0.018288981284091576
0.01831579831781054
0.01834253610193054
0.018369195170449513
0.018395776059871607
0.01842227930924121
0.01844870546017558
0.01847505505689607
0.018501328646257878
0.018527526777778434
0.018553650003664244
0.018579698878836294
0.018605673960953924
0.018631575810437142
0.018657404990487406
0.018683162067106712
0.018708847609115065
0.018734462188166153
0.018760006378761324
0.018785480758261617
0.018810885906897938
0.018836222407779185
0.018861490846898317
0.018886691813136222
0.018911825898263332
0.01893689369693881
0.01896189580670728
0.018986832827992923
0.01901170536409079
0.01903651402115524
0.01906125940818533
0.01908594213700698
0.01911056282225175
0.01913512208133208
0.019159620534412725
0.019184058804378235
0.019208437516796257
0.0192327572998764
0.01925701878442441
0.01928122260379144
0.019305369393818095
0.019329459792772976
0.019353494441285427
0.01937747398227215
0.019401399060857357
0.019425270324286082
0.019449088421830362
0.019472854004687803
0.019496567725872178
0.019520230240095672
0.01954384220364229
0.01956740427423201
0.019590917110875242
0.01961438137371712
0.019637797723871104
0.01966116682324151
0.019684489334334393
0.01970776592005634
0.019730997243500664
0.01975418396772056
0.019777326755488725
0.01980042626904299
0.01982348316981751
0.019846498118159233
0.019869471773029095
0.01989240479168775
0.01991529782936554
0.019938151538916465
0.019960966570456023
0.01998374357098288
0.020006483183984385
0.020029186049026072
0.020051852801325386
0.020074484071310048
0.020097080484161554
0.020119642659344447
0.020142171210122236
0.020164666743060965
0.020187129857521587
0.020209561145142493
0.02023196118931385
0.020254330564645418
0.020276669836429912
0.02029897956010393
0.020321260280709002
0.02034351253235513
0.0203657368376897
0.0203879337073745
0.020410103639574007
0.02043224711945797
0.02045436461872158
0.020476456595126508
0.020498523492066028
0.020520565738157567
0.02054258374686588
0.020564577916159874
0.020586548628206094
0.020608496249101535
0.020630421128648244
0.02065232360017198
0.02067420398038665
0.020696062569313257
0.020717899650225777
0.020739715489644338
0.020761510337454568
0.020783284426960924
0.020805037975057356
0.02082677118242923
0.020848484233800434
0.020870177298223536
0.02089185052941045
0.02091350406610074
0.020935138032464377
0.020956752538535475
0.02097834768067327
0.02099992354204655
0.02102148019313751
0.021043017692261096
0.021064536086095733
0.02108603541022163
0.021107515689662668
0.02112897693943536
0.021150419165066717
0.02117184236314622
0.021193246521841333
0.02121463162140719
0.021235997634681633
0.021257344527563407
0.02127867225947178
0.02129998078378622
0.021321270048264916
0.02134253999544139
0.02136379056303662
0.021385021684196395
0.02140623328793363
0.021427425299396365
0.021448597640151387
0.02146975022844614
0.021490882979449615
0.02151199580547311
0.021533088616171682
0.021554161318727436
0.021575213818015585
0.021596246016754486
0.021617257815640768
0.021638249113470634
0.02165921980724858
0.021680169792284536
0.02170109896228061
0.02172200720940841
0.021742894424377972
0.0217637604964993
0.02178460531373732
0.021805428762761127
