-21.299084543646394
-25.15973223486727
-25.02842253352881
-24.901844667728117
-24.77473558856402
-24.647121030413853
-24.51905052857683
-24.390568556762734
-24.261715108052805
-24.132526562674894
-24.00303638297634
-23.87327580509796
-23.743274174081115
-23.613059314874466
-23.48265775149995
-23.352094870486432
-23.221395037115464
-23.090581678070325
-22.959677340427916
-22.828703733911976
-22.697681761258032
-22.566631540048494
-22.435572418310993
-22.30452298545135
-22.173501079578344
-22.04252379193074
-21.91160746887456
-21.780767711778488
-21.65001937495134
-21.519376561758637
-21.388852618966464
-21.258460129332786
-21.128210902424776
-20.99811596362584
-20.868185541272545
-20.738429051842783
-20.608855083108924
-20.479471375142687
-20.35028479905789
-20.221301333338687
-20.09252603761777
-19.963963023714438
-19.835616576037786
-19.70748650658232
-19.579575024699643
-19.451882102395558
-19.324406569381427
-19.197146063440123
-19.070096975888852
-18.943254391842707
-18.81661202521829
-18.690162147701834
-18.563895511372696
-18.437801264377935
-18.311866859054508
-18.18607795185813
-18.06041829436693
-17.934869614593875
-17.80941148783808
-17.68402119584793
-17.55867357412011
-17.433340845507452
-17.307992439299763
-17.182594795177767
-17.05711115043244
-16.93150130963808
-16.80572139575543
-16.679731581800393
-16.55346387834281
-16.426861625201752
-16.299879120105786
-16.17244187128277
-16.044477561026117
-15.915907904960674
-15.786648258445538
-15.656607220991885
-15.525686247732088
-15.393779281640708
-15.260772425411467
-15.126543678600077
-14.990962774253425
-14.853891160205608
-14.715182184056177
-14.574681558090274
-14.432228201602928
-14.28765558364632
-14.140793719274777
-13.991472006472453
-13.839523127681726
-13.684788276133865
-13.527123997406498
-13.366410951492428
-13.202564885822158
-13.035550044506024
-12.865393039474062
-12.692209122806426
-12.516210586474141
-12.33773499549401
-12.157262820484677
-11.975432976191218
-11.793050167651641
-11.61108479332622
-11.430649847773104
-11.252967808721474
-11.079315532163632
-10.910910779530184
-10.749054713144705
-10.594617039517772
-10.448410902051297
-10.310928028648812
-10.182377892224958
-10.062694233946813
-9.951573415472014
-9.848525823076512
-9.752933195228232
-9.664104023408319
-9.581321508575089
-9.503881197451145
-9.431117688195304
-9.36242135602232
-9.297246883830109
-9.235115636914793
-9.175613793815113
-9.118387828084465
-9.063138564384058
-9.00961468180482
-8.957606243493723
-8.90693860532784
-8.857466893250578
-8.809071128010254
-8.76165200512973
-8.715127295846766
-8.669428812482298
-8.624499872379221
-8.58029319328888
-8.536769156479716
-8.493894379668319
-8.451640548677686
-8.409983463665153
-8.368902262333133
-8.32837878849003
-8.288397079572634
-8.248942951262224
-8.210003661172394
-8.171567636813094
-8.133624255728826
-8.09616366793618
-8.059176652619058
-8.02265450254791
-7.986588930918408
-7.95097199630639
-7.915796042264426
-7.881053648719675
-7.8467375929239
-7.812840818079957
-7.779356408176289
-7.746277567814888
-7.71359760606558
-7.681309923560584
-7.649408002195232
-7.617885396925661
-7.586735729251105
-7.55595268204684
-7.525529995483313
-7.495461463812292
-7.465740932848588
-7.436362298006674
-7.407319502779279
-7.378606537568226
-7.350217438794176
-7.322146288226722
-7.294387212488501
-7.266934382695595
-7.239782014203228
-7.212924366434515
-7.186355742770551
