32700.31065220187
-758.5647973859205
-683.1904334467964
-613.3740207929422
-548.7106103695378
-488.8246510191476
-433.36785978567707
-382.01724568780514
-334.4732765290059
-290.4581784231411
-249.71435843470098
-212.00294142947348
-177.10241287279524
-144.80735991000026
-114.92730361899615
-87.2856158370066
-61.71851444289221
-38.07413141642915
-16.211648408601178
3.9995646717739644
22.680607379284474
39.94361836700995
55.89267724675974
70.62428241742757
84.22790154038513
96.78648211634209
108.37692505126061
119.07052389178914
128.9333722162992
138.0267414861519
146.40743149855192
154.1280954232751
161.23754126523804
167.78101145973886
173.80044218541894
179.33470386267484
184.41982420180483
189.08919506515704
193.37376431491933
197.30221373615825
200.90112404251224
204.19512790267783
207.20705185362277
209.95804790773093
212.46771560160295
214.75421517627603
216.83437253736855
218.72377658157032
220.4368694579818
221.98703026123087
223.38665264300624
224.64721677789234
225.77935609687745
226.79291916492568
227.6970270568363
228.50012655781066
229.21003949161036
229.8340084566827
230.37873923327214
230.85044009941734
231.25485828678487
231.59731377385057
231.88273062166698
232.1156660216066
232.30033722651507
232.44064651631803
232.54020434255224
232.60235078304234
232.63017543119676
232.6333186827897
232.59346563139619
232.53468106713026
232.45177167219225
232.34682628734262
232.22177551393705
232.07840334527745
231.9183580120088
231.7431620351166
231.5542215397489
231.35283488702228
231.14020067179396
230.91742513256006
230.68552901786123
230.4454539477093
230.19806830704462
229.9441727064789
229.68450504015496
229.4197451727338
229.15051927981253
228.877403869413
228.6009295058851
228.32158426104618
228.0398169075501
227.7560398800026
227.47063201331983
227.18394108276388
226.89628615214784
226.6079597497244
226.31922988434349
226.0303419081126
225.74152024652543
225.45296999142698
225.1648783874004
224.874583981747
224.58810986098118
224.30254754191287
224.01802663692268
223.73466472828247
223.45256830478618
223.17183362244083
222.89254750894565
222.61478809992872
222.33862552404102
222.06412253714058
221.7913351047855
221.5203129458328
221.2511000295935
220.98373503947622
220.71825179978703
220.45467967070823
220.19304391148233
219.93336601848208
219.6756640356037
219.41995284201545
219.16624441659357
218.91454808350258
218.66487073728402
218.41721705254125
218.17158967525214
217.92798940073808
217.68641533716274
217.44686505647775
217.20933473328026
216.97381927357026
216.74031243181437
216.5088069206171
216.27929451033972
216.05176612129424
215.82621190876523
215.6026213405743
215.380983269311
215.16128599765898
214.94351733936102
214.72766467462637
214.51371500107666
214.30165498075743
214.0914709829533
213.88314912339237
213.67667530030982
213.47203522765787
213.2692144647845
213.06819844438377
212.8689724973981
212.67152187587487
212.47583177443366
212.28188734857773
212.08967373240927
211.89917605433848
211.71037945134452
211.52326908173285
211.33783013703726
211.15404785261376
210.9719075168685
210.79139448027226
210.61249416254623
210.43519205981158
210.25947375100105
210.0853249026549
209.91273127437555
209.74167872262052
209.5721532050361
209.40414078319657
209.2376276255471
209.0726000101996
208.90904432656532
208.74694707740016
208.58629488022254
208.4270744683052
208.2692726918112
208.1128765185322
207.95787303403188
207.8042494424331
207.65199306625578
207.50109134650467
207.35153184256131
207.2033022318164
207.05639030942575
206.9107839876952
206.7664712957594
206.62673007023207
206.48485466107178
206.34094648763713
206.20168673738422
206.06366610734142
205.92687255144034
205.79129420998996
205.65691946212294
205.52373690368287
205.39173532713465
205.26090370471726
