3.159
30.43419227313416
30.46944060962238
30.503527277576076
30.536435379905793
30.568165661629696
30.59872700554943
30.62813163393428
30.656393076897842
30.683525319914484
30.70954244446137
30.73445847472559
30.758287310568452
30.781042696747047
30.802738207522395
30.823387237934714
30.843002998097823
30.861598508978744
30.879186599014
30.89577990127958
30.91139085108794
30.92603168394803
30.93971443385469
30.95245093188066
30.96425280505405
30.975131475504256
30.98509815986072
30.994163868890872
31.00233940736279
31.00963537412043
31.016062162357407
31.021629960078695
31.02634875073799
31.030228314039388
31.03327822689357
31.035507864517015
31.03692640166671
31.03754281399889
31.037365879544357
31.036404180292056
31.034666103872322
31.032159845333002
31.02889340900077
31.024874610421687
31.02011107837403
31.01461025694717
31.008379407682316
31.001425611767882
30.993755772286576
30.985376616507224
30.97629469821959
30.966516400105867
30.95604793614668
30.944895354056808
30.933064537748674
30.92056120981938
30.907390934059038
30.893559117978313
30.87907101535143
30.86393172877425
30.848146212233754
30.83171927368876
30.814655404654275
30.79695947055857
30.778635689002066
30.759688309265734
30.740121447907292
30.71993909120315
30.69914509768947
30.67774320074829
30.655737011211627
30.633130019974498
30.609925600610097
30.586127011986576
30.56173740088318
30.536759804606167
30.51119715360366
30.485052274079262
30.458327890605236
30.431026628734408
30.40315101761119
30.374703492581997
30.345686397805316
30.316101988860673
30.28595243535827
30.25523982354863
30.223966158932008
30.192133368868877
30.159743305191334
30.126797746815733
30.09329840235595
30.059246912739955
30.024644853826636
29.98949373902625
29.953795021922573
29.91755009889797
29.88076031176167
29.843426950380753
29.805551255314853
29.76713442045398
29.728177595659844
29.68868188941133
29.648648371453074
29.60807807544783
29.566972001632784
29.52533111947898
29.48315637035475
29.440448670191838
29.39720891215522
29.353437969315234
29.30913669732258
29.264305937085467
29.21894651744854
29.1730592578726
29.126644971116235
29.079704465916695
29.032238549670666
28.98424803111392
28.93573372299957
28.88669644477274
28.837137025242736
28.787056305250047
28.736455140328253
28.685334403359295
28.63369719170428
28.581540189754133
28.528866273811705
28.475676464761015
28.421971784072717
28.367753273412696
28.31302200464545
28.25777908554025
28.20202566364205
28.145762929353257
28.088992118668887
28.03171451575043
27.973931455416274
27.915644325579496
27.85685456964664
27.797563688880157
27.737773244725787
27.677484861103945
27.61670022666321
27.55542109699393
27.4936492968003
27.431386722028602
27.368635341948945
27.305397201189145
27.241674421717814
27.17746920477487
27.112783832746796
27.047620670984692
26.981982169562716
26.915870864974956
26.84928938176767
26.782240434105674
26.71472682726995
26.64675145908459
26.578317321270642
26.509427500724897
26.440085180721677
26.37029364203509
26.300056263980125
26.229374402562936
26.158255716196432
26.086702017039904
26.014717036964377
25.942304638957065
25.86946880141931
25.796213611451297
25.722543262132127
25.648462051452185
25.573974381892125
25.499084760221027
25.42379779732825
25.34811820801358
25.27205081069888
25.1956005270486
25.118772381491887
25.04157150064301
24.964003112619356
24.886072546255804
24.80778523021568
24.72914669199813
24.65016255684201
24.57083854652717
24.49118047807311
24.411194262336004
24.3308859025053
24.250261492499657
24.169327215265536
24.088089340977255
24.006554225142157
23.924728306610632
23.842618105494857
23.760230220995574
23.67757132914178
23.594648180442974
23.511467597458253
23.42803647228329
