0.0005538957852851927
0.0005850809717227231
0.000608511779556345
0.0006235558823449877
0.00063144491131704
0.0006349271641176586
0.0006362056765291357
0.0006366627100763188
0.0006370276152088348
0.0006376386841540979
0.0006385971885801193
0.0006399263679958536
0.0006416006309136869
0.0006435755493399988
0.0006458021084773678
0.0006482330637324599
0.0006508254753567059
0.000653541439687852
0.0006563480015929745
0.0006592167634655125
0.0006621233704768205
0.0006650470055441394
0.000667991388011958
0.0006709440818571535
0.0006738905176885965
0.0006768183059129939
0.000679716937562162
0.0006825775299856168
0.0006853926094826001
0.0006881559249389842
0.0006908622875413649
0.0006935074324809835
0.0006960878992696679
0.000698600927868004
0.0007010443683065597
0.0007034166018678986
0.00070571647221155
0.0007079432250814867
0.0007100964554486254
0.0007121760611100581
0.0007141822019135632
0.0007161152638935714
0.0007179758277046684
0.0007197646408222003
0.0007214825930519565
0.0007231306949487568
0.000724710058797467
0.0007262218818527013
0.0007276674315726472
0.000729048032613505
0.0007303650553807914
0.0007316199059575006
0.0007328140172529807
0.0007339488412302107
0.0007350258420910664
0.0007360464903103475
0.0007370122574212707
0.0007379246114703232
0.0007387850130631031
0.0007395949119368732
0.0007403557439996546
0.0007410689287841159
0.0007417358672685304
0.0007423579400252615
0.0007429365056588771
0.0007434728995001998
0.0007439684325298796
0.000744424390503353
0.0007448420332551545
0.0007452225941611152
0.0007455672797415919
0.0007458772693878668
0.0007461537151981645
0.0007463977419092341
0.0007466104469132738
0.0007467929003484652
0.0007469461452547749
0.0007470711977858057
0.0007471690474702626
0.0007472406575158256
0.0007472869651494631
0.0007473088819894836
0.0007473072944436831
0.0007472830641301201
0.0007472370283167092
0.0007471700003751039
0.0007470827702480853
0.0007469761049256893
0.0007468507489284391
0.0007467074247963384
0.000746546833580075
0.0007463696553377408
0.0007461765496193137
0.0007459681559646978
0.0007457450943935931
0.0007455079658905426
0.0007452573528861685
0.0007449938197340308
0.0007447179131812169
0.0007444301628329201
0.0007441310816096869
0.0007438211661980244
0.0007435008974931589
0.0007431707410332943
0.0007428311474268371
0.000742482552770069
0.0007421253790567936
0.0007417600345798346
0.0007413869143230356
0.0007410064003451645
0.0007406188621542642
0.0007402246570741786
0.0007398241306017357
0.0007394176167556944
0.0007390054384162278
0.0007385879076565781
0.0007381653260663875
0.0007377379850660768
0.0007373061662130732
0.0007368701415006849
0.0007364301736482058
0.000735986516382976
0.0007355394147156958
0.0007350891052072718
0.0007346358162286131
0.0007341797682131832
0.0007337211739023946
0.0007332602385838494
0.0007327971603229863
0.0007323321301881399
0.0007318653324685188
0.0007313969448870811
0.000730927138805539
0.0007304560794247867
0.0007299839259785615
0.0007295108319215279
0.0007290369451124672
0.0007285624079908906
0.0007280873577487969
0.0007276119264983636
0.0007271362414320608
0.000726660424980724
0.0007261845949650127
0.000725708864743278
0.0007252333433538526
0.0007247581356542122
0.0007242833424549489
0.0007238090606502306
0.0007233353833842848
0.0007228624000039138
0.0007223901964448244
0.0007219188551588202
0.0007214484552747528
0.0007209790727060246
0.000720510780255515
0.0007200436477165045
0.0007195777419712596
0.0007191131270858766
0.0007186498644022963
0.0007181880126280511
0.0007177276279220665
0.0007172687639790411
0.0007168114721104189
0.0007163558013226888
0.0007159017983940822
0.0007154495079477335
0.0007149989725235421
0.0007145502326473834
0.0007141033268977121
0.0007136582919710885
0.0007132151627446945
0.0007127739723370066
0.0007123347521672525
0.000711897532012468
0.0007114623400624786
0.0007110292029736595
0.0007105981459208228
0.0007101691926476921
0.0007097423655150132
0.0007093176855480714
0.0007088951724824455
0.0007084748448077027
0.0007080567198106967
0.0007076408136166255
0.0007072271412293922
0.0007068157165703514
0.0007064065525160496
0.0007059996609343977
0.000705595052720179
0.000705192737829096
0.0007047927253109652
0.0007043950233414441
0.0007039996392535475
0.0007036065795670764
0.0007032158500181484
0.0007028274555869514
0.0007024414005254
0.0007020576883831783
0.0007016763220333894
0.0007012973036974894
