2.4882637728256856
2.490177182747701
2.492089466686685
2.4940006213226678
2.4959106433446956
2.4978195294508505
2.499727276348265
2.501633880753143
2.503539339390776
2.5054436489955596
2.5073468063110114
2.5092488080897937
2.5111496510937195
2.5130493320937797
2.5149478478701512
2.516845195212222
2.5187413709186015
2.520636371797139
2.52253019466494
2.5244228363483825
2.5263142936831313
2.5282045635141555
2.5300936426957406
2.5319815280915123
2.5338682165744424
2.535753705026867
2.537637990340503
2.5395210694164625
2.5414029391652666
2.543283596506861
2.545163038370629
2.5470412616954077
2.548918263429498
2.550794040530687
2.5526685899662525
2.5545419087129817
2.556413993757181
2.5582848420946966
2.560154450730919
2.562022816680803
2.5638899369688746
2.5657558086292513
2.567620428705647
2.569483794251389
2.571345902329427
2.5732067500123557
2.5750663343824085
2.5769246525314857
2.578781701561159
2.580637478582682
2.582491980717009
2.5843452050947966
2.5861971488564217
2.588047809151991
2.5898971831413484
2.591745267994095
2.5935920608895864
2.5954375590169554
2.597281759575113
2.599124659772766
2.6009662568284213
2.6028065479704
2.604645530436844
2.606483201475727
2.6083195583448653
2.610154598311922
2.6119883186544257
2.613820716659769
2.6156517896252227
2.6174815348579443
2.619309949674986
2.6211370314033036
2.6229627773797626
2.6247871849511504
2.626610251474181
2.6284319743155042
2.63025235085171
2.632071378469346
2.6338890545649125
2.635705376544876
2.6375203418256765
2.639333947833734
2.6411461920054533
2.642957071787235
2.6447665846354766
2.6465747280165846
2.648381499406976
2.6501868962930875
2.6519909161713784
2.6537935565483437
2.655594814940511
2.6573946888744477
2.6591931758867733
2.660990273524157
2.6627859793433255
2.6645802909110716
2.666373205804252
2.668164721609798
2.669954835924716
2.6717435463560983
2.6735308505211206
2.675316746047047
2.6771012305712376
2.6788843017411508
2.6806659572143468
2.6824461946584903
2.684225011751357
2.6860024061808327
2.687778375644921
2.6895529178517417
2.691326030519541
2.693097711376686
2.6948679581616704
2.6966367686231205
2.6984041405197927
2.7001700716205796
2.7019345597045095
2.7036976025607493
2.705459197988608
2.7072193437975347
2.708978037807123
2.7107352778471143
2.712491061757396
2.7142453873880013
2.715998252599114
2.7177496552610694
2.71949959325435
2.721248064469595
2.722995066807591
2.72474059817928
2.7264846565057574
2.728227239718267
2.7299683457582145
2.731707972577151
2.7334461181367824
2.7351827804089677
2.7369179573757187
2.7386516470291973
2.7403838473717164
2.7421145564157383
2.7438437721838755
2.7455714927088875
2.7472977160336782
2.7490224402113017
2.750745663304951
2.7524673833879634
2.754187598543815
2.7559063068661214
2.7576235064586347
2.7593391954352406
2.761053371919957
2.762766034046932
2.7644771799604397
2.7661868078148792
2.7678949157747743
2.7696015020147633
2.771306564719604
2.773010102084164
2.774712112313424
2.7764125936224677
2.778111544236484
2.77980896239076
2.7815048463306793
2.7831991943117145
2.784892004599432
2.7865832754694764
2.7882730052075737
2.7899611921095264
2.7916478344812043
2.7933329306385484
2.795016478907558
2.7966984776242896
2.798378925134854
2.800057819795407
2.8017351599721465
2.8034109440413064
2.8050851703891566
2.806757837411988
2.808428943516112
2.810098487117858
2.811766466643561
2.813432880529561
2.815097727222194
2.816761005177788
2.8184227128626542
2.8200828487530827
2.821741411335333
2.823398399105637
2.825053810570177
2.8267076442450914
2.828359898656461
2.8300105723403077
2.8316596638425815
2.8333071717191554
2.834953094535821
2.8365974308682764
2.838240179302123
2.8398813384328516
2.841520906865846
2.8431588832163612
