935887.944
956590.829987467
1016751.2595450701
1023381.0951134
1080493.5357077664
1185898.7432585175
1276081.023038703
1342846.01623213
1369342.7118451505
1399389.4442239148
1420894.227147048
1437500.9870950123
1451361.3973177006
1463668.7474090538
1475066.636613421
1485899.053020152
1496351.077348835
1506523.2630003318
1516471.9798486498
1526230.092808
1535817.8617827492
1545248.6608558313
1554531.9959735258
1563675.111623485
1572683.857971693
1581563.1683716017
1590317.3300982981
1598950.1442196006
1607465.0251676037
1615865.066826211
1624153.089477511
1632331.675359007
1640403.197092148
1648369.8413615427
1656233.6292200587
1663996.4338509887
1671659.9962890677
1679225.9394599774
1686695.780771877
1694070.9434376562
1701352.766686496
1708542.5149636902
1715641.3862325377
1722650.5194602783
1729571.0013672025
1736403.872503538
1743150.1327204667
1749810.7460879807
1756386.6453104054
1762878.7356873404
1769287.8986568486
1775614.994965755
1781860.8674940474
1788026.343768858
1794112.238198752
1800119.3540446507
1806048.4851645753
1811900.4175445482
1817675.9306318634
1823375.7985050867
1829000.790876756
1834551.6739579458
1840029.211191941
1845434.1638701938
1850767.29164543
1856029.3529482114
1861221.1053141651
1866343.305639371
1871396.7103659743
1876382.0755984492
1881300.157179513
1886151.7106967901
1890937.4914663427
1895658.2544626473
1900314.9571357656
1904907.946801412
1909438.1804315634
1913906.4103821474
1918313.3879279143
1922659.863044478
1926946.5841923803
1931174.2980824339
1935343.7494343643
1939455.6807374214
1943510.8319950625
1947509.9404760383
1951453.7404647798
1955342.9630072087
1959178.335665321
1962960.5822675433
1966690.422670947
1970368.5725248167
1973995.7430379991
1977572.6407602797
1981099.9673600364
1984578.419420734
1988008.688239662
1991391.4596317091
1994727.4137556236
1998017.2249316517
2001261.5614782814
2004461.0855597157
2007616.4530393085
2010728.313340161
2013797.3093206885
2016824.07715688
2019809.2462296307
2022753.4390313658
2025657.2710699274
2028521.350790667
2031346.2795024083
2034132.6513120036
2036881.0530702246
2039592.064319838
2042266.2572602127
2044904.1967117437
2047506.4400886558
2050073.5373856507
2052606.0311588894
2055104.45652933
2057569.3411758184
2060001.2053485066
2062400.5618775403
2064767.9161918787
2067103.766343912
2069408.6030400516
2071682.9096642502
2073927.1623303473
2076141.8299073672
2078327.3740770346
2080484.2493787159
2082612.903260117
2084713.7761367876
2086787.3014465899
2088833.9057187948
2090854.008624906
2092848.0230594277
2094816.355201271
2096759.404585295
2098677.5641755136
2100571.2204386075
2102440.753420968
2104286.5368210785
2106108.9380790466
2107908.31844047
2109685.0330486316
2111439.431018735
2113171.855525488
2114882.64387491
2116572.127600639
2118240.63253346
2119888.478894806
2121515.9813706605
2123123.4492003857
2124711.1862631175
2126279.4911494157
2127828.6572531136
2129358.972853716
2130870.721190376
2132364.1805515056
2133839.6243550708
2135297.321222536
2136737.5350692235
2138160.525168732
2139566.546249486
2140955.848561472
2142328.677952688
2143685.275951562
2145025.8798380867
2146350.7227230435
2147660.033613628
2148954.0374948448
2150232.955402398
2151497.004481602
2152746.3980730823
2153981.3457705257
2155202.0534983194
2156408.7235735445
2157601.5547668017
2158780.742378896
2159946.4783035913
2161098.9510814557
2162238.3459753683
2163364.8450148995
2164478.6270788754
2165579.8679376394
2166668.7403174196
2167745.4139603344
2168810.055673559
2169862.8293932476
2170903.896237439
2171933.414554792
2172951.539983225
2173958.425493386
2174954.221450336
2175939.0756593198
2176913.133408153
2177876.5375286858
2178829.4284298792
2179771.944153325
