-1210.1528818188701
-798.1062701906678
-794.9233365097163
-791.8842774454836
-789.0049833081791
-786.2834855940201
-783.7132645305041
-781.2867693622982
-778.996402917243
-776.8348130025031
-774.794984528448
-772.8702682564383
-771.0543856502536
-769.3414227172166
-767.7258179598994
-766.2023469959846
-764.766105364697
-763.4124905055975
-762.1371835701309
-760.9361315081854
-759.8055297198468
-758.7418054551289
-757.7416020684875
-756.8017641815298
-755.9193237701484
-755.0914871668213
-754.3156229518935
-753.5892506966429
-752.9100305144576
-752.2757533729127
-751.6843321182652
-751.1337931640643
-750.622268796794
-750.14799005333
-749.7092801272865
-749.30454826381
-748.9322841050006
-748.591052450735
-748.2794884022297
-747.9962928581284
-747.7402283352487
-747.5101150883211
-747.3048275050988
-747.1232907551777
-746.9644776725811
-746.8274058538644
-746.7111349549606
-746.6147641714039
-746.5374298878284
-746.4783034838139
-746.4365892842103
-746.4115226430665
-746.4023681511536
-746.4084179579432
-746.4289901995701
-746.4634275250834
-746.5110957138284
-746.5713823774377
-746.6436957403919
-746.7274634936085
-746.8221317159367
-746.9271638588697
-747.0420397900984
-747.1662548919215
-747.2993192107975
-747.4407566546274
-747.5901042345962
-747.7469113486651
-747.9107391039965
-748.0811596758273
-748.2577557004462
-748.4401197001581
-748.6278535382235
-748.8205679019394
-749.0178818121425
-749.2194221575552
-749.42482325249
-749.6337264165546
-749.8457795750752
-750.0606368790701
-750.27795834366
-750.4974095039165
-750.7186610871825
-750.9413887009975
-751.1652725358042
-751.3899970816749
-751.6152508583648
-751.8407261580188
-752.0661187999366
-752.2911278968288
-752.5154556320454
-752.7388070472754
-752.9608898402967
-753.1814141723326
-753.4000924846515
-753.6166393240528
-753.8307711769004
-754.0422063114285
-754.2506646280111
-754.4558675171837
-754.6575377251552
-754.8553992266134
-755.0491771046371
-755.2385974375342
-755.4233871924672
-755.6032741257043
-755.7779866893978
-755.9472539447671
-756.1108054815978
-756.2683713439691
-756.4196819621466
-756.5644680905783
-756.7024607519512
-756.833391187251
-756.9569908118309
-757.0729911774347
-757.1811239401801
-757.2811208344929
-757.3727136529905
-757.4556342323265
-757.5296144450039
-757.5943861971717
-757.6496814324388
-757.6952321417101
-757.7307703790847
-757.7560282838399
-757.7707381085322
-757.7746322532452
-757.7674433060146
-757.7489040894576
-757.7187477136424
-757.676707635215
-757.622517722813
-757.5559123287818
-757.4766263672174
-757.384395398334
-757.2789557191766
-757.1600444606667
-757.0273996909865
-756.8807605252703
-756.7198672416071
-756.5444614032942
-756.3542859873328
-756.1490855190992
-755.9286062131374
-755.6925961200176
-755.4408052791645
-755.172985877588
-754.8888924143956
-754.588281871
-754.2709138868765
-753.9365509407586
-753.584958537102
-753.2159053976851
-752.8291636581464
-752.4245090692889
-752.0017212029528
-751.5605836622218
-751.1008842957435
-750.6224154159089
-750.1249740206066
-749.6083620182651
-749.0723864558529
-748.5168597494927
-747.9415999172967
-747.3464308140076
-746.7311823669861
-746.0956908130332
-745.439798935497
-744.76335630105
-744.0662194954547
-743.3482523575866
-742.6093262108903
-741.8493200913796
-741.0681209711952
-740.2656239766696
-739.4417325997152
-738.5963589013152
-737.7294237057422
-736.8408567840843
-735.9305970255488
-734.9985896951644
-734.0447970870781
-733.0691844601838
-732.0717286018487
-731.0524237986771
-730.0112520144311
-728.948225989649
-727.8633616849704
-726.7566848982402
-725.6282312086189
-724.4780458971579
-723.3061838361366
-722.1127093449936
-720.8976960117324
-719.6612264790763
-718.4033921949987
-717.1242931275028
-715.8240374438743
-714.5027411549563
