153.17216
138.43570341561303
142.08162050661568
145.51799184352296
150.02458612069532
152.7081272873496
154.0865375733718
154.81092150421358
155.65891612539528
155.93190860243678
156.10742043305956
156.23237684169183
156.33047662220048
156.4136756569095
156.48803499692823
156.55666207309508
156.6211842514054
156.6824843669659
156.74106845976905
156.79724987475336
156.85124165819028
156.90320308662848
156.95326321074413
157.0015328587598
157.0481108352848
157.09308719585306
157.13654504588152
157.17856159330975
157.21920882201658
157.25855397043338
157.29665990766267
157.33358545295548
157.36938566109987
157.40411208460387
157.43781301791316
157.47053372609594
157.50231665920336
157.53320165300113
157.56322611654548
157.59242520707951
157.62083199275455
157.6484776037031
157.6753913720678
157.70160096158304
157.7271324873598
157.75201062648995
157.77625872010432
157.79989886748604
157.82295201283785
157.84543802523592
157.86737577232762
157.88878318824962
157.90967733622165
157.93007446627482
157.949990068482
157.96943892208566
157.98843514083276
158.00699221486366
158.02512304941425
158.0428400005996
158.0601549085361
158.07707912799964
158.09362355683447
158.10979866229403
158.12561450547466
158.14108076402056
158.15620675319457
158.17100144549596
158.18547348890436
158.1996312238722
158.21348267032224
158.22703565682997
158.24029766422308
158.25327595098173
158.26597753736877
158.27840921669636
158.29057756588142
158.3024889553227
158.31414955817547
158.32556535904493
158.33674216216122
158.3476855990531
158.35840113577873
158.3688940797125
158.37916958597302
158.3892326634509
158.39908818051785
158.4087408704114
158.4181953363243
158.42745605622534
158.43652738741486
158.4454135708555
158.45411873525555
158.46264690097632
158.47100198371504
158.47918779801932
158.48720806063557
158.49506639369142
158.50276632771812
158.51031130456283
158.51770468013103
158.5249497270408
158.5320496371365
158.53900752390473
158.5458264247865
158.5525093033903
158.55905905161904
158.56547849170894
158.57177037817888
158.57793739972678
158.58398218102153
158.58990728446676
158.59571521185518
158.601408406002
158.60698925229434
158.6124600802016
158.61782316472141
158.62308072778796
158.62823493962577
158.6332879200648
158.63824173979737
158.64309842162538
158.64785994163736
158.65252823036315
158.65710517389388
158.66159261497447
158.6659923540388
158.6703061502464
158.6745357224685
158.67868275025373
158.68274887476116
158.68673569968038
158.69064479210783
158.69447768340385
158.69823587005519
158.70192081445944
158.70553394574617
158.70907666053037
158.71255032368333
158.71595626905116
158.71929580018855
158.7225701910371
158.7257806866179
158.72892850369462
158.73201483140977
158.73504083192958
158.73800764104854
158.74091636879135
158.7437681000074
158.74656389492463
158.74930478973573
158.75199179710987
158.75462590674584
158.7572080858938
158.75973927983765
158.76222041241778
158.76465238650016
158.76703608445203
158.76937236860053
158.7716620816768
158.7739060472767
158.77610507026716
158.77825993721257
158.7803714167973
158.78244026020522
158.78446720152724
158.78645295813595
158.78839823105477
158.79030370534204
158.7921700504219
158.7939979204414
158.79578795462743
158.7975407775858
158.79925699966117
158.80093721723222
158.80258201302448
158.8041919564161
158.80576760373674
158.80730949854865
158.80881817194063
158.81029414279007
158.81173791804267
158.81314999296916
158.81453085143193
158.8158809661232
158.81720079882624
158.81849080063984
158.8197514122197
158.82098306401232
158.82218617647158
158.82336116027963
158.82450841655668
158.82562833708045
158.826721304477
158.82778769242373
158.82882786585446
158.82984218113174
158.83083098624334
158.8317946209849
158.83273341712822
