292.0028700000001
297.35532201136823
297.3878171607386
297.4216714522553
297.45655781210843
297.49241545584044
297.5292279524164
297.5669855867726
297.6056790869246
297.64529874086577
297.68583431439583
297.7272752424641
297.76961078244943
297.812830171962
297.8569227683889
297.901878164318
297.9476862754968
297.9943374000057
298.04182224893026
298.09013195016394
298.13925802797525
298.1891923615293
298.2399271259859
298.2914547197793
298.34376768162787
298.39685860055755
298.4507200218972
298.50534435182266
298.5607237626474
298.6168501006815
298.67371479814784
298.7313087902944
298.7896224386115
298.84864546077466
298.90836686777936
298.96877490852165
299.02985702195923
299.0915997968562
299.1539889390506
299.2170092460507
299.280644588768
299.34487790009
299.4096911699959
299.4750654468765
299.54098084467967
299.6074165555248
299.67435086739425
299.7417611864939
299.8096240639169
299.8779152261955
299.94660960937625
300.0156813962223
300.0851040561818
300.15485038776114
300.2248925629536
300.29520217337813
300.3657502778074
300.43650745076417
300.5074438318724
300.57852917567317
300.64973290160356
300.7210241438573
300.7923718008435
300.8637445839618
300.93511106541837
301.00643972479565
301.0776989940862
301.1488573008985
301.21988310951167
301.29074495945827
301.3614115012717
301.4318515289884
301.5020340089967
301.57192810469087
301.64150319637696
301.7107288957386
301.779575053932
301.8480117608184
301.9160093439568
301.98353834011
302.050569471856
302.1170735999752
302.18302165843596
302.24838456481575
302.3131330985648
302.37726468035316
302.440670060584
302.51229281616344
302.58529803542143
302.65759733425125
302.72916659324704
302.799991679455
302.8700597436893
302.9393589092364
303.0078782190556
303.0756076246063
303.14253797585405
303.20866101056214
303.27396934194456
303.3384564446892
303.4021166394317
303.46494507579774
303.5269377141087
303.5880913058761
303.6484033731936
303.70787218713286
303.7664967452667
303.8242767484284
303.8812125768087
303.9373052655137
303.99255647966976
304.0469684890461
304.10054414323923
304.15328684490896
304.20520052486796
304.2562896163605
304.30655902926355
304.35603721862884
304.4046607013177
304.4525049246503
304.49955337208513
304.5458129612507
304.5912909390373
304.63599485824307
304.67993255494537
304.7231121264833
304.7655419100457
304.80723046188723
304.8481865372008
304.8884190706535
304.92793715760143
304.96675003600075
305.0048670690108
305.0422977282972
305.0790515780396
305.11513825963385
305.1505674770935
305.1853489831342
305.21949256594496
305.2530080366229
305.2859052172716
305.31819392973944
305.3498839849944
305.3809851731127
305.41150725386484
305.4414599478887
305.4708529284243
305.49969581359807
305.5279981592361
305.5557694521855
305.58301910413167
305.60975644588194
305.6359907221091
305.66173108652606
305.68698659747906
305.7117662139374
305.7360787918624
305.7599330809384
305.7833377216521
305.8063012426896
305.828832058655
305.85093846807223
305.87262865167384
305.8939106709461
305.9147924669261
305.9352818592273
305.9553865452915
305.9751140998397
305.9944719745198
306.01346749773273
306.0321078746316
306.0504001872706
306.06835139491056
306.085968334448
306.1032577209819
306.1202261484894
306.13688009061167
306.1532259015393
306.169269816985
306.18501795524236
306.20047631832244
306.21565079315
306.23054715283325
306.24517105798105
306.2595280580713
306.27362359286974
306.28746299387876
306.30105148582896
306.31439418819576
306.3274961167424
306.34036218508476
306.3529972062729
306.36540589439096
306.37759286616074
306.38956264255904
306.4013196504373
306.41286822414656
306.4242126071545
306.4353569536726
306.4463053302661
