0.009289903677714739
0.00935886312398702
0.009426297858893566
0.009492221375396846
0.009556652417584233
0.00961961446305051
0.00968113517879608
0.009741245895809499
0.009799981105123715
0.009857377977819461
0.00991347591102274
0.009968316101515459
0.01002194114807959
0.010074394683596511
0.010125721036654302
0.010175964923176527
0.010225171167379204
0.010273384451409092
0.010320649092704946
0.010367008847914983
0.010412506745266083
0.01045718492388136
0.010501084530496646
0.010544245599975622
0.01058670697421701
0.010628506234405618
0.010669679649111108
0.010710262136698966
0.0107502872405763
0.010789787115864098
0.010828792526164638
0.010867332849175314
0.010905436089985579
0.010943128900980967
0.010980436607364677
0.011017383237392629
0.011053991556500551
0.011090283104581232
0.011126278235745605
0.01116199615997278
0.011197454986120941
0.01123267176583326
0.011267662537930495
0.011302442372934885
0.011337025417418304
0.011371424937911724
0.011405653364152881
0.01143972233148506
0.011473642722252058
0.011507424706063378
0.011541077778829137
0.011574610800486955
0.011608032031363022
0.011641349167127054
0.011674569372315991
0.011707699312414627
0.011740745184492633
0.011773712746407079
0.011806607344587971
0.011839433940430988
0.01187219713532748
0.011904901194366376
0.011937550068746455
0.011970147416940304
0.012002696624653569
0.012035200823624692
0.012067662909311357
0.012100085557510534
0.012132471239959105
0.012164822238962014
0.012197140661094391
0.012229428450023365
0.012261687398494543
0.012293919159526892
0.012326125256858717
0.012358307094686041
0.012390465966733398
0.012422603064695484
0.012454719486086733
0.012486816241534353
0.012518894261548763
0.012550954402803934
0.012582997453958564
0.012615024141047534
0.01264703513247161
0.012679031043611915
0.01271101244109432
0.012742979846727428
0.012774933741136656
0.012806874567115495
0.012838802732713902
0.012870718614082498
0.01290262255809022
0.012934514884731857
0.01296639588934098
0.012998265844622775
0.013030125002520217
0.013061973595926287
0.013093811840254084
0.013125639934875706
0.013157458064440245
0.013189266400080365
0.013221065100516363
0.013252854313065892
0.013284634174566998
0.013316404812221542
0.013348166344365501
0.013379918881172327
0.013411662525294799
0.013443397372450658
0.013475123511956772
0.013506841027216138
0.013538549996161926
0.013570250491662146
0.013601942581888456
0.013633626330652236
0.01366530179771078
0.013696969039046327
0.01372862810712033
0.013760279051105133
0.01379192191709522
0.013823556748299774
0.013855183585218337
0.01388680246580105
0.013918413425594972
0.013950016497877693
0.013981611713779507
0.01401319910239511
0.014044778690885893
0.014076350504573685
0.014107914567026715
0.014139470900138605
0.014171019524200959
0.014202560457970248
0.01423409371872946
0.014265619322345083
0.014297137283319753
0.01432864761484113
0.014360150328827214
0.01439164543596853
0.014423132945767475
0.014454612866574996
0.014486085205625013
0.014517549969066635
0.014549007161994481
0.014580456788477242
0.014611898851584662
0.014643333353413007
0.014674760295109291
0.014706179676894273
0.014737591498084334
0.014768995757112383
0.014800392451547828
0.014831781578115712
0.014863163132715084
0.014894537110436654
0.014925903505579787
0.014957262311668936
0.014988613521469442
0.015019957127002909
0.01505129311956204
0.015082621489725055
0.01511394222736966
0.015145255321686667
0.015176560761193237
0.015207858533745783
0.015239148626552545
0.015270431026185862
0.015301705718594176
0.01533297268911376
0.015364231922480154
0.01539548340283942
0.01542672711375911
0.015457963038239044
0.015489191158721861
0.015520411457103388
0.01555162391474276
0.015582828512472434
0.01561402523060796
0.01564521404895761
0.015676394946831804
0.01570756790305245
0.015738732895962032
0.015769889903432602
0.015801038902874643
0.01583217987124575
0.01586331278505919
0.015894437620392315
0.01592555435289488
0.015956662957797206
0.015987763409918223
0.016018855683673384
0.016049939753082516
0.01608101559177749
0.016112083173009804
0.016143142469658072
0.016174193454235427
0.01620523609889674
0.01623627037544582
0.016267296255342494
