-0.8088936407096199
-0.8686043380750389
-0.8666849906781312
-0.8648074999845374
-0.8629700850834743
-0.8611710717177194
-0.8594088853427123
-0.8576820443921784
-0.8559891540239565
-0.8543289003187287
-0.852700044897352
-0.8511014199246648
-0.8495319234703917
-0.8479905152000368
-0.8464762123708867
-0.8449880861101298
-0.8435252579539869
-0.8420868966284032
-0.8406722150533276
-0.8392804253731343
-0.8379107941411836
-0.8365627263349193
-0.8352355851787324
-0.8339287659604679
-0.8326416940696252
-0.8313738231672305
-0.8301246334778681
-0.8288936301953307
-0.8276803419935702
-0.8264843196356625
-0.8253051346737462
-0.8241423782336753
-0.8229956598783511
-0.8218646065443133
-0.8207488615464982
-0.8196480836464816
-0.8185619461798146
-0.8174901362384364
-0.816432353904412
-0.8153883115315136
-0.8143577330714294
-0.8133403534416114
-0.8123359179319417
-0.8113441816477117
-0.8103649089863987
-0.8093978731461746
-0.8084428556637834
-0.8074996459805103
-0.8065680410333447
-0.8056478448708331
-0.8047388682912908
-0.8038409285023527
-0.8029538488001726
-0.8020774582673701
-0.8012115914881944
-0.8003560882801822
-0.7995107934409305
-0.7986755565093571
-0.7978502315403296
-0.7970346768917606
-0.7962287550243476
-0.7954323323109247
-0.794645278857802
-0.7938674683351323
-0.7930987778166931
-0.7923390876283528
-0.7915882812046614
-0.790846244953193
-0.7901128681261083
-0.7893779065654022
-0.7886716950693822
-0.7879636561640329
-0.7872638601659581
-0.7865722088153078
-0.7858886060335263
-0.7852129578659368
-0.7845451723974397
-0.7838851596716107
-0.7832328316140289
-0.7825881019595594
-0.781950886183363
-0.7813211014354463
-0.780698666478493
-0.7800835016288
-0.7794755287001124
-0.7788746709502883
-0.7782808530304643
-0.7776940009367722
-0.777114041964339
-0.7765409046634346
-0.7759745187977507
-0.7754148153046247
-0.77486172625707
-0.7743151848276673
-0.7737751252539194
-0.7732414828054757
-0.7727141937525457
-0.7721931953358672
-0.7716784257381071
-0.7711698240562217
-0.7706673302755398
-0.7701708852442452
-0.7696804306498654
-0.7691979404167031
-0.7687192964741297
-0.7682464728154693
-0.7677794142634196
-0.7673180663748668
-0.7668623754219954
-0.7664122883741978
-0.7659677528813231
-0.7655287172569873
-0.7650951304629112
-0.7646669420939023
-0.7642441023631521
-0.7638265620884686
-0.7634142726786431
-0.7630071861206906
-0.7626052549673705
-0.7622084323252505
-0.7618166718431457
-0.7614299277010662
-0.7610481545995237
-0.7606713077492091
-0.760299342861051
-0.7599322161366308
-0.7595698842589208
-0.7592123043833348
-0.7588594341291286
-0.7585112315710035
-0.7581676552310338
-0.7578286640709369
-0.7574942174844069
-0.7571642752899066
-0.7568387977235178
-0.7565177454321241
-0.7562010794667102
-0.7558887612759922
-0.7555807527000961
-0.7552770159645255
-0.7549775136742541
-0.754682208808031
-0.7543910647127868
-0.7541040450982579
-0.7538211140317199
-0.7535422359328992
-0.7532673755689608
-0.7529964980497358
-0.7527295688229142
-0.7524665536695491
-0.7522074186995131
-0.751952130347159
-0.7517006553670561
-0.7514529608298605
-0.7512090141182306
-0.7509687829228731
-0.7507322352387049
-0.7504993393610194
-0.7502700638818609
-0.7500443776863759
-0.7498222499492434
-0.7496036501313249
-0.7493885479761468
-0.7491769135066967
-0.7489687170221153
-0.7487639290945525
-0.7485625205660252
-0.7483644625453547
-0.7481697264052217
-0.7479782837791685
-0.7477901065587285
-0.7476051668906544
-0.7474234371740291
-0.747244890057632
-0.747069498437213
-0.7468972354528669
-0.746728074486438
-0.7465619891589768
-0.7463989533282445
-0.746238941086248
-0.7460819267567946
-0.7459278848931453
-0.7457767902756477
-0.7456286179094088
-0.7454833430220671
-0.7453409410615042
-0.7452013876936703
-0.745064658800381
-0.7449307304772216
-0.7447972973630009
-0.7446688664829177
-0.744545449603635
-0.7444224935197481
-0.7443022208790768
-0.7441846091102655
-0.7440696358560481
-0.7439572789393571
-0.7438475163633871
-0.7437403263123458
