116736.20236799998
170431.19209552917
170962.5510768811
171522.63167890094
172093.76393901985
172670.93456802357
173252.68750198054
173838.5588809665
174428.36364430658
175021.99690978517
175619.3785015587
176220.43732469712
176825.10684525757
177433.32367201656
178045.02700874873
178660.1583543291
179278.66127645888
179900.48121000262
180525.5652658981
181153.86204639796
181785.3214651511
182419.89457141937
183057.53337795107
183698.19069211185
184341.8199499099
184988.35169146003
185637.786561545
186290.05586282682
186945.11390813196
187602.91485750146
188263.41255111006
188926.5603508928
189592.31098526978
190260.6163948376
190931.427578254
191604.694437923
192280.3656252256
192958.38838506214
193638.70839950134
194321.26963033585
195006.01416036143
195692.88203320125
196381.81109150266
197072.7368133528
197765.59214676364
198460.30734208203
199156.80978220855
199855.0238104939
200554.87055622032
201256.26775756717
201959.12958198608
202663.36644391477
203368.8848197841
204075.5870602786
204783.37119983434
205492.13076337238
206201.7545702863
206912.1265357246
207623.12546922738
208334.6248708033
209046.49272455202
209758.59128998237
210470.77689117313
211182.89970398924
211894.8035415777
212606.32563840688
213317.29643315639
214027.53935079576
214736.87058424947
215445.09887606517
216152.02530058162
216857.44304711887
217561.13720478606
218262.88454954512
218962.4533342496
219659.60308242065
220354.0843866138
221045.63871228066
221733.99820813068
222418.88552405342
223100.01363777116
223777.08569145793
224449.79483967347
225117.82411004332
225780.84627822993
226438.52375882913
227090.50851395898
227736.4419813911
228375.9550242241
229008.66790418883
229634.1902808209
230252.1212388485
230862.04934627216
231463.55274574787
232056.19928201073
232639.54666819517
233213.14269405298
233776.52547917597
234329.22377445412
234870.75731511615
235400.63722879125
235918.36650212843
236423.44050958284
236915.34760802623
237393.5698008986
237857.58347557686
238306.86021768212
238740.86770591442
239159.07069094814
239560.9320617384
239945.91400240196
240313.4792425317
240663.092403478
240994.22144266925
241306.3391975532
241598.92503008348
241871.4665719581
242123.46156997027
242354.41982982424
242563.86525569254
242751.33798151606
242916.39658866066
243058.6204030207
243177.61186297744
243272.99894782604
243344.4376543536
243391.61450724516
243414.24908687218
243412.09655589523
243384.95016393365
243332.643707464
243255.05392004558
243152.10276612086
243023.75960994634
242870.0432298373
242691.02364687878
242486.8237366713
242257.6205925749
242003.64660942982
241725.19025785022
241422.59652099817
241096.26696831765
240746.6594439571
240374.28735166253
239979.71852263942
239563.5736582632
239126.52434548392
238669.2906491612
238192.66264786178
237697.39770760926
237184.34925020218
236654.44141746982
236108.56479350285
235547.65829020189
234972.682387516
234384.61428264386
233784.44294804262
233173.16414938963
232551.7754805542
231921.27147320795
231282.63883714058
230636.85188450405
229984.8681872304
229327.62451198834
228666.03307134635
228000.97812356686
227333.31294674243
226663.85720611233
225993.39472646968
225322.6694511833
224652.39275331417
223983.22961073346
223315.80636208988
222650.7084104293
221988.48032833257
221329.6262891629
220674.61079757527
220023.85969075453
219377.76138091387
218736.66830931779
218100.8985824395
217470.73765646288
216846.44065996475
216228.2338244035
215616.31695287226
215010.86548412355
214412.03268025946
213819.95183654147
213234.73291871836
212656.49266148763
212085.30104577143
211521.23914429106
210964.37348703048
210414.76374574527
209872.4648429228
209337.5290382502
208810.00799575332
208289.95483673495
207777.42618500776
207272.48421207638
