109.35270845963858
109.59185142173845
109.74227391686156
109.8194354566126
109.83610788088737
109.80284437115921
109.7283659800649
109.6198805044013
109.48334568962902
109.32368571661658
109.14497093356205
108.95056572562736
108.74325079764327
108.52532421995565
108.29868494393652
108.06490184185441
107.82527078988434
107.58086187208994
107.33255842015973
107.08108930457841
106.82705562121102
106.57095287135442
106.31318915423407
106.05410032735554
105.79396252213344
105.53300249971389
105.27140621977628
105.00932593064937
104.7468860358014
104.48418794771472
104.22131410373098
103.95833128833037
103.69529340734273
103.43224367633836
103.16921659410212
102.90623946189537
102.64333366885238
102.38051575436779
102.11779828594644
101.85519058435145
101.59269871384357
101.33032844079949
101.06808191218036
100.80596048171704
100.54396437540356
100.28209291713725
100.02034471497716
99.75871781453644
99.49720982503682
99.23581802267816
98.97453943521792
98.71337091100528
98.45230917516896
98.19135087519838
97.93049261777514
97.66973099839215
97.40906262503428
97.14848413697351
96.88799221954986
96.62758361565858
96.36725513453855
96.10700365835419
95.84682614697637
95.58671964129803
95.3266812653609
95.06670822752112
94.80679782084215
94.54694742286887
94.2871544949107
94.027416580938
93.76773130617741
93.50809637547643
93.24850957149471
92.98896875276887
92.72947185168897
92.47001687241767
92.21060188877695
91.95122504212257
91.69188453922246
91.43257865015161
91.17330570621401
90.9140640978987
90.65485227287687
90.39566873404381
90.13651203760939
89.87737750591924
89.61827093624856
89.35918380455563
89.10012199764729
88.84107711908243
88.58205513276916
88.32304775887222
88.06406102829035
87.80509001324552
87.54613375214808
87.28719131160932
87.02826178651546
86.76934429989099
86.51043800260003
86.25154207292492
85.99265571605234
85.73377816349037
85.47490867243552
85.21604652510466
84.9571910280438
84.69834151142271
84.43949732832361
84.18065785402912
83.92182248531469
83.66299063974915
83.40416175500575
83.14533528818652
82.88651071516112
82.62768752992164
82.36886524395406
82.11004338562692
81.85122149959783
81.59239914623753
81.33357590107187
81.07475135424151
80.81592510997895
80.55709678610293
80.29826601352971
80.03943243580083
79.78059570862698
79.52175549944782
79.26291148700679
79.00406336094098
78.74521082138533
78.48635357859094
78.22749135255658
77.96862387267372
77.70975087738384
77.45087211384822
77.19198733762948
76.93309631238441
76.6741988095681
76.41529460814841
76.15638349433098
75.8974652612939
75.63853970893213
75.37960664361111
75.12066587792914
74.86171723048837
74.60276052567428
74.34379559344283
74.0848222691155
73.82584039318162
73.56684981110793
73.30785037315493
73.04884193420006
72.78982435356706
72.53079749486157
72.27176122581285
72.01271541812092
71.7536599473095
71.49459469258413
71.23551953669546
70.97643436580755
70.71733906937081
70.45823353999967
70.19911765550843
69.93999133727648
69.68085448539931
69.4217070031182
69.16254879655352
68.90337977451145
68.64419984833317
68.38500893176983
68.12580694087299
67.86659379389596
67.6073694112024
67.34813371518081
67.08888663016356
66.82962808234994
66.57035799973266
66.31107631202767
66.05178295060668
65.79247784843265
65.53316093999774
65.2738321612637
65.01449144960455
64.75513874375164
64.49577398374055
64.23639711086014
63.97700806760351
63.71760679762077
63.45819324567357
63.19876735759133
62.93932908022907
62.679878361426795
62.42041514997038
62.16093939555395
61.901451048743546
61.6419500609421
61.382436384355856
61.122909971961825
60.86337077747654
60.60381876942496
60.34425387156068
