119.52446874957795
130.3033885287348
130.84420536262448
131.38786834933904
131.9344362246517
132.48391320758117
133.03629188700626
133.59156220422437
134.14971372946832
134.71073622657482
135.27461977214864
135.84135475933903
136.41093187224877
136.9833420532732
137.558576469089
138.1366264767239
138.71748359003539
139.3011394466428
139.88758577529208
140.4768143636066
141.0688170261804
141.66358557296695
142.26111177791512
142.8613873478058
143.46440389124393
144.07015270998957
144.67862547250354
145.28981313658613
145.9037066095508
146.5202965461715
147.13957331768958
147.76152698060383
148.3861472452583
149.01342344418026
149.64334450012345
150.27589889377148
150.91107463105794
151.54885921005834
152.18923958740984
152.83220214421544
153.47773265138702
154.12581623438436
154.77643733730417
155.42957968627627
156.08522625212035
156.74335921221953
157.4039599115658
158.06700882293148
158.7324855061217
159.40036856626296
160.07063561108117
160.74326320712524
161.4182268348895
162.09550084278996
162.77505839994933
163.4568714477465
164.14091065008463
164.8271453423347
165.51554347891204
166.20607157944124
166.89869467346995
167.59337624369064
168.290078167632
168.98876065778245
169.68938220011145
170.39189949095717
171.09626737224957
171.80243876504377
172.51036460134188
173.2199937541836
173.93127296599496
174.6441467751851
175.35855744099175
176.07444486658085
176.79174652041402
177.51039735590552
178.23032972940342
178.95147331653624
179.6737550269822
180.3970989177298
181.1214261049139
181.84665467432802
182.57269959073074
183.29947260608552
184.0268821668937
184.75483332080455
185.48322762271104
186.2119630405699
186.94093386121395
187.670030596457
188.3991398898275
189.1281444243062
189.85692283148322
190.58534960259274
191.31329500193408
192.04062498323097
192.7672011095432
193.4928804773897
194.21751564580896
194.94095457114074
195.66304054837516
196.3836121599855
197.10250323322433
197.8195428069357
198.53455510900486
199.247359545637
199.95777070372932
200.66559836766717
201.3706475519416
202.07271855105134
202.7716070082059
203.46710400440182
204.15899616948317
204.84706581683378
205.53109110336578
206.2108462164772
206.88610158963814
207.55662414823465
208.22217758724645
208.88252268225366
209.53741763516393
210.18661845590967
210.82987938119743
211.466953331181
212.09759240468267
212.72154841330487
213.3385734544379
213.94842052280381
214.55084415975776
215.14560113911006
215.7324511877343
216.31115773868873
216.88148871400628
217.44321733370822
217.99612294697337
218.5399918807564
219.0746183005088
219.59980507701792
220.11536465276436
220.62111990061283
221.11690496711236
221.60256609220673
222.0779623967547
222.54296662895325
222.99746586055733
223.44136212370654
223.87457297922617
224.2970320074613
224.70869046195247
225.10951253248754
225.49948206302162
225.87860211391757
226.24688925399622
226.60437814124614
226.95112008032496
227.28718264378927
227.6126491689387
227.92761813038578
228.23220239029098
228.52652832968926
228.81073486572538
229.08497236092842
229.34940143187677
229.60419166570307
229.8495202538569
230.0855705533475
230.31253058633428
230.53059148939235
230.73994592407132
230.9407863842649
231.13330386273603
231.3176857773686
231.49411462858083
231.662766318272
231.8238085662686
231.97739936329373
232.12368546870732
232.26280096035492
232.3948658428977
232.51998472001625
232.63824553486648
232.7497183131171
232.85445432224196
232.95248462716435
233.0438193961741
233.1284469474711
233.20633293643874
233.27741961532223
233.3416254740167
233.39884299075382
233.4489415652231
233.49176336107007
233.52712481577092
233.5548158456343
233.57459950317622
233.58621167027204
233.589360780892
233.58372756708278
233.56896482176555
233.54469717185765
