0.9
1.3847178085491005
1.3828317867657058
1.3809456542370715
1.3790594813444708
1.3771733876466064
1.375287494084207
1.3734019259596078
1.3715168284890615
1.3696322370898988
1.3677482487002357
1.3658649263171163
1.3639823222498362
1.3621004801161303
1.3602194365573814
1.3583392226358484
1.3564598650566178
1.3545813869584562
1.3527038087096304
1.3508271484501255
1.3489506633429718
1.3470758708892352
1.3452020464154437
1.3433292007951376
1.3414573448950302
1.339586489355695
1.3377166445027167
1.335847820321677
1.333980026463433
1.3321132722626245
1.3302475667605538
1.328382918728247
1.3265201329996574
1.3246576346809629
1.3227962145661922
1.3209358823683555
1.3190766467918627
1.3172185159159464
1.315361497406513
1.3135055986355375
1.3116648706149687
1.3097974437359343
1.3079448311774162
1.3060934180032409
1.3042431871426872
1.3023941321147947
1.3005462521326507
1.2986995494806077
1.2968540280782677
1.2950096926946
1.2931665485184218
1.2913246009241954
1.2894838553448849
1.2876443172034002
1.2858059918761804
1.2839688846742983
1.2821330008341874
1.2802983455135424
1.2784649237900854
1.2766327406618287
1.2748018010481572
1.2729721097913027
1.2711436716580358
1.2693164913414314
1.2674905734626698
1.2656659225728035
1.2638425431545104
1.2620204396238255
1.2601996163317928
1.2583800775661085
1.2565618275527064
1.2547448704572992
1.2529292103868857
1.2511148513912178
1.2493017974642115
1.2474900525453345
1.2456796205209615
1.2438705052256633
1.2420627104434963
1.2402562399092294
1.2384510973095495
1.2366472862842275
1.2348448104272551
1.2330436732879462
1.231243878372014
1.2294454001903958
1.2276483272357221
1.2258525512906358
1.2240581868649565
1.2222651268273041
1.2204734836277842
1.2186831522770607
1.216894243058686
1.2151066799161874
1.2133204922370973
1.2115356822667815
1.2097522532746392
1.2079702084014337
1.206189550703835
1.2044102831787866
1.2026324087771894
1.2008559304116697
1.1990808509611366
1.1973071732735505
1.1955349001676927
1.1937640344344078
1.191994578837509
1.1902265361145226
1.1884599089773205
1.1866947001126877
1.1849309121828395
1.1831685478259255
1.181407609656487
1.1796481002659183
1.1778900222228876
1.176133378073765
1.174378170343023
1.172624401533619
1.1708720741273864
1.16912119058539
1.1673717533482841
1.1656237648366485
1.1638772274513276
1.1621321435737495
1.1603885155662268
1.1586463457722733
1.1569056365168784
1.155166390106798
1.1534286088308237
1.1516922949600465
1.1499574507481107
1.148224078431463
1.14649218022959
1.1447617583452454
1.1430328149646822
1.1413053522578616
1.1395793723786636
1.1378548774650932
1.136131869639472
1.1344103510086312
1.13269032366409
1.1309717896822444
1.1292547511245248
1.127539210037568
1.1258251684533844
1.1241126283895073
1.1224015918491403
1.1206920608213127
1.1189840372810127
1.1172775231893266
1.115572520493572
1.1138690311274226
1.1121670570110356
1.1104666000511725
1.1087676621413058
1.1070702451617436
1.105374350979731
1.1036799814495573
1.101987138412657
1.1002958236977098
1.0986060391207346
1.0969170905362329
1.0952303645423778
1.0935451779182508
1.0918615306782251
1.0901794236231486
1.0884988579752894
1.0868198351812217
1.0851423568043979
1.0834664244665955
1.0817920398160303
1.080119204510008
1.078447920205482
1.0767781885539507
1.075110011198692
1.0734433897732902
1.0717783259008495
1.0701148211936022
1.0684528772527078
1.0667924956681765
1.0651336780188407
1.0634764258723686
1.0618207407852895
1.060166624303031
1.058514077959956
1.0568631032794051
1.0552137017737386
1.0535658749443715
1.051919624281826
1.0502749512657608
1.048631857365013
1.0469903440376382
1.0453504127309439
1.0437120648815277
1.042075301915311
1.0404401252475743
1.0388065362829895
1.0371745364156546
1.035544735202592
1.0339153475004015
