194196.366
341688.52499896544
341891.0691905369
342095.4215303603
342301.0408856204
342507.4576704385
342714.22612910083
342920.9160250446
343127.11172882275
343332.41252831643
343536.43309894565
343738.80395077483
343939.17181968194
344137.19999576715
344332.56858709076
344524.97471820685
344714.1326637076
344899.77391764475
345081.6472002946
345259.51840428764
345433.1704826447
345602.4032817133
345767.0333223956
345926.89403430646
346081.83345608215
346231.7168452636
346376.4243350515
346515.8510016176
346649.90642059507
346778.5142009555
346901.6115007346
347019.1485287401
347131.08803616045
347237.4048017763
347338.08511420956
347433.1262544137
347522.5359812884
347606.33202304103
347684.5415766156
347757.2008172122
347824.354419639
347886.0550929575
347942.3631296136
347993.3459699939
348039.0777831098
348079.6390638951
348115.1162473911
348145.6013399262
348171.19156721915
348191.98903920344
348208.1004312334
348219.63668124017
348226.7127023023
348229.4471100301
348227.9619641087
348222.3825232915
348212.8370131155
348199.45640558447
348182.37421006424
348161.72627462895
348137.6505971141
348110.2871451429
348079.77768441977
348046.26561461017
348009.8958121549
347970.81447941175
347929.16687687126
347885.10503513576
347838.77680076635
347790.3322787335
347739.92222177156
347687.6979065976
347633.81101335736
347578.4200258347
347521.66467065114
347463.7030282588
347404.6872387403
347344.76927995175
347284.10086044733
347222.8333139966
347161.11749564373
347099.10367922037
347036.9407485954
346974.7789145179
346912.7654140295
346851.04719786695
346789.7701438555
346729.07896187744
346669.1171004911
346610.02665488864
346551.94827615994
346495.021081856
346439.38256787136
346385.16852165473
346332.5129367598
346281.54792875523
346232.4036524932
346185.20822075696
346140.08762428374
346097.1656531726
346056.5638196789
346018.401282392
345982.7947717973
345949.85647673305
345919.70231182175
345892.4389938541
345868.17288431746
345847.0075148181
345829.04356290505
345814.37879396364
345803.10799876845
345795.3229314811
345791.11224886717
345790.5614508628
345793.7528225365
345800.7675146389
345811.6767781764
345826.55529193475
345845.4718738321
345868.49190542614
345895.67724396824
345927.086168897
345962.7733354781
346002.789731222
346047.18263447087
346095.9955751446
346149.26829776587
346207.0367268941
346269.3329351164
346336.1851137545
346407.6175464579
346483.65058585245
346564.3006334345
346649.5801228952
346739.49750707287
346834.0572487318
346933.25981536857
347037.10167825053
347145.57531588705
347258.6692221356
347376.3679191388
347498.65197527874
347625.49802833766
347756.87881300575
347892.76320006297
348033.1162259334
348177.89914840506
348327.0694930485
348480.5811117198
348638.3842461357
348800.4255975792
348966.6484027516
349136.99251576647
349311.39449625346
349489.7877035046
349672.1023965735
349858.26584020344
350048.2024164298
350241.8337416742
350439.07878911484
350639.85401608684
350844.0734962455
351051.6490561821
351262.49041617324
351476.50533470546
351693.5997564015
351913.67796295334
352136.6427266415
352362.3954660168
352590.83640329074
352821.8647229883
353055.3787313878
353291.27601629234
353529.45360665
353769.80813155835
354012.2359781889
354256.63344816567
354502.89691195305
354750.92296081333
355000.6085559094
355251.851174148
355504.548950376
355758.60081556323
356013.9066306311
356270.3673156079
356527.88497381745
356786.36301083886
357045.7062480075
357305.8210302159
357566.61532789655
357827.9988329714
358089.88304868917
358352.18137324136
358614.8091770988
358877.68387403
359140.72498579224
359403.8542005134
359666.995424806
359930.07482967584
360193.0208903169
