0.5101711249472388
0.5112816788297232
0.5120227743691566
0.5123881023500205
0.5124305733703929
0.512221717240365
0.5118315298220449
0.511320158540681
0.5107355095279555
0.5101137886016555
0.5094812132952659
0.5088560087653095
0.5082502754466831
0.5076715701839584
0.5071241696691458
0.5066100423655715
0.5061295758983493
0.5056821097897072
0.5052663177971539
0.5048804814357466
0.5045226739384084
0.5041908898830505
0.5038831299442365
0.5035974552785336
0.5033320206487151
0.5030850928970033
0.5028550594840486
0.50264043042843
0.5024399098533764
0.5022521461159024
0.5020760013751645
0.5019104370330427
0.501754506312715
0.5016073475793522
0.5014681776040704
0.5013362850045724
0.5012110206297463
0.5010918013807905
0.5009780962450406
0.5008694231359462
0.5007653445343084
0.5006654634212208
0.5005694195335381
0.5004767753768175
0.5003873852922184
0.5003009654917728
0.500217261389538
0.5001360447354051
0.5000571100046093
0.4999802715566551
0.4999053613360612
0.49983222695740465
0.499760730073339
0.4996907449591075
0.4996221627317125
0.4995548718605155
0.4994887727804795
0.49942378712626706
0.49935983572562526
0.4992968464055931
0.49923475336298084
0.49917349653310955
0.49911302103157723
0.4990532766573876
0.49899421744816436
0.4989358012803999
0.4988779895092038
0.49882074664303006
0.498764040049609
0.49870783968985644
0.4986521178769518
0.4985968490581057
0.49854200961682577
0.4984875776937185
0.4984335330240628
0.4983798567905637
0.4983265314898679
0.4982735408115412
0.49822086952832895
0.4981685033966679
0.4981164290664587
0.4980646339992621
0.49801310639411117
0.497961835120239
0.4979108096560733
0.49786002003391194
0.4978094567897517
0.4977591109177892
0.4977089738291542
0.49765903731449185
0.49760929351001965
0.497559734866748
0.4975103541225628
0.4974611442769106
0.4974120985678309
0.49736321045113335
0.49731447358150715
0.49726588179539155
0.4972174290954323
0.49716910963639493
0.4948825440327567
0.49204633536456177
0.488941543877903
0.4857251152208429
0.4824894057912703
0.47928807069989454
0.4761516029523753
0.4730966784267502
0.4701317600409394
0.4672604530944143
0.46448351216987344
0.4618000404703754
0.45920820573790194
0.4567056668105769
0.45428982696335973
0.4519579835506704
0.44970741559655253
0.4475354342564756
0.4454394111078745
0.44341679324213407
0.44146511051909637
0.4395819782147441
0.4377650969915894
0.4360122513472294
0.43432130723058565
0.43269020923550383
0.43111697761330026
0.4295997052450634
0.4281365546541037
0.4267257551029083
0.4253655997975137
0.42405444320960384
0.4227906985192582
0.421572835177112
0.4203993765823682
0.41926889787193533
0.4181800238154184
0.4171314268105587
0.41612182497379024
0.4151499803207516
0.414214697031847
0.4133148197982206
0.41244923224376456
0.4116168554190683
0.4108166463634506
0.4100475967314723
0.40930873148053826
0.4085991076164183
0.40791781299369523
0.4072639651683487
0.4066367102998354
0.40603522210018383
0.40545870082777596
0.4049063723236163
0.40437748708800275
0.40387131939566334
0.40338716644749106
0.40292434755714845
0.4024822033708765
0.4020600951189617
0.40165740389737653
0.4012735299781956
0.4009078921474679
0.40055992706928567
0.4002290886748657
0.399914847575508
0.3996166904983674
0.3993341197440197
0.39906665266485497
0.398813821163388
0.3985751712096104
0.3983502623765534
0.3981386673932868
0.3979399717145882
0.39775377310658583
0.3975796812476901
0.39741731734416363
0.39726631375973237
0.3971263136586255
0.3969969706615183
0.39687794851381825
0.3967689207658072
0.3966695704641432
0.3965795898542716
0.3964986800932981
0.39642655097290935
0.39636292065193285
0.39630751539816883
0.39626006933874813
0.3962203242208022
0.39618802917693735
0.396162940501881
0.39614482143516627
0.3961334419514054
0.3961285785575808
0.39613001409709686
0.39613753756032466
0.3961509439014097
0.39617003386109656
0.3961946137953553
