-100.09960025637562
-118.4776917407147
-100.72376225907294
-81.4867203862001
-62.57696202292713
-47.02549809685464
-36.91620220435565
-30.834013413360207
-27.302364428901544
-25.119779410568757
-23.832194103339827
-23.012524094480927
-22.447420773814816
-22.022636070180027
-21.677423569049093
-21.379460298504835
-21.111433241493557
-20.86395013506294
-20.631809304476505
-20.412039985904038
-20.202868095580705
-20.003169981574867
-19.94475884703412
-19.91490378535499
-19.885664403986347
-19.85702920890225
-19.828985569936975
-19.80152025352723
-19.774619736156083
-19.748270403194383
-19.722458681026517
-19.69717112796816
-19.672394498298694
-19.64811578803598
-19.624322267552635
-19.601001504465454
-19.578141379130756
-19.55573009439898
-19.533756180823197
-19.512208498363524
-19.491076235270356
-19.47034890478466
-19.450016340135377
-19.430068688246013
-19.410496402441378
-19.391290234464172
-19.372441225980918
-19.353940699765076
-19.335780250683506
-19.317951736631205
-19.300447269478095
-19.2832592061124
-19.26638013959242
-19.249802890551003
-19.23352049876375
-19.217526214976196
-19.2018134930207
-19.186375982138323
-19.171207519653336
-19.156302123862122
-19.141653987238048
-19.127257469881233
-19.113107093275346
-19.099197534257623
-19.085523619275303
-19.072080318911304
-19.05886274258513
-19.045866133534723
-19.03308586399761
-19.02051743062621
-19.00815645006001
-18.995998654739328
-18.984039888871603
-18.972276104602514
-18.960703358313804
-18.949317807122828
-18.938115705502337
-18.92709340207306
-18.916247336508498
-18.90557403658278
-18.89507011534639
-18.884732268404857
-18.8745572713319
-18.86454197716751
-18.854683314028524
-18.84497828283314
-18.835423955065643
-18.826017470684366
-18.816756036090798
-18.807636922155524
-18.798657462368457
-18.789815057879885
-18.78110715727087
-18.772531268682606
-18.764084958640932
-18.755765847887375
-18.74757160989978
-18.739499969428454
-18.731548701117983
-18.723715628155777
-18.715998620986422
-18.708395596043932
-18.70090451454703
-18.693523381345933
-18.686250243758714
-18.679083190517186
-18.672020350691692
-18.66505989265223
-18.658200023107305
-18.65143898611869
-18.644775062200292
-18.638206567390228
-18.631731852390022
-18.625349301712266
-18.619057332882733
-18.61285439562104
-18.6067389710656
-18.600709571043406
-18.594764737337204
-18.588903040956364
-18.58312308147218
-18.577423486363067
-18.571802910325616
-18.566260034681484
-18.560793566751183
-18.555402239252345
-18.55008480972648
-18.544840059981446
-18.539666795530643
-18.534563845062756
-18.529530059937755
-18.524564313638226
-18.519665501337457
-18.514832539364434
-18.510064364771157
-18.505359934869578
-18.50071822676167
-18.496138236950173
-18.491618980899165
-18.487159492582332
-18.482758824180433
-18.478416045579994
-18.474130244065787
-18.469900523908336
-18.465726006044385
-18.461605827675008
-18.45753914195817
-18.45352511764711
-18.449562818847394
-18.445651685476072
-18.441790810202363
-18.437979420999557
-18.43421675987033
-18.430502082579764
-18.42683465834342
-18.423213769576932
-18.419638711593414
-18.416108792366852
-18.412623332267042
-18.409181663779798
-18.405783131313026
-18.402427090896065
-18.399112909979166
-18.3958399672105
-18.392607652170806
-18.38941536520453
-18.386262517160066
-18.383148529197634
-18.38007283260086
-18.377034868532707
-18.374034087878783
-18.371069951054185
-18.36814192777625
-18.365249496912742
-18.36239214630974
-18.359569372595033
-18.356780681012342
-18.35402558524159
-18.35130360727669
-18.348614277211624
-18.345957133103656
-18.343331720843413
-18.34073759395898
-18.33817431351021
-18.335641447914902
-18.33313857282474
-18.330665270974215
-18.32822113206726
-18.325805752617683
-18.323418735837805
-18.321059691500295
-18.31872823583627
-18.316423991368488
-18.314146586855546
-18.311895657115095
-18.30967084295851
-18.30747179103364
-18.30529815375892
-18.303149589190483
-18.301025760910928
