4.5818891871106
4.58654631837682
4.59076761534581
4.594786771855716
4.598665101264637
4.602426522791418
4.606084101905291
4.609647045523234
4.613122687279156
4.616517132141955
4.619835528746208
4.623082228203527
4.626260900248783
4.629374627460126
4.632425984691243
4.635417106978684
4.638349747935232
4.6412253301229205
4.64404498860842
4.646809608698948
4.649519858696638
4.652176218378454
4.654779003800381
4.657328388934093
4.659824424568613
4.662267054845824
4.664656131745172
4.666991427787737
4.669272647191622
4.671499435678265
4.673671389101722
4.675788061049617
4.677848969544377
4.6798536029563955
4.68180142522601
4.683691880478704
4.685524397107058
4.687298391383687
4.689013270661353
4.690668436209423
4.692263285729898
4.69379721559089
4.69526962281094
4.696679906823572
4.698027471047994
4.699311724288864
4.700532081985361
4.701687967327473
4.7027788122554215
4.7038040583562575
4.704763157670201
4.705655573417795
4.706480780657808
4.707238266884665
4.707927532573272
4.708548091678229
4.709099472093661
4.709581216079273
4.709992880657574
4.710334037986738
4.710604275713059
4.710803197306577
4.7109304223830195
4.710985587014913
4.7109683440343915
4.710878363329949
4.710715332139171
4.710478955339204
4.710168955736594
4.709785074357855
4.709327070742044
4.708794723236421
4.70818782929614
4.707506205788803
4.706749689304584
4.705918136472515
4.705011424283429
4.704029450419971
4.702972133593967
4.701839413891384
4.700631253125028
4.699347635195032
4.6979885664571155
4.696554076098532
4.695044216521538
4.693459063734143
4.691798717747826
4.6900633029818355
4.688252968673622
4.686367889294841
4.6844082649723555
4.682374321913505
4.680266312834899
4.678084517393865
4.6758292426216155
4.6735008233571
4.6710996226804244
4.668626032344606
4.666080473204355
4.663463395640449
4.660775279978177
4.658016636898184
4.655188007837971
4.652289965382154
4.649323113639445
4.646288088604236
4.643185558500452
4.640016224105275
4.6367808190501165
4.633480110096121
4.6301148973812785
4.626686014636072
4.6231943293644315
4.619640742986553
4.616026190939998
4.612351642735268
4.608618101961881
4.604826606240784
4.60097822711872
4.597074069899993
4.593115273410863
4.5891030096916
4.585038483611047
4.58092293239832
4.576757625086101
4.572543861859799
4.568282973306635
4.563976319558609
4.559625289323058
4.555231298794477
4.55079579044104
4.546320231659238
4.541806113289934
4.5372549479890445
4.532668268446128
4.5280476254440405
4.523394585752995
4.518710729852338
4.513997649473585
4.509256944958389
4.504490222425393
4.4996990907402274
4.494885158283262
4.490050029510236
4.485195301301358
4.480322559095116
4.475433372803747
4.470529292508093
4.4656118439304855
4.460682523685276
4.45574279430777
4.450794079063491
4.445837756541054
4.440875155033332
4.435907546713163
4.430936141611476
4.425962081407459
4.4209864330422555
4.416010182169609
4.411034226458886
4.406059368768006
4.401086310205961
4.39611564310677
4.391147843938974
4.386183266176917
4.381222133162305
4.376264530986665
4.371310401427367
4.366359534971864
4.361411563966621
4.3564659559288375
4.351522007060574
4.346578836006044
4.3416353778938435
4.336690378706482
4.331742390019934
4.326789764155825
4.321830649788462
4.316862988048037
4.311884509160024
4.3068927296591015
4.301884951872617
4.296858257341357
4.291809511151129
4.286735359905733
4.281632230647859
4.276496337395535
4.271323677855556
4.26611003816651
4.260850996437936
4.255541927120029
4.2501780061328205
4.244754216742177
4.239265356163947
4.233706042872057
4.228070724580865
4.2223536868669385
4.216549062390433
4.210650840671754
4.204652878374992
