299.90790034741127
300.5163280297184
300.97371555043037
301.30913701157283
301.54602134525686
301.7032511784861
301.7960475171201
301.8366820406236
301.83505033486466
301.799134326342
301.73537378032387
301.64896578986065
301.54410597840206
301.42418277452754
301.2919339018424
301.14957244403354
300.9988778922077
300.84132209941606
300.6780655747328
300.51005586715246
300.33807340035116
300.1627408615377
299.9845686145294
299.80397253201727
299.62129210601927
299.43680505775006
299.25073912601545
299.0632815811908
298.8745869055185
298.6847829948396
298.4939761679078
298.30225521388974
298.109694663913
297.9163574364807
297.72229697730336
297.52755889580686
297.332182669566
297.1362024632234
296.9396481617918
296.74254611862324
296.544919762749
296.34679009260327
296.14817607777627
295.94909498633217
295.7495626518424
295.5495936915739
295.3492016850726
295.14839932061665
294.9471985155834
294.74561051562154
294.5436459765884
294.34131503245834
294.13862735101566
293.9355921850028
293.73221840412185
293.5285145346866
293.32448878579663
293.1201490733757
292.9155008421976
292.7105564752766
292.5053201824004
292.29979892395164
292.09399943553757
291.88792833925186
291.6815918492335
291.47499610356874
291.2681470597268
291.061050502154
290.8537120491476
290.6461371591379
290.4383311364715
290.230299136774
290.0220461719514
289.81357711488045
289.6048967038284
289.3960095466337
289.1869201246769
288.97763279666293
288.7681518022352
288.5584812654359
288.3486251980275
288.1385875026863
287.92837197607776
287.71798231182225
287.50742210335903
287.2966948467144
287.0858039431794
286.87475270190276
286.66354434240236
286.4521819970012
286.24066871318854
286.0290074559124
285.8172011098038
285.60525248133735
285.39316430092924
285.1809392249764
284.96857983783707
284.7560886537569
284.5434681187401
284.33072061237004
284.11784844957873
283.9048538823679
283.69173910148265
283.47850623804004
283.2651573651125
283.05169449926893
282.83811960207356
282.62443458154445
282.4106412935727
282.19674154330306
281.9827370864778
281.76862963074416
281.5544208369267
281.34011232026586
281.12570565162287
280.91120235865253
280.69660392694504
280.4819118011367
280.2671273859912
280.0522520474525
279.83728711366865
279.6222338759895
279.4070935899368
279.19186747614896
278.9765567213007
278.76116247899836
278.5456858706507
278.3301279863175
278.1144898855351
277.89877259812
277.68297712495126
277.4671044387321
277.25115548473156
277.0351311815058
276.81903242160115
276.6028600722379
276.38661497597616
276.1702978581732
275.95390962061055
275.73745103391093
275.52092284657846
275.3043257856829
275.08766055746787
274.8709278479081
274.65412832323574
274.4372626304432
274.22033139777005
274.0033352351776
273.7862747348109
273.5691504714515
273.35196300295974
273.1347128707076
272.91740060000177
272.70002670049735
272.4825916666014
272.2650959778679
272.04754009938216
271.8299244821369
271.61224956339817
271.3945157670627
271.176723504006
270.95887317242165
270.7409651581519
270.52299983500984
270.30497756509334
270.08689869909074
269.8687635765784
269.65057252631084
269.4323258665035
269.2140239051073
268.99566694007666
268.7772552596305
268.5587891425063
268.3402688582069
268.121694667242
267.9030668213623
267.6843855637879
267.4656511294307
267.2468637451109
267.0280236297677
266.8091309946647
266.5901860435893
266.37118897304805
266.15213997245536
265.93303922431835
265.7138869044164
265.49468318197603
265.2754282198412
265.05612217463886
264.8367651969407
264.6173574314199
264.3978990170048
264.17839008702714
263.9588308526928
263.73922134115725
263.51956167557665
263.299851965114
263.0800923187215
262.8602828403931
262.6404236292788
