-62.40345452669357
-63.82447491862826
-63.69242892976614
-63.55947811809941
-63.42567213480206
-63.291046174949976
-63.15562676364421
-63.01943641367001
-62.882495662942155
-62.744823936435274
-62.60643991190796
-62.4673616772919
-62.32760680073631
-62.18719236411075
-62.04613498128442
-61.904450810122164
-61.76215556193646
-61.61926450995385
-61.47579249743766
-61.33175394572702
-61.187162862289085
-61.04203284881714
-60.89637710937757
-60.750208458599424
-60.60353932989543
-60.4563817837015
-60.308747515723155
-60.1606478651759
-60.01209382301003
-59.86309604010732
-59.713664835440994
-59.56381020418997
-59.413541825797516
-59.262869071968886
-59.11180101459786
-58.960346433618845
-58.8085138247754
-58.65631140730258
-58.50374713151567
-58.35082868630343
-58.19756350651973
-58.04395878027133
-57.890021456098545
-57.735758250046125
-57.581175652621624
-57.4262799356402
-57.271077158953815
-57.11557317706311
-56.95977364561243
-56.803684027764966
-56.647309600460545
-56.49065546055343
-56.33372653083101
-56.176527565914476
-56.019063158040304
-55.861337742724615
-55.70335560431053
-55.54512088139915
-55.386637572166194
-55.22790953956462
-55.06894051641515
-54.909734110385365
-54.750293808859944
-54.59062298370267
-54.4307248959126
-54.27060270017556
-54.110259449312885
-53.94969809863053
-53.78892151016745
-53.62793245684863
-53.46673362654243
-53.30532762602525
-53.14371698485448
-52.98190415915373
-52.8198915353096
-52.6576814335848
-52.495276111647414
-52.33267776801963
-52.169888545447485
-52.006910534193466
-51.843745775254526
-51.68039626350655
-51.516863950778145
-51.353150748854546
-51.18925851574804
-51.02518912777423
-50.860944374249854
-50.69652603577237
-50.531935866795074
-50.36717559833884
-50.20224694059948
-50.03715158547816
-49.87189120904956
-49.7064674739736
-49.5408820318554
-49.375136525554765
-49.20923259144819
-49.043171861643984
-48.87695596615203
-48.71058653500987
-48.544065258958
-48.37739356806234
-48.210573294289325
-48.04360606445624
-47.87649352897374
-47.70923735607091
-47.541839230239056
-47.37430085260651
-47.20662394211174
-47.03881023699282
-46.87086149639273
-46.702779501992396
-46.53456605963942
-46.3662230009553
-46.197752184916396
-46.029155499407054
-45.860434862742636
-45.691592225163305
-45.52262957029919
-45.35354891660544
-45.184352318769065
-45.015041869087256
-44.8456196988163
-44.67608790252992
-44.50644892840815
-44.33670483597514
-44.166857946931884
-43.996910615916676
-43.82686523863986
-43.65672425613998
-43.486490157220366
-43.316165480096565
-43.14575281369242
-42.975254798770614
-42.80467412897642
-42.63401355182611
-42.463275869654446
-42.29246394052643
-42.12158067911547
-41.95062905754781
-41.7796121062147
-41.60853291454982
-41.43739463177361
-41.266200467602005
-41.09495369292079
-40.923657640423166
-40.75231570521117
-40.58093134536013
-40.40950808244451
-40.23804950202538
-40.066559254098934
-39.89504105350428
-39.723498680290675
-39.55193598004377
-39.38035686416831
-39.20876531012928
-39.037165361648384
-38.865561128856136
-38.69395678839936
-38.522356583502024
-38.35076482398018
-38.17918588620878
-38.00762421304165
-37.83608431368176
-37.66457076350281
-37.49308820382113
-37.32164134161648
-37.150234949202435
-36.97887386384499
-36.80756298732913
-36.63630728547282
-36.46511178758829
-36.29398158588985
-36.12292183484793
-35.95193775048941
-35.78103460964341
-35.61021774913285
-35.43949256491126
-35.26886451114508
-35.098339099240945
-34.92792189681814
-34.75761852662668
-34.58743466541033
-34.41737604271555
-34.24744843964594
-34.077657687562954
-33.908009666732916
-33.738510304921064
-33.56916557593289
-33.399981498103415
-33.23096413273479
-33.06211958248372
-32.893453989698116
-32.72497353470552
-32.55668443405237
-32.388592938696654
-32.220705332154175
-32.05302792859947
-31.885567070923226
-31.718329128746657
