89.63148
117.95455277284499
119.72079690925253
117.2862400093625
116.8119301487062
123.50185515636004
126.29470093236331
128.17290037371833
129.33712602136913
130.06632618565274
130.55891817589782
130.9302595504063
131.24180371573513
131.5249734685279
131.79541323133262
132.0607767167361
132.32471144791236
132.58887720826297
132.85395637599473
133.1201572805214
133.38746415478212
133.65576072841142
133.92489087265477
134.1946879153188
134.46498839357852
134.7356381106645
135.0064944202252
135.2774266933389
135.54831593996954
135.81905406455672
136.089542990816
136.35969376804292
136.62942571103514
136.8986655958433
137.1673469190245
137.43540922124114
137.7027974727781
137.96946151732794
138.23535556969085
138.50043776326913
138.7646697430442
139.02801630008315
139.29044504392488
139.55192610920128
139.81243189346367
140.07193682301263
140.33041714413537
140.58785073718002
140.84421695112886
141.09949645658492
141.35367111536948
141.60672386485433
141.8586386155327
142.10940016049878
142.35899409543958
142.60740674813633
142.85462511631727
143.1006368130768
143.34543001896455
143.5889934400116
143.8313162711021
144.07238816394928
144.31219919938857
144.5507398632161
144.7880010254294
145.0239739222222
145.2586501407476
145.49203828925167
145.7240972074377
145.95483619197486
146.1842481202803
146.41232617273437
146.63906382674767
146.86445485227893
147.08849330802622
147.31117353837067
147.5324901710745
147.75243811507204
147.9710125590789
148.18820897022613
148.40402309298955
148.61845094834038
148.83148883304378
149.04313331881724
149.25338125184896
149.4622297519539
149.66967621198933
149.875718297005
150.08035394335334
150.28358135772083
150.4853990159952
150.68580566200004
150.8848003061082
151.08238222355575
151.27855095285844
151.47330629381764
151.66664830530257
151.85857730330983
152.0490938582638
152.2381987924321
152.42589317731844
152.61217833057083
152.79705581302056
152.98052742535145
153.1625952047476
153.34326142134879
153.52252857458714
153.70039938949162
153.87687681261406
154.051964008083
154.2256643535968
154.39798143601126
154.5689190471306
154.73848117933602
154.90667202108978
155.07349595240245
155.23895754033538
155.40306153415972
155.56581286098802
155.72721662073027
155.8872780816013
156.04600267523185
156.20339599194818
156.3594637758799
156.51421192033823
156.66764646293524
156.81977358069236
156.97059958545316
157.120130918991
157.2683741484695
157.4153359615039
157.56102316164416
157.70544266364575
157.84860148908805
157.99050676156884
158.13116570230596
158.27058562580382
158.40877393526546
158.54573811833563
158.6814857429585
158.81602445285012
158.94936196378683
159.08150605901952
159.21246458558392
159.3422454503482
159.4708566159032
159.5983060970663
159.72460195686133
159.84975230304227
159.97376528442663
160.09664908741897
160.2184119326255
160.3390620712634
160.45860778230985
160.57705736889125
160.69441915533324
160.8107014841853
160.92591271312173
161.04006121199615
161.15315536035115
161.26520354427174
161.37621415402344
161.48619558116673
161.59515621659878
161.7031044473564
161.81004865488137
161.9159972124133
162.0209584829125
162.12494081668544
162.2279525497426
162.33000200129516
162.43109747219557
162.53124724285954
162.63045957149507
162.72874269238807
162.8261048142891
162.92255411864593
163.0180987582435
163.112746855581
163.20650650136255
163.29938575339438
163.3913926351154
163.4825351342533
163.57282120170967
163.66225875038492
163.7508556542658
163.8386197471289
163.92555882151404
164.0116806281972
164.09699287468214
164.1815032248616
164.2652192979579
164.34814866788912
164.43029886235593
164.5116773624342
164.59229160166967
164.67214896575138
164.75125679172572
164.82962236764084
164.9072529319023
