0.022083709158279622
0.02209927735877456
0.02211488288659695
0.022130525774459724
0.02214620605861044
0.022161923779648828
0.02217767898234745
0.022193471715373423
0.022209302031021852
0.022225169984972162
0.022241075636066015
0.022257019046105022
0.022273000279665667
0.022289019403929827
0.022305076488529012
0.022321171605401233
0.022337304828658814
0.0223534762344664
0.022369685900927822
0.022385933907981242
0.02240222033730168
0.0224185452722101
0.022434908797588714
0.022451310999801685
0.022467751966620885
0.02248423178715621
0.022500750551790065
0.022517308352115586
0.02253390528087847
0.02255054143192181
0.02256721690013394
0.02258393178139894
0.0226006861725495
0.022617480171322084
0.022634313876314125
0.022651187386943054
0.022668100803407108
0.022685054226647655
0.02270204775831299
0.02271908150072343
0.022736155556837664
0.022753270030220138
0.022770425025009467
0.02278762064588782
0.022804856998051043
0.022822134187179613
0.022839452319410238
0.02285681150130809
0.02287421183983957
0.022891653442345925
0.02290913641651638
0.022926660870361795
0.022944226912190592
0.022961834650582682
0.02297948419436411
0.022997175652582642
0.023014909134483306
0.023032684749482977
0.02305050260714742
0.023068362817165313
0.023086265489324964
0.023104210733489637
0.02312219865957345
0.02314022937751652
0.02315830299726053
0.023176419628724507
0.023194579381779427
0.023212782366223948
0.023231028691758984
0.0232493184679622
0.023267651804262934
0.023286028809916065
0.023304449593976023
0.02332291426527073
0.02334142293237449
0.023359975703581507
0.023378572687125097
0.02339721399016014
0.023415899720224634
0.023434629984214025
0.023453404888603847
0.02347222453941989
0.02349108904220833
0.023509998502005736
0.023528953023308402
0.023547952710041332
0.02356699766552651
0.023586087992451047
0.02360522379283448
0.02362440516799555
0.023643632218518756
0.023662905044219987
0.02368222374411186
0.02370158841636831
0.023720999158288812
0.023740456066261705
0.02375995923572739
0.023779508761140287
0.023799104735930818
0.02381874725246638
0.023838436402011835
0.023858172274689504
0.02387795495943817
0.023897784543971894
0.02391766111473787
0.023937584756873735
0.023957555554164348
0.02397757358899791
0.023997638942321427
0.024017751693595404
0.024037911920748146
0.0240581197001294
0.024078375106463268
0.024098678212800637
0.024119029090471103
0.024139427809033855
0.024159874436228825
0.024180369037926377
0.024200911678077256
0.024221502418661323
0.02424214131963655
0.024262828438886667
0.024283563832169317
0.024304347553063023
0.024325179652913947
0.024346060180783006
0.024366989183391204
0.024387966705066377
0.024408992787688454
0.02443006747063478
0.024451190790725767
0.024472362782170146
0.024493583476509696
0.024514854563631203
0.024536174420339823
0.02455764421188832
0.024579160224045656
0.024600722547374283
0.024622331224653803
0.024643986246786292
0.024665687559510523
0.024687435071713983
0.024709228662838922
0.02473106818889915
0.024752953487205194
0.024774884380027427
0.02479686067742367
0.024818882179420024
0.024840948677692872
0.02486305995686545
0.024885215795504997
0.024907415966885404
0.024929660239564676
0.024951948377814632
0.024974280141931166
0.0249966552884466
0.025019073570260546
0.025041534736701527
0.025064038533528423
0.025086584702878452
0.025109172983166013
0.02513180310893536
0.025154474810668365
0.02517718781454746
0.025199941842172512
0.025222736610229432
0.025245571830107092
0.025268447207457814
0.02529136244169572
0.025314317225425507
0.025337311243792928
0.025360344173746087
0.025383415683194892
0.025406525430053048
0.02542967306114413
0.025452858210949322
0.025476080500169872
0.025499339534071498
0.025522634900570648
0.025545966168013648
0.02556933288258791
0.025592734565289696
0.025616170708353408
0.025639642283515136
0.025663157029734013
0.025686714775180225
0.025710315346773763
0.02573395857190492
0.02575764427950555
0.025781372302059256
0.025805142478563293
0.025828954658896022
0.025852808710293097
0.025876704527049044
0.025900642045269786
0.025924621265762095
0.025948642290492818
0.02597270538266484
0.025996811070158332
0.026020960334294334
