1887.536404987428
1656.6126409638794
1654.5579253846988
1652.4934890513919
1650.4197978883742
1648.3371188813912
1646.2456158577477
1644.1454051264905
1642.0365793594817
1639.9192177080556
1637.7933901648437
1635.6591595240457
1633.5165823372422
1631.365709446579
1629.2065863377284
1627.0392534135417
1624.8637462306021
1622.6800957162543
1620.4883283735182
1618.288466477107
1616.0805282619237
1613.8645281047377
1611.6404766994006
1609.4083812258732
1607.1682455132643
1604.920070197026
1602.6638528705516
1600.3995882312643
1598.127268221428
1595.846882163829
1593.5584168924613
1591.2618568784508
1588.9571843513124
1586.644379415731
1584.3234201640516
1581.9942827845737
1579.6569416658642
1577.3113694972012
1574.9575373653165
1572.5954148475737
1570.2249701017265
1567.8461699523898
1565.4589799743792
1563.0633645730115
1560.659287061541
1558.246709735824
1555.8255939463456
1553.3959001677204
1550.957588065793
1548.51061656244
1546.0549438981843
1543.5905276927217
1541.117325003473
1538.6352923822546
1536.144385930149
1533.644561350689
1531.135774001437
1528.6179789440264
1526.0911309927876
1523.555184761998
1521.0100947118556
1518.4558151932545
1515.8923005436498
1513.3195049787134
1510.7373827631368
1508.1458882420914
1505.544975856479
1502.9346001836652
1500.3147159764962
1497.6852782011003
1495.0462420739004
1492.397563097918
1489.7391970985204
1487.071100258634
1484.3932291535114
1481.7055407850762
1479.0079926158965
1476.3005426028278
1473.5831492303632
1470.855771543706
1468.118369181644
1465.3709024092198
1462.6133321502227
1459.8456200195735
1457.067728355578
1454.2796202521174
1451.4812595907745
1448.672611072927
1445.8536402518255
1443.0243135646824
1440.1845983647847
1437.3344629536439
1434.4738766132177
1431.6028096381776
1428.721233368292
1425.8291202208738
1422.926443723356
1420.0131785459703
1417.0893005345438
1414.1547867434274
1411.209615468559
1408.253766280644
1405.2872200584916
1402.3099590224742
1399.3219667681233
1396.3232282998688
1393.3137300648907
1390.293459987113
1387.262407501305
1384.2205635872992
1381.1679208043179
1378.104473325375
1375.0302169717827
1371.9451492477115
1368.849269374823
1365.7425783269177
1362.625078864639
1359.4967755701618
1356.3576748818855
1353.2077851290883
1350.0471165665328
1346.8756814090004
1343.693493865721
1340.5005701747023
1337.2969354207614
1334.0825946055738
1330.8575797196424
1327.6219149731917
1324.3756270486263
1321.1187449790568
1317.8513001116826
1314.5733261107496
1311.2848589771113
1307.9859370744966
1304.67660115838
1301.3568944055899
1298.0268624439407
1294.686553381517
1291.3360178354255
1287.975308959956
1284.6044824740443
1281.223596688032
1277.832712529626
1274.4318935690687
1271.0212060434317
1267.600718880011
1264.1705037187814
1260.7306349338512
1257.2811896538967
1253.822247781514
1250.3538920114465
1246.8762078476575
1243.3892836191908
1239.8932104947808
1236.3880824961723
1232.8739965100988
1229.3510522988834
1225.819352509628
1222.2790026819275
1218.7301112540908
1215.1727895678187
1211.6071518712963
1208.0333153206745
1204.4513927526355
1200.8615231603
1197.2638228840071
1193.6584211085133
1190.045449673297
1186.4250431949686
1182.7973391160335
1179.1624777175994
1175.52060211557
1171.8718582486965
1168.2163948620516
1164.554363487408
1160.8859184211717
1157.2112167001007
1153.5304180749292
1149.8436849819307
1146.1511825124317
1142.4530783802782
1138.749542887257
1135.0407488864698
1131.3268717436647
1127.6080892965304
1123.8845818119503
1120.1565319412437
1116.424124673393
1112.6875472862666
1108.9469892958787
1105.2026424036792
1101.4547004419198
1097.703359317099
1093.948816951548
1090.1912732231503
1086.430929903261
1082.6679905928522
1078.90266065692
1075.1351471571968
1071.3656587832288
