4.1839
3.3083461188975227
3.305405968499004
3.3024761508593365
3.299556572032031
3.2966471546376663
3.2937478600936863
3.290858668573053
3.287979569371522
3.285110556714509
3.2822516279153877
3.2794027825369816
3.2765640219820136
3.2737353492679895
3.2709167688827048
3.268108286676029
3.265309909769189
3.262521646473453
3.2597435062146585
3.2569754994621394
3.2542176376612395
3.2514699331690924
3.2487323991934485
3.2460050497343875
3.243287899528774
3.240580963997407
3.2378842591946815
3.235197801760724
3.232521608875879
3.2298556982174578
3.2272000879186575
3.2245547965295502
3.2219198429800984
3.2192952465450615
3.216681026810727
3.2140772036434115
3.211483797159631
3.2089008276978723
3.2063283157918874
3.2037662821454598
3.201214747608561
3.1986737331548207
3.196143259860288
3.1936233488833787
3.1911140214459737
3.188615298815618
3.186127202288734
3.1836497531748553
3.1811829727817393
3.1787268824014507
3.176281503297175
3.1738468566909415
3.171422963752004
3.169009845585987
3.16660752322469
3.164216017616522
3.161835349617522
3.15946553998297
3.157106609359494
3.154758578277701
3.152421467145238
3.1500952962403317
3.147780085705692
3.1454758555428297
3.143182625606694
3.1409004156006617
3.138629245071824
3.1363691334065567
3.1341200998263217
3.1318821633837466
3.1296553429588982
3.127439657255744
3.125235124798822
3.123041763930025
3.1208595928055907
3.1186886293931466
3.1165288914689278
3.1143803966150574
3.1122431622169096
3.110117205460559
3.1080025433302683
3.105899192606011
3.103807169861061
3.1017264914595435
3.099657173554042
3.097599232083191
3.0955526827692252
3.093517541115561
3.091493822404274
3.0894815416936097
3.0874807138153986
3.0854913533724164
3.083513474735705
3.081547092041795
3.0795922191898657
3.077648869838806
3.0757170574042028
3.073796795055223
3.0718880957113734
3.069990972039196
3.0681054364488074
3.06623150109035
3.0643691778503124
3.062518478347722
3.060679413930211
3.058851995669957
3.0570362257408923
3.0552321318650675
3.053439715670054
3.0516589870815007
3.049889955727939
3.0481326309354695
3.0463870217224986
3.0446531367944845
3.04293098453852
3.0412205730178266
3.0395219099660835
3.0378350027816436
3.0361598377969545
3.034496463699999
3.032844865372412
3.031205048933447
3.0295770200676087
3.027960784054525
3.0263563457801554
3.02476370973757
3.0231828800231546
3.0216138603307647
3.0200566539449465
3.0185112637336697
3.016977692140797
3.0154559411783586
3.0139460124186814
3.012447906986401
3.010961625550341
3.0094871683152897
3.008024535013684
3.0065737248971836
3.0051347367281456
3.0037075687710515
3.002292218783795
3.0008886840089564
2.9994969814954713
2.9981170662590872
2.99674895499645
2.9953926426807422
2.9940481237908805
2.9927153922673653
2.991394441485778
2.9900852642401285
2.988787852730553
2.98750219855281
2.9862282926886285
2.984966125496361
2.983715686701846
2.9824769653893566
2.981249949992608
2.9800346282858614
2.9788309873750807
2.9776390136891577
2.9764586929712515
2.975290010270203
2.9741329499320686
2.9729874955917666
2.9718536301648477
2.9707313358394174
2.969620594068202
2.9685213855607584
2.9674336902758958
2.966357487414236
2.9652927554110007
2.964239471928987
2.963197613851756
2.9621671572770754
2.961148077510548
2.9601403490595697
2.9591439456274413
2.9581588401078642
2.9571850045796313
2.956222410301648
2.9552710277082523
2.954330826404856
2.953401775163879
2.9524838419210524
2.951576993772041
2.9506811969694366
2.949796416920086
2.9489226181828347
2.9480597644665907
2.9472078186288324
2.9463667426744817
2.9455364977551897
2.94471704416904
2.943908341360648
2.9431103479217344
2.942323021592062
2.9415463192608797
2.9407801969687646
2.9400246099099285
2.9392795124349815
