19.231614207448022
19.227711223221636
19.224606097011346
19.222405256290973
19.221001219611114
19.22010032780236
19.219457080190555
19.218915502913877
19.21839223146111
19.217905675129224
19.217389164021203
19.216838547762688
19.216255745849676
19.215645134104605
19.215011799348265
19.214360743975842
19.21369655543959
19.213023298609873
19.212344511199753
19.211663238951108
19.21098208840847
19.21030328030683
19.209625815672545
19.20895091661137
19.20828014896531
19.20761483868424
19.206956104848324
19.206304887724418
19.205661972739488
19.20502801103031
19.204403537115137
19.20378898413929
19.203184697067687
19.202590944133362
19.202007926797727
19.20143578843587
19.200874621925195
19.20032447628757
19.19978536251137
19.199257258661554
19.198740114369226
19.198233854779673
19.197738384026348
19.19725358828952
19.196779338489996
19.1963154926621
19.195861898044132
19.195418392919787
19.194984808239774
19.194560969049327
19.194146695744145
19.19374180517457
19.193346111615234
19.192959427615925
19.19258156474685
19.192212334250478
19.191851547610543
19.1914990170474
19.191154555948255
19.190817979239494
19.190489103707563
19.19016774827431
19.189853734231864
19.189546885441604
19.18924702850114
19.188953992883285
19.188667611049787
19.188387718542906
19.18811415405734
19.18784675949483
19.187585380003263
19.18732986400234
19.187080063197197
19.186835832581576
19.18659703043166
19.18636351829191
19.18613516095373
19.18591182642806
19.185693385912565
19.185479713754205
19.185270687407886
19.18506618739166
19.18486609723913
19.184670303449426
19.184478695435125
19.184291165468757
19.184107608627777
19.18392792273872
19.183752008320614
19.18357976852773
19.18341110909229
19.183245938266648
19.1830841667664
19.182925707712858
19.182770476575875
19.182618391117437
19.18246937133576
19.18232333940985
19.182180219644863
19.18203993841814
19.18190242412611
19.18176760713199
19.181635419714347
19.181505796016705
19.181378671997926
19.1812539853837
19.181131675618992
19.18101168382135
19.180893952735396
19.180778426688214
19.180665051545777
19.180553774670372
19.180444544879023
19.180337312402866
19.18023202884765
19.180128647155083
19.180027121565153
19.179927407579484
19.179829461925603
19.179733242522055
19.179638708444532
19.179545819892898
19.179454538159018
19.179364825595535
19.17927664558543
19.17918996251246
19.17910474173239
19.17902094954503
19.178938553167036
19.178857520705495
19.178777821132254
19.17869942425891
19.178622300712618
19.178546421912525
19.17847176004686
19.178398288050776
19.178325979584667
19.17825480901328
19.178184751385384
19.178115782413894
19.17804787845687
19.177981016498734
19.177915174132277
19.17785032954106
19.177786461482434
19.177723549270972
19.177661572762453
19.17760051233828
19.17754034888533
19.177481063802215
19.177422638952454
19.17736505667328
19.17730829975633
19.177252351434692
19.177197195370244
19.177142815641474
19.17708919673154
19.177036323516802
19.176984181255648
19.17693275557759
19.17688203247281
19.17683199828193
19.176782639686063
19.176733943697286
19.17668589764922
19.176638489188086
19.176591706263842
19.176545537121697
19.176499970293897
19.176454994591598
19.176410599097157
19.17636677315662
19.176323506372317
19.176280788595758
19.176238609920805
19.176196960676926
19.176155831422705
19.17611521293952
19.176075096225503
19.176035472489502
19.17599633314537
19.175957669806394
19.175919474279798
19.17588173856155
19.175844454831193
19.175807615446907
19.175771212940674
19.17573524001363
19.17569968953148
19.175664554520132
19.175629828161387
19.17559550378881
19.17556157488363
19.17552803507093
19.17549487811574
19.17546209791942
19.175429688516008
19.175397644068795
19.175365958866887
19.17533462732196
