1827.9795077946073
1820.3389626636206
1812.694751545007
1805.0472743008256
1797.3966819575837
1789.7430544107676
1782.086449932321
1774.4269188107548
1766.7645072390526
1759.0992585472563
1751.4312137062298
1743.7604116262373
1736.0868893930412
1728.4106824807154
1720.7318249522082
1713.050349650996
1705.3662883850732
1697.6796721039325
1689.99053106901
1682.2988950180143
1674.6047933235302
1666.9082552004359
1659.2093096921483
1651.5079859760347
1643.8043134482537
1636.0983218590811
1628.3900414443467
1620.6795030533274
1612.966738273414
1605.2517795517963
1597.5346603144285
1589.8154150824942
1582.0940795866024
1574.3706908789222
1566.6452874434603
1558.917909304672
1551.1885981346013
1543.4573973587137
1535.7243522606068
1527.9895100857466
1520.2529201444004
1512.5146339138996
1504.7747051403867
1497.0331899401758
1489.2901469008575
1481.5456371822706
1473.799724617459
1466.052475813724
1458.3039602538754
1450.5542503977845
1442.8034217843276
1435.0515531338103
1427.2987264509518
1419.5450271285051
1411.79054405158
1404.035369702732
1396.2796002678706
1388.5233357430373
1380.7666800420905
1373.0097411053302
1365.2526310090925
1357.4954660763192
1349.7383669881203
1341.981458896318
1334.224871536963
1326.4687393447998
1318.71320156864
1310.9584023875982
1303.204491028134
1295.4516218818126
1287.699954623701
1279.949654331296
1272.2008916038446
1264.4538426819342
1256.7086895671696
1248.9656201417686
1241.2248282878597
1233.4865140062598
1225.7508835344681
1218.0181494636008
1210.2885308539542
1202.5622533488506
1194.8395492864024
1187.120657808779
1179.405824968542
1171.695303831566
1163.9893545760287
1156.2882445869118
1148.5922485454141
1140.9016485126344
1133.216734006831
1125.5378020735332
1117.865157347715
1110.1991121072097
1102.5399863164869
1094.888107659868
1087.24381156321
1079.6074412030437
1071.9793475020986
1064.3598891101205
1056.7494323688277
1049.148351259841
1041.5570273343674
1033.9758496234174
1026.4052145272979
1018.8455256831294
1011.297193809128
1003.7606365244119
996.2362781431084
988.7245494415866
981.225887397687
973.7407349008961
966.2695404325034
958.8127577148882
951.3708453292154
943.944266300982
936.5334876530198
929.1389799257829
921.7612166649599
914.4006738767176
907.0578294511517
899.7331625548311
892.4271529936383
885.1402805474627
877.8730242786576
870.6258618165557
863.3992686207199
856.1937172259977
849.0096764728454
841.8476107267621
834.7079790910534
827.5912346174883
820.4978235197378
813.4281843947638
806.3827474575669
799.361933794891
792.3661546436003
785.3958106995141
778.4512914624551
771.5329746231901
764.6412254977532
757.7763965143843
750.9388267579815
744.1288415765268
737.3467522558343
730.5928557675535
723.8674345319267
717.1707563969825
710.5030745342955
703.8646274964983
697.2556393317003
690.676319772544
684.1268644978728
677.6074554643394
671.1182613045773
664.6594377878929
658.231128338837
651.8334646084935
645.4665670928944
639.1305457926256
632.8255009074626
626.5515235597215
620.3086965399925
614.097095081823
607.9167875957268
601.7678364821114
595.6502988935862
589.5642275027011
583.5096712582658
577.4866761259932
571.4952858097149
565.5355424499668
559.6074872972811
553.7111613533282
547.8466060028787
542.0138635847777
536.2129779538787
530.4439950066313
524.706963176327
519.0019338986967
513.3289620489132
507.6881063513417
502.0794297636418
496.5029998370251
490.95888905463335
485.447175150131
479.9679414086751
474.5212769524778
469.10727701318206
463.72604319324756
458.3776837184977
453.062313683899
447.78005529455197
442.53103810375814
437.3153992498977
432.13328369371544
426.9848444574645
421.8702428672023
416.7896487993831
411.7432409327307
