-132.4831002151194
-260.69517805238326
-259.9898087232158
-259.27425548841074
-258.55007581852016
-257.8185921449778
-257.0810058654755
-256.3384204339269
-255.5918468908781
-254.84220669189114
-254.09033434674848
-253.3369802618811
-252.58281381999294
-251.82842667115014
-251.07433620043278
-250.32098913679465
-249.56876526893075
-248.81798123556845
-248.06889435941287
-247.32170649595054
-246.57656787042026
-245.83358087845338
-245.09280382813498
-244.35425547247715
-243.6179150641088
-242.88373113867286
-242.15162125188525
-241.42147608597944
-240.69316249992144
-239.96652642876967
-239.24139562664254
-238.51758224994282
-237.79488527911892
-237.07309277875325
-236.35198399706158
-235.63133130708545
-234.91090199287882
-234.19045988489344
-233.46976684952008
-232.7485841383822
-232.0266736034754
-231.30379878465777
-230.57972587626884
-229.8542245798673
-229.12706885017533
-228.39803754135065
-227.66691496067025
-226.93349133661133
-226.19756320816833
-225.45893374204454
-224.7174129841447
-223.9728180515179
-223.2249732706348
-222.4737102675845
-221.7188680154648
-220.9602928439263
-220.19783841552118
-219.4313656731823
-218.66074276284706
-217.88584493495057
-217.10655442819117
-216.32276033870954
-215.53435847753414
-214.7412512188895
-213.9433473417218
-213.14056186655188
-212.33281356748816
-211.52003392825537
-210.7021535375219
-209.87911071975847
-209.05084921482023
-208.2173180200059
-207.37847123693004
-206.5342716422088
-205.68467582723406
-204.8296559120859
-203.96918500449124
-203.10324064601346
-202.2318047000154
-201.35486324780186
-200.47240649300704
-199.58442867433598
-198.69092695384722
-197.79190552278476
-196.88736920353867
-195.97732767189953
-195.061794327208
-194.14078625579484
-193.2143242017084
-192.2824325451267
-191.34513928834107
-190.40247604911687
-189.45447806118793
-188.50118418162864
-187.54263690482688
-186.57888238275365
-185.60997045121718
-184.63595466176662
-183.6568923188793
-182.67284452207144
-181.6838762125195
-180.69005622378748
-179.69145733622005
-178.68817147776866
-177.68024861574048
-176.66778961424353
-175.65088353876948
-174.62962379608086
-173.6041081296381
-172.57443867405752
-171.54072201860674
-170.50306927099712
-169.4615961195173
-168.4164228926383
-167.3676746153546
-166.31546626465453
-165.25996257342686
-164.20128744812968
-163.13958526806138
-162.07500523891494
-161.0077014793668
-159.93783304502716
-158.86556393430962
-157.79106308300223
-156.71450434805482
-155.63606648007686
-154.5559330839135
-153.47429256666257
-152.39133807253214
-151.30726740397006
-150.22228292855192
-149.136591471163
-148.05040419106365
-146.96393644349965
-145.87740762558275
-144.79104100623883
-143.7050635401119
-142.6197056653836
-141.53520108556313
-140.45178653539784
-139.36970153113919
-138.28918810551335
-137.21049052782627
-136.13385500683128
-135.05952939748514
-133.98776285068132
-132.91880550987506
-131.85290815212832
-130.79032183684473
-129.73129754249405
-128.6760857954989
-127.62493629255923
-126.57809751774995
-125.53581635578882
-124.49833770292675
-123.46590407694563
-122.43875522779155
-121.41712775037932
-120.40125470112461
-119.3913652197541
-118.38768415792839
-117.39043171619367
-116.39982309074246
-115.41606813141031
-114.43937101229078
-113.46992991627253
-112.5079367347334
-111.55357678354171
-110.60702853641727
-109.6684633766109
-108.7380453677543
-107.81593104461827
-106.90226922441026
-105.99720083911771
-105.10085878929024
-104.21336781953588
-103.33484441587984
-102.46539672502995
-101.60512449546401
-100.75411904015719
-99.91246322065068
-99.08023145206637
-98.25748972857596
-97.44429566874017
-96.64069858005692
-95.84673954197969
-95.06245150659485
-94.2878594160964
-93.52298033614201
-92.76782360412007
-92.0223909913444
-91.28667687814185
-90.56066844079506
-89.84434584928067
-89.13768247474786
-88.44064510566977
-87.75319417162235
-87.0752839736525
-86.4068629202134
-85.74787376768077
