6.671943703031969
6.671512872752737
6.671082072949576
6.670651303734479
6.6702205652191875
6.6697898575152035
6.6693591807337835
6.668928534985941
6.668497920382447
6.668067337033829
6.66763678505037
6.667206264542112
6.66677577561885
6.666345318390138
6.665914892965282
6.6654844994533455
6.665054137963145
6.664623808603253
6.6641935114819955
6.6637632467074495
6.663333014387447
6.662902814629573
6.66247264754116
6.662042513229298
6.661612411800822
6.66118234336232
6.660752308020129
6.660322305880333
6.659892337048768
6.6594624016310116
6.659032499732393
6.658602631457986
6.658172796912607
6.657742996200821
6.657313229426935
6.656883496694997
6.6564537981088
6.6560241337718775
6.655594503787503
6.65516490825869
6.65473534728819
6.654305820978494
6.653876329431831
6.6534468727501626
6.653017451035189
6.652588064388344
6.652158712910795
6.651729396703443
6.651300115866919
6.650870870501586
6.650441660707537
6.650012486584594
6.649583348232307
6.649154245749952
6.648725179236533
6.648296148790777
6.647867154511138
6.6474381964957905
6.647009274842633
6.6465803896492845
6.646151541013085
6.645722729031092
6.645293953800082
6.644865215416551
6.644436513976706
6.644007849576475
6.643579222311496
6.6431506322771225
6.6427220795684185
6.64229356428016
6.641865086506833
6.6414366463426315
6.641008243881458
6.640579879216923
6.64015155244234
6.639723263650731
6.639295012934817
6.638866800387027
6.638438626099488
6.638010490164027
6.637582392672173
6.637154333715152
6.636726313383888
6.636298331769001
6.6358703889608055
6.635442485049311
6.63501462012422
6.634586794274926
6.634159007590515
6.633731260159762
6.633303552071131
6.632875883412773
6.632448254272526
6.632020664737914
6.6315931148961464
6.6311656048341145
6.630738134638393
6.630310704395237
6.629883314190582
6.629455964110045
6.62902865423892
6.628601384662176
6.62817415546446
6.627746966730096
6.627319818543079
6.626892710987077
6.626465644145432
6.6260386181011555
6.62561163293693
6.625184688735106
6.624757785577703
6.624330923546406
6.623904102722567
6.623477323187202
6.623050585020991
6.622623888304278
6.6221972331170695
6.6217706195390305
6.621344047649488
6.620917517527426
6.62049102925149
6.620064582899979
6.619638178550852
6.619211816281719
6.6187854961698465
6.618359218292157
6.617932982725221
6.617506789545264
6.6170806388281616
6.616654530649438
6.6162284650842675
6.615802442207474
6.6153764620935265
6.614950524816542
6.6145246304502825
6.614098779068155
6.613672970743211
6.613247205548147
6.612821483555298
6.612395804836645
6.611970169463807
6.611544577508046
6.611119029040262
6.610693524130996
6.610268062850424
6.609842645268362
6.609417271454263
6.608991941477216
6.608566655405944
6.608141413308809
6.607716215253805
6.607291061308559
6.606865951540334
6.606440886016023
6.606015864802155
6.605590887964889
6.605165955570014
6.604741067682952
6.604316224368755
6.6038914256921055
6.603466671717314
6.603041962508322
6.6026172981287
6.6021926786416465
6.601768104109988
6.6013435745961795
6.6009190901623045
6.600494650870072
6.60007025678082
6.599645907955514
6.599221604454744
6.5987973463387295
6.598373133667314
6.5979489664999695
6.597524844895794
6.597100768913512
6.596676738611472
6.596252754047652
6.5958288152796545
6.595404922364708
6.59498107535967
6.594557274321022
6.594133519304872
6.593709810366956
6.593286147562637
6.592862530946903
6.592438960574372
6.592015436499288
6.591591958775524
6.591168527456579
6.590745142595583
6.590321804245294
6.589898512458098
6.589475267286012
6.589052068780682
6.588628916993386
6.588205811975031
6.587782753776156
6.5873597424469335
6.586936778037168
