5.466654492058622
5.46069392876673
5.455891933524715
5.451729458258548
5.447911232929465
5.444263245737868
5.440690507254044
5.437143670422039
5.433598536462069
5.43004197685343
5.426467271043593
5.422870894855042
5.419250917618143
5.4156062058232015
5.4119360274287684
5.408239854684691
5.4045172653851825
5.400767893053121
5.396991401543185
5.393187471893178
5.389355795359832
5.385496069605375
5.381607996509514
5.3776912808351955
5.37374562935467
5.369770750233084
5.365766352563528
5.361732145996857
5.357667840435032
5.353573145770071
5.349447771657707
5.345291427318744
5.341103821363226
5.33688466163386
5.332633655065904
5.32835050756127
5.324034923874976
5.319686607512371
5.315305260635763
5.310890583979282
5.306442276770957
5.30196003666111
5.2974435596563
5.292892540058127
5.288306670406303
5.283685641425467
5.279029141975286
5.274336859003449
5.2696084775011816
5.2648436804609995
5.260042148836404
5.255203561503299
5.250327595222912
5.245413924606041
5.240462222078454
5.235472157847317
5.230443399868502
5.225375613814686
5.220268463044127
5.215121608570042
5.209934709030495
5.204707420658745
5.199439397253981
5.1941302901523905
5.188779748198523
5.18338741771689
5.177952942483778
5.172475963699226
5.166956119959153
5.1613930472275875
5.155786378808981
5.150135745320601
5.144440774664963
5.138701092002267
5.132916319722863
5.127086077419687
5.121209981860682
5.115287646961182
5.109318683756238
5.103302700372888
5.097239302002346
5.091128090872118
5.084968666218019
5.078760624256088
5.072503558154394
5.066197058004734
5.059840710794193
5.053434100376582
5.04697680744374
5.040468409496687
5.03390848081663
5.027296592435821
5.020632312108244
5.013915204280148
5.0071448300604064
5.000320747190701
4.993442510015533
4.986509669452046
4.979521772959667
4.9724783645095565
4.965378984553861
4.958223169994772
4.951010454153384
4.943740366738343
4.936412433814291
4.9290261777700985
4.921581117286881
4.9140767673058
4.906512638995638
4.898888239720157
4.891203073005223
4.883456638505706
4.875648431972142
4.867777945217163
4.859844666081687
4.851848078400869
4.8437876619698
4.835662892508968
4.827473241629468
4.819218176797952
4.810897161301331
4.80250965421122
4.794055110348114
4.785532980245309
4.776942710112553
4.768283741799429
4.759555512758468
4.750757456007985
4.74188900009464
4.7329495690557195
4.723938582381136
4.714855454975142
4.705699597117756
4.696470414425901
4.687167307814245
4.67778967345575
4.668336902741921
4.658808382242756
4.649203493666387
4.639521613818417
4.629762114560951
4.619924362771309
4.610007720300426
4.600011543930934
4.589935185334926
4.5797779910313885
4.569539302343319
4.559218455354502
4.5488147808659605
4.538327604352069
4.527756245916329
4.517100020246805
4.506358236571211
4.4955301986116565
4.484615204539035
4.4736125469270664
4.462521512705977
4.451341383115824
4.440071433659453
4.428710934055096
4.417259148188593
4.405715334065247
4.394078743761302
4.382348623375039
4.3705242129774975
4.358604746562803
4.346589451998114
4.334477550973172
4.322268258949454
4.309960785108938
4.297554332302451
4.285048096997625
4.272441269226434
4.259733032532324
4.24692256391693
4.234009033786361
4.220991605897079
4.207869437301338
4.194641678292199
4.181307472348109
4.167865956077044
4.1543162591602085
4.140657504295293
4.126888807139277
4.113009276250791
4.099018013032005
4.084914111670072
4.0706966590781
4.056364734835658
4.041917411128808
4.0273537526896614
4.01267281673546
3.9978736529071655
3.982955303207567
3.9679168019388924
3.9527571756399253
3.9374754430226218
3.922070614908221
3.906541694162848
3.8908876756326016
