340.60336421932897
348.7811551597789
348.481840169107
348.1772293991669
347.86757534434935
347.5530523123617
347.2337877611033
346.9098876528131
346.5814475528793
346.2485573233827
345.91130310960017
345.5697681886444
345.22403334056486
344.8741770195172
344.5202754416399
344.1624026386186
343.80063049745445
343.43502879500323
343.06566523082085
342.69260545975527
342.3159131248242
341.93564989056523
341.551875476881
341.16464769334715
340.774022473928
340.3800539120285
339.98279429582317
339.58229414379144
339.17860224040766
338.77176567191725
338.3618298621528
337.9488386083383
337.5328341168277
337.11385703874714
336.6919465054818
336.2671401639896
335.8394742118878
335.4089834322964
334.9757012283945
334.53965965767776
334.1008894658777
333.65942012053046
333.2152798441718
332.768495647141
332.3190933599747
331.8670976653824
331.4125321297871
330.9554192344205
330.49578040596805
330.0336360467475
329.5690055644277
329.1019074012718
328.63235906290424
328.16037714660547
327.68597736912244
327.20917459400425
326.7299828584594
326.2484153997334
325.76448468101705
325.2782024168809
324.7895795982452
324.2986265168842
323.80535278947696
323.30976738120455
322.81187862890255
322.3116942637751
321.80922143367434
321.30446672496373
320.79743618395275
320.2881353379328
319.7765692158078
319.2627423683357
318.7466588879811
318.22832242840195
317.7077362235613
317.1849031064895
316.659825527695
316.1325055732373
315.6029449824716
315.0711451654719
314.53710722014534
314.00083194904227
313.46231987587544
312.92157126175323
312.3785860194321
311.8333641512026
311.2859051050085
310.73620825011807
310.1842727695227
309.63009767516803
309.07368182267504
308.5150239257118
307.9541225701078
307.390976227742
306.82558327023077
306.2579419824257
305.68805057573337
305.1159072012637
304.54150996281254
303.96485692968764
303.3859465155663
302.80477546946037
302.2213430164647
301.6356470653184
301.04768563657143
300.457456826988
299.8649588002319
299.2701897896652
298.6731481062249
298.0738321483799
297.47224041291605
296.86837150600275
296.2622241543347
295.6537972162474
295.04308969276957
294.43010073860626
293.8148296730356
293.1972759907263
292.5774393724762
291.9553196958646
291.33091704582904
290.7042317251626
290.0752642649291
289.44401493618113
288.81048628046267
288.1746783036546
287.53659269245014
286.89623133313387
286.25359636630486
285.60869021676615
284.96151561179215
284.3120755944023
283.66037353446325
283.00641313881965
282.35019846096014
281.69173391042136
281.0310242620264
280.36807466498414
279.7028906518687
279.0354781474731
278.3658434775465
277.69399337739867
277.01993500038077
276.3436759262234
275.66522416924073
274.98458818638204
274.3017768851332
273.61679963126267
272.9296662563973
272.24038706542905
271.5489728437473
270.8554348642813
270.1597848943544
269.4620352023416
268.7621985641147
268.0602882692836
267.3563181272118
266.65030247280396
265.9422561720629
265.2321946273993
264.52013378269476
263.80609012810277
263.09008070458987
262.3721231081984
261.65223549403095
260.93043657994764
260.206745649964
259.48118255734823
258.7537677274075
258.0245221599548
257.2934674314514
256.5606256968174
255.82601969090277
255.08967272961186
254.35160871067697
253.61185211407175
252.8704280020604
252.12736201887634
251.38268039002514
250.63640992120534
249.88857799684186
249.13921257822997
248.38834220128257
247.63599597387787
246.88220357280414
246.12699524029762
245.37040178017074
244.61245455352878
243.85318547407317
243.09262700298785
242.33081214340808
241.56777443447584
240.80354794497094
240.0381672665323
239.27166750645492
238.50408428007597
237.7354537027471
236.9658123813912
236.19519740565556
235.42364633865532
