312.29915
334.88795321038145
334.8115846990116
334.7352912283892
334.6590691975112
334.582917307466
334.506833775553
334.43081653577696
334.3548633738312
334.2789719881731
334.20314001826534
334.12736505882975
334.0516446681034
333.9759763734666
333.900357675862
333.82478605360495
333.74925896584443
333.67377385578004
333.5983281536895
333.52291927978933
333.4475446469411
333.37220166321174
333.29688773429683
333.2216002658101
333.14633666544626
333.071094345021
332.99587072239393
332.9206632232795
332.8454692829498
332.7702863478346
332.6951118770226
332.61994334366847
332.54477823631123
332.4696140601039
332.39444833796574
332.31927861165195
332.2441024427527
332.1689174136202
332.0937211282297
332.01851121297597
331.94328531740996
331.8680411149191
331.7927763033534
331.7174886055996
331.64217577010874
331.5668355713767
331.4914658103831
331.4160643149905
331.3406289403034
331.2651575689951
331.18964811159816
331.11409850676654
331.0385067215068
330.9628707513832
330.88718862069794
330.81145838264723
330.73567811945696
330.65984594249767
330.5839599923814
330.5080184390423
330.4320194818018
330.3559613494194
330.27984230013084
330.20366062167744
330.1274146313213
330.0511026758549
329.9747231316018
329.8982744044104
329.82175492964296
329.74516317215796
329.66849762629147
329.59175681583275
329.5149392939999
329.43804364341185
329.36106847606396
329.2840124332972
329.2068741857754
329.12965243345803
329.05234590557853
328.97495336062394
328.8974735863175
328.81990539960606
328.7422476466501
328.6644992028191
328.5866594546429
328.5087263737799
328.4306994033958
328.3525775357728
328.27435979245473
328.19604522427994
328.1176329114216
328.0391219634361
327.96051151931437
327.8818007475433
327.80298884617343
327.72407504289646
327.64505859512894
327.56593879010575
327.4867149449808
327.40738640693775
327.32795379879707
327.2484140237468
327.1687677814866
327.0890145391934
327.00915379541334
326.92918507998553
326.8491079539719
326.7689220097323
326.6886268710673
326.60822219339525
326.5277076639496
326.44708300198766
326.3663479590094
326.28550231898697
326.20454589859986
326.12347854747776
326.04230014845393
325.9610106178214
325.8796099055987
325.7980979958019
325.71647490672296
325.6347406912125
325.5528954369711
325.47093801972653
325.38887110452623
325.3066936234085
325.224405807637
325.14200792432405
325.0595002769046
324.9768832056632
324.8941570881483
324.81132233953855
324.72837941298275
324.6453287999376
324.5621710304983
324.47890667372894
324.39553633799295
324.3120606712806
324.2284803615378
324.1447961369894
324.06100876646394
323.97711905971323
323.893127867728
323.80903608305175
323.72484464008613
323.6405545153957
323.5561667280019
323.47168233967335
323.38710245520923
323.3024282227108
323.2176608338499
323.1328015241231
323.0478515730997
322.9628123046561
322.87768508720103
322.7924713338879
322.70717250281433
322.6217900972082
322.53632566560066
322.45078080198283
322.3651571459489
322.2794563828211
322.19368024375933
322.10783050585337
322.02190899219596
321.93591757193775
321.84985816032287
321.7637327187044
321.6775432545392
321.5912918213607
321.50498051873103
321.4186114921697
321.3321869330601
321.24570907853104
321.1591802113157
321.0726026595849
320.9859787967547
320.89931104127123
320.8126018563649
320.72585374978223
320.63906927348876
320.5522510233443
320.4654016387521
320.3785238022791
320.29162023924835
320.2046937173015
320.1177470459353
320.0307830760063
319.94380469920935
319.8568148475238
319.7698164926339
319.6828126453153
319.5958063547982
319.50880070809524
319.4217988293044
319.33480387888
319.2478190528774
319.16084758216545
319.0738927316136
318.98695779924856
