0.10975662984465998
0.10975662984465996
0.10975662984465996
0.10975662984465996
0.10975662984465996
0.10975662984465998
0.10975662984465998
0.10975662984466
0.10975662984466
0.10975662984466
0.10975662984465996
0.10975662984465996
0.10975662984465996
0.10975662984465998
0.10975662984465998
0.10975662984465998
0.10975662984465998
0.10975662984465998
0.10975662984465998
0.10975662984465998
0.10975662984465996
0.10975662984465996
0.10975662984465996
0.10975662984465996
0.10975662984465996
0.10975662984465996
0.10975662984465998
0.10975662984465996
0.10975662984465996
0.10975662984465996
0.10975662984465996
0.10975662984465998
0.10975662984465996
0.10975662984465996
0.10975662984465993
0.10975662984465993
0.10975662984465993
0.10975662984465993
0.10975662984465993
0.10975662984465993
0.10975662984465993
0.10975662984465989
0.10975662984465989
0.10975662984465989
0.10975662984465989
0.10975662984465989
0.10975662984465989
0.10975662984465989
0.10975662984465989
0.10975662984465989
0.10975662984465992
0.10975662984465993
0.10975662984465989
0.10975662984465988
0.10975662984465988
0.10975662984465988
0.10975662984465988
0.10975662984465989
0.10975662984465992
0.10975662984465993
0.10975662984465989
0.10975662984465989
0.10975662984465988
0.10975662984465988
0.10975662984465989
0.10975662984465989
0.10975662984465988
0.10975662984465988
0.10975662984465988
0.10975662984465988
0.10975662984465988
0.10975662984465988
0.10975662984465988
0.10975662984465985
0.10975662984465988
0.10975662984465988
0.10975662984465985
0.10975662984465985
0.10975662984465985
0.10975662984465988
0.10975662984465985
0.10975662984465984
0.10975662984465985
0.10975662984465985
0.10975662984465985
0.10975662984465985
0.10975662984465985
0.10975662984465988
0.10975662984465988
0.10975662984465988
0.10975662984465988
0.10975662984465988
0.10975662984465988
0.10975662984465985
0.10975662984465988
0.10975662984465985
0.10975662984465985
0.10975662984465985
0.10975662984465985
0.10975662984465985
0.10975662984465985
0.10975662984465985
0.10975662984465985
0.10975662984465985
0.10975662984465985
0.10975662984465985
0.10975662984465985
0.10975662984465985
0.10975662984465985
0.10975662984465985
0.10975662984465985
0.10975662984465985
0.10975662984465985
0.10975662984465985
0.10975662984465985
0.10975662984465985
0.10975662984465985
0.10975662984465985
0.10975662984465985
0.10975662984465985
0.10975662984465985
0.10975662984465985
0.10975662984465985
0.10975662984465985
0.10975662984465985
0.10975662984465985
0.10975662984465985
0.10975662984465985
0.10975662984465985
0.10975662984465985
0.10975662984465985
0.10975662984465985
0.10975662984465985
0.10975662984465985
0.10975662984465985
0.10975662984465985
0.10975662984465985
0.10975662984465985
0.10975662984465985
0.10975662984465985
0.10975662984465985
0.10975662984465985
0.10975662984465985
0.10975662984465985
0.10975662984465985
0.10975662984465985
0.10975662984465985
0.10975662984465985
0.10975662984465985
0.10975662984465985
0.10975662984465985
0.10975662984465985
0.10975662984465985
0.10975662984465985
0.10975662984465985
0.10975662984465985
0.10975662984465985
0.10975662984465985
0.10975662984465985
0.10975662984465985
0.10975662984465985
0.10975662984465985
0.10975662984465985
0.10975662984465985
0.10975662984465985
0.10975662984465985
0.10975662984465985
0.10975662984465985
0.10975662984465985
0.10975662984465985
0.10975662984465985
0.10975662984465985
0.10975662984465985
0.10975662984465985
0.10975662984465985
0.10975662984465985
0.10975662984465985
0.10975662984465985
0.10975662984465985
0.10975662984465985
0.10975662984465985
0.10975662984465985
0.10975662984465985
0.10975662984465985
0.10975662984465985
0.10975662984465985
0.10975662984465985
0.10975662984465985
0.10975662984465985
0.10975662984465985
0.10975662984465985
0.10975662984465985
0.10975662984465985
0.10975662984465985
0.10975662984465985
0.10975662984465985
0.10975662984465985
0.10975662984465985
0.10975662984465985
0.10975662984465985
