1220.2839049787008
1223.8951686552016
1226.1156763922827
1227.1885166368618
1227.3141709454508
1226.6580160357805
1225.3564975040078
1223.5222050639768
1221.2480576665043
1218.6107482743535
1215.6735833449852
1212.4888236365673
1209.0996144413834
1205.5415776301913
1201.844125008371
1198.0315417574877
1194.1238814509684
1190.1377032505172
1186.0866813968237
1181.9821080752117
1177.8333085520937
1173.6479839093988
1169.4324940210518
1165.1920914794753
1160.9311136284273
1156.653142826523
1152.3611376509105
1148.0575415305734
1143.7443664752377
1139.4232920849033
1135.0956876852413
1130.7626901054443
1126.4252382571276
1122.0841075912354
1117.7399385565611
1113.3932601037227
1109.044509097011
1104.694046346532
1100.342169849059
1095.9891257235972
1091.635117243033
1087.2803122933651
1082.9248495342881
1078.5688434872336
1074.212388737606
1069.85556340543
1065.4984320117842
1061.1410478462099
1056.783454921977
1052.4256895909577
1048.0677818773675
1043.7097565793167
1039.3516341785971
1034.9934315920852
1030.6351627923375
1026.2768393201452
1021.918470707865
1017.5600648290507
1013.2016281872201
1008.8431661543513
1004.4846831678617
1000.1261828932944
995.7676683586827
991.4091420655265
987.0506060804462
982.6920621108833
978.3335115676202
973.9749556164181
969.6163952206649
965.257831176598
960.8992641423959
956.5406946622047
952.1821231859833
947.8235500858905
943.4649756698234
939.1064001925964
934.7478238651738
930.3892468622962
926.0306693287794
921.6720913847151
917.313513129768
912.9549346467243
908.5963560044218
904.2377772601701
899.8791984617508
895.5206196490678
891.1620408555116
886.8034621090857
882.4448834333364
878.0863048481222
873.727726370248
869.3691480139897
865.0105697915275
860.6519917133043
856.2934137883204
851.9348360243785
847.5762584282853
843.2176810060195
838.8591037628685
834.500526703543
830.1419498322714
825.7833731528781
821.4247966688479
817.0662203833792
812.7076442994293
808.3490684197501
803.9904927469196
799.6319172833666
795.2733420313921
790.9147669931863
786.5561921708439
782.1976175663763
777.8390431817213
773.4804690187523
769.121895079285
764.7633213650839
760.4047478778674
756.0461746193117
751.6876015910558
747.3290287947034
742.9704562318262
738.6118839039666
734.2533118126397
729.8947399593345
725.5361683455169
721.1775969726297
716.8190258420949
712.4604549553151
708.1018843136735
703.7433139185358
699.3847437712511
695.0261738731523
690.6676042255572
686.3090348297694
681.9504656870787
677.591896798762
673.2333281660841
668.8747597902978
664.5161916726448
660.1576238143566
655.7990562166544
651.4404888807499
647.0819218078459
642.7233549991371
638.3647884558095
634.0062221790421
629.6476561700063
625.2890904298674
620.9305249597841
616.5719597609088
612.2133948343891
607.854830181367
603.4962658029802
599.1377017003613
594.7791378746393
590.4205743269393
586.0620110583831
581.7034480700888
577.3448853631729
572.986322938748
568.6277607979248
564.2691989418128
559.9106373715188
555.5520760881486
551.1935150928067
546.8349543865969
542.4763939706216
538.1178338459831
533.7592740137834
529.4007144751243
525.0421552311077
520.6835961452522
516.3250373833949
511.96647894092666
507.6079208147335
503.24936300268223
498.8908055033255
494.53224831572186
490.17369143931813
485.81513487386786
481.45657861937013
477.0980226760246
472.7394670441941
468.38091172437646
464.0223567171808
459.66380202330816
455.3052476435362
450.9466935787061
446.5881398297123
442.2295863974938
437.8710332830267
433.5124804873183
429.15392801140337
424.7953758563385
420.4368240232005
416.0782725130821
411.71972132709107
407.36117046634826
403.00261993198535
398.6440697251442
