75.0268259749787
74.82053966325503
74.6196498451088
74.42394835275378
74.23325000419308
74.04738191471834
73.86618133943719
73.68949468368382
73.51717673692102
73.34909000103124
73.18510408852234
73.02509518057386
72.86894553764516
72.71654305653955
72.5677808686594
72.42255697488237
72.28077391307758
72.14233845478287
72.00716132799536
71.875156963397
71.74624326165693
71.62034137972725
71.4973755342892
71.37727282071374
71.2599630460828
71.14537857497538
71.03345418686159
70.92412694406967
70.81733606939864
70.71302283254305
70.61113044458081
70.51160395984839
70.41439018459403
70.31943759185744
70.226696242077
70.13611770897158
70.04765501028581
69.9612625430246
69.87689602283632
69.79451242723371
69.71406994236894
69.63552791310264
69.55884679613011
69.48398811594619
69.41091442344904
69.33958925699922
69.2699771057652
69.20204337519938
69.13575435450161
69.07107718581044
69.00797983574735
68.94643106732137
68.88640041468298
68.82785815856394
68.77077530321203
68.7151235545716
68.66087529963261
68.60800358687658
68.55648210775269
68.50628517912189
68.4573877266111
68.40976526882385
68.36339390235686
68.31825028757594
68.27431163510701
68.23155569300188
68.18996073453997
68.14950554663052
68.11016941878172
68.0719321326053
68.03477395182705
67.99867561277607
67.96361831532626
67.92958371426624
67.89655391107458
67.86451144607875
67.83343934454608
67.80332089253402
67.77413996137473
67.74588077375097
67.718527958702
67.69206654407715
67.66648195087562
67.64175998783733
67.61788684627228
67.5948490951155
67.57263367619676
67.55122789971354
67.53061943989722
67.5107963308625
67.49174696263026
67.47346007731537
67.45592476547027
67.4391304625762
67.42306694567418
67.4077243301278
67.39309306651057
67.37916393761046
67.36592805554477
67.35337685897838
67.34150211043888
67.33029589372197
67.31975061138073
67.30985898229261
67.30061403929776
67.2920091269026
67.28403789904281
67.27669431689912
67.26997264676027
67.26386745792688
67.25837362065023
67.25348630409955
67.24920097435187
67.24551339239788
67.24241961215779
67.23991597850016
67.23799912525753
67.23666597323196
67.23591372818339
67.2357398787942
67.2361421946022
67.23711872389501
67.23866779155814
67.24078799686893
67.24347821122812
67.24673757582117
67.2505654992005
67.25496165478016
67.25992597823362
67.26545866478584
67.27156016638985
67.278231188778
67.28547268837833
67.29361739814458
67.30232200582952
67.25999955103143
67.22196511031062
67.1879260656172
67.15767589756213
67.13105179704087
67.1079166076541
67.08814967388912
67.0716417596133
67.05829204729655
67.04800627467685
67.04069552508638
67.03627540956819
67.03466549281409
67.03578887620696
67.03957188551308
67.0459438305997
67.05483681638769
67.06618559150883
67.07992742570656
67.0960020099648
67.11435137529442
67.13491982742299
67.15765389554795
67.1825022939681
67.20941589589556
67.23834771912755
67.2692529235669
67.30208882084823
67.3368148965738
67.3733928459059
67.41178662351233
67.45196250913104
67.49388919032062
67.53753786430705
67.58288236123673
67.62989929162057
67.67856822131988
67.72887187810981
67.78079639469037
67.83433159403862
67.88947132426314
67.94621385169816
68.00456232295541
68.06452530915443
68.12611744874346
68.1893602094231
68.25428279500622
68.32092323001315
68.38931556564849
68.45944657932276
68.53139518090501
68.60525610039973
68.68114282888101
68.75919129714512
68.8395645240663
68.92245856913111
69.00811026428822
69.09680742089037
69.18890255784031
69.2848317714519
69.38514134648038
69.49052645426791
69.60188957568835
69.72043292256743
69.8478136908645
