214.55742933565483
-263.12867791171016
-261.9784309288002
-260.8145260099918
-259.6377522406767
-258.44871071727925
-257.2479476410817
-256.03597305068485
-254.8132656766565
-253.5802758597539
-252.33742798271214
-251.0851226201553
-249.82373845928055
-248.55363402193703
-247.2751492126539
-245.98860671355487
-244.69431324420177
-243.39256070199477
-242.0836271966831
-240.76777799081137
-239.4452663564036
-238.11633435690976
-236.78121356235414
-235.44012570461817
-234.09328327903282
-232.7408900976938
-231.38314179928736
-230.02022631971477
-228.65232432730008
-227.2796096259372
-225.90224952920184
-224.52040520812463
-223.13423201502195
-221.7438797855626
-220.34949312098746
-218.9512116522606
-217.54917028770572
-216.14349944554687
-214.73432527265717
-213.32176985065493
-211.9059513904165
-210.48698441595158
-209.06497993851536
-207.64003581675786
-206.21227654772073
-204.78179333524986
-203.34868471187647
-201.91304644671513
-200.47497167534257
-199.03455102415273
-197.59187272964522
-196.14702275300687
-194.70008489035658
-193.25114087897526
-191.80027049981734
-190.34755167657323
-188.89306057155193
-187.43687167859622
-185.9790579132638
-184.5196907004667
-183.05884005973917
-181.59657468833498
-180.13296204227086
-178.66806841549317
-177.20195901728283
-175.73469804802937
-174.26634877348593
-172.79697359760206
-171.32663413405265
-169.8553922027493
-168.38330526934737
-166.91043576960968
-165.43684192322073
-163.9625824249419
-162.48771558522736
-161.01229939459617
-159.5363915872506
-158.06004970393812
-156.58333115411162
-155.10629327739133
-153.62899340438634
-152.15148891686584
-150.6738373073208
-149.1960962379109
-147.7183235988128
-146.24057756597566
-144.76291665826471
-143.28539979401594
-141.80808634695163
-140.3310362014815
-138.8543098073335
-137.3779682335179
-135.9020732215665
-134.42668723803138
-132.9518735262046
-131.47769615696762
-130.0042200788057
-128.53151116682434
-127.05963627079517
-125.58866326209201
-124.11866107950831
-122.64969977379576
-121.18185055091932
-119.71518581384863
-118.24977920287938
-116.78570563427836
-115.32304133720986
-113.86186388879257
-112.40225224715637
-110.94428678237605
-109.48804930511925
-108.0336230928839
-106.58109291364931
-105.1305450467849
-103.68206730104427
-102.23574902947402
-100.79168114103004
-99.34995610876076
-97.91066797430024
-96.47391234852707
-95.039786408139
-93.60838888797218
-92.1798200688128
-90.75418176051905
-89.33157728021561
-87.91211142533794
-86.49589044131577
-85.08302198367223
-83.67361507432081
-82.26778005182213
-80.86562851543212
-79.4672732627048
-78.072828220437
-77.49167525832934
-76.10105404451873
-76.25517381734095
-73.40276982605452
-70.94229815700339
-68.74390076671052
-66.72915684709481
-64.84791069227215
-63.066625968731564
-61.362071906137615
-59.717688398023064
-58.12138836561709
-56.56417384068311
-55.03923397364756
-53.54133960904576
-52.066426479087795
-50.61130184647527
-49.17343399984943
-47.75079860414081
-46.341764844177916
-44.9450099169126
-43.559454043119466
-42.18421054695259
-40.81854714582373
-39.46185568076348
-38.11362827185112
-36.77343841404529
-35.4409259076691
-34.11578479146769
-32.79775364624099
-31.490681823492608
-30.215398741523657
-28.94132444892933
-27.668351616541663
-26.39639177918177
-25.12536867666857
-23.855216357036312
-22.58587773211495
-21.317303191763706
-20.04944952065802
-18.782279071127515
-17.51575915497981
-16.24986162496233
-14.984562623344399
-13.719842480549175
-12.455685752099155
-11.192081386503487
-9.92902302131185
-8.666509408770217
-7.40454497714501
-6.143140538621049
-4.882314160095886
-3.6220922195608507
-2.362510678013701
-1.1036166055113947
0.15452998980824942
1.4118539692658845
2.668262434576985
3.923641576677576
5.17785290956808
6.4307288030790035
7.68206727283597
8.931626119691305
10.179116859014183
11.424199747839586
12.666483386189197
13.905538000562412
