1.5002
1.500575118382084
1.5005722638501662
1.5005734380841491
1.5005761984902024
1.500579584497002
1.5005832011021496
1.5005868852916755
1.5005905698147388
1.5005942269765846
1.5005978454261613
1.5006014205685143
1.5006049506043264
1.5006084348936664
1.5006118732797766
1.5006152658094465
1.5006186126172267
1.500621913877341
1.5006251697835784
1.5006283805407583
1.5006315463609843
1.5006346674618873
1.5006377440657026
1.5006407763986969
1.5006437646907498
1.50064670917501
1.5006496100875883
1.5006524676672734
1.5006552821552663
1.5006580537949306
1.5006607828315537
1.5006634695121233
1.5006661140851143
1.500668716800288
1.5006712779085007
1.5006737976615283
1.5006762763118937
1.5006787141127114
1.500681111317537
1.5006834681802288
1.500685784954818
1.5006880618953857
1.5006902992559519
1.5006924972903686
1.500694656252224
1.5006967763947527
1.5006988579707536
1.5007009012325128
1.5007029064317374
1.500704873819491
1.5007068029700326
1.5007086953780626
1.5007105507851424
1.5007123694030293
1.5007141514639444
1.5007158972079346
1.5007176068777435
1.5007192807166752
1.5007209189677035
1.5007225218730957
1.5007240896742546
1.500725622611652
1.500727120924805
1.5007285848522662
1.5007300146316302
1.5007314104995393
1.5007327726916975
1.5007341014428865
1.500735396986985
1.50073665955699
1.50073788938504
1.5007390867024433
1.5007402517397057
1.5007413847265603
1.5007424858920022
1.500743555464321
1.5007445936711372
1.5007456007394415
1.5007465768956325
1.5007475223655573
1.5007484373745548
1.5007493221474968
1.5007501769088334
1.500751001882638
1.5007517972926527
1.5007525633623358
1.5007533003149087
1.500754008373404
1.5007546877607143
1.5007553386996415
1.5007559614129458
1.5007565561233944
1.5007571230538137
1.5007576624271375
1.5007581744664564
1.5007586593950697
1.5007591174365333
1.50075954881471
1.5007599537538194
1.5007603324784853
1.5007606852137847
1.5007610121852972
1.50076131361915
1.5007615897420656
1.5007618407814087
1.5007620669652293
1.500762268522309
1.5007624456822029
1.5007625986752826
1.5007628019879053
1.5007629184916569
1.500763005089323
1.5007630657706281
1.5007631023264283
1.5007631156447696
1.5007631062363411
1.500763074454207
1.5007630205859677
1.5007629448924404
1.5007628476239043
1.5007627290269332
1.5007625893472767
1.50076242883108
1.500762247725409
1.5007620462784785
1.5007618247397565
1.5007615833600145
1.5007613223913552
1.500761042087228
1.5007607427024374
1.500760424493151
1.5007600877168985
1.5007597326325763
1.5007593595004418
1.5007589685821094
1.5007585601405447
1.5007581344400514
1.5007576917462626
1.500757232326125
1.5007567564478799
1.500756264381046
1.5007557563963954
1.5007552327659297
1.5007546937628518
1.500754139661537
1.500753494246848
1.5007528992995423
1.5007522966938394
1.5007516828701708
1.5007510565078441
1.500750417211876
1.5007497649782109
1.500749099968467
1.5007484224147345
1.5007477325793057
1.5007470307376125
1.500746317170979
1.500745592163517
1.500744856000778
1.5007441089691405
1.5007433513555153
1.5007425834471748
1.5007418055316435
1.500741017896604
1.5007402208298182
1.5007394146190436
1.5007385995519562
1.5007377759160692
1.5007369439986515
1.5007361040866454
1.5007352564665815
1.5007344014244963
1.5007335392458425
1.5007326702154062
1.5007317946172152
1.5007309127344541
1.5007300248493727
1.5007291312431974
1.500728232196042
1.5007273279868163
1.5007264188931357
1.5007255051912332
1.5007245871558654
1.5007236650602258
1.5007227391758535
1.500721809772544
1.500720877118261
1.500719941479047
1.5007190031189384
1.5007180622998773
1.5007171192816269
1.500716174321687
1.5007152276752118
1.5007142795949278
1.500713330331054
1.5007123801312234
1.500711429240406
1.5007104779008344
1.5007095263519297
1.5007085748302318
