-14.467192046154242
21.447268138909276
21.759081311111263
22.106542171036036
22.486855894371352
22.898805909855277
23.341349205287166
23.813380770278762
24.313701150365677
24.84102202747119
25.393976787993548
25.97113557305952
26.571019972801125
27.192117941301234
27.832898252287873
28.491824104392112
29.167365581106345
29.858010764884202
30.562275392605873
31.27871101652665
32.00591169811562
32.74251931063885
33.487227560743065
34.23878486056748
34.99599619242998
35.75772410987583
36.522889014080725
37.29046883526615
38.05949823661118
38.82906744450442
39.59832079495149
40.366455072212744
41.13271770298511
41.89640485775037
42.656859500682025
43.41346942056559
44.16566526766142
44.9129186151518
45.65474005874431
46.39067736378341
47.12031366610527
47.84326573027833
48.55918226705019
49.26774231044044
49.96865365389917
50.66165134437149
51.34649623264637
52.02297357811551
52.690891706029326
53.3500807152449
54.000391234552296
54.64169322566463
55.27387483106659
55.89684126494656
56.51051374545783
57.114828466566244
57.7097356076797
58.29519837919538
58.871192101916805
59.437703318165504
59.99472893210748
60.54227537652794
61.08035780289083
61.60899929103261
62.12823007426924
62.63808677493825
63.13861164456009
63.62985180168116
64.11185845908619
64.584686130417
65.04839180399453
65.50303406889545
65.94867217481213
66.38536500243363
66.8131699150504
67.23214145383672
67.64232982822367
68.04377925573834
68.43652535364738
68.82059326821347
69.19599397068765
69.56272033534133
69.92074196671525
70.26999847778934
70.61039060755665
70.94216779651796
71.263918436497
71.598015604185
71.92838001787565
72.25076099422007
72.56531589280104
72.87231559261357
73.17201843560812
73.4646669708645
73.75048834646954
74.02969594960422
74.30249062953091
74.5690618677986
74.82958882889471
75.08424130227857
75.33318054683153
75.5765600478102
75.81452619533604
76.04721889256169
76.27477210080288
76.49731432814943
76.7149690674486
76.92785518892859
77.13608729215917
77.33977602164325
77.53902834980082
77.73394783058397
77.92463482873836
78.11118672047418
78.29369808082978
78.47226084826339
78.64696447044443
78.81788725480307
78.9851405383134
79.14878043087614
79.30889656507952
79.46556769214723
79.61887070941609
79.76888072704362
79.91567113358401
80.05931365628547
80.19987841629067
80.33743397926085
80.47204740196588
80.60378427528377
80.73270876401882
80.85888364394994
80.9823703363945
81.10322894059911
81.22151826422605
81.33729585214179
81.45061801373106
81.56153984889518
81.67011527291476
81.7763970402858
81.8804367676826
81.98228495611453
82.08199101240598
82.17960327005905
82.27516900956263
82.36873447822616
82.46034490957295
82.55004454234636
82.63787663916311
82.72388350483828
82.80810650443016
82.89058608099184
82.97136177308492
83.05047223204453
83.12795523902336
83.20384772181048
83.27818577144333
83.35100465861055
83.42233884986904
83.49222202363683
83.56068708601903
83.62776618641179
83.69349073293272
83.75789140764135
83.8209981815728
83.88284032956311
83.94344644489213
84.00284445371022
84.06106162927013
84.11812460595208
84.17405939309286
84.228891388591
84.2826453923282
84.3353456193495
84.38701571286492
84.43767875701812
84.48735728945051
84.53607331365339
84.58384831110129
84.6307032531741
84.67665861287719
84.72173437632081
84.76595005402173
84.80932469196219
84.85187688245125
84.89362477478107
84.93458608565895
84.9747781094457
85.01421772817913
85.05292142139591
85.09090527574993
85.12818499442487
85.16477590636609
85.20069297528676
85.23595080850426
85.2705636655718
85.30454546673099
85.3379098011559
85.37066993504432
85.40283881949821
