160.0
306.2863601664475
306.08479337859075
305.88104143428603
305.675517936909
305.46855645284325
305.26042603907774
305.0513438418263
304.841482304031
304.6309858073014
304.419968390558
304.20852213665205
303.99672142107283
303.7846263360103
303.57228545006797
303.35973803275175
303.1470087859946
302.93414444517725
302.7211449721437
302.5079584714615
302.2948252960721
302.0815300707768
301.8681571504578
301.6547138410278
301.44120607685284
301.22763868189736
301.0140155804574
300.80033996737234
300.5866144455667
300.3728411372702
300.1590217739933
299.9451577693525
299.7312502780657
299.517300243769
299.30330843413174
299.0892746277192
298.87520104062577
298.6610872528498
298.44693362324637
298.2327403955178
298.0185078130973
297.80423605893765
297.58992528021736
297.375575594423
297.1611870943328
296.9467598521177
296.732293922721
296.5177893466359
296.30324615220087
296.0886643574989
295.87404397193217
295.6593849975211
295.4446875419169
295.2299512610802
295.0151764731959
294.80036305016773
294.58551097016857
294.3706202083826
294.1557047783762
293.9407228072989
293.72571572468684
293.5106698670347
293.29558519846444
293.0804625265882
292.8653001083856
292.6500987389262
292.43485837713166
292.21957898132393
292.0042605091644
291.788902917635
291.5735061630487
291.35807020106694
291.1425949867319
290.9270804744951
290.7115266182502
290.49593337136207
290.28030068669506
290.0646285166395
289.8489168131354
289.6331655276938
289.4173746114172
289.2015440150175
288.98567368883204
288.769763582839
288.5538136466717
288.3378238296305
288.1217940806942
287.9057243485316
287.68961458150966
287.4734647277051
287.2572747349104
287.04104455064356
286.82477412215417
286.6084633964304
286.39211232020574
286.17572083996487
285.95928890194995
285.7428164521647
285.5263034363803
285.30974980013957
285.09315548876253
284.8765204473497
284.659844620786
284.44312795374606
284.22637039069605
284.0095718758985
283.7927323534155
283.5758517671113
283.3589300606565
283.1419671775295
282.92496306102106
282.70791765423564
282.4908309000949
282.2737027413402
282.0565331205343
281.83932198006454
281.62206926214475
281.4047749088176
281.1874388619566
280.970061063268
280.75264145429315
280.5351799764102
280.3176765708362
280.10013117862843
279.8825437406862
279.66491419775303
279.4472424904182
279.2295285591172
279.0117723441351
278.7939737856066
278.5761328235181
278.3582493977085
278.14032344787165
277.9223549135569
277.7043437341695
277.4862898489738
277.26819319709335
277.05005289505726
276.8318705141482
276.6136451878675
276.39537685301025
276.1770654469087
275.9587109071752
275.7403131715451
275.52187217778226
275.303387863619
275.0848601667193
274.86628902465674
274.64767437490116
274.4290161548088
274.21031430161963
273.99156875245285
273.77277944430585
273.55394631405386
273.33506929844907
273.1161483341206
272.8971833575759
272.67817430519955
272.45912111325515
272.2400237178845
272.020882055109
271.80169606082967
271.58246567082745
271.36319082076466
271.1438714461841
270.9245074825106
270.70509886505073
270.4856455289937
270.2661474094119
270.04660444126046
269.82701655937854
269.60738369848923
269.3877057932003
269.1679827780042
268.9482145872785
268.728401155286
268.5085424161758
268.2886383039827
268.0686887526279
267.84869369591956
267.6286530675526
267.40856680110875
267.1884348300582
266.9682570877578
266.74803350745293
266.5277640222769
266.30744856525166
266.0870870692876
265.86667946718364
265.646225691628
265.4257256751977
265.20517935035986
264.98458664947003
264.76394822497235
264.5432625800563
264.3225304025184
264.1017515232903
263.88092592609496
263.66005354337847
263.4391343071949
