-0.7503087170014526
-0.7901166580193479
-0.7860652114122277
-0.7822768440718293
-0.7787215439250295
-0.7753740166363146
-0.772212853365946
-0.7692198638746803
-0.7663792451789783
-0.7636779677718345
-0.7611045428798872
-0.7586490261618227
-0.7563027692501251
-0.7540582146377385
-0.7519087258843864
-0.7498484466810819
-0.7478723629834383
-0.7459753148385807
-0.7441536800913292
-0.7423967980722047
-0.7407216312276664
-0.7391047075469305
-0.7375500578668258
-0.736055113889533
-0.7346175102098582
-0.7332350590286707
-0.7319057286099175
-0.7306276248850383
-0.729398975703081
-0.728218117312054
-0.7270834827262339
-0.7259935916916981
-0.7249470420086588
-0.7239425020085236
-0.7229787040121084
-0.7220544371373064
-0.7211685511759278
-0.7203199340861395
-0.7195075240970316
-0.7187303011252915
-0.7179872837844319
-0.7172775267895678
-0.7166001186099256
-0.7159541793790798
-0.7153388590226415
-0.714753335575369
-0.7141968136637336
-0.7136685231330601
-0.7131677178011262
-0.7126936743226069
-0.7122456911508296
-0.7118230875852394
-0.7114252026879704
-0.7110513951168702
-0.7107010419400032
-0.7103735374133656
-0.7100682931459052
-0.7097847371883318
-0.7095223207727376
-0.7092803880943669
-0.7090586396071452
-0.7088564385884666
-0.7086732897845981
-0.7085087119001782
-0.7083622288980512
-0.7082333877611192
-0.7081217423177574
-0.7080268582402708
-0.7079483127194456
-0.7078856941438756
-0.7078386017871161
-0.7078066455036265
-0.7077894454340045
-0.707786631719476
-0.7077978442255487
-0.7078227322745347
-0.7078609543865776
-0.7079121780289055
-0.7079760793729034
-0.708052343058718
-0.7081406619669696
-0.7082407369974726
-0.7083522768544723
-0.7084749978382234
-0.7086086236426495
-0.7087528851588715
-0.7089075202843806
-0.7090722737375798
-0.7092468968776456
-0.7094311475293509
-0.7096247898128436
-0.7098275939781099
-0.71003933624399
-0.7102597986416525
-0.7104887688623291
-0.7107260401091411
-0.7109714109530538
-0.7112246851926162
-0.7114856717175407
-0.7117541843759622
-0.7120300418451981
-0.712313067506007
-0.7126030893202192
-0.7128999397115453
-0.7132034554496832
-0.7135134775373642
-0.7138298511004899
-0.7141524252811307
-0.7144810531333551
-0.7148155915218225
-0.7151559010230442
-0.7155018458292263
-0.7158532936546683
-0.7162101156445583
-0.7165721862862905
-0.7169393833229529
-0.7173115876691949
-0.7176886833292258
-0.7180705573170139
-0.7184570995785281
-0.7188482029160371
-0.7192437629143486
-0.7196436778690442
-0.7200478487164715
-0.7204561789656895
-0.7208685746320904
-0.7212849441727627
-0.7217051984235928
-0.7221292505379219
-0.7225570159268571
-0.7229884122010961
-0.7234233591142872
-0.7238617785078438
-0.7243035942571858
-0.7247487322193841
-0.7251971201821539
-0.725648687814192
-0.7261033656238449
-0.7265610918580583
-0.7270217969500817
-0.7274854178477794
-0.7279518930646041
-0.7284211626691889
-0.7288931682643759
-0.7293678529595933
-0.7298451613393699
-0.7303250394299886
-0.7308074346651936
-0.7312922958517604
-0.7317795731353262
-0.7322692179666083
-0.7327611830683771
-0.733255422402933
-0.7337518911405277
-0.7342505456284163
-0.7347513433606995
-0.735254242948914
-0.7357592040933739
-0.7362661875552446
-0.7367751551293232
-0.7372860696175162
-0.7377988948030035
-0.7383135954250563
-0.7388301371545023
-0.7393484865698284
-0.7398686111338898
-0.7403904791712619
-0.740914059846061
-0.741439323140463
-0.7419662398337231
-0.7424947814817043
-0.7430249203969784
-0.7435566296294019
-0.7440898829472428
-0.7446246548187242
-0.7451609203940975
-0.7456986554881335
-0.7462378365631307
-0.7467784407122384
-0.7473204456433606
-0.7478638296633542
-0.7484085716627042
-0.7489546511005148
-0.7495020479900097
-0.7500507428842526
-0.7506007168623618
-0.7511519515160309
-0.7517044289363527
-0.752258131701081
-0.7528130428621055
-0.7533691459333453
-0.7539264248788874
-0.7544848641014794
-0.7550444490228866
-0.7556051609371016
-0.7561669894771309
-0.7567299202783625
-0.757293939838334
-0.7578590348724573
