0.03347
0.017487271666690563
0.017420925650440247
0.017354997089394707
0.01728946934594362
0.017224330795636508
0.017159572449785585
0.01709518659374833
0.01703116620523249
0.016967504708446574
0.01690419586836836
0.016841233743335578
0.016778612661918352
0.016716327209917576
0.016654372221600836
0.016592742772730006
0.016531434174365704
0.016470441967024865
0.016409761915022324
0.01634939000092177
0.016289322420071334
0.016229555575210403
0.016170086071147238
0.01611091070950508
0.016052026483537436
0.015993430573015378
0.015935120339185427
0.015877093319801035
0.01581934722422737
0.015761879928620277
0.01570468947118096
0.01564777404748484
0.015591132005887859
0.015534761843006733
0.015478662199277345
0.015422831854587446
0.015367269723986351
0.015311974853470899
0.015256946415845497
0.015202183706659406
0.01514768614021705
0.01509345324566426
0.015039484663147813
0.014985780140048243
0.014932339527285989
0.01487916277569903
0.014826249932492505
0.014773601137759008
0.014721216621068364
0.014669096698127382
0.014617241767507045
0.014565652307438032
0.014514328872672184
0.014463272091410549
0.014412482662295903
0.014361961351468715
0.014311708989687017
0.01426172646950796
0.014212014742530707
0.014162574816699516
0.014113407753665371
0.014064514666207631
0.01401589663829334
0.01396755503147147
0.01391949102062408
0.013871705898257147
0.013824200996018986
0.013776977682410853
0.013730037360570404
0.01368338146611754
0.013637011465052855
0.013590928851708005
0.013545135146743482
0.013499631895194493
0.013454420664561746
0.013409503042949338
0.013364880637244404
0.013320555071342222
0.013276527984411889
0.013232801029204785
0.013189375870402923
0.013146254183007538
0.013103437650765933
0.013060927964636763
0.01301872682129295
0.012976835921659812
0.01293525696949051
0.012893991669973891
0.012853041728378908
0.012812408848730307
0.012772094732517404
0.012732101077435125
0.012692429576154554
0.012653081915124844
0.012614059773404523
0.01257536482152059
0.012536998720356471
0.01249896312006734
0.012461259659021357
0.01242388996276786
0.012386855643029703
0.012350158296721715
0.0123137995049918
0.012277780832286178
0.012242103825437629
0.012206770012775512
0.012171780903257238
0.012137137985621512
0.012102842727561467
0.01206889657491821
0.012035300950892941
0.012002057255279308
0.011969166863712657
0.011936631126938685
0.011904451370098075
0.011872628892029191
0.011841164964586388
0.01181006083197557
0.011779317710103765
0.011748936785945359
0.011718919216922384
0.011689266130299695
0.011659978622593414
0.011631057758994541
0.01160250458729124
0.011574320113969114
0.011546505269276522
0.011519060997538232
0.011491988203387796
0.011465287754474248
0.011438960482396307
0.011413007182826201
0.011387428615296891
0.01136222550285234
0.011337398531647981
0.011312948350534157
0.011288875570640748
0.011265180764965996
0.011241864467975125
0.011218927175206428
0.011196369342889409
0.011174191387570283
0.011152393685748758
0.011130976573524656
0.011109940346253516
0.011089285258212737
0.011069011522277118
0.011049119309604092
0.011029608749329373
0.011010479928271763
0.010991732890648387
0.010973367637799358
0.01095538412792345
0.010937782275822825
0.010920561952658595
0.010903722985717061
0.01088726515818547
0.0108711882089399
0.010855491832342301
0.010840175678049825
0.01082523935083462
0.010810682410415289
0.010796504371299124
0.010782704701554935
0.010769282797650787
0.01075623808073976
0.01074356987478848
0.01073127746268795
0.010719360083507627
0.01070781693123053
0.010696647154186773
0.010685849854794593
0.010675424089437644
0.01066536886841094
0.010655683155902639
0.010646365869999948
0.010637415882713393
0.010628832020019206
0.010620613061916025
0.010612757742498525
0.010605264750046658
0.010598132727130458
0.010591360270732254
0.010584945932383188
0.010578888218319335
0.01057318558965124
0.010567836462553687
0.0105628392084701
0.01055819215433576
0.01055389358281808
0.010549941732574338
0.010546334798527821
0.010543070932160661
0.010540148241826119
0.010537564793077586
0.01053531860901655
0.010533407670658789
0.01053182991731776
0.010530583247007601
0.010529665516862723
