6.35304923293163
6.351320837900224
6.349592582801919
6.347864470376961
6.346136503374325
6.344408684549645
6.342681016664644
6.340953502486974
6.339226144790174
6.337498946353648
6.335771909962656
6.334045038408302
6.332318334487526
6.330591801003083
6.328865440763534
6.327139256583222
6.325413251282256
6.323687427686481
6.321961788627461
6.320236336942442
6.318511075474326
6.316786007071636
6.315061134588478
6.313336460884504
6.311611988824869
6.309887721280185
6.308163661126472
6.30643981124511
6.304716174522779
6.302992753851404
6.301269552128091
6.299546572255065
6.297823817139597
6.296101289693935
6.294378992835225
6.292656929485431
6.290935102571252
6.289213515024032
6.287492169779664
6.2857710697785
6.284050217965241
6.282329617288836
6.280609270702367
6.278889181162937
6.277169351631541
6.275449785072952
6.273730484455575
6.272011452751321
6.270292692935459
6.268574207986467
6.266856000885883
6.265138074618138
6.263420432170394
6.261703076532369
6.25998601069616
6.258269237656056
6.256552760408345
6.254836581951116
6.253120705284048
6.251405133408203
6.249689869325798
6.247974916039982
6.246260276554593
6.244545953873919
6.242831951002441
6.241118270944573
6.239404916704392
6.237691891285362
6.2359791976900425
6.234266838919796
6.232554817974478
6.230843137852128
6.22913180154864
6.227420812057429
6.225710172369089
6.223999885471037
6.222289954347149
6.220580381977385
6.218871171337402
6.217162325398161
6.215453847125517
6.213745739479805
6.212038005415404
6.210330647880304
6.208623669815651
6.206917074155286
6.205210863825268
6.203505041743392
6.201799610818688
6.200094573950919
6.198389934030053
6.196685693935738
6.194981856536756
6.193278424690471
6.191575401242264
6.189872789024958
6.18817059085823
6.186468809548018
6.184767447885908
6.183066508648524
6.1813659945969
6.179665908475845
6.177966253013298
6.176267030919682
6.174568244887241
6.172869897589379
6.171171991679986
6.169474529792766
6.167777514540554
6.166080948514635
6.164384834284057
6.162689174394948
6.160993971369824
6.159299227706908
6.157604945879447
6.155911128335028
6.154217777494907
6.152524895753342
6.150832485476933
6.149140549003967
6.147449088643783
6.145758106676145
6.144067605350626
6.142377586886015
6.140688053469733
6.138999007257273
6.137310450371665
6.1356223849029465
6.133934812907678
6.132247736408465
6.130561157393515
6.128875077816219
6.127189499594762
6.125504424611759
6.123819854713928
6.122135791711781
6.120452237379356
6.118769193453979
6.117086661636047
6.115404643588849
6.1137231409384185
6.11204215527341
6.1103616881450025
6.108681741066839
6.10700231551498
6.105323412927891
6.103645034706449
6.101967182213969
6.100289856776254
6.098613059681653
6.096936792181145
6.095261055488429
6.093585850780023
6.091911179195379
6.0902370418369935
6.088563439770529
6.086890374024936
6.0852178455925685
6.083545855429303
6.081874404454651
6.080203493551858
6.078533123568003
6.076863295314083
6.075194009565085
6.073525267060047
6.0718570685021005
6.070189414558502
6.068522305860646
6.066855743004059
6.065189726548378
6.063524257017311
6.061859334898572
6.060194960643807
6.058531134668492
6.056867857351813
6.055205129036529
6.053542950028815
6.051881320598082
6.05022024097678
6.048559711360179
6.046899731906132
6.045240302734818
6.043581423928466
6.04192309553106
6.040265317548022
6.03860808994588
6.036951412651913
6.035295285553778
6.033639708499119
6.031984681295156
6.030330203708251
6.02867627546346
6.027022896244059
6.025370065691054
6.0237177834026685
6.02206604893381
6.020414861795514
6.0187642214543695
6.017114127331919
6.015464578804033
