11.414999489478335
11.365686949609366
11.317219522645445
11.269575714418554
11.222734707657677
11.176676277807967
11.131380747099113
11.086828959716259
11.043002265943226
10.999882510057581
10.95745201980234
10.915693596533572
10.874590505674231
10.834126467325264
10.794285646976885
10.75505264630067
10.716412494018648
10.678350636851615
10.640852930551224
10.603905631021
10.567495385531435
10.531609224034035
10.49623455057886
10.461359134839677
10.426971103750425
10.393058933256386
10.359611440182993
10.326617774224928
10.294067410057764
10.26195013957415
10.230256064246195
10.198975587615452
10.168099407911596
10.137618510800678
10.107524162263578
10.077807901605063
10.048461534593658
10.019477126732294
9.990846996659624
9.962563709681541
9.934620071432532
9.907009121666055
9.879724128173292
9.852758580829237
9.826106185765154
9.799760859666224
9.773716724193179
9.747968100526542
9.722509504032095
9.697335639046061
9.672441393778485
9.647821835333149
9.623472204842411
9.599387912715182
9.575564533996356
9.551997803835867
9.528683613065528
9.505618003881851
9.482797165632935
9.460217430707546
9.437875270524499
9.4157672916204
9.393890231974499
9.372240956884871
9.350816455718634
9.329613838259156
9.308630331255667
9.287863275060419
9.267310120351121
9.246968424936554
9.22683585064347
9.206910160282831
9.187189214693584
9.167670969862098
9.148353474115492
9.129234865387039
9.110313368551925
9.091587292831571
9.073055029264841
9.05471504824444
9.036565897116818
9.018606197843953
9.00083464472541
8.98325000217906
8.96585110257892
8.948636844148574
8.931606188908681
8.914758160677055
8.898091843119929
8.881606377852913
8.865300962590318
8.849174849341416
8.833227342652348
8.817457797892361
8.801865619583069
8.786450259769513
8.771211216431778
8.75614803193597
8.741260291523405
8.726547621836822
8.712009689482553
8.697646199627531
8.68345689463008
8.669441552703454
8.655599986611108
8.64193204239274
8.628437598120101
8.615116562681676
8.601968874595327
8.588994500847988
8.576193435761578
8.563565699884276
8.551111338906372
8.53883042259987
8.526723043781114
8.514789317295664
8.503029379024712
8.491443384912365
8.480031510013067
8.468793947558542
8.457730908043626
8.44684261833035
8.436129320769698
8.425591272340457
8.415228744066289
8.405042018709587
8.395031392448258
8.385197172624899
8.375539677064985
8.366059233351706
8.356756178088832
8.347630856165955
8.33868362003198
8.329914828979092
8.321324848437955
8.312914049284245
8.304682807156393
8.296631501784288
8.288760516328663
8.281070236730896
8.273561051072948
8.266233348947182
8.259087520835815
8.252123957499764
8.245343049376674
8.23874518598791
8.232330755354328
8.226100143420643
8.220053733488218
8.214191905656117
8.208515036270295
8.20302349738076
8.197717656206619
8.192597874608875
8.187664508570874
8.18291790768633
8.178358414654824
8.173986364784719
8.169802085503452
8.165805895875089
8.161998106125173
8.158379017172777
8.154948920169758
8.151708095064627
8.148656813720633
8.145795335022973
8.143123906469066
8.140642763658395
8.13835212983731
8.136252215472565
8.134343217841256
8.132625320631917
8.131098693554534
8.129763491958634
8.128619856459013
8.12766791256904
8.126907770341468
8.12633952401683
8.125963251679384
8.125779014920745
8.125786858511207
8.12598681007882
8.126378879796322
8.126963060075944
8.127739325272191
8.12870763139263
8.129867915816778
8.13122009702317
8.132764074324607
8.134499727611722
8.136426917104892
8.138545483114564
8.140855245810048
8.14335600499685
8.146047539902614
8.148929608971677
8.15200194966836
8.15526427828898
8.158716289782681
8.162357657581095
