2026.5472448473558
2027.1026570358142
2027.625543096403
2028.1171985987094
2028.5789125503427
2029.011954095796
2029.4175685735408
2029.796974342549
2030.1513600596804
2030.4818823756393
2030.7896640255715
2031.0757922894966
2031.3413177969655
2031.5872536496936
2031.8145748358995
2032.0242179104505
2032.2170809148113
2032.3940235119765
2032.5558673122694
2032.703396366938
2032.8373578029175
2032.9584626054498
2033.067386467118
2033.164770759647
2033.2512235639826
2033.3273207596012
2033.3936071574178
2033.4505976640405
2033.4987784663858
2033.5386082268894
2033.5705192806925
2033.5949188272716
2033.6121901099584
2033.6226935777415
2033.626768024586
2033.624731702269
2033.6168834034531
2033.6035035123407
2033.5848550208264
2033.5611845085664
2033.5327230858545
2033.4996872985585
2033.4622799947506
2033.4206911529495
2033.3750986721525
2033.3256691240701
2033.272558468156
2033.2159127301788
2033.1558686452297
2033.092554266143
2033.0260895384163
2032.9565868427521
2032.8841515064237
2032.8088822846707
2032.7308718133656
2032.6502070342094
2032.566969593685
2032.4812362170196
2032.3930790583706
2032.3025660284384
2032.2097611006757
2032.1147245972356
2032.017513455771
2031.91818147815
2031.8167795621348
2031.7133559170002
2031.6079562640673
2031.5006240230489
2031.3914004850935
2031.2803249733515
2031.1674349918653
2031.0527663635266
2030.9363533578269
2030.8182288090677
2030.69842422568
2030.5769698912488
2030.453894957824
2030.3292275320432
2030.2029947545802
2030.0752228733938
2029.9459373112172
2029.8151627277107
2029.6829230766712
2029.5492416586592
2029.4141411693881
2029.2776437441985
2029.13977099891
2029.0005440673376
2028.8599836357153
2028.7181099742893
2028.5749429662844
2028.4305021344653
2028.2848066654742
2028.1378754321358
2027.9897270138838
2027.8403797154692
2027.6898515840865
2027.5381604250547
2027.385323816169
2027.2313591208342
2027.0762835000896
2026.9201139236063
2026.7628671797622
2026.6045598848564
2026.445208491547
2026.284829296582
2026.1234384478748
2025.9610519509888
2025.7976856750854
2025.633355358372
2025.4680766131069
2025.3018649301916
2025.1347356833921
2024.9667041332168
2024.79778543049
2024.6279946196387
2024.4573466417278
2024.2858563372579
2024.1135384487534
2023.9404076231538
2023.7664784140343
2023.5917652836602
2023.4162826048994
2023.2400446630006
2023.0630656572491
2022.8853597025131
2022.7069408306902
2022.5278229920616
2022.3480200565596
2022.1675458149616
2021.9864139800125
2021.804638187485
2021.6222319971737
2021.4392088938462
2021.2555822881363
2021.0713655173936
2020.886571846493
2020.7012144686025
2020.5153065059174
2020.32886101036
2020.1418909642505
2019.954409280946
2019.7664288054575
2019.577962315038
2019.3890225197504
2019.199622063011
2019.0097735221175
2018.819489408752
2018.6287821694732
2018.4376641861845
2018.2461477765896
2018.0542451946365
2017.8619686309403
2017.6693302132
2017.476342006595
2017.2830160141752
2017.0893641772375
2016.8953983756908
2016.7011304284097
2016.5065720935802
2016.3117350690343
2016.1166309925752
2015.921271442294
2015.7256679368777
2015.5298319359065
2015.3337748401482
2015.13750799184
2014.941042674966
2014.744390115525
2014.5475614817929
2014.3505678845772
2014.1534203774688
2013.9561299570796
2013.758707563282
2013.5611640794395
2013.3635103326296
2013.1657570938637
2012.9679150783
2012.7699949454534
2012.5720072993972
2012.3739626889637
2012.175871607934
2011.9777444952315
2011.7795917351032
2011.581423657302
2011.3832505372602
2011.185082596263
2010.9869300016157
2010.7888028668078
2010.5907112516725
2010.3926651625457
2010.1946745524144
2009.9967493210702
2009.7988993152542
2009.6011343287996
2009.4034641027736
2009.2058983256095
2009.0084466332466
2008.8111186092563
2008.6139237849732
