1.5009688225858493
1.5008899441209014
1.500866007739378
1.5008559203677112
1.5008513875532759
1.5008492064315329
1.500848025723829
1.500847270879845
1.5008466974453993
1.5008462013890174
1.5008457384130098
1.5008452896265698
1.500844846943925
1.5008444068738156
1.5008439678783398
1.5008435292498998
1.5008430906337533
1.5008426518250764
1.5008422126827494
1.5008417730927595
1.5008413329526913
1.5008408921651823
1.5008404506351833
1.5008400082688347
1.5008395649730268
1.5008391206552527
1.5008386752235756
1.500838228586651
1.500837780653767
1.5008373313348906
1.5008368805407126
1.500836428182699
1.500835974173131
1.50083551842515
1.500835060852798
1.500834601371055
1.5008341398958742
1.5008336763442174
1.5008332106340856
1.5008327426845505
1.500832272415781
1.5008317997490692
1.5008313246068594
1.5008308469127656
1.500830366591598
1.5008298835693796
1.500829397773369
1.500828909132075
1.5008284175752749
1.5008279230340287
1.5008274254406948
1.5008269247289423
1.500826420833763
1.5008259136914828
1.5008254032397732
1.5008248894176603
1.5008243721655332
1.500823851425151
1.5008233271396532
1.5008227992535639
1.500822267712798
1.500821732464668
1.500821193457887
1.5008206506425752
1.5008201039702613
1.5008195533938886
1.500818998867816
1.50081844034782
1.5008178777910992
1.5008173111562746
1.5008167404033912
1.500816165493918
1.5008155863907517
1.5008150030582146
1.5008144154620562
1.5008138235694524
1.5008132273490065
1.5008126267707476
1.5008120218061312
1.500811412428037
1.5008107986107695
1.500810180330056
1.5008095575630458
1.5008089302883088
1.5008082984858335
1.5008076621370263
1.5008070212247095
1.5008063757331187
1.5008057256479026
1.5008050709561198
1.5008044116462358
1.5008037477081237
1.5008030791330595
1.5008024059137208
1.5008017280441845
1.5008010455199245
1.5008003583378091
1.5007996664960972
1.5007989699944382
1.500798268833868
1.500797563016806
1.5007968525470525
1.5007961374297867
1.5007954176715625
1.5007946932803073
1.5007939642653167
1.5007932300976579
1.5007924916462863
1.5007917487343274
1.5007910013033388
1.5007902493384997
1.5007894928440835
1.5007887318332627
1.5007879663237762
1.5007871963360728
1.5007864218925233
1.5007856430170792
1.5007848597351234
1.5007841253461027
1.5007833551064604
1.5007825680949003
1.5007817715112963
1.5007809684139157
1.5007801601271298
1.5007793472369013
1.5007785300146377
1.5007777085981306
1.5007768830688262
1.5007760534848222
1.5007752198949624
1.5007743823448523
1.5007735408794267
1.5007726955440417
1.5007718463849373
1.5007709934494327
1.5007701367860027
1.5007692764443057
1.5007684124751923
1.5007675449307032
1.500766673864061
1.5007657993296655
1.5007649213830807
1.500763985462948
1.500763078508551
1.5007621810787886
1.50076128590062
1.5007603899310227
1.500759491903652
1.5007585913126176
1.5007576879784224
1.500756781862041
1.5007558729852453
1.5007549613964524
1.5007540471560836
1.500753130330269
1.500752210988149
1.5007512892007036
1.5007503650402405
1.5007494385801672
1.500748509894883
1.5007475790597222
1.5007466461509176
1.5007457112455773
1.500744774421661
1.500743835757959
1.5007428953340716
1.500741953230389
1.5007410095280695
1.500740064309019
1.500739117655867
1.5007381696519455
1.5007372203812672
1.5007362699284992
1.5007353183789416
1.5007343658185017
1.5007334123336717
1.500732458011499
1.500731502939564
1.5007305472059551
1.500729590899237
1.50072863410843
1.5007276769229776
1.5007267194327214
1.5007257617278726
1.5007248038989833
1.5007238460369172
1.500722888232821
1.5007219305780952
1.500720973164362
1.500720016083439
1.500719059427305
1.5007181032880714
1.5007171477579504
1.5007161929292248
1.5007152388942158
1.5007142857452505
1.5007133335746319
1.5007123824746056
1.5007114325373296
1.5007104838548384
