6.0
8.33006425282
8.33158551391
8.3327371841
8.33369432414
8.33455312929
8.33536553574
8.33615903339
8.33694775591
8.33773861671
8.33853468027
8.33933700341
8.34014563465
8.34096015167
8.34177994127
8.34260434586
8.34343273398
8.34426453108
8.34509922986
8.34593639014
8.34677563369
8.34761663939
8.34845913312
8.34930288317
8.35014769363
8.35099339898
8.35183985946
8.35268695709
8.35353459231
8.35438268109
8.3552311525
8.35607994669
8.35692901313
8.35777830918
8.35862779884
8.35947745172
8.36032724215
8.36117715609
8.36202715739
8.36287724206
8.36372739651
8.36457760942
8.36542787134
8.36627817433
8.36712851172
8.36797887787
8.36882926806
8.36967967828
8.37053010516
8.37138054585
8.37223099858
8.37308145991
8.37393192893
8.3747824042
8.37563288451
8.37648336882
8.37733385625
8.37818434606
8.37903483764
8.37988533045
8.38073582406
8.38158631811
8.38243681227
8.38328730629
8.38413779995
8.38498829294
8.38583878309
8.38668927787
8.38753976816
8.38839025756
8.38924074594
8.3900912332
8.39094171927
8.39179220409
8.39264268762
8.39349316983
8.39434365069
8.39519413019
8.3960446083
8.39689508501
8.39774556033
8.39859603423
8.39944650672
8.40029697779
8.40114744744
8.40199791568
8.4028483825
8.40369884791
8.4045493119
8.40539977448
8.40625023566
8.40710069543
8.40795115381
8.4088016108
8.40965206639
8.41050252061
8.41135297344
8.41220342491
8.413053875
8.41390432374
8.415
8.41585
8.4167
8.41755
8.4184
8.41925
8.4201
8.42095
8.4218
8.42265
8.4235
8.42435
8.4252
8.42605
8.4269
8.42775
8.4286
8.42945
8.4303
8.43115
8.432
8.43285
8.4337
8.43455
8.4354
8.43625
8.4371
8.43795
8.4388
8.43965
8.4405
8.44135
8.4422
8.44305
8.4439
8.44475
8.4456
8.44645
8.4473
8.44815
8.449
8.44985
8.4507
8.45155
8.4524
8.45325
8.4541
8.45495
8.4558
8.45665
8.4575
8.45835
8.4592
8.46005
8.4609
8.46175
8.4626
8.46345
8.4643
8.46515
8.466
8.46685
8.4677
8.46855
8.4694
8.47025
8.4711
8.47195
8.4728
8.47365
8.4745
8.47535
8.4762
8.47705
8.4779
8.47875
8.4796
8.48045
8.4813
8.48215
8.483
8.48385
8.4847
8.48555
8.4864
8.48725
8.4881
8.48895
8.4898
8.49065
8.4915
8.49235
8.4932
8.49405
8.4949
8.49575
8.4966
8.49745
8.4983
8.49915
