0.01266
0.00575360530092
0.00485785011031
0.00289250248054
-0.0041794718224
-0.0132333665832
-0.0201790399499
-0.0244035950024
0.0342886370099
0.0353559577461
0.0359512842826
0.0363057071766
0.036537240794
0.0367050070352
0.0368384652539
0.0369523357541
0.0370540461826
0.0371474133099
0.0372344586912
0.0373163047157
0.0373936180435
0.0374668300312
0.0375362470062
0.0376021059457
0.0376646029788
0.0377239082784
0.0377801740859
0.0378335392313
0.0378841318352
0.0379320710448
0.0379774682386
0.0380204279236
0.038061048445
0.0380994225699
0.0381356379838
0.0381697777203
0.0382019205377
0.0382321412525
0.0382605110358
0.0382870976789
0.0383119658311
0.0383351772145
0.0383567908176
0.0383768630708
0.0383954480064
0.0384125974034
0.0384283609214
0.0384427862214
0.0384559190785
0.0384678034848
0.0384784817449
0.0384879945637
0.0384963811287
0.038503679186
0.0385099251114
0.0385151539764
0.0385193996105
0.038522694659
0.0385250706379
0.0385265579848
0.0385271861071
0.0385269834276
0.0385259774274
0.038524194686
0.0385216609197
0.0385184010178
0.0385144390768
0.0385097984327
0.0385045017259
0.0384985707938
0.0384920269028
0.0384848906389
0.0384771819662
0.0384689202507
0.0384601242827
0.0384508122983
0.0384410020002
0.0384307105762
0.0384199547187
0.0384087506416
0.0383971140977
0.038385060394
0.0383726044076
0.0383597606003
0.0383465430318
0.0383329653741
0.0383190409231
0.0383047826116
0.0382902030205
0.0382753143902
0.0382601286306
0.0382446573323
0.0382289117755
0.0382129029397
0.0381966415126
0.0381801378989
0.0381634022282
0.0381464443631
0.0381292739069
0.0381119002109
0.0380943323812
0.0380765792856
0.0380586495603
0.0380405516159
0.0380222936434
0.0380038836203
0.0379853293161
0.0379666382973
0.0379478179334
0.0379288754012
0.0379098176902
0.0378906516067
0.0378713837793
0.0378520206622
0.0378325685403
0.0378130335328
0.0377934215977
0.0377737385351
0.0377539899913
0.0377341814625
0.0377143182982
0.0376944057046
0.037674448748
0.0376544523579
0.0376344213307
0.0376143603319
0.0375942738998
0.037574166448
0.0375540422687
0.0375339055346
0.0375137603026
0.0374936105156
0.0374734600057
0.0374533124962
0.0374331716041
0.0374130408428
0.0373929236241
0.0373728232606
0.0373527429679
0.0373326858667
0.0373126549848
0.0372926532597
0.0372726835398
0.0372527485871
0.0372328510787
0.0372129936089
0.037193178691
0.037173408759
0.0371536861695
0.0371340132035
0.0371143920679
0.0370948248972
0.0370753137555
0.0370558606375
0.0370364674705
0.0370171361157
0.03699786837
0.0369786659671
0.0369595305792
0.0369404638183
0.0369214672378
0.0369025423335
0.0368836905452
0.0368649132579
0.0368462118032
0.0368275874604
0.0368090414578
0.036790574974
0.036772189139
0.0367538850353
0.0367356636991
0.0367175261215
0.0366994732495
0.0366815059871
0.0366636251963
0.0366458316982
0.036628126274
0.0366105096661
0.0365929825787
0.0365755456792
0.036558199599
0.0365409449342
0.0365237822468
0.0365067120654
0.036489734886
0.0364728511731
0.0364560613603
0.0364393658513
0.0364227650205
0.0364062592138
0.0363898487495
0.0363735339192
0.0363573149878
0.0363411921953
0.0363251657565
0.0363092358623
0.0362934026803
0.0362776663551
0.0362620270095
0.0362464847445
