2.98379129777
2.984014214
2.98424700317
2.98448545345
2.98472861949
2.98497626301
2.98522832946
2.98548481256
2.9857457187
2.98601105752
2.98628083947
2.98655507516
2.98683377516
2.98711695
2.98740461011
2.98769676586
2.98799342755
2.98829460536
2.98860030943
2.98891054978
2.98922533634
2.98954467897
2.98986858738
2.99019707122
2.99053013999
2.99086780309
2.99121006977
2.99155694915
2.99190845023
2.99226458181
2.99262535255
2.99299077095
2.99336084529
2.9937355837
2.99411499407
2.99449908408
2.99488786119
2.99528133262
2.99567950534
2.99608238603
2.99648998112
2.99690229673
2.99731933869
2.99774111247
2.99816762325
2.99859887582
2.99903487463
2.99947562373
2.99992112675
3.00037138694
3.00082640709
3.00128618954
3.00175073614
3.00222004827
3.00269412679
3.00317297203
3.00365658375
3.00414496115
3.00463810284
3.0051360068
3.00563867037
3.00614609024
3.00665826238
3.0071751821
3.00769684393
3.00822324166
3.00875436829
3.00929021602
3.00983077619
3.0103760393
3.01092599493
3.01148063179
3.01203993759
3.0126038991
3.01317250208
3.01374573126
3.01432357031
3.01490600182
3.01549300725
3.01608456693
3.01668066001
3.01728126445
3.01788635697
3.01849591302
3.0191099068
3.01972831117
3.02035109768
3.02097823649
3.0216096964
3.02224544479
3.02288544761
3.02352966939
3.02417807315
3.02483062048
3.02548727143
3.02614798457
3.02681271698
3.02748142419
3.02815406023
3.02883057764
3.02951092743
3.03019505915
3.03088292085
3.03157445918
3.03226961935
3.03296834521
3.03367057927
3.03437626279
3.03508533582
3.03579773726
3.03651340497
3.03723227585
3.03795428596
3.03867937059
3.03940746448
3.04013850186
3.04087241668
3.04160914277
3.042348614
3.04309076452
3.04383552894
3.04458284262
3.04533264188
3.04608486428
3.04683944892
3.04759633675
3.04835547085
3.04911679682
3.04988026309
3.05064582132
3.05141342672
3.05218303851
3.05295462025
3.05372814028
3.05450357211
3.05528089481
3.05606009342
3.05684115935
3.05762409072
3.05840889276
3.0591955781
3.05998416714
3.06077468825
3.06156717807
3.06236168163
3.06315825256
3.06395695313
3.06475785426
3.06556103549
3.06636658488
3.06717459877
3.06798518152
3.06879844519
3.06961450904
3.07043349906
3.07125554736
3.07208079146
3.07290937358
3.07374143978
3.07457713904
3.07541662241
3.07626004188
3.07710754943
3.07795929595
3.07881543014
3.0796760974
3.08054143876
3.08141158983
3.08228667972
3.08316683006
3.08405215404
3.08494275554
3.08583872827
3.0867401551
3.08764710731
3.08855964412
3.08947781214
3.09040164507
3.09133116333
3.09226637397
3.09320727053
3.09415383305
3.09510602817
3.09606380932
3.09702711694
3.09799587881
3.09897001043
3.0999494155
3.10093398631
3.10192360433
3.10291814074
3.10391745702
3.1049214055
3.10592983
3.10694245213
3.10795942239
3.10898027729
3.11000489673
3.11103310186
3.11206469935
