1.5978342331
-0.0179027121859
-0.0091144118166
-0.00229594452497
0.00299300600964
0.00709404516647
0.0102723217117
0.0127337235764
0.0146381780096
0.0161099475969
0.0172456068165
0.0181202258372
0.01879216734
0.0193068117686
0.0196994379709
0.019997484741
0.0202222840496
0.0203904204619
0.0205147855772
0.0206053980353
0.0206700413321
0.0207147574386
0.0207442437982
0.0207621361085
0.0207712548684
0.0207737837615
0.0207714112704
0.0207654408905
0.0207568769074
0.0207464913096
0.0207348749503
0.0207224795756
0.0207096476658
0.020696637716
0.0206836431111
0.0206708069268
0.0206582334355
0.0206459970484
0.0206341492595
0.0206227240377
0.0206117420087
0.0206012136961
0.0205911420314
0.0205815242939
0.020572353609
0.0205636201017
0.0205553117837
0.0205474152325
0.0205399161097
0.0205327995544
0.0205260504804
0.0205196537978
0.0205135945777
0.0205078581717
0.0205024302978
0.020497297099
0.020492445183
0.0204878616461
0.020483534085
0.0204794506009
0.0204755997965
0.0204719707684
0.0204685530963
0.0204653368292
0.0204623124708
0.0204594709633
0.0204568036706
0.0204543023616
0.0204519591934
0.020449766694
0.0204477177467
0.0204458055738
0.0204440237207
0.0204423660419
0.0204408266856
0.0204394000806
0.0204380809228
0.0204368641624
0.0204357449919
0.0204347188347
0.0204337813336
0.0204329283409
0.0204321559076
0.0204314602747
0.0204308378632
0.020430285266
0.0204297992397
0.0204293766964
0.0204290146962
0.0204287104404
0.0204284612645
0.0204282646319
0.0204281181275
0.0204280194522
0.0204279664171
0.0204279569381
0.0204279890313
0.0204280608079
0.0204281704695
0.0204283163042
0.0204284966821
0.0204287100515
0.0204289549351
0.0204292299266
0.0204295336872
0.0204298649423
0.0204302224784
0.0204306051406
0.0204310118292
0.0204314414976
0.0204318931491
0.0204323658355
0.0204328586538
0.0204333707447
0.0204339012901
0.0204344495115
0.0204350146678
0.0204355960537
0.0204361929981
0.020436804862
0.0204374310375
0.0204380709462
0.0204387240374
0.0204393897874
0.0204400676976
0.0204407572939
0.0204414581251
0.0204421697618
0.0204428917958
0.0204436238386
0.0204443655207
0.0204451164908
0.0204458764145
0.0204466449741
0.0204474218673
0.0204482068067
0.0204489995192
0.020449799745
0.0204506072371
0.020451421761
0.0204522430935
0.0204530710228
0.0204539053475
0.0204547458762
0.0204555924274
0.0204564448283
0.0204573029151
0.0204581665321
0.0204590355317
0.0204599097737
0.0204607891249
0.0204616734592
0.0204625626568
0.0204634566042
0.0204643551936
0.0204652583231
0.0204661658959
0.0204670778203
0.0204679940097
0.0204689143819
0.0204698388591
0.0204707673677
0.0204716998383
0.020472636205
0.0204735764056
0.0204745203816
0.0204754680776
0.020476421116
0.020477375635
0.0204783338731
0.0204792957319
0.0204802611393
0.0204812300382
0.0204822023802
0.0204831781234
0.0204841572299
0.0204851396658
0.0204861253999
0.0204871144036
0.0204881066507
0.0204891021172
0.0204901007808
0.0204911026212
0.0204921076195
0.0204931157585
0.0204941270223
0.0204951413966
0.0204961588681
0.0204971794248
0.020498203056
0.0204992297517
0.0205002595033
0.020501292303
0.0205023281439
0.0205033670202
0.0205044089265
0.0205054538587
0.0205065018131
0.020507552787
0.02050860547
