5908.91304
9420.15239796
13357.1274176
23673.1723991
26403.4751688
27973.8539968
28552.4228351
28512.5248139
28060.2448773
27551.5048986
26984.6291018
26403.9766438
25830.412595
25273.4776567
24737.2960043
24223.3826371
23731.9773108
23262.6863345
22814.7985511
22387.4461187
21979.6897889
21590.5662862
21219.1158365
20864.3987323
20525.5054739
20201.5629216
19891.7378399
19595.2386727
19311.3160901
19039.2626719
18778.41199
18528.1372758
18287.8498141
18056.9971659
17835.0612984
17621.5566788
17416.0283746
17218.0501901
17027.2228612
16843.1723224
16665.5480549
16494.0215227
16328.2846962
16168.0486664
16013.0423458
15863.0112543
15717.7163875
15576.9331612
15440.4504309
15308.0695794
15179.6036695
15054.8766579
14933.7226645
14815.9852951
14701.5170129
14590.1785547
14481.8383893
14376.3722153
14273.662494
14173.5980159
14076.0734981
13980.9892102
13888.2506258
13797.7680993
13709.4565648
13623.2352551
13539.0274417
13456.7601906
13376.3641361
13297.7732694
13220.925814
13145.7597385
13072.2190575
13000.2493437
12929.7986625
12860.8174322
12793.258292
12727.0759796
12662.2272158
12598.6705969
12536.3664938
12475.2769567
12415.3656267
12356.5976525
12298.9396114
12242.3594366
12186.8263473
12132.310784
12078.7843474
12026.2197407
11974.5907155
11923.8720205
11874.0393538
11825.0693172
11776.9393735
11729.6278059
11683.1136805
11637.3768096
11592.3977178
11548.1576104
11504.638342
11461.8223885
11419.6928195
11378.2332725
11337.4279284
11297.2614885
11257.7191522
11218.7865963
11180.4499552
11142.6958021
11105.5111309
11068.8833395
11032.8002135
10997.249911
10962.2209476
10927.7021828
10893.6828067
10860.1523273
10827.1005584
10794.5176082
10762.3938683
10730.7200033
10699.4869408
10668.6858618
10638.3081916
10608.3455911
10578.7899485
10549.6333712
10520.8681786
10492.4868942
10464.4822388
10436.8471243
10409.5746464
10382.6580793
10356.0908691
10329.8666288
10303.9791322
10278.4223092
10253.1902406
10228.2771532
10203.6774152
10179.385532
10155.3961417
10131.704011
10108.3040312
10085.1912147
10062.3606909
10039.807703
10017.5276044
9995.51585568
9973.76802116
9952.27976599
9931.04685323
9910.06514101
9889.33057975
9868.83920962
9848.58715789
9828.57063657
9808.78593998
9789.22944249
9769.8975963
9750.78692928
9731.89404294
9713.21561041
9694.7483745
9676.48914587
9658.43480117
9640.58228131
9622.9285898
9605.47079104
9588.2060088
9571.13142465
9554.24427647
9537.541857
9521.02151249
9504.68064126
9488.51669246
9472.52716478
9456.70960518
9441.06160772
9425.58081242
9410.26490406
9395.11161117
9380.11870492
9365.2839981
9350.60534409
9336.08063596
9321.70780545
9307.48482211
9293.40969236
9279.48045866
9265.69519866
9252.05202438
9238.54908143
9225.1845482
9211.95663515
9198.86358408
9185.90366737
9173.07518734
9160.37647559
