17.666598271
17.7007449417
17.7247668923
17.7401065752
17.7480013605
17.7495128285
17.7455518424
17.7369000112
17.7242280825
17.7081117046
17.6890449224
17.6674517532
17.6436961136
17.6180903329
17.5909024568
17.5623625129
17.5326678888
17.5019879464
17.4704679832
17.4382326336
17.4053887879
17.3720280992
17.3382291366
17.3040592335
17.269576075
17.2348290622
17.1998604829
17.1647065177
17.1293981042
17.0939616794
17.0584198171
17.0227917756
16.9870939687
16.9513403694
16.9155428571
16.879711516
16.8438548911
16.8079802055
16.772093559
16.7362000799
16.7003040676
16.6644091131
16.6285182013
16.5926337994
16.5567579325
16.5208922485
16.4850380743
16.449196463
16.4133682356
16.3775540155
16.3417542593
16.3059692023
16.2701992057
16.234444281
16.1987044401
16.1629796249
16.1272697197
16.0915745604
16.0558939441
16.0202276357
15.9845753744
15.9489368793
15.9133118537
15.8776999888
15.8421009674
15.8065144663
15.770940162
15.7353777222
15.6998268186
15.6642871244
15.6287583153
15.5932400702
15.5577320726
15.5222340104
15.4867455769
15.4512664714
15.4157963987
15.3803350703
15.3448822039
15.3094375235
15.27400076
15.2385716507
15.2031499395
15.1677353768
15.1323277197
15.0969267314
15.0615321817
15.0261438466
14.9907615081
14.9553849541
14.9200139788
14.8846483817
14.8492879683
14.8139325493
14.7785819408
14.7432359644
14.7078944465
14.6725572186
14.637224117
14.6018949827
14.5665696613
14.5312480029
14.4959298617
14.4606150964
14.4253035696
14.389995148
14.354689702
14.319387106
14.2840872379
14.2487899789
14.2134952142
14.1782028317
14.1429127231
14.1076247829
14.0723389087
14.0370550013
14.001772964
13.9664927031
13.9312141278
13.8959371496
13.8606616827
13.8253876437
13.7901149519
13.7548435286
13.7195732975
13.6843041845
13.6490361176
13.6137690269
13.5785028446
13.5432375047
13.5079729404
13.4727090929
13.4374459017
13.402183308
13.3669212547
13.3316596863
13.2963985492
13.2611377909
13.2258773608
13.1906172094
13.1553572889
13.1200975527
13.0848379556
13.0495784536
13.0143190041
12.9790595655
12.9438000976
12.9085405611
12.8732809181
12.8380211315
12.8027611653
12.7675009847
12.7322405556
12.696979845
12.6617188209
12.626457452
12.5911957081
12.5559335595
12.5206709778
12.4854079349
12.4501444038
12.4148803581
12.3796157722
12.3443506211
12.3090848807
12.2738185272
12.2385515378
12.2032838901
12.1680155625
12.1327465337
12.0974767833
12.0622062911
12.0269350378
11.9916630043
11.9563901723
11.9211165236
11.8858420409
11.8505667072
11.8152905057
11.7800134205
11.7447354356
11.7094565359
11.6741767063
11.6388959324
11.6036141999
11.568331495
11.5330478043
11.4977631147
11.4624774132
11.4271906875
11.3919029254
11.356614115
11.3213242469
11.2860333051
11.2507412833
11.2154481681
11.1801539491
11.1448586161
11.1095621592
11.0742645687
