33823.2
32129.9874087
32434.1569692
30742.9112005
31656.2141612
32606.7995177
33366.440743
33920.556378
34016.0701314
34330.5652774
34605.2179989
34857.9713041
35098.1878098
35330.6465848
35557.774739
35780.81246
36000.4045573
36216.8973792
36430.4872896
36641.2949306
36849.4024583
37054.8722898
37257.7565945
37458.1021301
37655.9527286
37851.3505833
38044.3369207
38234.9523512
38423.2370509
38609.2308507
38792.9732746
38974.5035491
39153.860595
39331.0830096
39506.2090416
39679.2765638
39850.3230427
40019.3855077
40186.5005205
40351.7041455
40515.0319208
40676.5188309
40836.1992822
40994.1070792
41150.2754042
41304.7367981
41457.5231451
41608.6656583
41758.1948688
41906.1406163
42052.532043
42197.3975884
42340.7649877
42482.6612707
42623.1127638
42762.1450931
42899.783189
43036.0512932
43170.972966
43304.5710953
43436.867907
43567.8849761
43697.6432385
43826.163004
43953.4639695
44079.5652336
44204.4853105
44328.2421449
44450.8531278
44572.3387662
44692.7080588
44811.9805024
44930.1714269
45047.2956854
45163.3676711
45278.4013316
45392.4101848
45505.407334
45617.4054825
45728.4169488
45838.4536801
45947.5272674
46055.6489585
46162.8296717
46269.0800091
46374.4102691
46478.830459
46582.350307
46684.9792738
46786.7265644
46887.6011383
46987.611721
47086.7668134
47185.0747026
47282.5434707
47379.1810044
47474.9950039
47569.9929912
47664.1823185
47757.5701759
47850.1635992
47941.969477
48032.9945578
48123.2454563
48212.7286603
48301.4505365
48389.4173363
48476.6352015
48563.1101697
48648.8481791
48733.8550737
48818.1366076
48901.6984496
48984.5461873
49066.6853313
49148.1213184
49228.859516
49308.9052248
49388.2636826
49466.9400669
49544.939498
49622.267042
49698.927713
49774.9264757
49850.2682478
49924.9579022
49999.0002689
50072.4001371
50145.1622569
50217.2913411
50288.792067
50359.6690774
50429.9269825
50499.5703611
50568.6037617
50637.0317039
50704.858679
50772.0891517
50838.7275604
50904.7783185
50970.2458149
51035.1344147
51099.4484605
51163.192272
51226.3701474
51288.9863638
51351.0451771
51412.5508231
51473.5075177
51533.919457
51593.7908179
51653.1257583
51711.9284172
51770.2029151
51827.9533542
51885.1838183
51941.8983733
51998.101067
52053.7959292
52108.9869722
52163.6781903
52217.8735599
52271.5770401
52324.7925719
52377.5240787
52429.7754661
52481.5506219
52532.8534161
52583.6877007
52634.0573096
52683.966059
52733.4177467
52782.4161521
52830.9650368
52879.0681434
52926.7291965
52973.9519016
53020.7399459
53067.0969974
53113.0267054
53158.5326999
53203.6185921
53248.2879735
53292.5444163
53336.3914734
53379.8326778
53422.8715429
53465.5115622
53507.7562093
53549.6089377
53591.0731807
53632.1523515
53672.8498426
53713.1690264
53753.1132547
53792.6858585
53831.8901481
53870.7294133
53909.2069226
53947.3259239
