-19.8091140636
-20.7325564801
-20.9264736638
-21.1039125651
-21.2682526117
-21.420881776
-21.562763466
-21.694723741
-21.8175096058
-21.9318021769
-22.038229839
-22.1373682499
-22.229747999
-22.3158580289
-22.3961493408
-22.4710382645
-22.5409093924
-22.6061182224
-22.6669935457
-22.7238396106
-22.776938087
-22.8265498549
-22.8729166339
-22.9162624724
-22.956795108
-22.9947072144
-23.0301775437
-23.0633719752
-23.0944444791
-23.1235380023
-23.1507852844
-23.1763096092
-23.2002254979
-23.2226393483
-23.2436500253
-23.2633494068
-23.2818228879
-23.2991498478
-23.3154040814
-23.3306541996
-23.3449639996
-23.3583928083
-23.3709958003
-23.3828242937
-23.3939260236
-23.4043453958
-23.4141237231
-23.4232994441
-23.431908326
-23.4399836539
-23.4475564056
-23.4546554144
-23.4613075206
-23.4675377119
-23.4733692535
-23.4788238103
-23.4839215586
-23.4886812914
-23.4931205159
-23.4972555435
-23.5011015741
-23.5046727745
-23.5079823505
-23.511042615
-23.5138650505
-23.5164603673
-23.518838558
-23.5210089477
-23.5229802412
-23.524760566
-23.5263575134
-23.5277781755
-23.5290291808
-23.5301167264
-23.5310466083
-23.5318242494
-23.5324547256
-23.5329427906
-23.5332928975
-23.5335092208
-23.5335956752
-23.5335559341
-23.5333934461
-23.5331114512
-23.5327129948
-23.5322009417
-23.5315779882
-23.5308466742
-23.530009394
-23.5290684063
-23.5280258437
-23.5268837212
-23.5256439446
-23.5243083179
-23.5228785506
-23.5213562637
-23.5197429962
-23.5180402104
-23.5162492977
-23.5143715827
-23.5124083285
-23.5103607402
-23.5082299696
-23.5060171181
-23.5037232405
-23.501349348
-23.4988964114
-23.4963653633
-23.4937571012
-23.4910724896
-23.4883123619
-23.4854775232
-23.4825687513
-23.4795868614
-23.4765324561
-23.4734063075
-23.4702091027
-23.4669415094
-23.4636041776
-23.4601977401
-23.4567228143
-23.4531800026
-23.4495698938
-23.4458930635
-23.4421500752
-23.438341481
-23.4344677729
-23.4305295833
-23.426527382
-23.4224616818
-23.4183329872
-23.4141417945
-23.4098885927
-23.4055738638
-23.4011980831
-23.3967617194
-23.3922652359
-23.3877090897
-23.3830937331
-23.3784196128
-23.373687171
-23.3688968453
-23.3640490688
-23.3591442707
-23.354182876
-23.3491653061
-23.3440919787
-23.3389633082
-23.3337797056
-23.3285415787
-23.3232493324
-23.3179033686
-23.3125040865
-23.3070518826
-23.3015471508
-23.2959902824
-23.2903816663
-23.2847216894
-23.2790107358
-23.2732491879
-23.2674374257
-23.2615758272
-23.2556647685
-23.2497046237
-23.2436957649
-23.2376385624
-23.2315333848
-23.2253805989
-23.2191805697
-23.2129336606
-23.2066402332
-23.2003006477
-23.1939152626
-23.1874844347
-23.1810085196
-23.174487871
-23.1679228415
-23.161313782
-23.1546610419
-23.1479649694
-23.1412259112
-23.1344442125
-23.1276202174
-23.1207542684
-23.1138467068
-23.1068978726
-23.0999081042
-23.0928777392
-23.0858071135
-23.0786965619
-23.0715464181
-23.0643570141
-23.0571286812
-23.049861749
-23.0425565462
-23.0352134002
-23.0278326371
-23.020414582
-23.0129595586
-23.0054678895
