0.025539500535
0.0257267806657
0.0257674080402
0.0257743280267
0.0257726534325
0.0257687713351
0.0257643184146
0.0257597129792
0.0257550605156
0.0257503862021
0.0257456946603
0.0257409853182
0.0257362563588
0.0257315057315
0.0257267314065
0.0257219314353
0.025717103961
0.0257122472171
0.0257073595219
0.0257024392742
0.0256974849482
0.0256924950888
0.0256874683077
0.0256824032797
0.0256772987388
0.0256721534752
0.0256669663325
0.0256617362046
0.0256564620334
0.0256511428065
0.0256457775551
0.0256403653517
0.0256349053087
0.0256293965767
0.0256238383427
0.0256182298288
0.0256125702913
0.0256068590187
0.0256010953316
0.0255952785809
0.0255894081475
0.0255834834411
0.0255775038995
0.0255714689883
0.0255653781997
0.0255592310525
0.0255530270914
0.0255467658866
0.0255404470333
0.0255340701516
0.025527634886
0.0255211409054
0.0255145879027
0.0255079755948
0.0255013037221
0.025494572049
0.0254877803634
0.0254809284766
0.0254740162237
0.0254670434633
0.0254600100775
0.025452915972
0.0254457610763
0.0254385453437
0.0254312687513
0.0254239313001
0.0254165330153
0.0254090739462
0.0254015541666
0.0253939737746
0.025386332893
0.0253786316694
0.0253708702761
0.0253630489107
0.0253551677956
0.025347227179
0.0253392273341
0.0253311685598
0.0253230511807
0.0253148755472
0.0253066420354
0.0252983510475
0.0252900030117
0.025281598382
0.0252731376389
0.0252646212886
0.0252560498637
0.0252474239228
0.0252387440503
0.0252300108568
0.0252212249787
0.0252123870782
0.025203497843
0.0251945579863
0.0251855682464
0.0251765293867
0.0251674421953
0.0251583074847
0.0251491260915
0.0251398988759
0.0251306267214
0.0251213105347
0.0251119512442
0.0251025498008
0.0250931071761
0.0250836243627
0.0250741023728
0.025064542238
0.0250549450084
0.0250453117516
0.0250356435519
0.0250259415095
0.0250162067391
0.0250064403695
0.0249966435417
0.0249868174084
0.0249769631324
0.0249670818851
0.0249571748455
0.0249472431986
0.0249372881337
0.0249273108431
0.0249173125203
0.0249072943582
0.0248972575475
0.0248872032746
0.02487713272
0.0248670470563
0.0248569474459
0.0248468350395
0.0248367109735
0.0248265763685
0.0248164323267
0.0248062799302
0.0247961202387
0.0247859542877
0.0247757830865
0.0247656076159
0.024755428827
0.0247452476389
0.0247350649373
0.024724881573
0.0247146983605
0.0247045160766
0.0246943354597
0.0246841572087
0.0246739819824
0.0246638103989
0.0246536430358
0.0246434804297
0.0246333230765
0.0246231714324
0.0246130259137
0.0246028868985
0.0245927547276
0.0245826297047
0.0245725121007
0.0245624021527
0.0245523000671
0.0245422060216
0.0245321201673
0.024522042631
0.0245119735179
0.0245019129135
0.0244918608869
0.0244818174927
0.024471782774
0.0244617567649
0.0244517394928
0.0244417309814
0.0244317312525
0.0244217403289
0.0244117582365
0.0244017850063
0.0243918206767
0.0243818652954
0.024371918921
0.0243619816395
0.0243520535102
0.0243421346451
0.0243322251646
0.0243223252062
0.024312434927
0.0243025545041
0.0242926841363
0.0242828240446
0.024272974473
0.0242631356888
0.0242533079839
0.0242434916744
0.024233687102
0.0242238946336
0.0242141146621
0.0242043476066
0.0241945939127
0.024184854053
0.0241751285271
0.0241654178619
0.024155722612
0.02414604336
