12458.0042496
26695.74949
26874.2154895
27053.9009863
27234.5139798
27415.9938742
27598.3061642
27781.4197412
27965.3038154
28149.9275926
28335.260238
28521.2708744
28707.9285857
28895.2024195
29083.0613919
29271.4744905
29460.4106794
29649.838903
29839.72809
30030.0471574
30220.7650148
30411.8505678
30603.2727217
30795.0003847
30987.002471
31179.2479039
31371.7056181
31564.3445619
31757.1336999
31950.0420139
32143.0385049
32336.0921946
32529.1721257
32722.2473635
32915.286996
33108.2601345
33301.1359139
33493.8834927
33686.4720531
33878.8708007
34071.0489647
34262.9757973
34454.6205738
34645.952592
34836.9411724
35027.5556579
35217.7654137
35407.5398275
35596.8483097
35785.6602939
35973.9452371
36161.6726211
36348.811953
36535.332767
36721.2046256
36906.3971219
37090.8798815
37274.6225656
37457.5948736
37639.7665466
37821.1073716
38001.5871853
38181.1758788
38359.8434034
38537.5597756
38714.2950835
38890.0194939
39064.7032588
39238.3167236
39410.8303354
39582.2146517
39752.4403496
39921.4782363
40089.2992593
40255.8745173
40421.1752722
40585.1729614
40747.8392102
40909.1458457
41069.0649103
41227.5686762
41384.6296611
41540.2206428
41694.314676
41846.8851087
41997.9055993
42147.350134
42295.1930454
42441.4090302
42585.9731687
42728.8609438
42870.0482605
43009.5114663
43147.227371
43283.1732676
43417.3269525
43549.6667471
43680.1715184
43808.8207002
43935.5943147
44060.4729934
44183.4379985
44304.4712439
44423.5553164
44540.6734963
44655.8097783
44768.9488914
44880.0763189
44989.1783183
45096.2419397
45201.2550448
45304.2063247
45405.0853169
45503.8824219
45600.5889193
45695.196982
45787.6996908
45878.0910473
45966.3659854
46052.5203828
46136.5510704
46218.4558409
46298.233456
46375.8836527
46451.4071474
46524.8056394
46596.0818125
46665.2393356
46732.2828608
46797.2180208
46860.0514248
46920.7906518
46979.4442434
47036.0216939
47090.5334396
50832.0915118
52464.833806
54004.5968214
55472.7475934
56884.0688812
58249.1940843
59576.0038557
60870.4806862
62137.2559872
63379.9733961
64601.5376752
65804.2898839
66990.1335979
68160.6277577
69317.0562333
70460.4808047
71591.7821044
72711.6916778
73820.8173854
74919.6637457
76008.6483816
77088.1154321
78158.346571
79219.5701206
80271.9686318
81315.6852183
82350.8288688
83342.3553926
84306.008525
85257.6834664
86197.4635271
87125.4133539
88041.5842258
88946.0157368
89838.7350097
90719.7565751
91589.082021
92446.6994022
93292.5824111
94126.6878679
94948.9602534
95759.3211006
96557.6732034
97343.8967733
98117.8467619
98879.3497156
99628.2000792
100364.155847
101086.93343
101796.201583
102491.574184
103172.601611
103838.760397
104489.440744
105123.931349
105741.400868
106340.875076
106921.208512
107481.048979
108018.792638
108532.526639
109019.954921
109478.300982
109904.178576
110293.416782
