6.1474
16.5048088052
16.5048348869
16.5048642208
16.5048967971
16.5049326081
16.5049716472
16.5050139082
16.5050593854
16.5051080731
16.5051599659
16.5052150585
16.5052733457
16.5053348223
16.5053994833
16.5054673239
16.5055383391
16.5056125242
16.5056898744
16.5057703849
16.5058540513
16.5059408688
16.5060308328
16.5061239388
16.5062201822
16.5063195585
16.5064220632
16.5065276917
16.5066364395
16.506748302
16.5068632748
16.5069813532
16.5071025326
16.5072268086
16.5073541764
16.5074846313
16.5076181689
16.5077547842
16.5078944727
16.5080372295
16.5081830498
16.5083319288
16.5084838616
16.5086388432
16.5087968688
16.5089579332
16.5091220315
16.5092891586
16.5094593092
16.5096324782
16.5098086604
16.5099878504
16.5101700429
16.5103552325
16.5105434138
16.5107345811
16.5109287291
16.511125852
16.5113259442
16.5115289999
16.5117350134
16.5119439789
16.5121558904
16.5123707419
16.5125885276
16.5128092412
16.5130328766
16.5132594277
16.5134888883
16.5137212519
16.5139565122
16.5141946629
16.5144356973
16.5146796089
16.5149263911
16.5151760373
16.5154285406
16.5156838943
16.5159420914
16.5162031246
16.5164669878
16.5167336735
16.5170031745
16.5172754835
16.5175505935
16.5178284969
16.5181091865
16.5183926547
16.518678894
16.5189678968
16.5192596553
16.519554162
16.5198514089
16.5201513882
16.5204540919
16.520759512
16.5210676405
16.521378469
16.5216919894
16.5220081935
16.5223270727
16.5226486187
16.522972823
16.5232996768
16.5236291716
16.5239612987
16.5242960491
16.524633414
16.5249733845
16.5253159515
16.5256611058
16.5260088383
16.5263591397
16.5267120006
16.5270674118
16.5274253635
16.5277858464
16.5281488506
16.5285143666
16.5288823845
16.5292528944
16.5296258865
16.5300013505
16.5303792765
16.5307596543
16.5311424736
16.5315277241
16.5319153953
16.5323054768
16.5326979581
16.5330928284
16.5334900772
16.5338896935
16.5342916665
16.5346959854
16.535102639
16.5355116164
16.5359229063
16.5363364975
16.5367523788
16.5371705387
16.5375909659
16.5380136488
16.5384385757
16.5388657352
16.5392951154
16.5397267035
16.5401604898
16.5405964613
16.541034606
16.5414749119
16.5419173669
16.5423619587
16.5428086751
16.5432575039
16.5437084326
16.544161449
16.5446165404
16.5450736945
16.5455328985
16.5459941398
16.5464574059
16.5469226839
16.547389961
16.5478592244
16.5483304613
16.5488036587
16.5492788036
16.5497558831
16.550234884
16.5507157933
16.5511985978
16.5516832845
16.55216984
16.5526582512
16.5531485047
16.5536405874
16.5541344859
16.5546301868
16.5551276767
16.5556269424
16.5561279703
16.5566307471
16.5571352593
16.5576414935
16.5581494361
16.5586590737
16.5591703929
16.55968338
16.5601980217
16.5607143044
16.5612322146
16.5617517388
16.5622728646
16.5627955763
16.5633198615
16.5638457068
16.5643730987
16.5649020237
16.5654324684
