-0.00971459549459
-0.00740613575775
-0.00747653288706
-0.00778526398073
-0.00765029895455
-0.00756154329646
-0.00751513207067
-0.00749326018717
-0.00747650407684
-0.00747351777479
-0.00747372865591
-0.00747532241734
-0.00747741516129
-0.00747959010598
-0.00748166102163
-0.00748355372097
-0.00748524728592
-0.00748674513975
-0.00748806094141
-0.0074892118161
-0.00749021520409
-0.00749108748354
-0.00749184345274
-0.00749249621902
-0.00749305727126
-0.00749353662666
-0.00749394299949
-0.00749428396746
-0.00749456612531
-0.00749479522193
-0.00749497628051
-0.0074951137027
-0.00749521135833
-0.00749527266231
-0.00749530064032
-0.00749529798488
-0.00749526710309
-0.00749521015719
-0.00749512909901
-0.00749502569923
-0.0074949015722
-0.00749475819685
-0.0074945969346
-0.00749441904431
-0.00749422569508
-0.00749401797701
-0.00749379691035
-0.00749356345322
-0.00749331850815
-0.00749306292768
-0.00749279751903
-0.00749252304819
-0.0074922402433
-0.00749194979762
-0.00749165237205
-0.0074913485973
-0.00749103907579
-0.0074907243833
-0.00749040507039
-0.00749008166369
-0.00748975466703
-0.00748942456245
-0.0074890918111
-0.00748875685408
-0.00748842011323
-0.00748808199177
-0.00748774287499
-0.00748740313073
-0.00748706311049
-0.00748672314916
-0.00748638356609
-0.00748604466545
-0.00748570673671
-0.00748537005509
-0.00748503488202
-0.00748470146559
-0.00748437004095
-0.00748404083071
-0.00748371404538
-0.00748338988373
-0.00748306853317
-0.00748275017016
-0.00748243496053
-0.00748212305986
-0.00748181461383
-0.00748150975855
-0.00748120862091
-0.0074809113189
-0.00748061796191
-0.00748032865108
-0.00748004347954
-0.00747976253281
-0.00747948588897
-0.00747921361904
-0.0074789457872
-0.00747868245108
-0.00747842366202
-0.00747816946532
-0.0074779199005
-0.00747767500152
-0.00747743479703
-0.00747719931061
-0.00747696856096
-0.00747674256217
-0.00747652132384
-0.00747630485139
-0.00747609314617
-0.00747588620571
-0.00747568402386
-0.007475486591
-0.00747529389421
-0.00747510591743
-0.00747492264162
-0.00747474404494
-0.00747457010286
-0.00747440078835
-0.00747423607202
-0.0074740759222
-0.00747392030516
-0.00747376918517
-0.00747362252465
-0.00747348028428
-0.00747334242312
-0.00747320889874
-0.00747307966727
-0.00747295468357
-0.00747283390128
-0.00747271727294
-0.00747260475005
-0.0074724962832
-0.00747239182212
-0.00747229131578
-0.00747219471244
-0.00747210195977
-0.00747201300487
-0.00747192779437
-0.00747184627447
-0.00747176839104
-0.00747169408964
-0.00747162331559
-0.00747155601403
-0.00747149212996
-0.0074714316083
-0.00747137439394
-0.00747132043176
-0.0074712696667
-0.00747122204377
-0.00747117750812
-0.00747113600506
-0.0074710974801
-0.00747106187896
-0.00747102914763
-0.00747099923238
-0.0074709720798
-0.00747094763682
-0.00747092585072
-0.00747090666918
-0.00747089004028
-0.00747087591252
-0.00747086423484
-0.00747085495667
-0.00747084802788
-0.00747084339885
-0.00747084102047
-0.00747084084413
-0.00747084282178
-0.00747084690587
-0.00747085304943
-0.00747086120604
-0.00747087132984
-0.00747088337554
-0.00747089729845
-0.00747091305443
-0.00747093059998
-0.00747094989214
-0.00747097088857
-0.00747099354754
-0.00747101782791
-0.00747104368915
-0.00747107109132
-0.00747109999509
-0.00747113036176
-0.0074711621532
-0.0074711953319
-0.00747122986096
-0.00747126570406
-0.0074713028255
-0.00747134119017
-0.00747138076355
-0.00747142151172
-0.00747146340133
-0.00747150639963
-0.00747155047446
-0.0074715955942
-0.00747164172784
-0.00747168884493
-0.00747173691556
-0.0074717859104
-0.00747183580066
-0.00747188655812
