-61.6814259504
-60.0585511397
-59.8655979958
-59.6537339003
-59.4242654956
-59.1776683173
-58.9143849212
-58.634945926
-58.3399839746
-58.0302291313
-57.7064997926
-57.3696917686
-57.0207664375
-56.6607385522
-56.2906641455
-55.9116288642
-55.5247369481
-55.1311009704
-54.7318323761
-54.3280327997
-53.9207861099
-53.5111511176
-53.1001548838
-52.6887865787
-52.2779918571
-51.8686677366
-51.4616579802
-51.0577489985
-50.6576662967
-50.2620714937
-49.8715599409
-49.4866589644
-49.107826745
-48.7354518411
-48.3698533481
-48.0112816751
-47.6599199095
-47.3158857278
-46.979233803
-46.6499586507
-46.3279978505
-46.0132355773
-45.705506374
-45.4045990998
-45.1102609872
-44.8222017499
-44.5400976825
-44.2635957035
-43.9923172967
-43.725862313
-43.4638126021
-43.205735449
-42.9511867959
-42.6997142377
-42.4508597819
-42.2041623692
-41.9591601565
-41.7153925638
-41.4724028975
-41.2297367091
-40.9869480722
-40.7435974882
-40.4992537115
-40.2534945727
-40.0059076389
-39.7560907209
-39.5036522416
-39.2482114754
-38.9893986686
-38.7268550519
-38.4602327539
-38.1891946226
-37.9134139635
-37.6325742006
-37.346368466
-37.0544985965
-36.7566767156
-36.4526214279
-36.1420593177
-35.8247236948
-35.5003538287
-35.1686941281
-34.8294932633
-34.4825032306
-34.1274783545
-33.7641742237
-33.3923465547
-33.0117499753
-32.6221367212
-32.2232552348
-31.8148486566
-31.5782880161
-31.5766888491
-31.5734066755
-31.5684746512
-31.5619272619
-31.5537996553
-31.5441276222
-31.5329414448
-31.5202891102
-31.5062070107
-31.4907206836
-31.4738726228
-31.4556996608
-31.4362385631
-31.4155259705
-31.3935983458
-31.370491925
-31.3462426728
-31.3208862414
-31.2944579331
-31.2669926668
-31.2385249467
-31.2090888348
-31.1787179258
-31.1474453247
-31.1153036272
-31.0823249016
-31.048540674
-31.0139819149
-30.9786790276
-30.942661839
-30.9059595914
-30.8686009368
-30.8306139317
-30.7920260338
-30.7528641002
-30.7131543863
-30.6729225462
-30.6321936336
-30.5909921046
-30.5493418204
-30.5072660511
-30.4647874807
-30.4219282122
-30.3787097734
-30.3351531235
-30.29127866
-30.247106226
-30.2026551181
-30.1579440944
-30.1129913833
-30.0678146915
-30.0224312135
-29.9768576406
-29.93111017
-29.8852045144
-29.8391559114
-29.7929791329
-29.7466884953
-29.7002978685
-29.653820686
-29.6072699541
-29.5606582622
-29.5139977919
-29.4673003264
-29.4205772604
-29.3738396091
-29.3270980177
-29.2803627705
-29.2336437996
-29.1869506946
-29.1402927107
-29.0936787776
-29.0471175081
-29.0006172066
-28.9541858769
-28.907831231
-28.8615606963
-28.8153814239
-28.769300296
-28.7233239336
-28.6774587036
-28.6317107259
-28.5860858809
-28.5405898158
-28.4952279516
-28.4500054896
-28.4049274176
-28.3599985167
-28.3152233666
-28.2706063521
-28.2261516688
-28.1818633286
-28.1377451655
-28.0938008405
-28.0500338473
-28.0064475171
-27.9630450238
-27.9198293883
-27.8768034842
-27.8339700411
-27.7913316503
-27.7488907681
-27.7066497208
-27.6646107082
-27.6227758079
-27.5811469792
-27.5397260667
