11.0581260737
11.0841110637
11.1073034394
11.1277905362
11.1456697872
11.1610375372
11.1739864057
11.1846048184
11.1929770789
11.1991835652
11.203300946
11.2054023893
11.2055577591
11.2038337987
11.2002943014
11.1950002697
11.1880100648
11.1793795447
11.1691621948
11.1574092497
11.1441698072
11.1294909351
11.1134177727
11.0959936243
11.0772600489
11.0572569438
11.0360226234
11.0135938939
10.9900061235
10.9652933092
10.939488139
10.912622052
10.8847252944
10.8558269728
10.8259551053
10.7951366689
10.7633976456
10.7307630658
10.6972570493
10.6629028445
10.6277228662
10.591738731
10.5549712914
10.5174406678
10.4791662803
10.4401668774
10.4004605649
10.3600648327
10.3189965806
10.2772721436
10.234907315
10.1919173696
10.1483170856
10.1041207653
10.0593422556
10.0139949671
9.96809189307
9.92164562701
9.87466838017
9.82717199813
9.77916797679
9.73066747791
9.68168134398
9.63222011263
9.5822940306
9.53191306715
9.4810869271
9.42982506342
9.37813668941
9.32603079057
9.27351613599
9.22060128951
9.16729462048
9.11360431424
9.0595383823
9.00510467223
8.95031087727
8.89516454573
8.83967309006
8.78384379582
8.72768383024
8.6712002508
8.61440001339
8.55728998043
8.49987692872
8.4421675572
8.38416849445
8.32588630612
8.26732750215
8.20849854389
8.14940585106
8.09005580863
8.03045477352
7.97060908122
7.91052505232
7.85020899891
7.78966723093
7.72890606236
7.66793181742
7.60675083661
7.54536948275
7.48379414692
7.4220312543
7.36008727007
7.29796870509
7.23568212166
7.17323413929
7.11063144014
7.04788077473
6.98498896746
6.9219629221
6.85880962726
6.79553616178
6.73214970011
6.6686575176
6.60506699578
6.54138562753
6.47762102217
6.41378091054
6.34987314987
6.28590572859
6.22188677108
6.15782454211
6.09372745126
6.02960405701
5.96546307075
5.90131336035
5.83716395361
5.77302404125
5.70890297959
5.64481029283
5.58075567478
5.51674899019
5.45280027545
5.38891973866
5.32511775907
5.26140488578
5.19779183561
5.13428949017
5.07090889199
5.00766123967
4.94455788207
4.88161031132
4.81883015479
4.75622916588
4.6938192135
4.6316122704
4.56962040021
4.50785574315
4.44633050042
4.38505691741
4.32404726548
4.26331382257
4.2028688526
4.14272458369
4.08289318531
4.02338674446
3.96421724086
3.90539652155
3.84693627465
3.78884800292
3.7311429964
3.67383230571
3.61692671483
3.5604367143
3.50437247486
3.44874382172
3.39356020976
3.33883069973
3.28456393586
3.23076812491
3.177451017
3.12461988831
3.07228152585
3.02044221458
2.9691077268
2.91828331413
2.86797370211
2.81818308746
2.76891513811
2.72017299597
2.67195928248
2.62427610688
2.57712507719
2.53050731367
2.48442346477
2.43887372592
2.39385785968
2.34937521847
2.30542476907
2.26200511866
2.21911454241
2.17675101218
2.13491222628
2.0935953
2.05279812002
2.01251749794
1.97275030049
1.93349331497
1.89474324733
