122.482900368
121.860222568
121.238751596
120.618455939
119.99930561
119.381272175
118.764328672
118.148449534
117.533610509
116.919788591
116.306961954
115.695109892
115.084212765
114.474251945
113.86520977
113.2570695
112.649815274
112.043432074
111.437905689
110.833222681
110.229370353
109.626336726
109.024110503
108.422681053
107.822038382
107.222173111
106.623076459
106.02474022
105.427156747
104.830318934
104.234220203
103.638854483
103.044216201
102.450300269
101.85710207
101.264617443
100.67284268
100.08177851
99.4914250743
98.901780094
98.3128416751
97.7246083052
97.1370788464
96.5502525298
95.9641289497
95.3787080584
94.7939901616
94.2099759133
93.6266663122
93.0440626971
92.4621667435
91.8809804603
91.3005061863
90.7207465871
90.1417046527
89.5633836951
88.9857873451
88.4089195513
87.8327845771
87.2573869996
86.6827317076
86.1088239004
85.5356690863
84.9632730815
84.3916420091
83.8207822981
83.250700683
82.6814042025
82.1129001998
81.5451963216
80.9783005179
80.412221042
79.8469664505
79.2825456027
78.7189676616
78.1562420932
77.5943786674
77.0333874579
76.4732788431
75.9140635061
75.3557524353
74.7983569256
74.2418885782
73.686359302
73.1317813141
72.5781671407
72.0255296179
71.4738818925
70.9232374234
70.373609982
69.8250136535
69.277462838
68.7309722513
68.1855569262
67.6412322134
67.0980137826
66.5559176235
66.0149600473
65.4751576871
64.9365274994
64.3990867651
63.8628530901
63.3278444071
62.7940789755
62.261575383
61.7303525464
61.2004297121
60.671826457
60.1445626891
59.6186586482
59.0941349063
58.5710123681
58.0493122712
57.5290561862
57.0102660173
56.4929640017
55.9771727098
55.4629150446
54.9502142415
54.4390938676
53.929577821
53.4216903295
52.9154559499
52.4108995662
51.9080463885
51.4069219506
50.9075521085
50.4099630377
49.9141812308
49.4202334947
48.9281469475
48.4379490147
47.949668533
47.4633355092
46.978978458
46.3342423661
45.7048014189
45.0898403398
44.4887063176
43.900859574
43.3258425397
42.7632593071
42.2127614
41.674037628
41.146806677
40.6308115882
40.1258155761
39.631598815
39.1479559414
38.6746940939
38.2116313625
37.7585955555
37.3154246404
36.8819693914
36.458079861
36.0436127226
35.6384309476
35.2424035506
34.8554054009
34.4773170891
34.1080248383
33.7474204591
33.3954013404
33.0518704769
32.7167365287
32.3899139158
32.0713229458
31.760889976
31.4585476135
31.1642349548
30.8778978682
30.5994893245
30.3289697807
30.0663076227
29.8114796754
29.5644717889
29.3252795115
29.0939088624
28.8703772196
28.6547143416
28.4469635439
28.2471830591
28.0554476118
27.8718502482
27.6965044716
27.5295467427
27.3711394233
27.2214742602
27.0807765314
26.949310016
26.8273829937
26.7153555474
26.6136485345
26.5227547214
26.4432527665
26.3758250093
26.3212804494
26.2805849418
26.2549016838
26.245646796
