5.92841131321
5.92790767026
5.9273933525
5.92686830088
5.92633248424
5.92578587856
5.92522846185
5.92466021277
5.92408111028
5.92349113353
5.9228902618
5.92227847452
5.92165575122
5.92102207152
5.92037741514
5.9197217619
5.9190550917
5.91837738451
5.91768862041
5.91698877955
5.91627784218
5.91555578864
5.91482259937
5.91407825492
5.91332273595
5.91255602325
5.91177809775
5.91098894051
5.91018853274
5.90937685583
5.90855389136
5.90771962106
5.90687402692
5.9060170911
5.90514879604
5.90426912439
5.9033780591
5.90247558339
5.90156168077
5.9006363351
5.89969953056
5.89875125166
5.89779148334
5.89682021089
5.89583742004
5.89484309694
5.89383722822
5.89281980096
5.89179080278
5.89075022179
5.88969804667
5.88863426666
5.88755887161
5.88647185198
5.88537319888
5.8842629041
5.88314096012
5.88200736015
5.88086209816
5.87970516888
5.87853656789
5.87735629156
5.87616433717
5.87496070288
5.87374538777
5.87251839191
5.87127971632
5.87002936309
5.86876733533
5.86749363725
5.86620827418
5.86491125261
5.86360258023
5.86228226594
5.86095031989
5.85960675356
5.85825157973
5.85688481257
5.85550646763
5.85411656192
5.85271511392
5.85130214364
5.84987767262
5.84844172401
5.84699432258
5.84553549477
5.84406526873
5.84258367435
5.84109074329
5.83958650904
5.83807100695
5.83654427425
5.83500635013
5.83345727571
5.83189709415
5.83032585063
5.8287435924
5.82715036883
5.82554623145
5.82393123394
5.82230543219
5.82066888434
5.8190216508
5.81736379425
5.81569537972
5.81401647458
5.81232714856
5.81062747377
5.80891752476
5.80719737849
5.80546711434
5.80372681417
5.80197656228
5.80021644546
5.79844655295
5.79666697646
5.79487781017
5.79307915074
5.79127109724
5.78945375122
5.78762721661
5.78579159976
5.78394700939
5.78209355654
5.78023135459
5.77836051916
5.7764811681
5.77459342146
5.7726974014
5.77079323214
5.76888103994
5.766960953
5.76503310138
5.76309761699
5.76115463344
5.75920428601
5.75724671156
5.75528204845
5.75331043643
5.75133201658
5.74934693121
5.74735532377
5.74535733876
5.74335312165
5.74134281877
5.73932657722
5.73730454483
5.73527687001
5.73324370171
5.73120518933
5.72916148263
5.72711273169
5.72505908682
5.7230006985
5.72093771736
5.71887029406
5.71679857931
5.71472272383
5.71264287826
5.7105591932
5.70847181919
5.70638090664
5.7042866059
5.70218906722
5.70008844077
5.69798487667
5.69587852499
5.6937695358
5.69165805918
5.68954424531
5.68742824444
5.68531020701
5.68319028368
5.68106862536
5.67894538332
5.67682070924
5.67469475527
5.67256767411
5.6704396191
5.66831074426
5.66618120443
5.6640511553
5.66192075353
5.65979015681
5.657659524
5.65552901515
5.65339879166
5.65126901635
5.64913985353
5.64701146915
5.64488403086
5.64275770814
5.64063267238
5.63850909701
5.63638715759
5.63426703192
5.63214890016
5.63003294494
5.62791935149
5.62580830772
