-17.2542032747
-12.3733312388
-12.3880032755
-11.9551639611
-12.1986969
-12.3586193722
-12.4536879979
-12.5146175195
-12.5689419858
-12.6033822641
-12.6318352718
-12.6565960407
-12.6788742279
-12.699332117
-12.7183528404
-12.7361743451
-12.7529566942
-12.768816251
-12.7838433406
-12.7981116176
-12.8116832263
-12.8246117975
-12.8369443054
-12.8487223063
-12.859982825
-12.870759028
-12.8810807594
-12.8909749813
-12.9004661427
-12.9095764927
-12.9183263492
-12.9267343301
-12.9348175525
-12.9425918054
-12.9500716992
-12.9572707955
-12.9642017194
-12.9708762577
-12.9773054439
-12.9834996328
-12.9894685645
-12.9952214222
-13.0007668807
-13.006113151
-13.011268018
-13.0162388747
-13.0210327522
-13.025656346
-13.0301160405
-13.034417929
-13.038567834
-13.0425713233
-13.0464337261
-13.0501601468
-13.0537554777
-13.0572244108
-13.0605714483
-13.0638009129
-13.0669169561
-13.0699235673
-13.0728245813
-13.0756236855
-13.0783244268
-13.0809302181
-13.0834443439
-13.0858699663
-13.0882101297
-13.0904677667
-13.0926457017
-13.0947466563
-13.0967732531
-13.0987280198
-13.1006133929
-13.1024317217
-13.1041852712
-13.1058762258
-13.1075066926
-13.1090787038
-13.1105942203
-13.1120551337
-13.1134632697
-13.11482039
-13.1161281951
-13.1173883264
-13.1186023684
-13.1197718509
-13.1208982512
-13.1219829957
-13.1230274619
-13.1240329804
-13.1250008363
-13.1259322711
-13.1268284843
-13.1276906347
-13.1285198419
-13.1293171881
-13.1300837188
-13.1308204449
-13.131528343
-13.1322083576
-13.1328614014
-13.133488357
-13.1340900777
-13.1346673887
-13.1352210877
-13.1357519463
-13.1362607109
-13.1367481032
-13.1372148213
-13.1376615406
-13.1380889144
-13.1384975749
-13.1388881336
-13.1392611823
-13.1396172936
-13.1399570216
-13.1402809026
-13.1405894555
-13.1408831828
-13.1411625707
-13.1414280899
-13.1416801959
-13.1419193299
-13.142145919
-13.1423603766
-13.142563103
-13.1427544859
-13.1429349007
-13.1431047108
-13.1432642683
-13.1434139141
-13.1435539783
-13.1436847809
-13.1438066314
-13.1439198301
-13.1440246673
-13.1441214248
-13.1442103752
-13.1442917827
-13.1443659033
-13.1444329849
-13.1444932678
-13.1445469846
-13.144594361
-13.1446356155
-13.1446709597
-13.1447005988
-13.1447247315
-13.1447435505
-13.1447572424
-13.1447659881
-13.1447699628
-13.1447693364
-13.1447642733
-13.1447549331
-13.1447414703
-13.1447240346
-13.1447027713
-13.1446778208
-13.1446493195
-13.1446173995
-13.1445821886
-13.144543811
-13.1445023867
-13.1444580323
-13.1444108605
-13.1443609807
-13.1443084988
-13.1442535174
-13.1441961361
-13.1441364512
-13.144074556
-13.144010541
-13.1439444939
-13.1438764995
-13.1438066401
-13.1437349953
-13.1436616424
-13.143586656
-13.1435101086
-13.1434320703
-13.143352609
-13.1432717905
-13.1431896785
-13.1431063346
-13.1430218186
-13.1429361882
-13.1428494994
-13.1427618065
-13.1426731618
-13.1425836161
-13.1424932185
-13.1424020166
-13.1423100563
-13.1422173822
-13.1421240373
-13.1420300633
-13.1419355004
-13.1418403876
-13.1417447627
