10.237
10.1339621692
10.2177552704
10.2943970159
10.3643899077
10.429343056
10.4905042485
10.5488092388
10.6049523362
10.6594481756
10.7126794474
10.7649321717
10.8164213517
10.8673095518
10.9177204097
10.9677484655
11.0174664063
11.0669303867
11.1161840088
11.1652612861
11.2141888709
11.2629877431
11.3116744992
11.3602623265
11.4087617601
11.457181257
11.5055276485
11.5538064849
11.6020223092
11.6501788672
11.6982792719
11.7463261362
11.7943216713
11.8422677703
11.890166068
11.9380179964
11.9858248194
12.0335876689
12.0813075647
12.1289854345
12.176622137
12.2242184621
12.2717751522
12.3192928997
12.3667723593
12.414214152
12.4616188651
12.5089870572
12.5563192597
12.6036159777
12.6508776925
12.6981048575
12.7452979048
12.7924572406
12.839583249
12.8866762846
12.933736682
12.9807647445
13.0277607552
13.0747249652
13.1216576012
13.1685588604
13.2154289116
13.2622678952
13.3090759209
13.3558530677
13.4025993835
13.4493148848
13.4959995556
13.5426533478
13.5892761783
13.635867931
13.6824284563
13.728957569
13.7754550492
13.8219206408
13.868354052
13.9147549552
13.9611229858
14.007457742
14.0537587854
14.1000256398
14.1462577909
14.1924546873
14.2386157385
14.2847403164
14.3308277541
14.3768773458
14.4228883472
14.4688599747
14.5147914059
14.5606817794
14.6065301935
14.6523357083
14.6980973436
14.7438140798
14.789484858
14.8351085792
14.8806841047
14.9262102568
14.9716858166
15.0171095263
15.0624800879
15.1077961637
15.1530563755
15.1982593053
15.2434034953
15.2884874475
15.3335096237
15.3784684455
15.4233622948
15.4681895131
15.5129484014
15.5576372215
15.6022541935
15.6467974987
15.6912652773
15.7356556297
15.7799666156
15.8241962544
15.8683425263
15.9124033698
15.9563766839
16.0002603268
16.0440521176
16.0877498332
16.1313512118
16.1748539506
16.2182557069
16.2615540978
16.3047467002
16.347831051
16.3908046465
14.1162581243
14.1766861636
14.2365977815
14.2960108297
14.3549383453
14.4133899062
14.4713725963
14.5288916927
14.5859511605
14.6425540131
14.6987025748
14.7543986742
14.8096437877
14.8644391475
14.9187858229
14.9726847715
15.0261368989
15.0791430835
15.1317042023
15.1838211517
15.2354948598
15.2867262961
15.3375164779
15.3878664742
15.4377774082
15.4872504564
15.5362868506
15.5848878725
15.6330548551
15.6807891776
15.7280922627
15.7749655735
15.8214106092
15.8674289019
15.9130220119
15.9581915253
16.0029390474
16.0472662024
16.0911746264
16.1346659665
16.1777418755
16.2204040083
16.2626540201
16.3044935627
16.3459242796
16.3869478054
16.4275657612
16.4677797514
16.5075913621
16.5470021558
16.5860136691
16.6246274093
16.6628448484
16.7006674206
16.7380965142
16.7751334669
16.8117795549
16.8480359833
16.883903871
16.9193842309
16.9544779453
16.9891857254
17.0235080609
17.0574451378
17.0909967172
17.1241619335
17.1569389616
