89.514569664
86.8431047009
89.0920782872
91.3397936374
93.5855748799
95.82875548
98.068690445
100.304757042
102.536354257
104.762902145
106.983841187
109.198631668
111.406753089
113.607703587
115.800999383
117.986174248
120.162778987
122.330380931
124.488563456
126.636925509
128.775081146
130.902659089
133.019302362
135.124668455
137.218425998
139.300259123
141.36986308
143.426945869
145.471227302
147.502439095
149.520322659
151.524631962
153.5151301
155.491590638
157.455004805
159.408116932
161.347036819
163.271542327
165.181419653
167.076463256
168.956475611
170.821266969
172.670655108
174.504465099
176.322529064
178.124685949
179.910781297
181.680667017
183.434201172
185.171247756
186.891676488
188.595362596
190.282186617
191.952034194
193.604795881
195.240366945
196.858647182
198.459540728
200.042955879
201.60880491
203.157003907
204.687472593
206.200134163
207.694915122
209.171745129
210.630556841
212.071285764
213.49387011
214.898250652
216.284370588
217.652175409
219.001612769
220.332632361
221.645185797
222.939226488
224.21470954
225.471591637
226.709830947
227.929387014
229.130220673
230.312293952
231.47556999
232.620012956
233.745587974
234.852261045
235.939998985
237.008769362
238.058540433
239.091274224
240.107024453
241.104364699
242.083266118
243.043700288
243.985637538
244.909047664
245.813901204
246.700166702
247.567813384
248.41680974
249.247123931
250.058723707
250.851575282
251.625645071
252.38089973
253.117305048
253.834826446
254.533429005
255.213077505
255.873736466
256.515370201
257.137942859
257.741418491
258.325761109
258.890934753
259.436903563
259.963631859
260.471084221
260.959225576
261.42802129
261.877437269
262.307440051
262.717996922
263.109076019
263.48064645
263.83267841
264.165143307
264.478013886
264.771264364
265.044870564
265.298810053
265.533062286
265.74760875
265.942433112
266.117521374
266.272862022
268.119936087
268.754758957
269.249915192
269.637687703
269.939976772
270.171970556
270.344496195
270.46548772
270.540914037
270.575379315
270.572520454
270.535275919
270.466071201
270.366949027
270.239662239
270.08574099
269.906541943
269.703284689
269.477078935
269.228944959
268.959829067
268.670615325
268.362134456
268.035170601
267.690466395
267.328726774
266.950621757
266.556788436
266.147832327
265.724328217
265.286820588
264.835823703
264.371821416
263.895266722
263.406581108
262.906153708
262.394340271
261.871461958
261.33780396
260.793613926
260.239100183
259.674429732
259.09972599
258.515066222
257.920478641
257.315939098
256.701367288
256.076622401
255.441498089
254.795716635
254.138922143
253.470672571
252.790430347
252.097551256
251.391271227
250.670690509
249.934754634
249.18223133
248.411682349
247.621428824
246.809508267
245.973620732
245.11106065
244.21862951
243.292522487
