13.4130796318
13.4492241132
13.4833555266
13.5156413233
13.5462314499
13.5752637521
13.6028654355
13.6291538323
13.6542370645
13.6782145836
13.7011778832
13.7232109935
13.7443910509
13.7647888186
13.7844691781
13.8034915909
13.8219105297
13.8397758805
13.8571333164
13.8740246437
13.8904881225
13.9065587622
13.9222685943
13.9376469234
13.9527205581
13.9675140228
13.9820497526
13.9963482716
14.0104283564
14.0243071864
14.0380004804
14.0515226224
14.0648867768
14.0781049927
14.0911883005
14.1041467993
14.1169897376
14.1297255859
14.1423621042
14.1549064029
14.1673649986
14.1797438654
14.1920484811
14.2042838702
14.2164546421
14.2285650274
14.2406189098
14.2526198555
14.2645711409
14.2764757768
14.2883365308
14.3001559486
14.3119363721
14.3236799569
14.3353886882
14.3470643948
14.3587087623
14.3703233455
14.3819095787
14.3934687864
14.405002192
14.4165109262
14.4279960352
14.439458487
14.4508991783
14.4623189402
14.4737185437
14.4850987045
14.4964600874
14.5078033109
14.5191289504
14.5304375421
14.5417295859
14.5530055485
14.564265866
14.5755109461
14.5867411711
14.5979568988
14.6091584655
14.6203461871
14.6315203608
14.6426812667
14.6538291689
14.664964317
14.676086947
14.6871972827
14.698295536
14.7093819085
14.7204565918
14.7315197684
14.7425716126
14.7536122907
14.7646419619
14.7756607788
14.7866688876
14.7976664291
14.8086535385
14.8196303462
14.8305969779
14.8415535553
14.8525001958
14.8634370135
14.8743641186
14.8852816185
14.8961896175
14.907088217
14.917977516
14.9288576109
14.9397285959
14.9505905631
14.9614436025
14.9722878024
14.9831232493
14.9939500285
15.0047682228
15.0155779137
15.0263791819
15.0371721063
15.0479567648
15.0587332342
15.0695015901
15.080261907
15.0910142586
15.1017587174
15.1124953553
15.123224243
15.1339454499
15.1446590461
15.1553651001
15.1660636798
15.1767548522
15.187438684
15.1981152409
15.2087845882
15.2194467906
15.2301019122
15.2407500165
15.2513911665
15.2620254249
15.2726528535
15.2832735139
15.2938874673
15.3044947741
15.3150954947
15.3256896886
15.3362774153
15.3468587336
15.357433702
15.3680023786
15.3785648212
15.389121087
15.3996712332
15.4102153161
15.4207533922
15.4312855173
15.4418117469
15.4523321363
15.4628467404
15.4733556136
15.4838588102
15.4943563842
15.504848389
15.515334878
15.5258159042
15.5362915201
15.5467617782
15.5572267305
15.5676864288
15.5781409245
15.5885902689
15.5990345129
15.609473707
15.6199079017
15.6303371469
15.6407614926
15.6511809881
15.6615956828
15.6720056257
15.6824108654
15.6928114504
15.703207429
15.7135988491
15.7239857583
15.7343682042
15.7447462338
15.7551198941
15.7654892318
15.7758542933
15.7862151249
15.7965717725
15.8069242817
15.8172726981
15.827617067
15.8379574332
15.8482938415
15.8586263366
15.8689549627
15.8792797638
15.8896007838
15.8999180664
