5831248.56987
3801985.56662
3802021.68294
3802063.70528
3802111.80987
3802165.86996
3802225.7416
3802291.294
3802362.41119
3802438.99075
3802520.94233
3802608.18626
3802700.65246
3802798.2793
3802901.01274
3803008.80545
3803121.61614
3803239.40885
3803362.1524
3803489.81991
3803622.38829
3803759.83788
3803902.15208
3804049.31702
3804201.32348
3804358.15859
3804519.81595
3804686.29055
3804857.57981
3805033.68031
3805214.59114
3805400.31263
3805590.84621
3805786.19435
3805992.89984
3806211.33917
3806434.00497
3806660.938
3806892.15818
3807127.68538
3807367.53965
3807611.74124
3807860.31058
3808113.26833
3808370.63533
3808632.43267
3808898.68164
3809169.40381
3809444.62102
3809724.35538
3810008.62932
3810297.46558
3810590.88729
3810888.91792
3811191.58136
3811498.90193
3811810.90439
3812127.61399
3812449.05651
3812775.25823
3813106.24602
3813442.04735
3813782.6903
3814128.20362
3814478.61674
3814833.95981
3815194.26371
3815559.56013
3815929.88155
3816305.26127
3816685.73351
3817071.33334
3817462.0968
3817858.06087
3818259.26356
3818665.74386
3819077.54185
3819494.6987
3819917.25668
3820345.25923
3820778.75096
3821217.7777
3821662.38653
3822112.62577
3822568.5451
3823030.19547
3823497.62924
3823970.90015
3824450.06334
3824935.17544
3825426.29451
3825923.48015
3826426.79349
3826936.29719
3827452.05553
3827974.13438
3828502.60124
3829037.52528
3829578.97735
3830127.02999
3830681.75748
3831243.23581
3831811.54277
3832386.75791
3832968.96256
3833558.23987
3834154.67481
3834758.35418
3835369.36662
3835987.80259
3836619.30325
3837270.59081
3837930.00224
3838597.64556
3839273.62506
3839958.05075
3840651.03337
3841352.68557
3842063.11959
3842782.45714
3843510.81243
3844248.30076
3844995.05294
3845751.18821
3846516.83215
3847292.11151
3848077.15462
3848872.09125
3849677.05262
3850492.17125
3851317.58092
3852153.41656
3852999.81413
3853856.91057
3854724.8436
3834453.39773
3819282.65103
3803355.10541
3787138.46247
3770926.34152
3754904.12469
3739189.32373
3723856.01674
3708949.92101
3694537.95715
3681060.7459
3668123.04224
3655722.65032
3643853.26029
3632505.74013
3621668.99982
3611330.64182
3601477.41982
3592095.57282
3583171.07048
3574689.79489
3566637.67636
3559000.79543
3551765.4601
3544918.26445
3538446.13335
3532336.35671
3526576.61558
3521155.00229
3516060.0359
3511280.67408
3506806.32256
3502626.84259
3498732.55727
3495114.25723
3491763.20607
3488671.14619
3485830.30531
3483233.40423
3480873.6663
3478744.8291
3476841.15899
3475157.46908
3473689.14153
3472432.1551
3471383.11893
3470539.31415
3469898.74475
3469460.20008
3469223.33136
3469188.74578
3469358.12227
3469734.35479
3470321.73017
3471126.15038
3472155.41207
3473419.5611
3474931.34623
3476706.80607
3478766.03746
3481134.21573
3483842.9707
3486932.27687
3490453.10487
3494471.23286
