0.0118203095402
0.012239985366
0.012660515875
0.0130817035082
0.0135033582059
0.0139252966674
0.0143473420795
0.0147693238931
0.0151910776173
0.0156124446248
0.0160332719672
0.0164534121994
0.0168727232122
0.0172910680721
0.017708314868
0.0181243365644
0.0185390108599
0.018952220051
0.0193638509017
0.0197737945159
0.0201819462156
0.020588205422
0.0209924755405
0.0213946638492
0.0217946813906
0.0221924428657
0.0225878665316
0.0229808741126
0.023371390674
0.0237593445591
0.0241446672591
0.0245272933697
0.0249071604478
0.0252842089838
0.0256583822732
0.026029626338
0.0263978898752
0.026763230313
0.0271256750935
0.0274851751606
0.0278416830987
0.0281951538991
0.0285455446877
0.0288928146663
0.0292369250535
0.0295778390277
0.0299155216703
0.0302499399099
0.0305810624677
0.0309088598032
0.0312333040616
0.0315543690212
0.0318720300422
0.0321862640163
0.0324970493169
0.0328043657505
0.0331081945085
0.0334085181203
0.0337053204071
0.0339985864365
0.0342883024776
0.0345744559577
0.0348570354193
0.0351360304778
0.0354114317805
0.0356832309662
0.0359514206257
0.0362159942625
0.0364769462558
0.0367342718226
0.0369879669816
0.0372380285181
0.0374844539488
0.0377272414883
0.0379663900157
0.0382018990427
0.0384337686817
0.0386619996157
0.0388865930677
0.0391075507719
0.0393248749457
0.0395385682613
0.0397486338196
0.0399550751238
0.0401578960541
0.0403571008433
0.0405526940528
0.0407446805494
0.0409330654834
0.0411178542664
0.0412990525509
0.0414766662096
0.0416507013163
0.0418211641269
0.0419880610613
0.042151398686
0.0423111836973
0.0424674229054
0.0426201232189
0.0427692916299
0.0429149352004
0.0430570610481
0.0431956763345
0.0433307882522
0.0434624040134
0.0435905308395
0.0437151759503
0.0438363465545
0.0439540498412
0.0440682929708
0.0441790830677
0.0442864272129
0.0443903324374
0.0444908057165
0.044587853964
0.0446814840278
0.0447717026853
0.0448585166402
0.0449419325192
0.0450219568693
0.0450985961566
0.0451718567643
0.0452417449924
0.0453082670573
0.0453714290924
0.045431237149
0.0454876971978
0.0455408151311
0.0455905967654
0.0456370478449
0.0456801740451
0.0457199809772
0.045756513627
0.0457898447901
0.0458199771429
0.0460167429673
0.0462006004462
0.0463720024044
0.0465312877321
0.0466787513768
0.0468146677782
0.0469393006538
0.047052907389
0.0471557409914
0.0472480508861
0.0473300831499
0.047402080478
0.0474642820286
0.0475169232208
0.0475602355235
0.047594446252
0.0476197783807
0.0476365280771
0.0476453179967
0.0476463292705
0.047639737915
0.0476257148108
0.0476044256684
0.0475760310043
0.0475406861124
0.0474985410269
0.047449740473
0.0473944238021
0.0473327249099
0.0472647721337
0.0471906881274
0.0471105897113
0.0470245876928
0.0469327866563
0.0468352847185
0.0467321732437
0.046623536517
0.046509451368
0.0463899867398
0.0462652031959
0.0461351523561
0.0459998762516
0.0458594065868
0.0457137638926
0.0455629565549
0.0454069796948
0.0452458138765
0.0450794236091
0.0449077556042
0.0447307367395
0.0445482716676
0.0443602399937
0.0441664929237
0.0439668492581
0.0437610905695
0.0435489553521
0.0433301318612
0.0431042492648
0.0428708665922
0.0426294587619
0.0423793986768
0.0421199339193
0.0418501558777
0.0415689579918
0.0412749779056
