48.6291981022
48.2923212551
47.9610421802
47.6353412941
47.3151909601
47.0005337565
46.691293471
46.3873829867
46.0887095521
45.7951781796
45.5066937842
45.2231624899
44.9444923951
44.6705939865
44.4013803293
44.1367671142
43.8766726177
43.6210176097
43.3697252333
43.1227208705
42.879932005
42.6412880869
42.4067204042
42.1761619621
41.9495473713
41.7268127465
41.5078956132
41.2927348243
41.0812704846
40.8734438827
40.6691974303
40.4684746078
40.271219915
40.0773788276
39.8868977577
39.6997240184
39.5158057921
39.3350921016
39.1575327842
38.9830784683
38.8116805516
38.6432911817
38.4778632382
38.3153503162
38.1557067105
37.9988874023
37.8448480452
37.693544953
37.5449350883
37.3989760511
37.2556260687
37.1148439855
36.9765892534
36.8408219228
36.7075026338
36.5765926074
36.4480536377
36.3218480833
36.1979388599
36.0762894322
35.9568638069
35.839626525
35.7245426548
35.6115777843
35.5006980149
35.391869954
35.2850607084
35.1802378774
35.0773695465
34.9764242803
34.8773711166
34.7801795595
34.6848195732
34.5912615758
34.4994764329
34.4094354516
34.3211103742
34.2344733722
34.1494970404
34.0661543908
33.9844188469
33.9042642379
33.8256647924
33.7485951336
33.6730302728
33.5989456044
33.5263169
33.4551203031
33.3853323236
33.3169298327
33.2498900571
33.1841905741
33.1198093067
33.0567245176
32.9949148052
32.9343590979
32.8750366492
32.8169270332
32.7600101394
32.7042661682
32.649675626
32.5962193207
32.5438783569
32.4926341319
32.4424683305
32.3933629211
32.3453001514
32.2982625437
32.2522328911
32.2071942529
32.163129951
32.1200235655
32.0778589307
32.0366201312
31.9962914983
31.9568576057
31.918303266
31.8806135269
31.8437736678
31.8077691956
31.7725858418
31.7382095585
31.7046265153
31.6718230957
31.6397858938
31.6085017109
31.5779575526
31.5481406252
31.5190383327
31.4906382739
31.4629282388
31.4358962065
31.4095303412
31.3838196552
31.3587126898
31.3341999209
31.3102720291
31.2869198912
31.2641345711
31.2419073089
31.2202295104
31.1990927373
31.1784886966
31.1584092322
31.1388463158
31.1197920391
31.1012386071
31.0831783311
31.0656036231
31.0485069905
31.0318810312
31.0157184297
31.0000119531
30.9847544478
30.9699388366
30.9555581161
30.9416053543
30.9280736888
30.9149563249
30.9022465342
30.8899376532
30.8780230824
30.8664962851
30.8553507865
30.8445801735
30.8341780938
30.8241382552
30.814454426
30.8051204338
30.7961301659
30.7874775688
30.7791566482
30.7711614689
30.7634861547
30.7561248884
30.7490719116
30.742321525
30.7358680884
30.7297060204
30.7238297985
30.7182339596
30.7129130995
30.7078618729
30.7030749938
30.6985472353
30.6942734294
30.6902484676
30.6864672999
30.6829249356
30.6796164432
30.6765369496
30.6736816408
30.6710457616
30.6686246152
30.6664135634
30.6644080263
30.6626034824
30.660995468
30.6595795773
30.6583514623
