-118.307417948
-233.833817725
-234.376737506
-234.899978888
-235.404878986
-235.893308651
-236.36715739
-236.828139107
-237.277736874
-237.717205101
-238.147592949
-238.569773386
-238.984471484
-239.392289609
-239.793729051
-240.189207995
-240.579076574
-240.963629124
-241.343114474
-241.717744118
-242.087699112
-242.453135639
-242.814189588
-243.170980283
-243.523613542
-243.872184164
-244.216777958
-244.557473392
-244.894342924
-245.22745409
-245.556870369
-245.882651887
-246.204855971
-246.523537606
-246.838749782
-247.150543782
-247.4589694
-247.764075118
-248.065908246
-248.364515026
-248.65994072
-248.952229676
-249.241425382
-249.527570508
-249.810706943
-250.090875821
-250.368117549
-250.642471825
-250.913977663
-251.182673405
-251.448596743
-251.711785151
-251.972274224
-252.230100208
-252.485298342
-252.737903288
-252.987949144
-253.235469465
-253.480497268
-253.723065051
-253.963204807
-254.200948033
-254.436325745
-254.669368489
-254.900106354
-255.128568982
-255.35478558
-255.578784931
-255.800595401
-256.020244953
-256.237761155
-256.453171189
-256.666501857
-256.877779594
-257.087030474
-257.294280217
-257.499554198
-257.702877455
-257.904274691
-258.103770289
-258.301388311
-258.497152508
-258.691086327
-258.883212914
-259.073555121
-259.262135514
-259.448976373
-259.634099704
-259.817527238
-259.999280441
-260.179380514
-260.357848401
-260.534704795
-260.709970136
-260.883664623
-261.055808213
-261.226420627
-261.395521355
-261.563129657
-261.72926457
-261.893944909
-262.057189272
-262.219016045
-262.3794434
-262.538489307
-262.696171528
-262.852507627
-263.007514969
-263.161210726
-263.313611879
-263.464735218
-263.61459735
-263.763214696
-263.9106035
-264.056779826
-264.201759563
-264.345558428
-264.488191968
-264.629675561
-264.770024419
-264.909253593
-265.047377971
-265.184412282
-265.320371099
-265.45526884
-265.58911977
-265.721938003
-265.853737504
-265.984532092
-266.11433544
-266.243161077
-266.371022392
-266.497932633
-266.62390491
-266.748952196
-266.873087331
-266.996323018
-267.118671832
-267.240146215
-267.360758482
-267.480520819
-267.599445286
-267.71754382
-267.834828233
-267.951310217
-268.067001341
-268.181913056
-268.296056696
-268.409443475
-268.522084494
-268.633990739
-268.745173081
-268.855642281
-268.965408987
-269.074483738
-269.182876964
-269.290598987
-269.39766002
-269.504070174
-269.609839451
-269.714977751
-269.819494872
-269.923400507
-270.02670425
-270.129415594
-270.231543933
-270.33309856
-270.434088673
-270.534523373
-270.634411662
-270.73376245
-270.83258455
-270.930886683
-271.028677476
-271.125965463
-271.222759088
-271.319066704
-271.414896572
-271.510256866
-271.605155668
-271.699600977
-271.793600699
-271.887162657
-271.980294586
-272.073004136
-272.165298873
-272.257186277
-272.348673746
-272.439768594
-272.530478053
-272.620809272
-272.71076932
-272.800365184
-272.889603772
-272.978491913
-273.067036354
-273.155243765
-273.243120739
-273.33067379
-273.417909356
