-3907.74245973
738.516935796
735.934975943
733.393231099
730.882746399
728.40138704
725.948059453
723.521702101
721.121274873
718.745749842
716.394110628
714.065352756
711.758484096
709.472525308
707.206510257
704.959486406
702.730515175
700.518672284
698.323048052
696.142747682
693.976891501
691.824615184
689.685069938
687.557422663
685.440856084
683.334568854
681.237775628
679.149707117
677.069610117
674.996747506
672.930398231
670.869857268
668.814435562
666.763459956
664.716273092
662.672233309
660.630714524
658.591106095
656.552812679
654.515254085
652.477865107
650.44009536
648.401409109
646.36128509
644.319216332
642.274709974
640.227287082
638.176482468
636.121844505
634.062934949
631.999328761
629.930613928
627.8563913
625.776274416
623.689889349
621.596874545
619.496880679
617.389570507
615.274618734
613.151711886
611.020548184
608.880837436
606.73230093
604.574671337
602.407692622
600.231119965
598.044719688
595.848269194
593.641556911
591.424382247
589.196555549
586.957898079
584.708241989
582.44743031
580.175316947
577.891766678
575.596655169
573.289868988
570.97130563
568.640873547
566.298492186
563.944092032
561.577614653
559.199012757
556.808250251
554.405302298
551.990155391
549.562807413
547.12326772
544.671557206
542.207708385
539.731765468
537.243784438
534.743833131
532.231991311
529.708350749
527.173015295
524.626100949
522.067735928
519.498060736
516.917228214
514.325403603
511.722764585
509.109501326
506.485816509
503.851925359
501.208055657
498.554447745
495.891354522
493.219041426
490.537786404
487.847879875
485.149624664
482.443335942
479.729341136
477.007979826
474.279603633
471.54457608
468.803272442
466.056079573
463.303395722
460.545630321
457.783203759
455.016547135
452.246101988
449.47232001
446.695662741
443.916601231
441.135615696
438.353195144
435.569836982
432.786046604
430.002336954
427.219228078
765.215679006
527.5771169
543.871200106
558.238103804
571.028797303
582.495860427
592.829263126
602.176817014
610.656711714
618.365588676
625.38395116
631.779911906
637.61186418
642.93043292
647.779930949
652.19946658
656.223800329
659.884017605
663.208064107
666.221177201
668.946237388
671.40405762
673.613623667
675.592295572
677.355977804
678.91926402
680.295561034
681.497195582
682.495836876
683.330334838
684.030556249
684.605398539
685.063006112
685.410775933
685.655434351
685.803071293
685.859176512
685.828671138
685.715934698
685.52482776
685.258756415
684.920496156
684.512495212
684.036677555
683.494494902
682.886921261
682.214441517
681.477033284
680.674141066
679.804641475
678.866797918
677.858202718
676.775704082
675.615314557
674.372096654
673.040019996
671.611782578
670.078586304
668.429853609
666.652867286
664.732308911
662.64966159
660.382428389
657.903096269
655.177742123
652.164125005
