41.5083996547
55.6291512238
57.05877802
56.6110266414
58.275491396
59.8442636689
61.3186936727
62.698138962
64.0323087946
65.2301807773
66.3444283107
67.3824574959
68.3513630404
69.25766617
70.1072453477
70.905349808
71.6566461587
72.3652752771
73.0349096562
73.6688072481
74.2698604554
74.8406400369
75.3834341457
75.9002828812
76.3930087813
76.8632436685
77.3124522412
77.7419527656
78.1529351943
78.5464770032
78.923557014
79.2850674387
79.6318243614
79.9645768488
80.2840148598
80.5907761081
80.8854520113
81.1685928464
81.4407122179
81.7022909292
81.9537803399
82.1956052793
82.4281665764
82.6518432619
82.8669944864
83.0739611972
83.273067605
83.4646224729
83.648920252
83.8262420851
83.9968566975
84.161021191
84.3189817546
84.470974303
84.6172250529
84.757951047
84.8933606295
85.0236538833
85.1490230305
85.2696528029
85.385720785
85.4973977333
85.6048478745
85.7082291847
85.807693652
85.9033875238
85.9954515399
86.0840211547
86.169226741
86.2511938113
86.3300431751
86.4058911426
86.4788496918
86.5490266342
86.6165257723
86.6814470523
86.7438867084
86.803937403
86.8616883598
86.9172254929
86.9706315297
87.0219861297
87.0713659989
87.1188449987
87.1644942519
87.2083822444
87.2505749221
87.2911357857
87.3301259807
87.3676043845
87.4036276906
87.4382504892
87.4715253446
87.5035028706
87.5342318023
87.5637590658
87.5921298445
87.6193876444
87.6455743554
87.6707303113
87.6948943475
87.7181038561
87.7403948398
87.7618019625
87.7823585999
87.8020968862
87.8210477607
87.8392410117
87.8567053192
87.8734682961
87.8895565275
87.9049956089
87.9198101829
87.9340239743
87.9476598245
87.9607397237
87.9732848429
87.9853155642
87.9968515098
88.0079115704
88.0185139322
88.0286761033
88.0384149383
88.0477466631
88.0566868979
88.0652506798
88.0734524842
88.081306246
88.0888253794
88.0960227972
88.1029109295
88.1095017416
88.1158067513
88.1218370452
88.1276032951
88.1331157732
88.1383843667
88.1434185926
88.1482276109
88.1528202382
88.1572049604
88.1613899448
88.1653830519
88.169191847
88.1728236111
88.1762853512
88.179583811
88.1827254799
88.185716603
88.1885631902
88.1912710245
88.1938456708
88.1962924838
88.1986166158
88.2008230242
88.2029164791
88.2049015695
88.2067827108
88.2085641508
88.2102499759
88.2118441173
88.2133503567
88.2147723317
88.2161135415
88.2173773514
88.2185669987
88.2196855964
88.2207361387
88.2217215049
88.2226444639
88.2235076782
88.2243137079
88.2250650144
88.2257639642
88.2264128326
88.2270138065
88.2275689883
88.2280803988
88.2285499802
88.2289795991
88.2293710492
88.2297260544
88.2300462707
88.2303332894
88.2305886393
88.2308137888
88.2310101485
88.2311790731
88.2313218636
88.2314397694
88.23153399
88.2316056771
88.2316559363
88.2316858286
88.2316963726
88.2316885457
88.2316632854
88.2316214916
88.2315640272
88.23149172
