1252.32644
309.291735522
309.288355619
309.28419879
309.279288784
309.273653151
309.267318254
309.260308821
309.252648013
309.244357542
309.235457791
309.225967916
309.215905944
309.205288855
309.194132664
309.182452493
309.170262632
309.157576603
309.144407213
309.130766601
309.116666288
309.102117215
309.087129784
309.071713892
309.055878965
309.039633985
309.022987522
309.005947757
308.988522504
308.970719237
308.952545105
308.934006967
308.915111355
308.895864573
308.876272653
308.856341389
308.836076344
308.815482866
308.794566098
308.773330986
308.751782062
308.729924328
308.70776212
308.685299628
308.662540848
308.639489868
308.616150517
308.592526491
308.568621357
308.544438567
308.519398962
308.493170517
308.466718414
308.440044808
308.413151809
308.386041461
308.358715739
308.331176548
308.303425731
308.275465068
308.247296276
308.218921016
308.190340889
308.161557443
308.132572169
308.103386508
308.074001849
308.044419529
308.014640837
307.984667017
307.954499262
307.924138721
307.8935865
307.862843657
307.83191121
307.800790133
307.769481359
307.737985779
307.706304244
307.674437564
307.642386512
307.61015182
307.577734181
307.545134252
307.512352651
307.479389959
307.44624672
307.412923441
307.379420594
307.345738614
307.311877901
307.277838817
307.243621691
307.209226817
307.174654454
307.139904824
307.104978116
307.069874485
307.034594052
306.999136902
306.963503086
306.927692622
306.891705495
306.855541653
306.819201013
306.782683456
306.745988832
306.709116955
306.672067607
306.634840533
306.59743545
306.559852037
306.522089941
306.484148775
306.446028119
306.407727521
306.369246492
306.330584512
306.291741027
306.252715451
306.213507161
306.174115505
306.134539793
306.094779306
306.05483329
306.014700955
305.974381482
305.933874016
305.893177669
305.852291522
305.811214619
305.769945975
305.728484568
305.686829347
305.644979224
306.909689994
306.808058169
306.706000165
306.604202501
306.502803354
306.401771422
306.301027742
306.200488695
306.10008065
305.999743706
305.899431243
305.799108015
305.698747905
305.598331777
305.4978456
305.397278857
305.29662324
305.195871578
305.095016986
304.99405217
304.892968874
304.791757436
304.690406432
304.588902378
304.487229494
304.385369487
304.28330137
304.181001286
304.078442338
303.972653523
303.866846767
303.761087058
303.655335893
303.549550999
303.443686606
303.337693141
303.231516981
303.125100155
303.018379987
302.911288655
302.803752673
302.695692277
302.587020694
302.47764328
302.367456508
302.256346758
302.144188901
302.030844592
301.916160256
301.799964647
301.682065913
301.562248029
301.440266415
301.315842537
301.188657161
301.058341861
300.924468177
300.786533626
300.643943344
300.495985627
300.341798703
300.180324623
300.010243645
299.829878113
299.637046687
