0.000714620136227
0.000707729869125
0.000701145015545
0.000694847805811
0.000688821834683
0.000683051957697
0.000677524173179
0.000672225514413
0.000667143953593
0.000662268316358
0.000657588205591
0.000653093933336
0.000648776459827
0.000644627338773
0.000640638668155
0.000636803045908
0.000633113529901
0.000629563601756
0.000626147134075
0.000622858360692
0.000619691849643
0.000616642478558
0.000613705412221
0.000610876082089
0.000608150167558
0.000605523578813
0.0006029924411
0.000600553080296
0.000598202009633
0.000595935917488
0.000593751656132
0.000591646229497
0.000589616791134
0.000587660623807
0.00058577513915
0.000583957868057
0.000582206453641
0.000580518644688
0.000578892289583
0.000577325330655
0.000575815799691
0.000574361809548
0.000572961555478
0.000571613306472
0.000570315402353
0.000569066250338
0.000567864321409
0.000566708147048
0.000565596316191
0.000564527472362
0.000563499657698
0.000562510617234
0.000561559250815
0.000560644495841
0.000559765327869
0.000558920758392
0.000558109833256
0.000557331631179
0.000556585262332
0.000555869867014
0.000555184614391
0.000554528701306
0.000553901351151
0.000553301812806
0.000552729359619
0.000552183288458
0.000551662918796
0.000551167591857
0.00055069666979
0.000550249534902
0.000549825588918
0.000549424252278
0.000549044963477
0.000548687178431
0.000548350369874
0.000548034026787
0.000547737653853
0.00054746077094
0.000547202912603
0.000546963627619
0.000546742478532
0.000546539041233
0.000546352904545
0.000546183669837
0.000546030950656
0.000545894372366
0.000545773571817
0.000545668197017
0.000545577906825
0.000545502370658
0.000545441268207
0.000545394289171
0.000545361132996
0.000545341508632
0.000545335134297
0.000545341737253
0.000545361053589
0.000545392828016
0.000545436813673
0.000545492771936
0.000545560472236
0.000545639691891
0.000545730215941
0.000545831836986
0.000545944355037
0.000546067577377
0.000546201318413
0.000546345399553
0.000546499649074
0.000546663902004
0.000546838000008
0.000547021791272
0.000547215130404
0.000547417878331
0.000547629902202
0.000547851075299
0.000548081276946
0.00054832039243
0.000548568312918
0.000548824935386
0.000549090162542
0.000549363902762
0.000549646070026
0.000549936583851
0.000550235369241
0.000550542356627
0.000550857481816
0.000551180685943
0.000551511915426
0.000551851121922
0.000552198262287
0.000552553298539
0.000552916197823
0.000553286932377
0.000553665479506
0.00055168119651
0.000549855964884
0.000548179757584
0.000546644770155
0.000545244297315
0.000543972334967
0.000542823398211
0.000541792424942
0.000540874718664
0.000540065910808
0.000539361933389
0.000538758997551
0.000538253575664
0.000537842385814
0.000537522377988
0.000537290721618
0.000537144794244
0.000537082171196
0.000537100616184
0.000537198072773
0.000537372656683
0.000537622648906
0.000537946489608
0.00053834277282
0.000538810241893
0.00053934778573
0.000539954435793
0.00054062936389
0.000541371880768
0.000542177818275
0.000543046865573
0.000543978963754
0.000544974188556
0.00054603275356
0.000547155015015
0.000548341477719
0.000549592802219
0.000550909813476
0.000552293511174
0.000553745081861
0.000555265913196
0.000556857610579
0.000558522016536
0.000560261233302
0.000562077649126
0.000563973968963
0.000565953250338
0.000568018945398
0.000570174950359
0.000572425663912
0.000574776056527
0.000577231753139
0.000579799132407
0.000582485446686
0.000585298968145
0.00058824916827
0.000591346940488
0.000594604879254
0.000598037634165
0.000601662365458
0.0006054993391
0.000609572718251
0.000613911637966
0.000618551700383
0.000623537116028
