26.0396057512
25.9499156986
25.8602829717
25.7707015291
25.6811655858
25.5916696228
25.5022083729
25.4127768063
25.323370116
25.2339837053
25.1446131756
25.0552543158
24.9659030917
24.8765556372
24.787208245
24.6978573591
24.6084995674
24.5191315943
24.4297502948
24.3403526482
24.2509357528
24.1614968203
24.0720331716
23.9825422317
23.8930215258
23.803468675
23.7138813933
23.6242574832
23.5345948332
23.4448914145
23.355145278
23.2653545518
23.1755174385
23.0856322131
22.9956972205
22.9057108736
22.815671651
22.7255780956
22.6354288126
22.5452224677
22.454957786
22.3646335499
22.2742485981
22.1838018244
22.0932921764
22.0027186541
21.9120803091
21.8213762434
21.7306056085
21.6397676046
21.5488618623
21.4578882999
21.366846287
21.2757352355
21.1845545991
21.093303873
21.0019825932
20.9105903363
20.819126719
20.727591398
20.6359840692
20.5443044676
20.4525523673
20.3607275809
20.2688299593
20.1768593916
20.0848158049
19.9926991642
19.900509472
19.8082467685
19.7159111313
19.6235026755
19.5310215533
19.4384679543
19.3458421053
19.2531442705
19.1603747511
19.0675338857
18.9746220502
18.881639658
18.7885871597
18.6954650436
18.6022738356
18.5090140993
18.4156864364
18.3222914864
18.2288299271
18.1353024747
18.041709884
17.9480529484
17.8543325004
17.7605494118
17.6667045938
17.5727989972
17.4788336129
17.3848094722
17.2907276465
17.1965892487
17.1023954323
17.0081473927
16.913846367
16.8194936346
16.7250905173
16.63063838
16.5361386311
16.4415927224
16.3470021502
16.2523684552
16.1576932231
16.0629780852
15.9682247187
15.8734348472
15.7786102412
15.6837527185
15.588864145
15.4939464347
15.3990015507
15.3040315057
15.209038362
15.1140242329
15.0189912824
14.9239417266
14.8288778336
14.7338019245
14.6387163738
14.5436236101
14.4485261168
14.3534264326
14.2583271521
14.1632309265
14.0681404644
13.9730585322
13.8779879549
13.782931617
13.6878924625
13.5561103456
13.4268843996
13.3000670319
13.1755437459
13.0532224413
12.9330269967
12.8148931176
12.6987655285
12.5845960103
12.4723419919
12.3619655174
12.2534324755
12.1467120164
12.0417761061
11.9385991818
11.837157885
11.7374308526
11.6393985553
11.5430431704
11.4483484846
11.3552998198
11.2638839772
11.1740891978
11.0859051365
10.9993228473
10.9143347789
10.83093478
10.7491181126
10.6688814744
10.5902147522
10.5131170163
10.4375891905
10.3636338514
10.2912552946
10.2204596137
10.1512547902
10.0836507958
10.0176597096
9.95329585122
9.89057593294
9.82951923276
9.77014779205
9.71248664135
9.6565640588
9.60241186665
9.55006577226
9.49956576155
9.45095655453
9.40428813479
9.3596163676
9.31700372526
9.27652014268
9.23824403314
9.2022635022
9.16867780969
9.13759914532
9.10915480594
9.08348989385
9.06077070135
9.04118901447
9.02496767169
9.01236787361
9.00369899833
8.99933210944
8.99971909913
