-4671.43103583
147.123669692
148.136302558
149.090396878
149.988209725
150.832041188
151.624070033
152.366345582
153.06079605
153.709237857
154.313384265
154.87485323
155.395174532
155.875796264
156.318090749
156.723359935
157.092840331
157.427707526
157.729080329
157.998024575
158.235556618
158.442646553
158.620221181
158.769166744
158.89033146
158.984527856
159.052534937
159.095100999
159.112943857
159.10675205
159.077188888
159.024895156
158.950483302
158.854549469
158.73766465
158.600380451
158.443232693
158.277334094
158.100197847
157.904562915
157.69090339
157.459645791
157.211204832
156.945983875
156.664375461
156.366761822
156.053515372
155.724999161
155.381567312
155.023565426
154.651330976
154.265193667
153.865475784
153.452492525
153.026552304
152.587957053
152.1370025
151.673978432
151.199168951
150.712852713
150.215303154
149.706788711
149.187573027
148.657915147
148.118069706
147.568287112
147.008813712
146.439891957
145.86176056
145.274654645
144.678805886
144.074442648
143.461790118
142.841070427
142.212502773
141.576303536
140.93268639
140.281862406
139.62404016
138.959425824
138.288223269
137.610634147
136.926857988
136.237092276
135.541532535
134.840372407
134.133803726
133.42201659
132.705199433
131.983539092
131.25722087
130.526428602
129.791344711
129.05215027
128.309025056
127.562147603
126.811695255
126.057844213
125.300769586
124.540645433
123.777644809
123.011939804
122.243701583
121.473100425
120.700305756
119.925486183
119.148809525
118.370442844
117.59055247
116.809304025
116.026862449
115.243392018
114.459056364
113.674018489
112.88844078
112.10248502
111.316312398
110.530083511
109.743958374
108.958096414
108.172656474
107.387796805
106.603675059
105.820448276
105.038272878
104.25730464
103.477698681
102.699609434
101.923190618
101.148595211
100.375975414
99.6054826114
98.837245903
98.071227854
97.3077357902
57.3909175872
58.4752956317
59.6409485135
60.8379484148
62.0323756848
63.2018916292
64.331823049
65.4126053172
66.4381455102
67.4047548546
68.3104359918
69.1543964391
69.936709781
70.6580755877
71.3196467397
71.9229036912
72.46956202
72.9556336846
73.3568357667
73.7081234996
74.0115669678
74.2692964339
74.4834196638
74.6560471718
74.7892788318
74.8852010842
74.9458867837
74.9733971241
74.969785322
74.9371018316
74.8774009315
74.7927485885
74.685231552
74.5569676839
74.4101175728
74.246897527
74.0695940869
73.8805802481
73.6823336444
73.4774570014
73.268701252
73.0589917918
72.8514584694
72.6494700402
72.4566739879
72.2770428335
72.1149283303
71.9751253007
71.862947331
71.7843171504
71.7458753213
71.755111943
71.8205275241
71.9518311675
72.160186973
72.4585234473
72.861926262
73.3881427785
74.0582387228
74.8974655072
75.9364247589
77.2126612591
78.7728886746
80.6761765748
82.9986462158
