19.8320885081
19.7374863234
19.6429701951
19.5485349399
19.454175622
19.3598875644
19.2656663381
19.171507749
19.077407826
18.9833628094
18.8893691411
18.7954234549
18.7015225678
18.6076634716
18.5138433261
18.4200594514
18.3263093219
18.2325905603
18.1389009321
18.0452383402
17.9516008205
17.8579865373
17.7643937791
17.6708209549
17.5772665908
17.4837293262
17.3902079108
17.2967012024
17.2032081634
17.1097278588
17.0162594538
16.9228022113
16.8293554907
16.7359187451
16.6424921043
16.549075856
16.4556697512
16.3622736239
16.2688873908
16.17551105
16.0821446803
15.9887884405
15.8954425685
15.802107381
15.7087832722
15.6154707141
15.5221702556
15.4288825223
15.3356082158
15.2423481137
15.1491030694
15.0558740116
14.9626619445
14.8694679472
14.7762931741
14.6831388545
14.5900062928
14.4968968685
14.4038120362
14.3107533254
14.2177223414
14.1247207645
14.0317503508
13.9388129323
13.8459104169
13.7530447887
13.6602181084
13.5674325137
13.4746902192
13.3819935168
13.2893447766
13.1967464464
13.1042010526
13.0117112007
12.919279575
12.8269089399
12.7346021394
12.6423620985
12.5501918225
12.4580943986
12.3660729952
12.2741308634
12.1822713365
12.0904978311
11.9988138472
11.9072229688
11.8157288641
11.7243352861
11.6330460733
11.5418651492
11.4507965237
11.359844293
11.2690126399
11.1783058342
11.0877282333
10.9972842821
10.9069785136
10.816815549
10.7268000979
10.6369369586
10.5472310182
10.4576872528
10.3683107276
10.2791065969
10.190080104
10.1012365814
10.0125814505
9.92412022192
9.83585849454
9.74780195592
9.65995666136
9.5723290928
9.48492525889
9.39775125411
9.31081325814
9.22411753533
9.13767043393
9.05147838521
8.96554790241
8.87988558008
8.79449809251
8.70939219177
8.62457470905
8.54005255055
8.45583269679
8.37192220091
8.28832818684
8.20505784736
8.12211844204
8.03951729499
7.95726179254
7.87535938069
7.79381756248
7.7126438952
7.63184598738
7.52208725722
7.41531598101
7.31136970981
7.21011786535
7.11145217052
7.01528061459
6.92152339597
6.83011009287
6.74097763423
6.65406939401
6.56933936411
6.4867393658
6.40622426107
6.32775147659
6.25128063092
6.17677324348
6.1041925057
6.03350310103
5.96467106327
5.89766366557
5.83244933399
5.76899758103
5.70727895549
5.64726500597
5.58892825589
5.5322421882
5.47718123878
5.4237207975
5.37183721624
5.32150782359
5.2727109458
5.22542593418
5.17963319876
5.13531424871
5.09245173972
5.051029529
5.01103273853
4.97244782744
4.93526267461
4.89946667273
4.86505083532
4.83200791868
4.80033256079
4.77002143985
4.74107345569
4.71348993771
4.68727488396
4.66243523706
4.63898120353
4.61692662506
4.59628941201
4.57709205192
4.55936220929
4.54313343699
4.52844602538
4.51534802301
4.50389647264
4.49415892083
4.48621527893
4.48016014117
4.47610570625
4.47418550854
4.47455925573
4.47741921114
4.48299878562
