3.88151375524
1.87919645071
1.93252461424
1.98382095216
2.0332900582
2.08104893271
2.12719528962
2.17181999216
2.21500777881
2.2568468584
2.29741114189
2.33677888808
2.37502297976
2.41221331437
2.44841669451
2.48369684241
2.51811441288
2.55172701094
2.58458921865
2.61675263359
2.64826592032
2.67917487475
2.7095225008
2.73934909791
2.76869235806
2.79758747026
2.82606723076
2.8541621574
2.88190060609
2.9093088883
2.93641138801
2.96323067701
2.98978762781
3.01610152287
3.04219016159
3.06806995903
3.09375604523
3.11926235574
3.1446017188
3.16978593728
3.19482586565
3.21973148214
3.2445119562
3.26917571134
3.29373048371
3.31818337646
3.34254091015
3.36680906948
3.39099334647
3.41509878035
3.43912999441
3.46309122994
3.48698637748
3.51081900566
3.53459238761
3.55830952541
3.58197317234
3.60558585354
3.6291498848
3.65266738993
3.67614031663
3.69957045103
3.72295943111
3.74630875896
3.76961981195
3.79289385312
3.81613204056
3.83933543609
3.86250501322
3.88564166438
3.90874620761
3.93181939265
3.95486190659
3.97787437895
4.00085738642
4.02381145716
4.04673707476
4.0696346819
4.09250468364
4.11534745046
4.13816332114
4.16095260525
4.18371558553
4.2064525201
4.22916364438
4.25184917296
4.27450930128
4.29714420712
4.31975405208
4.34233898284
4.36489913236
4.38743462099
4.40994555745
4.43243203981
4.4548941563
4.47733198611
4.49974560012
4.52213506156
4.54450042662
4.56684174501
4.58915906051
4.61145241142
4.633721831
4.6559673479
4.67818898651
4.70038676733
4.72256070727
4.74471081996
4.76683711601
4.78893960328
4.81101828709
4.83307317043
4.85510425419
4.87711148819
4.89909496819
4.92105464034
4.94299049871
4.9649025361
4.98679074406
5.0086551131
5.03049563271
5.0523122915
5.0741050773
5.09587397722
5.11761897773
5.13934006475
5.16103727277
5.1827104884
5.20435974562
5.22598502873
5.24758632178
5.26916360859
5.29071687281
5.31224609795
5.33375126742
5.35523236457
5.37668937271
5.39812227516
5.41953105525
5.44091569637
5.46227618199
5.48361249567
5.5049246211
5.52621254208
5.5474762426
5.5687157068
5.58993091903
5.61112186382
5.63228852593
5.65343089035
5.6745489423
5.69564266725
5.71671205095
5.73775707941
5.75877773891
5.77977401603
5.80074589764
5.8216933709
5.8426164233
5.86351504263
5.884389217
5.90523893483
5.92606418489
5.94686495628
5.96764123841
5.98839302107
6.00912029435
6.0298230487
6.05050127494
6.07115496421
6.09178410801
6.1123886982
6.13296872698
6.15352418692
6.17405507094
6.19456137233
6.21504308471
6.2355002021
6.25593271883
6.27634062963
6.29672392957
6.3170826141
6.33741667899
6.3577261204
6.37801093485
6.3982711192
6.41850667068
6.43871758687
6.45890386572
6.4790655055
6.49920250487
6.51931486282
6.53940257871
6.55946565223
6.57950408343
6.59951787271
6.6195070208
6.63947152879
6.65941139811
6.67932663053
