4e-05
6.65122495118e-05
6.71086468661e-05
6.76867008562e-05
6.82668303615e-05
6.88519111123e-05
6.94418052858e-05
7.0035944689e-05
7.06337677129e-05
7.12348424666e-05
7.1838756253e-05
7.24452275485e-05
7.30540254923e-05
7.36649824313e-05
7.42779829916e-05
7.48929565478e-05
7.55098703999e-05
7.61287236233e-05
7.67495415603e-05
7.73723709226e-05
7.79972754716e-05
7.86243322411e-05
7.92536282625e-05
7.98852577535e-05
8.05193197271e-05
8.11559159797e-05
8.17951494172e-05
8.24371226797e-05
8.3081937028e-05
8.37296914568e-05
8.43804820027e-05
8.50344012192e-05
8.56915377924e-05
8.63519762806e-05
8.70157969107e-05
8.76830755588e-05
8.83538836561e-05
8.90282882517e-05
8.97063520736e-05
9.0388133629e-05
9.10736873276e-05
9.17630636204e-05
9.24563091574e-05
9.31534669354e-05
9.38545764716e-05
9.45596739613e-05
9.52687924407e-05
9.59819619449e-05
9.6699209662e-05
9.74205600809e-05
9.8146035133e-05
9.88756543274e-05
9.96094348784e-05
0.000100347391827
0.000101089538154
0.000101835884886
0.000102586441197
0.000103341214501
0.000104100210537
0.000104863433452
0.000105630885875
0.000106402568988
0.000107178482587
0.000107958625146
0.000108742993871
0.000109531584747
0.000110324392593
0.0001111214111
0.000111922632871
0.000112728049462
0.000113537651415
0.000114351428289
0.000115169368691
0.000115991460302
0.000116817689903
0.000117648043399
0.000118482505841
0.000119321061447
0.000120163693619
0.000121010384963
0.000121861117305
0.000122715871708
0.000123574628484
0.000124437367211
0.000125304066746
0.000126174705237
0.000127049260132
0.000127927708199
0.000128810025528
0.000129696187548
0.000130586169034
0.00013147994412
0.000132377486307
0.000133278768472
0.00013418376288
0.000135092441191
0.000136004774472
0.000136920733202
0.000137840287285
0.000138763406057
0.000139690058296
0.000140620212229
0.000141553835544
0.000142490895397
0.00014343135842
0.000144375190733
0.000145322357949
0.000146272825187
0.000147226557079
0.000148183517779
0.000149143670975
0.000150106979893
0.000151073407312
0.000152042828283
0.000153015378901
0.000153990933757
0.000154969453926
0.00015595090008
0.000156935232501
0.000157922411086
0.000158912395361
0.00015990514449
0.000160900617283
0.000161898772207
0.0001628995674
0.000163902960674
0.0001649090012
0.00016591746312
0.000166928394721
0.000167941752629
0.0001689574932
0.000169975572527
0.000170995946454
0.000172018570585
0.000173043400293
0.000174070390734
0.000175099496852
0.000176130673393
0.000177163874918
0.000178199055805
0.000179236170268
0.000180275172363
0.000181316015997
0.000182358654942
0.000183403042844
0.000184449133229
0.000185496879522
0.000186546235046
0.000187597153041
0.000188649586671
0.000189703489032
0.000190758813162
0.000191815512055
0.000192873538667
0.000193932845925
0.000194993386737
0.000196055114006
0.000197117980632
0.000198181939526
0.000199246943618
0.000200312945865
0.000201379899262
0.000202447756849
0.000203516471722
0.000204585997037
0.000205656286024
0.000206727291992
0.000207798968338
0.000208871268556
0.000209944146244
0.000211017555111
0.000212091448988
0.000213165781833
0.000214240507737
0.000215315580937
0.000216390955818
0.000217466586922
0.000218542428953
0.00021961843679
0.000220694565485
0.000221770770276
0.000222847006593
0.000223923230059
0.000224999396502
0.00022607546196
0.000227151382683
0.000228227115143
0.000229302616039
0.000230377842299
0.00023145275109
0.00023252729982
0.000233601446145
0.000234675147971
0.000235748363462
0.000236821051044
0.000237893169408
0.000238964677514
0.000240035534598
0.000241105700173
0.000242175134036
