0.0151191079431
0.0212489432818
0.0275318511432
0.0325224412009
0.0359521053515
0.0380797863914
0.0394120673011
0.0403400766301
0.0411027050092
0.0417976323551
0.0424811808636
0.043177541581
0.0438955461469
0.0446369617175
0.0454004740566
0.0461835564026
0.0469833259887
0.047796921617
0.0486216575036
0.0494550746085
0.0502949466141
0.0511392672191
0.0519862309471
0.0528342128597
0.053681749384
0.0545275210245
0.0553703370896
0.056209122315
0.0570429051725
0.0578708076488
0.058692036289
0.05950587433
0.0603116747698
0.0611088542459
0.061896887613
0.0626753031255
0.0634436781471
0.0642016353159
0.0649488391074
0.0656849927432
0.0664098353994
0.0671231396764
0.0678247092967
0.0685143769997
0.0691920026089
0.06985747125
0.0705106916997
0.0711515948504
0.0717801322762
0.0723962748883
0.0730000116712
0.0735913484896
0.0741703069611
0.0747369233864
0.075291247734
0.0758333426755
0.0763632826659
0.0768811530684
0.0773870493205
0.0778810761383
0.0783633467596
0.0788339822215
0.0792931106735
0.0797408667235
0.0801773908165
0.080602828644
0.0810173305839
0.0814210511703
0.0818141485908
0.0821967838822
0.0825691218097
0.082931328444
0.0832835721043
0.083626022649
0.0839588511259
0.0842822294447
0.0845963300712
0.0849013257417
0.0851973891976
0.0854846929387
0.0857634089949
0.0860337087141
0.086295762568
0.0865497399725
0.086795809123
0.0870341368442
0.0872648884532
0.0874882276345
0.0877043163278
0.0879133146265
0.0881153806869
0.0883106706476
0.0884993385575
0.0886815363134
0.0888574136054
0.0890271178699
0.0891907942499
0.0893485855618
0.089500632269
0.0896470724601
0.0897880418337
0.0899236736873
0.0900540989114
0.0901794459872
0.0902998409887
0.0904154075881
0.0905262670647
0.0906325383163
0.0907343378744
0.0908317799206
0.0909249763058
0.0910140365722
0.0910990679757
0.0911801755111
0.091257461938
0.0913310278089
0.0914009714974
0.0914673892282
0.0915303751076
0.091590021155
0.0916464173347
0.0916996515885
0.0917498098685
0.0917969761708
0.0918412325686
0.0918826592461
0.0919213345325
0.0919573349358
0.0919907351763
0.092021608221
0.0920500253171
0.0920760560252
0.092099768253
0.0921212282882
0.0921405008315
0.0921576490288
0.0921727345037
0.0921858173889
0.0921969563582
0.092206208657
0.0922136301334
0.0922192752681
0.0922231972042
0.0922254477767
0.0922260775411
0.0922251358022
0.0922226706416
0.0922187289454
0.092213356431
0.0922065976741
0.0921984961338
0.092189094179
0.0921784331132
0.0921665531988
0.0921534936813
0.0921392928132
0.092123987877
0.0921076152076
0.092090210215
0.0920718074056
0.0920524404037
0.0920321419726
0.0920109440344
0.0919888776906
0.0919659732414
0.0919422602045
0.0919177673344
0.0918925226402
0.0918665534036
0.0918398861966
0.0918125468983
0.0917845607116
0.0917559521798
0.0917267452024
0.0916969630504
0.0916666283823
0.0916357632579
0.0916043891538
0.0915725269771
0.0915401970794
0.0915074192704
0.0914742128308
0.0914405965258
0.0914065886172
0.0913722068759
0.0913374685941
0.0913023905967
0.0912669892531
0.091231280488
0.0911952797928
0.0911590022359
0.0911224624734
0.0910856747588
0.0910486529535
0.0910114105362
0.090973960612
0.0909363159224
0.0908984888538
0.0908604914461
0.0908223354017
