0.0
137.721395632
0.0
59.6670590595
0.0
59.6754332055
0.0
59.7129742523
0.0
59.7642964309
0.0
59.8219742451
0.0
59.8824143909
0.0
59.9438681811
0.0
60.0054762158
0.0
60.0668093643
0.0
60.127648085
0.0
60.1878761348
0.0
60.2474292123
0.0
60.3062699457
0.0
60.3643756627
0.0
60.4217321563
0.0
60.4783305527
0.0
60.5341653676
0.0
60.589233912
0.0
60.6435352077
0.0
60.6970698589
0.0
60.7498395731
0.0
60.8018470091
0.0
60.8530955644
0.0
60.9035892235
0.0
60.9533324354
0.0
61.0023300116
0.0
61.0505870443
0.0
61.0981088366
0.0
61.14490085
0.0
61.1909686558
0.0
61.2363179002
0.0
61.2809542734
0.0
61.3248834879
0.0
61.3681112572
0.0
61.4106432806
0.0
61.4524852361
0.0
61.4936427664
0.0
61.5341214732
0.0
61.573926916
0.0
61.6130646048
0.0
61.6515399982
0.0
61.6893585063
0.0
61.7265254841
0.0
61.7630462366
0.0
61.7989260191
0.0
61.8341700342
0.0
61.8687834371
0.0
61.902771336
0.0
61.9361387924
0.0
61.9688908252
0.0
62.0010320732
0.0
62.0325681441
0.0
62.0635035991
0.0
62.0938432988
0.0
62.1235920666
0.0
62.152754694
0.0
62.1813359387
0.0
62.2093405297
0.0
62.2367731666
0.0
62.2636385193
0.0
62.2899412321
0.0
62.315685925
0.0
62.3408771896
0.0
62.3655195976
0.0
62.3896176958
0.0
62.4131760108
0.0
62.4361990454
0.0
62.4586912832
0.0
62.4806571864
0.0
62.5021011987
0.0
62.523027743
0.0
62.5434412235
0.0
62.5633460257
0.0
62.5827465151
0.0
62.6016470401
0.0
62.6200519297
0.0
62.6379654943
0.0
62.6553920259
0.0
62.672335798
0.0
62.6888010656
0.0
62.7047920637
0.0
62.7203130104
0.0
62.7353681033
0.0
62.7499615222
0.0
62.7640974259
0.0
62.7777799543
0.0
62.7910132285
0.0
62.8038013478
0.0
62.8161483931
0.0
62.8280584249
0.0
62.8395354816
0.0
62.8505835813
0.0
62.8612067221
0.0
62.8714088797
0.0
62.8811940091
0.0
62.8905660427
0.0
62.8995288922
0.0
62.9080864452
0.0
62.9162425697
0.0
62.9240011083
0.0
62.9313658836
0.0
62.9383406926
0.0
62.9449293116
0.0
62.9511354923
0.0
62.9569629633
0.0
62.9624154299
0.0
62.9674965727
0.0
62.9722100498
0.0
62.976559495
0.0
62.9805485165
0.0
62.9841807005
0.0
62.9874596076
0.0
62.990388774
0.0
62.9929717119
0.0
62.9952119081
0.0
62.9971128256
0.0
62.998677902
0.0
62.9999105501
0.0
63.0008141589
0.0
63.001392091
0.0
63.0016476844
0.0
63.001584253
0.0
63.0012050847
0.0
63.0005134431
0.0
62.999512566
0.0
62.9982056668
0.0
62.9965959336
0.0
62.994686529
0.0
62.9924805921
0.0
62.9899812343
0.0
62.9871915447
0.0
62.9841145859
0.0
62.9807533961
0.0
62.9771109879
0.0
62.9731903501
0.0
62.9689944457
0.0
62.9645262142
0.0
62.9597885691
0.0
62.9547843987
0.0
62.9495165696
0.0
62.9439879204
0.0
62.9382012682
0.0
62.9321594034
0.0
62.9258650937
0.0
62.9193210817
0.0
62.912530086
0.0
62.9054948024
0.0
62.8982179008
0.0
62.8907020287
0.0
62.8829498088
0.0
62.874963842
0.0
62.8667467036
0.0
62.858300946
0.0
62.8496290999
0.0
62.8407336707
0.0
62.8316171414
0.0
62.8222819733
0.0
62.8127306038
0.0
62.8029654463
0.0
62.7929888939
0.0
62.7828033162
0.0
62.7724110611
0.0
62.7618144533
0.0
62.7510157958
0.0
62.7400173704
0.0
62.7288214353
0.0
62.7174302298
0.0
62.7058459699
0.0
62.6940708492
0.0
62.6821070426
0.0
62.6699567021
0.0
62.6576219594
0.0
62.6451049252
0.0
62.6324076896
0.0
62.6195323219
0.0
62.6064808721
0.0
62.5932553679
0.0
62.5798578192
0.0
62.5662902138
0.0
62.5525545217
0.0
62.5386526917
0.0
62.5245866544
0.0
62.5103583198
0.0
62.4959695793
0.0
62.4814223051
0.0
62.4667183511
0.0
62.4518595514
0.0
62.4368477221
0.0
62.4216846607
0.0
62.4063721464
0.0
62.3909119402
0.0
62.3753057854
0.0
62.3595554066
0.0
62.3436625117
0.0
62.32762879
0.0
62.3114559148
0.0
62.2951455402
0.0
62.2786993048
0.0
62.2621188296
