49.2837827606
49.3974827571
49.5073724397
49.6135918904
49.7162506009
49.8154529031
49.911300933
50.0038949441
50.0933333275
50.1797125992
50.2631273855
50.3436704114
50.4214324912
50.4965025227
50.5689674836
50.6389124313
50.7064205049
50.7715729302
50.8344490267
50.8951262179
50.9536800431
51.0101841717
51.06471042
51.1173287689
51.1681073848
51.217112641
51.2644091416
51.3100597461
51.354125596
51.3966661419
51.4377391725
51.4774008436
51.515705709
51.5527067511
51.5884554129
51.6230016298
51.6563938629
51.6886791313
51.7199030455
51.7501098408
51.7793424105
51.8076423395
51.8350499371
51.8616042707
51.8873431984
51.9123034015
51.9365204173
51.9600286707
51.9828615056
52.0050512164
52.0266290787
52.0476253787
52.0680694435
52.0879896699
52.1074135523
52.1263677113
52.1448779204
52.1629691324
52.1806655057
52.1979904291
52.2149665467
52.2316157815
52.2479593588
52.2640178287
52.2798110879
52.2953584009
52.3106784206
52.325789208
52.3407082516
52.3554524859
52.370038309
52.3844816004
52.398797737
52.4130016096
52.4271076381
52.4411297861
52.4550815756
52.4689761001
52.4828260378
52.4966436642
52.5104408641
52.5242291426
52.5380196364
52.5518231242
52.5656500361
52.5795104634
52.5934141674
52.607370588
52.6213888513
52.6354777776
52.6496458884
52.663901413
52.678252295
52.6927061984
52.7072705129
52.7219523591
52.7367585939
52.7516958143
52.7667703625
52.7819883289
52.7973555565
52.8128776441
52.8285599491
52.8444075906
52.8604254519
52.8766181832
52.8929902034
52.909545702
52.9262886414
52.9432227582
52.9603515647
52.9776783502
52.9952061823
53.012937908
53.0308761545
53.0490233305
53.0673816265
53.085953016
53.1047392561
53.1237418882
53.1429622387
53.1624014197
53.1820603295
53.2019396537
53.2220398656
53.2423612273
53.2629037905
53.2836673973
53.3046516813
53.3258560691
53.3472797811
53.3689218331
53.3907810379
53.4128560068
53.4351451518
53.4225910726
53.4104323057
53.3990232293
53.3885984497
53.3793098712
53.3712518246
53.364477628
53.3590108072
53.3548529341
53.3519892535
53.3503928166
53.3500275759
53.3508507428
53.3528146085
53.3558679682
53.3599572459
53.3650273916
53.3710226015
53.3778868995
53.3855646097
53.3940007404
53.4031412988
53.4129335464
53.4233262093
53.4342696482
53.4457159974
53.4576192772
53.4699014156
53.4825066162
53.4953976028
53.5085391041
53.5218978931
53.5354428203
53.5491448415
53.5629770407
53.5769146497
53.5909350665
53.6050178744
53.6191448627
53.633300054
53.6474697241
53.6616424491
53.6758091479
53.6899631393
53.7041002136
53.7182187212
53.7323196812
53.7464069151
53.7604872101
53.7745705169
53.7886701919
53.8028032888
53.8169909149
53.8312586615
53.8456371301
53.8601625725
53.8748776763
53.8898325303
53.9050858207
53.9207063202
53.9367747588
53.9533861937
53.9706530452
53.9887090309
54.0077143377
