319.712062372
320.229643002
320.599886693
320.853815953
321.015995013
321.105869366
321.138828005
321.127045582
321.080150301
321.00575352
320.909869179
320.797246418
320.671633171
320.535985038
320.392630757
320.243403292
320.08974364
319.932783036
319.773408033
319.612311997
319.450035873
319.287000413
319.123531674
318.959881164
318.796241771
318.632760334
318.469547576
318.306685934
318.144235737
317.982240074
317.820728629
317.65972069
317.499227522
317.33925423
317.17980121
317.020865297
316.862440651
316.704519374
316.547092337
316.390149274
316.233679229
316.077670811
315.922112381
315.766992198
315.612298531
315.458019741
315.304144342
315.150661043
314.997558782
314.844826747
314.692454389
314.540429135
314.388745872
314.237392252
314.08635882
313.935636397
313.785216074
313.6350892
313.485247378
313.335682461
313.186386537
313.037351929
312.888571187
312.740037076
312.591742576
312.443680872
312.295845445
312.148229746
312.000827547
311.853632798
311.706639625
311.559842318
311.413235338
311.266813299
311.120570974
310.974503284
310.828605296
310.682872217
310.537299394
310.391882303
310.246616552
310.101497874
309.956522121
309.811685266
309.666983395
309.522412704
309.377969499
309.233650191
309.08945129
308.945369407
308.801401249
308.657543615
308.513793396
308.37014757
308.226603199
308.083157431
307.939807492
307.796550688
307.6533844
307.510306083
307.367313263
307.224403538
307.081574572
306.938824095
306.796149901
306.653549846
306.511021847
306.368563879
306.226173975
306.083850222
305.941590762
305.799393788
305.657257544
305.515180326
305.373160475
305.231196379
305.089286473
304.947429234
304.805623183
304.663866883
304.522158936
304.380497985
304.23888271
304.097311827
303.955784091
303.814298291
303.672853247
303.531447817
303.390080888
303.24875138
303.107458148
302.966200291
302.82497681
302.683786736
302.542629127
302.401503069
302.260407676
302.119342086
301.978305461
301.837296987
301.696315875
301.555361357
301.414432685
301.273529134
301.13265
300.991794598
300.850962262
300.710152345
300.569364218
300.42859727
300.287850908
300.147124555
300.006417649
299.865729647
299.725060017
299.584408246
299.443773834
299.303156293
299.162555152
299.021969953
298.881400247
298.740845603
298.600305598
298.459779824
298.319267882
298.178769386
298.03828396
297.897811239
297.757350867
297.616902501
297.476465806
297.336040454
297.195626131
297.055222528
296.914829348
296.774446299
296.634073099
296.493709475
296.35335516
296.213009895
296.072673428
295.932345516
295.792025921
295.651714412
295.511410765
295.371114763
295.230826193
295.090544849
294.950270533
294.81000305
294.669742211
294.529487833
294.389239821
294.248997817
294.108761843
293.968531627
293.828307016
293.688087861
293.547874015
293.407665333
