2.9667
2.31751581452
2.31985199021
2.32216864458
2.32447123073
2.32676344825
2.3290479597
2.33132646932
2.33360026021
2.33587021371
2.33813695145
2.34040150909
2.34266303581
2.34492230839
2.34717948504
2.34943467644
2.35168795925
2.35393938565
2.35618899011
2.35843679421
2.36068281058
2.36292634707
2.36516878749
2.36740944631
2.3696483137
2.37188538058
2.37413473466
2.37635396032
2.37858562011
2.38081539962
2.38303077134
2.38526910735
2.38749336793
2.38971566011
2.39193600942
2.39415442006
2.39637088681
2.39858540036
2.40079794964
2.40300852291
2.40521710825
2.40742369372
2.40962826754
2.41183081804
2.41403133377
2.41622980342
2.41842621589
2.42062056024
2.42281282573
2.42500300178
2.42719107797
2.42937704407
2.43156088998
2.43374260577
2.43592218167
2.43809960804
2.44027487538
2.44244797433
2.44461889567
2.44678763029
2.44895416921
2.45111850357
2.45328062463
2.45544052374
2.45759819238
2.45975362211
2.46190680461
2.46405773165
2.46620639509
2.46835278687
2.47049689903
2.47263872369
2.47477825306
2.47691547941
2.47905039509
2.48118299254
2.48331326425
2.4854412028
2.48756680081
2.48969005099
2.4918109461
2.49392947896
2.49604564245
2.49815942952
2.50027083316
2.50237984643
2.50448646241
2.50659067427
2.50869247521
2.51079185849
2.5128888174
2.51498334529
2.51707543555
2.51916508162
2.52125227698
2.52333701514
2.52541928968
2.52749909418
2.5295764223
2.53165126771
2.53372362413
2.53579348532
2.53786084507
2.5399256972
2.54198803558
2.54404785411
2.54610514671
2.54815990734
2.55021213002
2.55226180875
2.55430893761
2.55635351069
2.5583955221
2.56043496601
2.56247183659
2.56450612806
2.56653783465
2.56856695065
2.57059347035
2.57261738807
2.57463869818
2.57665739505
2.5786734731
2.58068692677
2.58269775051
2.58470593882
2.58671148623
2.58871438726
2.5907146365
2.59271222854
2.59470715799
2.59669941952
2.59868900777
2.60067591747
2.60266014332
2.60464168007
2.60662052249
2.60859666538
2.61057010357
2.61254083136
2.61450884467
2.61647413787
2.61843670588
2.62039654364
2.6223536461
2.62430800827
2.62625962513
2.62820849173
2.63015460313
2.63209795439
2.63403917067
2.63597699309
2.63791203665
2.63984429881
2.64177377576
2.64370046317
2.64562435647
2.64754545102
2.64946374212
2.65137922511
2.65329189533
2.65520174811
2.65710877884
2.65901298292
2.66091435575
2.66281289277
2.66470858945
2.66660144127
2.66849144372
2.67037859234
2.67226288267
2.67414431028
2.67602287076
2.67789855972
2.67977137279
2.68164130563
2.68350835391
2.68537251333
2.6872337791
2.68909214797
2.69094761519
2.69280017656
2.69464982786
2.69649656493
2.6983403836
2.70018127974
2.70201924925
2.70385428802
2.70568639224
2.70751498714
2.70934120434
2.71116447848
2.71298480343
2.71480217428
2.71661658666
2.71842803646
2.72023651969
2.72204203243
2.7238445708
2.72564413094
