109.30641984
109.937951047
110.373217089
110.764890092
111.147223159
111.528570781
111.910957773
112.294899541
112.68055139
113.06798224
113.457239892
113.848366625
114.241402954
114.636388563
115.033362554
115.432363542
115.833429699
116.236598793
116.64190822
117.049395038
117.45909599
117.871047537
118.285285879
118.70184698
119.120766596
119.542080286
119.965823444
120.39203131
120.820738992
121.25198148
121.685793666
122.122210358
122.561266292
123.002996151
123.44743457
123.894616156
124.344575495
124.797347165
125.252965744
125.711465821
126.172882004
126.637248929
127.10460127
127.574973741
128.048401108
128.524918191
129.004559874
129.487361108
129.973356914
130.462582393
130.955072723
131.450863169
131.949989082
132.452485901
132.95838916
133.467734486
133.9805576
134.496877
135.016763206
135.540234868
136.067328157
136.598079297
137.132524596
137.670700457
138.212643372
138.758389926
139.307976795
139.861440738
140.4188186
140.980147307
141.545463859
142.114805329
142.68820886
143.265711657
143.847350981
144.43316415
145.023188527
145.617461514
146.216020552
146.818903107
147.426146667
148.037788735
148.653866821
149.274418433
149.89948107
150.529092218
151.163289333
151.802109842
152.445591129
153.093770527
153.746685311
154.404372689
155.066869791
155.734213665
156.406441262
157.083589433
157.765694916
158.452794333
159.144924176
159.842120802
160.544420428
161.251859117
161.964472777
162.682297151
163.405367814
164.133720163
164.867389417
165.606410606
166.350818574
167.10064797
167.85593325
168.616708668
169.383008285
170.154865957
170.932315343
171.715389905
172.504122903
173.298547405
174.098696285
174.90460223
175.716297737
176.533815124
177.357186531
178.186443925
179.021619104
179.862743702
180.709849192
181.562966888
182.422127949
183.28736338
184.158704029
185.036180583
185.919823567
186.809663334
187.70573005
188.608053683
189.516663979
190.43159044
191.352862291
192.280508442
193.214557446
194.155037444
195.101976104
196.05540055
197.015337286
197.981812096
198.954849949
199.934474877
200.92070985
201.913576633
202.913095628
203.919285703
204.932164009
205.951745772
206.978044082
208.011069658
209.050830601
210.097332132
211.150576317
212.210561776
213.277283386
214.350731967
215.430893962
216.517751116
217.611280137
218.711452372
219.81823347
220.931583058
222.051454422
223.177794201
224.31054209
225.449630575
226.594984677
227.746521736
228.904151219
230.06777457
231.237285097
232.412567903
233.593499871
234.779949693
235.971777958
237.168837295
238.370972578
239.57802119
240.789813344
242.006172472
243.226915671
244.45185421
245.680794088
246.913536657
248.149879286
249.389616076
250.632538617
251.878436776
253.127099525
254.378315783
255.631875279
256.887569433
258.145192228
259.40454109
