1.4977
1.50069784127
1.50068229102
1.50064519062
1.50060714882
1.5005705577
1.5005356155
1.50050226219
1.50047041253
1.50043998359
1.50041089768
1.50038308216
1.50035646913
1.50033099498
1.50030660009
1.50028322837
1.50026082717
1.50023934691
1.50021874085
1.50019896488
1.50017997734
1.50016173885
1.50014421212
1.50012736184
1.5001111545
1.50009555834
1.50008054315
1.50006608024
1.50005214231
1.50003870336
1.50002573862
1.5000132245
1.50000113845
1.49998945897
1.49997816552
1.49996723846
1.499956659
1.49994640916
1.49993647174
1.49992683024
1.49991746886
1.49990837243
1.49989952641
1.49989091684
1.4998825303
1.49987435391
1.49986637529
1.49985858252
1.49985096416
1.49984350917
1.49983620695
1.49982904728
1.49982202031
1.49981511657
1.49980832692
1.49980164256
1.49979505496
1.49978855601
1.49978213777
1.49977579264
1.49976951329
1.49976329264
1.49975712387
1.4997510004
1.49974491591
1.49973886427
1.49973283962
1.49972683628
1.49972084882
1.499714872
1.49970890077
1.49970293031
1.49969695599
1.49969097336
1.49968497817
1.49967896636
1.49967293407
1.4996668776
1.49966079346
1.49965467833
1.49964852907
1.49964234276
1.4996361166
1.49962984804
1.49962353468
1.4996171743
1.49961076489
1.49960430462
1.49959779184
1.4995912251
1.49958460315
1.49957792495
1.4995711896
1.49956439646
1.49955754507
1.49955063517
1.49954366673
1.49953663991
1.49952955509
1.49952241288
1.49951521407
1.49950795972
1.49950065109
1.49949328965
1.49948587713
1.49947841547
1.49947090684
1.49946335367
1.49945575859
1.4994481245
1.4994404545
1.49943275197
1.49942502049
1.4994172639
1.49940948627
1.4994016919
1.49939388534
1.49938607136
1.49937825495
1.49937044134
1.49936263598
1.49935484453
1.49934707286
1.49933932706
1.49933161343
1.49932393839
1.4993163086
1.49930873091
1.4993012123
1.4992937599
1.499286381
1.49927908302
1.49927187347
1.49926130003
1.49925421177
1.49948326638
1.49948748918
1.49947887769
1.49946754795
1.49945505392
1.49944191041
1.49942843407
1.49941485772
1.49940135916
1.49938807582
1.49937511444
1.4993625581
1.49935047128
1.49933890373
1.49932789334
1.49931746839
1.49930764926
1.49929844982
1.49928987849
1.49928193915
1.49927463178
1.4992679531
1.49926189698
1.49925645486
1.49925161608
1.49924736811
1.49924369681
1.49924058661
1.49923802065
1.49923598094
1.49923444842
1.49923340311
1.4992328241
1.49923268966
1.49923297725
1.49923366351
1.49923472426
1.49923613445
1.49923786815
1.49923989837
1.49924219699
1.49924473459
1.49924748016
1.49925040086
1.49925346158
1.4992566245
1.49926003867
1.4992635508
1.49926702822
1.49927041071
1.49927363351
1.49927662125
1.49927928433
1.49928151438
1.49928317805
1.49928410812
1.49928409078
1.49928284688
1.49928000342
1.49927504929
1.49926726346
1.49925559405
1.49923844295
1.4992132568
1.49917567922
