195.593688576
77.4055470796
77.3217233645
77.2482377751
77.1835784216
77.2359842665
77.587697522
77.9313046325
78.2671217887
78.5954529992
78.9165895403
79.2308104574
79.5383831222
79.8395637805
80.1345980786
80.4237215657
80.7071601724
80.9851306622
81.2578410607
81.5254910589
81.7882723952
82.0463692161
82.2999584155
82.5492099562
82.7942871733
83.0353470609
83.2725405436
83.5060127331
83.7359031722
83.9623460648
84.1854704962
84.4054006401
84.6222559575
84.8361513844
85.0471975114
85.2555007544
85.4611635179
85.6642843503
85.8649580922
86.0632760188
86.259325975
86.4531925056
86.6449595739
86.8347002935
87.0224926359
87.2084091351
87.392519596
87.5748911942
87.7555885726
87.934673934
88.1122071293
88.2882457433
88.4628451758
88.6360587211
88.8079376427
88.9785312464
89.1478869499
89.3160503498
89.4830652862
89.6489739044
89.813816715
89.9776326509
90.1404591222
90.3023320699
90.4632860162
90.6233541138
90.7825681931
90.9409588077
91.0985552776
91.2553857315
91.4114771469
91.5668553891
91.7215452485
91.875570476
92.0289538181
92.1817170494
92.333881005
92.4854656105
92.6364899119
92.7869721034
92.9369295546
93.0863788368
93.2353357474
93.3838153344
93.531831919
93.679399118
93.8265298643
93.9732364281
94.1195304353
94.2654228867
94.4109241757
94.5560441052
94.7007919039
94.8451762419
94.9892052456
95.1328865119
95.2762271216
95.4192336524
95.5619121916
95.7042683471
95.8463072591
95.9880336106
96.1294516374
96.2705651377
96.4113774813
96.5518916179
96.6921100853
96.8320350174
96.971668151
97.1110108326
97.2500640251
97.3888283136
97.5273039109
97.6654906629
97.8033880534
97.9409952085
98.0783109007
98.2153335532
98.3520612428
98.4884917034
98.6246223288
98.7604501756
98.8959719649
99.0311840849
99.1660825925
99.3006632146
99.4349213497
99.5688520685
99.7024501153
99.8357099078
99.968625538
100.101190772
100.233399051
109.307922026
109.367578824
139.916824237
149.123955106
157.410310478
164.903601474
171.709790131
177.917398888
183.60078666
188.822772311
193.636736828
198.08830575
202.21669769
206.055809014
209.635090392
212.980258918
216.113879913
219.055844989
221.823767129
224.433309058
226.898457699
229.231754852
231.444492138
233.546876665
235.548172593
237.4568228
239.280554069
241.026468609
242.701124234
244.310605127
245.860584848
247.356382957
248.803016483
250.205247289
251.567626311
252.894535561
254.190228751
255.458871385
256.70458121
257.931469951
259.14368738
260.345468928
261.541188242
262.73541644
263.932990177
265.139091256
266.359341254
267.599915725
268.867684007
270.170382762
271.516834311
272.917225127
274.383466112
275.92966565
277.572760778
279.333374137
281.237000268
283.315683911
285.610454034
288.174956275
291.081058609
294.427853845
298.356833315
303.079033806
315.734138236
332.39466439
354.906191756
