-1.2597334369
-3.01734132763
-3.02322509496
-3.02907667844
-3.0349108971
-3.04073195913
-3.04654063702
-3.05233627996
-3.05811757991
-3.06388291858
-3.06963054234
-3.07535865671
-3.0810654799
-3.08674927392
-3.09240836295
-3.09804114401
-3.10364609307
-3.1092217682
-3.11476681081
-3.12027994582
-3.12575998094
-3.13120580555
-3.13661638916
-3.14199077968
-3.14732810157
-3.15262755388
-3.15788840815
-3.16311000637
-3.16829175879
-3.17343314179
-3.17853369559
-3.18359302208
-3.18861078253
-3.19358669526
-3.19852053339
-3.20341212244
-3.20826133801
-3.21306810345
-3.21783238745
-3.22255420172
-3.22723359861
-3.2318706688
-3.23646553896
-3.24101836949
-3.24552935224
-3.24999870834
-3.25442668598
-3.25881355836
-3.2631596216
-3.26746519277
-3.27173060795
-3.27595622044
-3.28014239892
-3.28428952579
-3.28839799559
-3.2924682134
-3.29650059345
-3.30049555773
-3.30445353473
-3.30837495819
-3.31226026604
-3.31610989933
-3.31992430125
-3.32370391628
-3.32744918936
-3.33116056513
-3.33483848726
-3.33848339785
-3.34209573684
-3.34567594155
-3.34922444622
-3.35274168161
-3.35622807466
-3.3596840482
-3.36311002065
-3.36650640587
-3.36987361288
-3.37321204577
-3.37652210356
-3.37980418008
-3.38305866389
-3.38628593827
-3.38948638112
-3.392660365
-3.39580825706
-3.39893041913
-3.40202720769
-3.40509897389
-3.40814606364
-3.41116881763
-3.41416757139
-3.41714265535
-3.42009439491
-3.4230231105
-3.42592911768
-3.42881272719
-3.43167424502
-3.43451397252
-3.43733220646
-3.44012923911
-3.44290535831
-3.44566084758
-3.44839598616
-3.45111104912
-3.45380630743
-3.45648202802
-3.45913847385
-3.46177590404
-3.46439457386
-3.46699473487
-3.46957663494
-3.47214051835
-3.47468662585
-3.4772151947
-3.47972645877
-3.48222064857
-3.48469799133
-3.48715871106
-3.48960302859
-3.49203116163
-3.49444332484
-3.49683972987
-3.4992205854
-3.50158609722
-3.50393646826
-3.50627189862
-3.50859258568
-3.51089872406
-3.51319050572
-3.51546812
-3.51773175365
-3.51998159086
-3.52221781332
-3.52444060026
-3.52665012847
-3.52884657237
-3.53103010399
-3.53320089307
-3.53535911336
-3.53750491742
-3.53963847456
-3.54175994558
-3.54386948911
-3.54596726169
-3.54805341774
-3.55012810963
-3.5521914877
-3.5542437003
-3.55628489379
-3.55831521259
-3.56033479919
-3.56234379421
-3.56434233637
-3.56633056259
-3.56830860793
-3.57027660569
-3.57223468738
-3.57418298279
-3.57612161996
-3.57805072524
-3.57997042333
-3.58188083723
-3.58378208834
-3.58567429644
-3.5875575797
-3.58943205474
-3.59129783663
-3.59315503889
-3.59500377354
-3.5968441511
-3.59867628063
-3.6005002697
-3.60231622449
-3.6041242497
-3.60592444869
-3.60771692338
-3.60950177435
-3.61127910081
-3.61304900066
-3.61481157044
-3.61656690543
-3.61831509958
-3.62005624558
-3.62179043489
-3.62351775767
-3.62523830291
-3.62695215834
-3.62865941051
-3.63036014478
-3.63205444535
-3.63374239523
-3.63542407632
-3.63709956937
-3.63876895401
-3.64043230876
-3.64208971107
-3.64374123727
-3.64538696266
-3.64702696147
-3.64866130688
