47.905818493
45.700335202
45.7653408619
45.8308706679
45.8969359708
45.9635315892
46.030650259
46.0982844028
46.1664264872
46.2350690979
46.304204956
46.3738269203
46.4439279872
46.5145012891
46.5855400922
46.6570377946
46.7289879236
46.8013841327
46.8742201988
46.9474900193
47.0211876083
47.0953070939
47.1698427147
47.2447888165
47.3201398486
47.3958903612
47.4720350016
47.5485685111
47.6254857219
47.7027815538
47.7804510117
47.858489182
47.9368912302
48.0156523983
48.0947680018
48.1742334272
48.2540441301
48.3341956324
48.4146835206
48.4955034434
48.5766511102
48.6581222892
48.739912806
48.8220185418
48.9044354326
48.9871594678
49.0701866896
49.1535131918
49.2371351197
49.3210486691
49.4052500869
49.4897356704
49.5745017679
49.6595447788
49.7448611548
49.8304474
49.9163000726
50.0024157861
50.0887912108
50.1754230757
50.2623105057
50.3494457394
50.4368279782
50.5244542107
50.6123214987
50.70042698
50.7887678735
50.877341483
50.9661452025
51.0551765216
51.144433031
51.2339124293
51.3236125291
51.4135312652
51.5036667016
51.5940170402
51.68458063
51.7753559766
51.8663417525
51.9575368078
52.0489401825
52.1405511186
52.2323690734
52.3243937337
52.416625031
52.509063157
52.601708581
52.6945620677
52.7876246962
52.8808978803
52.9743833896
53.0680833728
53.1620003807
53.2561373925
53.350497842
53.445085646
53.5399052345
53.634961582
53.7302602411
53.8258073774
53.9216098073
54.0176750363
54.1140113011
54.2106276128
54.3075338028
54.4047405713
54.5022595383
54.6001032967
54.6982854696
54.7968207688
54.895725058
54.995015418
55.0947102159
55.1948291779
55.2953934651
55.3964257543
55.4979503213
55.59999313
55.7025819243
55.805746326
55.9095179362
56.0139304428
56.1190197318
56.2248240054
56.3313839044
56.4387426372
56.5469461144
56.6560430901
56.7660853086
56.8771276593
56.9892283373
57.1024490117
57.2168550016
57.3325154588
57.4495035597
57.5678967045
57.687776725
57.8092301012
57.9323481868
58.0572274436
58.1839696858
58.3126823333
58.4434786751
58.5764781428
58.7118065942
58.8495966072
58.9899877843
59.1331270678
59.2791690653
59.4282763869
59.580619992
59.7363795479
59.8957437985
60.058910944
60.2260890304
60.3974963498
60.57336185
60.7539255536
60.9394389859
61.1301656111
61.3263812754
61.5283746573
61.7364477223
61.9509161833
62.1721099617
62.4003736518
62.6360669824
62.8795652773
63.1312599093
63.3915587465
63.6608865886
63.9396855873
64.2284156499
64.5275548197
64.8375996302
65.1590654264
65.4924866489
65.8384170737
66.1974300006
66.5701183832
66.9570948924
67.3589919027
67.7764613938
68.2101747534
68.6608224734
69.1291137224
69.6157757836
70.1215533417
70.6472076027
71.1935152278
71.7612670648
72.3512666532
72.9643284843
73.601275989
74.2629392316
74.9501522791
75.6637502201
76.4045658007
77.1734256458
77.9711460316
