742.9968
1353.31179446
1349.68867072
1346.09205855
1342.51391122
1338.95108316
1335.40220749
1331.86666508
1328.34415748
1324.83452585
1321.33767393
1317.85353523
1314.38205895
1310.92320385
1307.47693544
1304.0432247
1300.62204725
1297.21338295
1293.81721546
1290.43353201
1287.062323
1283.70358183
1280.35730458
1277.02348976
1273.7021381
1270.39325226
1267.09683664
1263.81289714
1260.54144096
1257.28247638
1254.03601255
1250.80207292
1247.58064029
1244.37173927
1241.17538071
1237.99157542
1234.82033407
1231.66166698
1228.51558402
1225.38209447
1222.26120685
1219.15292885
1216.05726718
1212.97422744
1209.90381407
1206.8460302
1203.80087758
1200.76835648
1197.74846562
1194.74120208
1191.74656125
1188.76453673
1185.79512029
1182.83830184
1179.89406932
1176.96240871
1174.04330396
1171.13673695
1168.24268747
1165.36113322
1162.49204972
1159.63541036
1156.79118632
1153.95934664
1151.13985812
1148.3326854
1145.5377909
1142.75513487
1139.98467534
1137.22636819
1134.48016714
1131.74602374
1129.02388743
1126.31370554
1123.6154233
1120.92898389
1118.25432849
1115.59139623
1112.94012431
1110.30044799
1107.67230064
1105.05561375
1102.45031703
1099.85633839
1097.27360401
1094.70203838
1092.14156436
1089.5921032
1087.05357459
1084.52589675
1082.00898641
1079.50275893
1077.00712829
1074.52200717
1072.04730702
1069.58293806
1067.12880938
1064.68482898
1062.25090379
1059.82695129
1057.4128538
1055.00852662
1052.61387303
1050.22879554
1047.85319591
1045.48697524
1043.13003398
1040.782272
1038.44358866
1036.11388281
1033.79305288
1031.48099692
1029.17761263
1026.88279743
1024.5964485
1022.3184628
1020.04873715
1017.78716826
1015.53365277
1013.28808729
1011.05036844
1008.82039292
1006.59805749
1004.38325756
1002.17589317
999.975860181
997.783056108
995.59737876
993.418726254
991.246997053
989.082089996
986.923904325
984.772339719
982.627296319
980.488674759
978.356376188
976.230302301
974.110355356
971.996438207
969.888454319
967.786307792
965.68990338
963.599146517
961.513943325
959.43420064
957.359826027
955.290727794
953.226815006
951.167997503
949.11418591
947.065291649
945.021226953
942.981904873
940.947239289
938.917144922
936.891537335
934.870332948
932.853449038
930.840803749
928.832316095
926.827905964
924.827494121
922.831002216
920.838352776
918.849469216
916.864275835
914.882697819
912.904661236
910.930093039
908.958921064
906.991074027
905.02648152
903.06507401
901.106782834
899.151540195
897.199279159
895.249933646
893.303438428
891.35972912
889.418742178
887.480414886
885.544685354
883.611492508
881.680776082
879.752476611
877.82653542
875.902894619
873.98149709
872.062286479
870.145207187
868.230204358
866.317223873
864.406212333
862.497117054
860.589886056
858.684468046
856.780812414
854.878869219
852.978589176
851.079923646
