33.3757143544
990.073389601
987.256629041
984.473508676
981.720085207
978.994719611
976.296356503
973.624182935
970.977500131
968.355670437
965.758094885
963.184203386
960.633450147
958.105311257
955.599283195
953.114881723
950.651640968
948.20911259
945.786865015
943.384482698
941.001565424
938.63772764
936.292597807
933.965817784
931.657042233
929.365938049
927.092182446
924.83546783
922.595493272
920.371969329
918.164616246
915.973163518
913.797349456
911.636920771
909.491632182
907.361246028
905.245531905
903.144266315
901.057232327
898.984219253
896.925022337
894.879442459
892.84728585
890.828363816
888.822492475
886.829492512
884.849188931
882.881410832
880.925991185
878.982766625
877.051577247
875.132266414
873.224680578
871.328669098
869.44408408
867.570780213
865.708614619
863.857446708
862.017138041
860.187552197
858.368554655
856.560012667
854.761795153
852.973772591
851.195816919
849.427801437
847.669600717
845.921090522
844.182147719
842.452650209
840.732476851
839.021507398
837.319622433
835.626703308
833.94263209
832.267291509
830.600564906
828.942336194
827.29248981
825.650910677
824.017484169
822.392096074
820.774632567
819.164980176
817.563025759
815.968656479
814.381759782
812.802223372
811.229935199
809.664783439
808.10665648
806.555442903
805.011031481
803.473311157
801.94217104
800.417500397
798.899192762
797.387129477
795.881204341
794.381307186
792.887327975
791.3991568
789.916683879
788.439800265
786.968394965
785.502359328
784.041584069
782.585960026
781.135378169
779.689729592
778.248905522
776.812797316
775.381296465
773.954294597
772.531683479
771.113355019
769.699201267
768.289114424
766.882986838
765.480711009
764.082179595
762.687285408
761.295921423
759.907980778
758.523356775
757.141942884
755.763632745
754.38832017
753.015899144
751.646263826
750.279308553
748.914927839
747.553016376
746.193469036
744.83618087
743.481047111
742.127963169
740.776824636
739.427527284
738.079967062
736.734040098
735.389642696
734.046671336
732.705022671
731.364593525
730.025280891
728.68698193
727.349593966
726.013014485
724.67714113
723.341871698
722.007104139
720.672736548
719.338667163
718.00479436
716.671016651
715.337232674
714.003341194
712.669241093
711.334831367
710.000011122
708.664679565
707.328735998
705.992079817
704.6546105
703.316227605
701.97683076
700.63631966
699.294594057
697.951553757
696.607098611
695.261128505
693.913543361
692.564243121
691.213127749
689.860097214
688.505051492
687.147890554
685.78851436
684.426822849
683.06271594
681.696093516
680.326855422
678.954901456
677.580131364
676.202444834
674.821741484
673.437920864
672.050882441
670.660525601
669.266749635
667.869453743
666.468537016
665.063898444
663.655436901
662.243051144
660.826639811
659.406101411
657.981334327
656.552236806
