0.00762647379961
0.00772509215735
0.00779210656506
0.00785289831648
0.00791271844867
0.00797283915464
0.00803357942728
0.00809502688656
0.00815721303829
0.0082201559075
0.00828387042292
0.00834837095281
0.0084136719292
0.00847978800612
0.00854673410433
0.00861452542837
0.00868317747699
0.00875270605211
0.00882312726753
0.00889445755768
0.00896671368658
0.00903991275697
0.00911407221961
0.00918920988283
0.00926534392231
0.00934249289098
0.00942067572932
0.00949991177573
0.00958022077728
0.00966162290066
0.00974413874342
0.00982778934545
0.0099125962008
0.00999858126975
0.0100857669912
0.0101741762955
0.0102638326172
0.0103547599087
0.010446982654
0.0105405258823
0.0106354151832
0.0107316767206
0.0108293372488
0.0109284241275
0.011028965338
0.0111309894996
0.0112345258865
0.0113396044451
0.0114462558119
0.0115545113313
0.0116644030747
0.0117759638598
0.0118892272698
0.0120042276743
0.0121210002494
0.0122395809996
0.0123600067792
0.0124823153149
0.0126065452292
0.0127327360631
0.0128609283015
0.012991163662
0.0131234840871
0.0132579332671
0.0133945557261
0.0135333970537
0.0136745039394
0.0138179242034
0.0139637068262
0.0141119019794
0.0142625610562
0.0144157367034
0.0145714828541
0.0147298547604
0.0148909090279
0.0150547036502
0.0152212980444
0.0153907530875
0.0155631311532
0.0157384961501
0.0159169135601
0.0160984504774
0.0162831756493
0.0164711595162
0.0166624742538
0.0168571938149
0.0170553939724
0.0172571523629
0.0174625485309
0.0176716639735
0.0178845821856
0.0181013887058
0.0183221711624
0.0185470193203
0.0187760251274
0.0190092827623
0.0192468886806
0.0194889416631
0.0197355428624
0.0199867958498
0.020242806662
0.0205036838476
0.0207695385117
0.0210404843612
0.0213166377481
0.0215981177118
0.02188504602
0.0221775472076
0.0224757486137
0.0227797804166
0.0230897756653
0.0234058703086
0.0237282032208
0.0240569162228
0.0243921541
0.0247340646141
0.0250827985108
0.0254385095201
0.0258013543519
0.0261714926823
0.0265490871334
0.0269343032443
0.0273273094314
0.0277282769398
0.0281373797823
0.0285547946667
0.0289807009092
0.0294152803339
0.0298587171563
0.0303111978499
0.0307729109949
0.0312440471073
0.0317247984466
0.0322153588019
0.0327159232531
0.0332266879075
0.033747849608
0.0342796056137
0.0348221532486
0.0353756895186
0.0359404106944
0.0365165118575
0.0371041864093
0.0377036255401
0.038315017657
0.0389385477686
0.039574396825
0.0402227410119
0.0408837509974
0.0415575911292
0.0422444185835
0.0429443824624
0.043657622841
0.044384269763
0.0451244421865
0.0458782468785
0.0466457772611
0.0474271122107
0.048222314811
0.0490314310654
0.0498544885694
0.0506914951495
0.0515424374725
0.0524072796322
0.0532859617191
0.0541783983819
0.0550844773888
0.056004058199
0.0569369705543
0.0578830131025
0.0588419520661
0.0598135199678
0.060797414429
0.0617932970548
0.0628007924216
0.0638194871837
0.0648489293143
0.0658886274984
0.0669380506932
0.067996627873
0.0690637479737
0.0701387600514
0.0712209736703
0.0723096595305
0.0734040503474
0.0745033419922
0.0756066948988
0.0767132357414
0.0778220593862
0.0789322311122
0.0800427891004
0.0811527471798
0.0822610978228
0.0833668153717
0.0844688594825
0.085566178761
0.0866577145714
0.0877424049869
0.0888191888558
0.0898870099504
