114600.0
10410215.7003
10417994.8826
10422543.0603
10424652.0047
10424915.8835
10423783.4947
10421583.5299
10418574.7107
10414945.2767
10410839.0548
10406365.0435
10401606.1022
10396625.4346
10391471.4312
10386181.2895
10380783.7246
10375301.6524
10369751.0939
10364146.3232
10358497.993
10352814.5406
10347102.6729
10341367.7215
10335613.9798
10329844.8982
10324063.2671
10318271.3521
10312470.9996
10306663.7197
10300850.7517
10295033.1157
10289211.6532
10283387.0608
10277559.2292
10271729.5675
10265899.1377
10260066.9101
10254233.6139
10248399.4843
10242564.7115
10236743.4918
10230894.1974
10225058.2148
10219222.1825
10213386.1376
10207550.1248
10201714.189
10195878.3707
10190042.7059
10184207.2251
10178371.954
10172536.9144
10166702.124
10160867.5975
10155033.347
10149199.3822
10143365.711
10137532.3395
10131699.2727
10125866.5142
10120034.067
10114201.9329
10108370.1134
10102538.6092
10096707.4207
10090876.5479
10085045.9904
10079215.7477
10073385.819
10067556.2034
10061726.8997
10055897.9068
10050069.2234
10044240.8482
10038412.7799
10032585.0171
10026757.5584
10020930.4023
10015103.5476
10009276.9927
10003450.7362
9997624.77694
9991799.11343
9985973.74438
9980148.6685
9974323.88452
9968499.3912
9962675.18734
9956851.27177
9951027.64334
9945204.30095
9939381.24351
9933558.46998
9927735.97934
9921913.77062
9916091.84285
9910270.19513
9904448.82657
9898627.7363
9892806.92349
9886986.38734
9881166.12708
9875346.14197
9869526.43128
9863706.99432
9857887.83044
9852068.93898
9846250.31933
9840431.9709
9834613.89313
9828796.08545
9822978.54736
9817161.27834
9811344.27792
9805527.54564
9799711.08105
9793894.88372
9788078.95327
9782263.2893
9776447.89145
9770632.75937
9764817.89271
9759003.29118
9753188.95445
9747374.87889
9741561.07095
9735747.527
9729934.24682
9724121.23016
9718308.47682
9712495.98658
9706683.75926
9700872.47832
9695060.76323
9689249.31669
9683438.13554
9677627.21815
9671816.56362
9666006.17144
9660196.0413
9654386.17299
9648576.56637
9642767.22134
9636958.13779
9631149.31566
9625340.7549
9619532.45545
9613724.41727
9607916.64034
9602109.12463
9596301.87012
9590494.8768
9584688.14467
9578881.67374
9573075.46401
9567269.51549
9561463.82822
9555658.40222
9549853.23751
9544048.33414
9538243.69215
9532439.31158
9526635.19248
9520831.33492
9515027.73896
9509224.40464
9503421.33206
9497618.52127
9491815.97236
9486013.6854
9480211.66048
9474409.89768
9468608.3971
9462807.15883
9457006.17855
9451205.46518
9445405.01443
9439604.82639
9433804.90117
9428005.23888
9422205.83965
9416406.72437
9410607.85155
9404808.57775
9399010.24486
9393212.16978
9387414.35551
9381616.80364
9375819.51501
9370022.49014
9364225.72937
9358429.23293
9352633.00101
9346837.03379
9341041.33143
9335245.89408
9329450.72189
9323655.81502
9317861.17362
