216.848045229
224.764564426
224.960325886
225.145931801
225.322115408
225.490570134
225.653783941
225.809201417
225.957217808
226.098202317
226.232499954
226.360433588
226.482305825
226.598400698
226.708985171
226.814310498
226.914613436
227.010117342
227.101033163
227.187560333
227.269887585
227.34819369
227.422648132
227.493411719
227.560637146
227.624469515
227.685046799
227.742500286
227.796954972
227.848529937
227.897338684
227.943489455
227.987085524
228.028225474
228.067003446
228.103509375
228.137829215
228.170045139
228.200235734
228.228476179
228.254838418
228.279391313
228.302200561
228.323329775
228.342839194
228.360786757
228.377227988
228.392216098
228.405802093
228.418034872
228.428961317
228.438626387
228.447073195
228.454343091
228.460475735
228.465509171
228.46947989
228.472422899
228.474371781
228.475358749
228.475414709
228.474569306
228.472850976
228.470286998
228.466903533
228.462725674
228.457777482
228.452082032
228.445661443
228.438536923
228.430728797
228.422256542
228.413138822
228.403393513
228.393037736
228.382087883
228.370559643
228.35846803
228.345827404
228.332651497
228.318953436
228.304745758
228.29004044
228.274848911
228.259182075
228.243050327
228.22646357
228.209431233
228.191962287
228.174065258
228.155748244
228.137018927
228.117884585
228.098352111
228.078428018
228.058118454
228.037429212
228.016365744
227.994933167
227.973136274
227.950979544
227.928467152
227.905602974
227.8823906
227.858833337
227.83493422
227.810696017
227.786121235
227.76121213
227.735970711
227.710398743
227.684497758
227.658269056
227.631713711
227.604832577
227.577626292
227.55009528
227.522239757
227.494059736
227.465555028
227.436725246
227.407569808
227.37808794
227.34827868
227.318140879
227.287673203
227.256874137
227.225741984
227.194274869
227.162470742
227.130327376
227.097842369
227.065013148
227.950277067
227.90905138
235.091174531
234.54935021
234.013987637
233.486382237
232.967091139
232.456325822
231.954085282
231.46023042
230.974532205
230.496703988
230.026423434
229.563347476
229.107122519
228.657391353
228.213797793
227.775989713
227.343620948
226.916352393
226.493852533
226.075797556
225.661871171
225.251764221
224.845174129
224.441804235
224.041363045
223.643563415
223.24812167
222.854756685
222.46318891
222.073139353
221.684328511
221.296475242
220.909295578
220.522501455
220.135799359
219.748888868
219.361461073
218.973196849
218.583764965
218.192819981
217.799999915
217.404923623
217.007187842
216.606363825
216.2019935
215.793585036
215.380607709
214.962485896
214.538592018
214.108238168
213.670666118
213.225035268
212.770408012
212.305731794
211.829816887
211.341308619
210.838652305
210.320048574
209.783396029
209.226217512
208.645566213
208.037910878
207.487138932
206.927282125
206.360471261
