8.567535
-5.42320321213
-6.02359403257
-6.49526489075
-6.88967149663
-7.22802926821
-7.52182997229
-7.77831259479
-8.00252076732
-8.19823289443
-8.368436839
-8.5155940976
-8.64179678174
-8.7488658727
-8.83841540772
-8.91189596762
-8.97062509839
-9.01580921155
-9.04855976798
-9.0699055294
-9.08080204326
-9.08213914131
-9.07474698557
-9.05940103401
-9.0368261911
-9.00770033478
-8.97265736103
-8.93228985148
-8.88715144379
-8.83775896602
-8.78459438234
-8.72810658681
-8.66871307426
-8.60680151091
-8.54273122232
-8.47683461277
-8.40941852659
-8.34076555961
-8.27113532695
-8.20076569136
-8.12987395544
-8.05865801944
-7.98729750603
-7.91595485234
-7.84477636935
-7.77389326825
-7.70342265316
-7.6334684795
-7.56412247717
-7.49546503794
-7.42756606616
-7.36048579239
-7.29427554937
-7.22897851019
-7.16463038851
-7.1012601008
-7.03889039118
-6.97753841888
-6.91721630927
-6.85793166911
-6.79968806679
-6.74248547882
-6.68632070353
-6.63118774326
-6.57707815639
-6.52398138044
-6.47188502782
-6.42077515551
-6.3706365102
-6.32145275035
-6.27320664648
-6.22588026135
-6.17945511114
-6.13391230926
-6.08923269384
-6.04539694045
-6.00238566097
-5.96017949001
-5.91875915985
-5.87810556496
-5.83819981713
-5.79902329204
-5.76055766824
-5.72278495921
-5.68568753938
-5.64924816464
-5.61344998816
-5.57827657183
-5.54371189417
-5.5097403549
-5.47634677679
-5.44351640506
-5.4112349048
-5.37948835663
-5.34826325092
-5.31754648082
-5.28732533435
-5.25758748564
-5.22832098565
-5.1995142524
-5.17115606086
-5.14323553267
-5.11574212572
-5.08866562367
-5.06199612558
-5.03572403556
-5.0098400526
-4.98433516057
-4.95920061843
-4.93442795068
-4.91000893806
-4.88593560854
-4.86220022854
-4.8387952945
-4.81571352467
-4.79294785125
-4.77049141275
-4.74833754672
-4.72647978263
-4.70491183516
-4.68362759769
-4.66262113597
-4.64188668221
-4.62141862926
-4.60121152506
-4.58126006738
-4.56155909867
-4.5421036012
-4.52288869233
-4.50390962004
-4.48516175856
-4.46664060423
-4.44834177152
-4.43026098916
-4.41239409649
-4.39473703989
-4.37728586941
-4.36003673546
-4.34298601794
-4.32612979055
-4.30946462216
-4.29298703443
-4.27669363471
-4.26058111353
-4.24464624207
-4.22888586975
-4.2132969219
-4.19787639753
-4.18262136714
-4.16752897064
-4.15259641534
-4.13782097399
-4.1231999829
-4.10873084016
-4.09441100383
-4.08023799027
-4.06620937253
-4.05232277874
-4.03857589055
-4.02496644173
-4.01149221666
-3.99815104898
-3.98494082026
-3.97185945868
-3.95890493779
-3.94607527527
-3.9333685318
-3.92078280985
-3.90831625266
-3.89596704308
-3.88373340261
-3.87161359034
-3.859605902
-3.84770866902
-3.8359202576
-3.8242390678
-3.81266353274
-3.80119211769
-3.78982331931
-3.77855566485
-3.76738771135
-3.75631804494
-3.74534528013
-3.73446805904
-3.72368505079
-3.71299495082
-3.7023964802
-3.6918883851
-3.6814694361
-3.67113842763
-3.66089417742
-3.65073552591
-3.64066133572
-3.63067049113
-3.62076189758
-3.61093448113
-3.60118718803
-3.5915189842
-3.58192885482
-3.57241580384
