27.8643785462
27.8896099704
27.9274133927
27.9767339689
28.0365572302
28.1059146974
28.1838993142
28.2696719601
28.3624625418
28.4615679583
28.5663483715
28.6762226635
28.7906636263
28.9091931847
29.0313778297
29.1568243622
29.2851759698
29.4161086537
29.5493279987
29.6845662556
29.821579722
29.9601463885
30.1000638316
30.241147324
30.3832281384
30.5261520286
30.669777867
30.8139764192
30.9586292464
31.103627716
31.2488721117
31.3942708338
31.5397396751
31.6852011695
31.8305840033
31.9758224839
32.1208560564
32.2656288695
32.4100893798
32.5541899937
32.6978867417
32.8411389832
32.9839091374
33.12616244
33.2678667196
33.4089921945
33.5495112884
33.6893984612
33.8286300546
33.9671841512
34.1050404452
34.2421801251
34.3785857631
34.514241218
34.6491315429
34.7832429018
34.916562492
35.0490784733
35.1807799027
35.3116566737
35.4416994609
35.5708996684
35.699249382
35.8267413245
35.9533688166
36.0791257373
36.2040064887
36.3280059637
36.451119515
36.5733429268
36.694672388
36.8151044674
36.9346360905
37.0532645173
37.1709873223
37.2878023747
37.4037078208
37.5187020668
37.6327837627
37.7459517872
37.8582052331
37.9695433944
38.0799657528
38.1894719659
38.2980618558
38.4057353977
38.5124927098
38.6183340435
38.7232597737
38.8272703897
38.9303664871
39.0325487593
39.1338179895
39.2341750435
39.3336208626
39.4321564562
39.529782896
39.6265013092
39.7223128726
39.8172188067
39.9112203705
40.0043188558
40.0965155823
40.1878118927
40.2782091478
40.3677087224
40.4563120006
40.5440203717
40.6308352264
40.7167579528
40.801789933
40.8859325393
40.9691871308
41.0515550508
41.1330376228
41.2136361485
41.2933519043
41.372186139
41.4501400711
41.5272148866
41.6034117365
41.6787317348
41.7531759563
41.8267454346
41.8994411606
41.9712640807
42.042215095
42.1122950558
42.1815047668
42.2498449809
42.3173164
42.3839196733
42.4496553966
42.5602887959
42.671285836
42.7824673717
42.8936661589
43.0047261317
43.1155017239
43.2258572342
43.3356662307
43.4448109928
43.5531819879
43.6606773816
43.7672025768
43.8726697827
43.9769976093
44.080110687
44.1819393089
44.2824190952
44.3814906768
44.4790993987
44.57519504
44.6697315507
44.7626668045
44.853962365
44.9435832656
45.031497803
45.1176773413
45.2020961286
45.2847311229
45.365561829
45.444570144
45.5217402122
45.5970582873
45.6705126038
45.7420932546
45.8117920763
45.8796025404
45.9455196517
46.0095398515
46.071660927
46.1318819259
46.1902030756
46.2466257076
46.3011521856
46.3537858388
46.4045308983
46.4533924376
46.5003763166
46.5454891289
46.5887381526
46.6301313034
46.6696770915
46.7073845802
46.7432633477
46.7773234511
46.8095753927
46.8400300884
46.8686988381
46.8955932983
46.920725456
46.9441076049
46.9657523233
46.9856724525
47.0038810786
47.0203915138
47.035217281
47.0483720981
47.0598698657
