-60.6475819605
-55.6213947143
-55.1398195801
-54.6814849937
-54.2477304537
-53.8375211411
-53.4494042679
-53.0819322247
-52.7337479373
-52.403596293
-52.0903197393
-51.7928508827
-51.5102049227
-51.2414725359
-50.985813328
-50.7424498493
-50.5106621449
-50.2897828005
-50.0791924433
-49.8783156596
-49.6866172914
-49.5035990766
-49.3287966008
-49.1617765302
-49.0021340994
-48.8494908281
-48.7034924449
-48.5638069978
-48.4301231334
-48.3021485283
-48.1796084572
-48.0622444856
-47.9498132745
-47.8420854865
-47.7388447839
-47.6398869094
-47.5450188436
-47.4540580294
-47.3668316594
-47.2831760205
-47.2029358887
-47.1259639716
-47.0521203939
-46.9812722211
-46.9132930196
-46.8480624492
-46.7854658856
-46.7253940697
-46.6677427828
-46.612412544
-46.5593083296
-46.5083393112
-46.4594186124
-46.412463081
-46.3673930774
-46.3241322769
-46.282607484
-46.2427484599
-46.2044877603
-46.1677605836
-46.132504629
-46.0986599626
-46.0661688927
-46.0349758514
-46.0050272846
-45.9762715478
-45.9486588078
-45.9221409506
-45.8966714945
-45.8722055079
-45.8486995317
-45.8261115066
-45.8044007032
-45.7835276572
-45.7634541072
-45.7441429364
-45.7255581167
-45.7076646562
-45.6904285494
-45.6738167298
-45.6577970246
-45.6423381122
-45.6274094817
-45.6129813937
-45.599024844
-45.5855115283
-45.5724138088
-45.5597046824
-45.5473577503
-45.5353471891
-45.523647723
-45.5122345975
-45.5010835539
-45.4901708056
-45.4794730143
-45.4689672686
-45.4586310625
-45.448442275
-45.4383791508
-45.4284202818
-45.4185445892
-45.408731306
-45.3989599611
-45.3892103633
-45.3794625859
-45.3696969527
-45.3598940234
-45.3500345806
-45.340099617
-45.3300703224
-45.3199280725
-45.3096544169
-45.2992310684
-45.2886398923
-45.2778628962
-45.2668822203
-45.255680128
-45.2442389968
-45.2325413097
-45.220569647
-45.2083066779
-45.1957351534
-45.1828378985
-45.1695978055
-45.155997827
-45.1420209699
-45.1276502885
-45.1128688796
-45.097659876
-45.0820064421
-45.0658917679
-45.049299065
-45.0322115618
-45.0146124991
-44.9964851263
-44.9778126977
-44.9585784688
-44.938765693
-44.918357619
-44.8973374874
-44.8756885288
-44.853393961
-44.8304369873
-44.8068007945
-44.7824685513
-44.757423407
-44.7316484904
-44.7051269088
-44.6778417474
-44.6497760688
-44.6209129128
-44.5912352963
-44.5607262137
-44.529368637
-44.4971455168
-44.4640397828
-44.4300343449
-44.3951120946
-44.3592559061
-44.3224486381
-44.2846731355
-44.2459122315
-44.2061487493
-44.1653655046
-44.123545308
-44.0806709675
-44.036725291
-43.9916910893
-43.9455511783
-43.8982883828
-43.8498855388
-43.8003254967
-43.7495911242
-43.6976653095
-43.6445309644
-43.5901710269
-43.5345684642
-43.4777062758
-43.4195674956
-43.3601351952
-43.2993924853
-43.2373225186
-43.1739084911
-43.1091336439
-43.0429812643
-42.9754346867
-42.906477293
-42.8360925124
-42.7642638207
-42.6909747393
-42.6162088332
-42.5399497083
-42.4621810085
-42.3828864109
-42.3020496212
-42.2196543671
-42.1356843916
-42.0501234442
-41.9629552718
-41.874163607
