0.125977223432
0.122944996451
0.1201627414
0.117600673294
0.115234183584
0.11304225881
0.111006831001
0.109112272114
0.107344990626
0.105693106243
0.104146185457
0.102695025029
0.101331473501
0.100048283149
0.0988389864395
0.0976977923806
0.0966194991002
0.0955994197514
0.0946333194215
0.093717361175
0.0928480597157
0.0920222414355
0.091237009841
0.0904897155261
0.0897779300059
0.0890994228406
0.0884521415743
0.0878341940906
0.0872438330494
0.0866794421236
0.0861395237945
0.0856226885033
0.0851276449854
0.0846531916375
0.0841982087915
0.0837616517843
0.0833425447294
0.0829399749078
0.0825530877073
0.0821810820472
0.0818232062367
0.0814787542167
0.0811470618548
0.0808275050055
0.0805194949218
0.0802224768441
0.0799359273424
0.0796593521519
0.0793922841897
0.0791342817333
0.0788849267463
0.0786438233377
0.0784105963419
0.0781848900083
0.0779663667913
0.0777547062307
0.0775496039158
0.0773507705245
0.0771579309323
0.0769708233847
0.0767891987274
0.07661281969
0.0764414602194
0.0762749048569
0.076112948158
0.07595539415
0.0758020558249
0.0756527546648
0.0755073201976
0.0753655895803
0.0752274072087
0.0750926243503
0.0749610987995
0.0748326945545
0.0747072815114
0.0745847351781
0.0744649364037
0.0743477711237
0.0742331301192
0.0741209087904
0.0740110069424
0.073903328582
0.0737977817266
0.0736942782229
0.0735927335753
0.0734930667834
0.0733952001882
0.0732990593257
0.073204572789
0.0731116720966
0.0730202915677
0.0729303682037
0.072841841576
0.0727546537186
0.0726687490268
0.0725840741602
0.072500577951
0.0724182113159
0.0723369271734
0.0722566803641
0.072177427575
0.0720991272677
0.0720217396096
0.0719452264089
0.0718695510515
0.0717946784427
0.0717205749494
0.0716472083469
0.0715745477671
0.0715025636494
0.0714312276939
0.0713605128167
0.0712903931075
0.0712208437885
0.0711518411766
0.0710833626454
0.071015386591
0.0709478923977
0.0708808604066
0.0708142718852
0.0707481089978
0.0706823547789
0.070616993106
0.0705520086755
0.0704873869785
0.0704231142785
0.0703591775898
0.0702955646577
0.0702322639386
0.0701692645827
0.0701065564159
0.0700441299243
0.0699819762385
0.0699134466831
0.0698455940049
0.069230841808
0.0686429867545
0.0680821970523
0.0675483331312
0.0670410091913
0.066559676191
0.0661036827143
0.0656723174443
0.0652648388137
0.0648804957923
0.064518542479
0.0641782483136
0.0638589051643
0.0635598321735
0.0632803789902
0.0630199278405
0.0627778947676
0.0625537302819
0.0623469196016
0.0621569826181
0.0619834736865
0.0618259813199
0.0616841278454
0.0615575690695
0.0614459939898
0.0613491245842
0.0612667157033
0.0611985550902
0.06114446355
0.0611042952903
0.0610779384567
0.0610653158876
0.0610663861155
0.0610811446488
0.0611096255688
0.0611519034879
0.0612080959209
0.0612783661329
0.061362926541
0.0614620427631
0.0615760384292
0.0617053008974
0.0618502880517
0.0620115364015
0.0621896707643
0.0623854158837
0.0625996104407
0.0628332240477
0.063087377999
0.0633633708028
0.063662709873
0.0639871512574
0.0643387500003
0.064719924806
0.0651335422738
0.0655830284662
0.0660725195423
0.0666070697335
0.067192946168
0.0678380602383
0.0685526235765
0.0693501948598
0.0702494052864
0.0712776371205
0.0724779699408
