160.0
293.111057332
293.041325303
292.971172809
292.90063202
292.829732598
292.758501896
292.686965138
292.615145586
292.543064694
292.470742244
292.398196484
292.325444242
292.252501038
292.179381188
292.106097895
292.032663339
291.959088634
291.885383278
291.81155789
291.737621283
291.663581588
291.589446307
291.51522236
291.440916132
291.366533515
291.292079945
291.217560439
291.142979625
291.068341776
290.993650834
290.918910438
290.844123946
290.769294458
290.694424836
290.619517722
290.544575553
290.469600583
290.394594889
290.319560392
290.244498864
290.169411942
290.094301137
290.019167848
289.944013362
289.868838873
289.79364548
289.718434202
289.643205978
289.567961676
289.4927021
289.417427991
289.342140036
289.266838868
289.191525073
289.116199194
289.040861732
288.965513151
288.89015388
288.814784314
288.739404823
288.664015745
288.588617394
288.513210062
288.437794019
288.362369513
288.286936775
288.21149602
288.136047446
288.060591236
287.98512756
287.909656577
287.834178431
287.75869326
287.683201188
287.607702331
287.532196798
287.45668469
287.381166099
287.305641111
287.230109807
287.154572261
287.079028542
287.003478714
286.927922838
286.852360967
286.776793155
286.701219448
286.625639892
286.550054527
286.474463392
286.398866524
286.323263954
286.247655714
286.172041834
286.096422339
286.020797256
285.945166606
285.869530413
285.793888695
285.718241472
285.642588762
285.566930581
285.491266943
285.415597864
285.339923356
285.264243432
285.188558103
285.11286738
285.037170987
284.961469791
284.885762943
284.810050737
284.73433318
284.65861028
284.582882042
284.507148474
284.43140958
284.355665366
284.279915836
284.204160996
284.128400849
284.0526354
283.976864651
283.901088606
283.825307269
283.749520642
283.673728728
283.597931528
283.522129046
283.446321283
283.370508241
283.294689922
283.218866328
283.143037458
283.067203316
282.991363902
282.915519216
282.839669261
282.763814035
282.687953541
282.612087779
282.536216748
282.46034045
282.384458884
282.308572051
282.232679951
282.156782584
282.080879949
282.004972047
281.929058877
281.85314044
281.777216735
281.701287761
281.625353518
281.549414005
281.473469223
281.39751917
281.321563846
281.24560325
281.169637381
281.093666239
281.017689823
280.941708132
280.865737732
280.789745496
280.713747982
280.637745188
280.561737113
280.485723757
280.409705119
280.333681197
280.257651991
280.181617499
280.10557772
280.029532653
279.953482298
279.877426652
279.801365715
279.725299485
279.649227961
279.573151141
279.497069025
279.420981611
279.344888898
279.268790884
279.192687567
279.116578947
279.040465022
278.964345791
278.888221251
278.812091402
278.735956243
278.65981577
278.583669983
278.507518881
278.431362462
278.355200723
278.279033665
278.202861284
