8.19053460134
8.1910190847
8.19166663451
8.19240431149
8.19318548258
8.19398384819
8.19478415751
8.19557740798
8.19635803489
8.19712261754
8.19786902927
8.1985959716
8.19930269382
8.1999888179
8.200654225
8.20129897953
8.20192327668
8.20252496529
8.20310804365
8.20367229711
8.20421787852
8.20474510345
8.20525437371
8.20574613263
8.20622084741
8.2066789946
8.20712105301
8.20754749934
8.20795880552
8.20835543682
8.20873785067
8.20910649578
8.20946181156
8.20980422767
8.21013681453
8.21045598699
8.21076284183
8.21105808956
8.21134226724
8.21161582481
8.21187915945
8.212212542
8.21241592711
8.2126312388
8.21284737219
8.21305983138
8.21326650082
8.21346645301
8.21365935483
8.21384516853
8.21402400104
8.21419602811
8.21436145624
8.21452050349
8.21467339003
8.21482033337
8.21496154613
8.21509723496
8.21522760016
8.21535283554
8.21547312844
8.21558865987
8.21569960463
8.21580613151
8.21590840346
8.21600657771
8.21610080604
8.21619123485
8.2162780054
8.21636125394
8.21644111188
8.21651770596
8.21659115835
8.21666158688
8.21672910512
8.21679382254
8.21685584466
8.21691527316
8.21697220603
8.2170267377
8.21707895913
8.21712895794
8.21717681858
8.21722262233
8.21726644753
8.21730836959
8.21734846114
8.21738679213
8.2174234299
8.21745843927
8.21749188266
8.21752382017
8.21755430963
8.21758340672
8.21761116502
8.2176376361
8.21766286959
8.21768691326
8.21770981306
8.21773161322
8.21775235628
8.21777208319
8.21779083334
8.2178086446
8.21782555345
8.21784159493
8.21785680278
8.21787120944
8.21788484612
8.21789774283
8.21790992843
8.21792143068
8.21793227629
8.21794249092
8.21795209926
8.21796112504
8.21796959111
8.2179775194
8.21798493102
8.21799184626
8.21799828463
8.21800426489
8.21800980506
8.21801492248
8.21801963383
8.21802395207
8.21802789902
8.21803148596
8.21803472719
8.21803763642
8.21804022684
8.21804251108
8.2180445013
8.21804353116
8.21804365596
8.21804417561
8.21804477359
8.21804529621
8.21804567099
8.21804586601
8.21804586948
8.21804567958
8.21804529931
8.2180447339
8.21804398962
8.21804307306
8.21804199087
8.21804074958
8.21803935555
8.21803781492
8.21803613362
8.21803431735
8.2180323716
8.21803030165
8.21802811257
8.21802580923
8.21802339631
8.21802087833
8.2180182596
8.2180155443
8.21801273641
8.21800983978
8.21800685811
8.21800379494
8.2180006537
8.21799743765
8.21799414996
8.21799079365
8.21798737165
8.21798388675
8.21798034164
8.21797673893
8.21797308109
8.21796937053
8.21796560955
8.21796179716
8.21795794227
8.21795404317
8.21795010191
8.21794612044
8.2179421006
8.21793804416
8.217933953
8.21792982844
8.21792826242
8.21792533188
8.21792173916
8.21791780363
8.21791368483
8.21790946291
8.21790517837
8.21790085198
8.21789649465
8.21789211232
8.2178877085
8.21788328541
8.21787884464
8.21787438746
8.21786991492
8.217865428
