1.5002
1.49929836786
1.49933075551
1.4993514689
1.49936683454
1.49938003663
1.49939235162
1.49940428219
1.49941602568
1.49942765935
1.49943921321
1.49945069876
1.49946212021
1.49947347891
1.49948477511
1.49949600859
1.49950717896
1.49951828576
1.49952932851
1.4995403067
1.49955121991
1.49956206746
1.49957284897
1.49958356392
1.49959421183
1.4996047922
1.49961530455
1.49962574839
1.49963612327
1.49964642871
1.49965666429
1.49966682955
1.49967692407
1.49968694743
1.49969689923
1.49970677907
1.49971658659
1.49972632141
1.49973598319
1.49974557158
1.49975508628
1.49976452696
1.49977389335
1.49978318516
1.49979240214
1.49980154404
1.49981061064
1.49981960172
1.49982851709
1.49983735657
1.49984611999
1.49985480721
1.49986341811
1.49987195255
1.49988041046
1.49988879174
1.49989709634
1.49990532419
1.49991347527
1.49992154956
1.49992954706
1.49993746778
1.49994531175
1.499953079
1.49996076961
1.49996838363
1.49997592116
1.4999833823
1.49999076716
1.49999807587
1.50000530857
1.50001246542
1.50001954657
1.50002655222
1.50003348255
1.50004033776
1.50004711807
1.50005382371
1.50006045492
1.50006701193
1.50007349541
1.5000799049
1.50008624096
1.50009250391
1.50009869405
1.50010481169
1.50011085715
1.50011683075
1.50012273282
1.50012856369
1.50013432372
1.50014001324
1.50014563263
1.50015118224
1.50015666245
1.50016207363
1.50016741617
1.50017269044
1.50017789685
1.50018303579
1.50018810767
1.50019311288
1.50019805183
1.50020292495
1.50020773264
1.50021247533
1.50021715344
1.50022176739
1.50022631761
1.50023080453
1.50023522858
1.50023959019
1.50024388981
1.50024812786
1.50025230479
1.50025642102
1.50026047701
1.50026447319
1.50026841
1.50027228788
1.50027610728
1.50027986862
1.50028357236
1.50028721893
1.50029080876
1.50029434231
1.50029782
1.50030124228
1.50030460957
1.50030792231
1.50031118094
1.50031438588
1.50031753757
1.50032063644
1.5003236829
1.50032667738
1.50032962031
1.50033251211
1.50033535319
1.50033814397
1.50034088487
1.50034357629
1.50034621864
1.50034881234
1.50035135778
1.50035385536
1.50035630549
1.50035870856
1.50036106497
1.5003633751
1.50036563934
1.50036785807
1.50037003169
1.50037216056
1.50037424506
1.50037628558
1.50037828247
1.5003802361
1.50038214685
1.50038401506
1.50038584111
1.50038762534
1.5003893681
1.50039106976
1.50039273065
1.50039435111
1.5003959315
1.50039747214
1.50039897337
1.50040043553
1.50040185893
1.50040324392
1.50040459081
1.50040589993
1.50040717158
1.5004084061
1.50040960378
1.50041076495
1.5004118899
1.50041297894
1.50041403238
1.50041505051
1.50041603364
1.50041698205
1.50041789604
1.50041877591
1.50041962193
1.5004204344
1.50042121359
1.5004219598
1.50042267329
1.50042335436
1.50042400326
1.50042462028
1.5004252057
1.50042575977
1.50042628277
1.50042677497
1.50042723662
1.50042766801
