-22.2634880963
-13.7784980532
-13.7841053344
-13.7371561952
-13.4901923989
-13.522111348
-13.5796252544
-13.6183767463
-13.6449432737
-13.6638344195
-13.677805053
-13.6887447649
-13.6976748152
-13.7052809364
-13.7119903191
-13.7180732962
-13.7237026977
-13.7289901903
-13.7340088778
-13.7388073312
-13.7434184333
-13.7478650044
-13.7521632733
-13.7563252082
-13.7603598912
-13.764274516
-13.7680749356
-13.7717661148
-13.7753523361
-13.7788374234
-13.7822243225
-13.785529287
-13.7887295104
-13.7918449507
-13.7948723041
-13.8099622448
-13.8130502956
-13.8159939264
-13.8188166079
-13.8215348225
-13.8241601782
-13.8267010274
-13.8291635506
-13.83155247
-13.833871521
-13.8361237641
-13.8383117928
-13.840437871
-13.8425040264
-13.8445121126
-13.8464638513
-13.8483608614
-13.8502046789
-13.8519967712
-13.8537385462
-13.8554313603
-13.8570765232
-13.8586753018
-13.8602289236
-13.8617385789
-13.8632054228
-13.864630577
-13.8660151313
-13.8673601445
-13.8686666461
-13.8699356368
-13.87116809
-13.8723649521
-13.873527144
-13.8746555614
-13.8757510758
-13.8768145352
-13.8778467647
-13.8788485674
-13.8798207247
-13.8807639975
-13.8816791261
-13.8825668313
-13.8834278148
-13.8842627596
-13.8850704607
-13.8858571768
-13.8866179266
-13.8873551954
-13.8880695807
-13.8887616648
-13.8894320149
-13.8900811834
-13.8907097086
-13.8913181145
-13.8919069118
-13.892476598
-13.8930276579
-13.8935605635
-13.8940757751
-13.8945737411
-13.8950548983
-13.8955196726
-13.8959684789
-13.8964017219
-13.8968197955
-13.8972230842
-13.8976119626
-13.8979867957
-13.8983479396
-13.8986957413
-13.8990305392
-13.8993526633
-13.8996624353
-13.8999601688
-13.9002461699
-13.9005207368
-13.9007841604
-13.9010367247
-13.9012787063
-13.9015103753
-13.9017319948
-13.9019438219
-13.902146107
-13.9023390946
-13.9025230233
-13.9026981256
-13.9028646285
-13.9030227537
-13.903172717
-13.9033147294
-13.9034489968
-13.9035757197
-13.9036950943
-13.9038073117
-13.9039125584
-13.9040110167
-13.9041028643
-13.9041882746
-13.904267417
-13.9043404566
-13.904407555
-13.9044688693
-13.9045245535
-13.9045747574
-13.9046196276
-13.9046593069
-13.904693935
-13.904723648
-13.904748579
-13.9047688579
-13.9047846113
-13.904795963
-13.9048030338
-13.9048059417
-13.9048048018
-13.9047997266
-13.9047908258
-13.9047782065
-13.9047619735
-13.9047422289
-13.9047190725
-13.9046926015
-13.9046629111
-13.9046300942
-13.9045942413
-13.904555441
-13.9045137797
-13.9044693418
-13.9044222095
-13.9043724634
-13.9043201819
-13.9042654417
-13.9042083177
-13.9041488829
-13.9040872087
-13.9040233647
-13.9039574189
-13.9038894377
-13.903819486
-13.9037476269
-13.9036739222
-13.9035984323
-13.903521216
-13.9034423307
-13.9033618326
-13.9032797764
-13.9031962154
-13.903111202
-13.9030247869
-13.9029370199
-13.9028479495
-13.9027576229
-13.9026660864
-13.902573385
-13.9024795627
-13.9023846625
-13.9022887262
-13.9021917946
-13.9020939077
-13.9019951043
-13.9018954224
-13.901794899
-13.9016935702
-13.9015914712
