1.56047200041
1.59490291685
1.62779894989
1.65925833349
1.68936900452
1.71822560715
1.74593895469
1.7725713161
1.7981802542
1.82281911694
1.84653746703
1.86938145576
1.8913941492
1.91261581405
1.93308416918
1.95283460784
1.97190039453
1.99031284032
2.00810145914
2.02529410782
2.04191711184
2.05799537853
2.07355249936
2.08861084247
2.10319163673
2.11731504817
2.13100024974
2.14426548498
2.1571281264
2.16960472904
2.18171107969
2.19346224227
2.20487259972
2.21595589266
2.22672525528
2.23719324855
2.24737189114
2.25727268814
2.26690665784
2.27628435671
2.28541590275
2.2943109973
2.30297894593
2.31142867638
2.31966875779
2.32770741726
2.33555255574
2.34321176305
2.35069233199
2.35800127176
2.36514532051
2.3721309573
2.37896441337
2.38565168286
2.39219853291
2.39861051331
2.40489296559
2.41105103172
2.41708966234
2.42301362461
2.42882750967
2.43453573977
2.44014257503
2.44565211991
2.45106832935
2.45639501473
2.4616358494
2.46679437414
2.47187400222
2.47687802438
2.48180961347
2.48667182901
2.49146762142
2.49619983623
2.50087121797
2.50548441399
2.51004197809
2.51454637398
2.51899997866
2.52340508558
2.52776390777
2.53207858075
2.53635116539
2.54058365062
2.54477795605
2.5489359345
2.55305937439
2.55715000206
2.56120948403
2.5652394291
2.56924139045
2.57321686759
2.57716730828
2.58109411036
2.58499862349
2.58888215087
2.59274595085
2.59659123848
2.60041918705
2.6042309295
2.60802755984
2.61181013445
2.6155796734
2.61933716165
2.62308355027
2.62681975757
2.63054667015
2.63426514402
2.63797600558
2.64168005258
2.64537805505
2.64907075622
2.65275887336
2.65644309858
2.66012409968
2.66380252081
2.66747898332
2.67115408632
2.67482840744
2.67850250343
2.68217691076
2.68585214621
2.68952870743
2.69320707344
2.69688770517
2.70057104592
2.70425752182
2.70794754226
2.7116415003
2.71533977307
2.71904272212
2.72275069382
2.7264640196
2.73040616053
2.73434129122
2.75620489395
2.7774838681
2.7981425044
2.81815522667
2.83750536747
2.85618293425
2.87418287977
2.89150383664
2.90814718342
2.92411634455
2.93941625764
2.95405296269
2.96803328133
2.98136456354
2.99405448547
3.00611088637
3.01754163557
3.02835452277
3.03855716641
3.04815693616
3.05716088616
3.06557569672
3.0734076222
3.08066244352
3.08734542383
3.09346126611
3.09901407166
3.10400729843
3.10844371841
3.11232537305
3.11565352592
3.11842861168
3.12065018036
3.122316836
3.1234261683
3.1239746761
3.12395768114
3.1233692301
3.12220198312
3.1204470859
3.11809402256
3.11513044532
3.11154197647
3.10731197688
3.10242127387
3.09684783931
3.09056640655
3.08354801103
3.07575943539
3.0671625332
3.05771339708
3.04736132449
3.03604751676
3.02370342074
3.01024858275
2.99558782351
2.97960744473
2.96217001681
2.94310701976
2.92220810929
2.89920482678
2.87374461997
2.84534864307
2.81331028778
2.77653363373
