12.4945964644
12.6275717504
12.6969373945
12.7537917316
12.8078234534
12.8611864899
12.9143733998
12.9675045356
13.0206163993
13.0737262924
13.1268468406
13.1799892763
13.2331641976
13.2863817578
13.3396517269
13.3929835225
13.4463862327
13.4998686367
13.5534392232
13.6071062077
13.660877549
13.7147609642
13.768763943
13.8228937608
13.8771574912
13.9315620176
13.9861140442
14.0408201059
14.0956865781
14.1507196857
14.2059255112
14.2613100029
14.3168789819
14.3726381498
14.4285930942
14.4847492957
14.5411121335
14.5976868904
14.6544787586
14.7114928439
14.768734171
14.8262076869
14.883918266
14.9418707129
15.0000697667
15.0585201045
15.117226344
15.1761930472
15.235424723
15.29492583
15.3547007791
15.414753936
15.4750896234
15.5357121234
15.5966256794
15.6578344982
15.7193427518
15.7811545793
15.8432740881
15.9057053564
15.9684524338
16.031519343
16.0949100815
16.1586286224
16.2226789158
16.2870648898
16.3517904517
16.4168594889
16.4822758699
16.5480434451
16.6141660477
16.6806474943
16.7474915858
16.8147021078
16.8822828316
16.9502375144
17.0185698999
17.0872837187
17.156382689
17.2258705168
17.2957508959
17.3660275088
17.4367040263
17.5077841085
17.5792714039
17.6511695506
17.7234821756
17.7962128951
17.8693653149
17.9429430294
18.0169496227
18.0913886673
18.1662637251
18.2415783463
18.3173360696
18.3935404218
18.4701949177
18.5473030593
18.6248683361
18.702894224
18.7813841852
18.8603416676
18.9397701043
19.0196729132
19.1000534958
19.1809152373
19.2622615054
19.3440956497
19.4264210008
19.5092408698
19.5925585472
19.6763773018
19.7607003804
19.845531006
19.9308723773
20.0167276676
20.1031000235
20.1899925636
20.2774083779
20.3653505257
20.4538220351
20.542825901
20.6323650842
20.7224425097
20.8130610651
20.9042235995
20.9959329214
21.0881917974
21.1810029505
21.2743690583
21.3682927509
21.4627766098
21.5578231653
21.653434895
21.7496142217
21.8463635113
21.9436850706
22.0415811456
22.1400539188
22.2391055075
22.3387379608
22.4389532579
22.5397533056
22.6411399354
22.7431149016
22.8456798784
22.9488364575
23.0525861451
23.1569303597
23.2618704291
23.3674075877
23.4735429735
23.5802776254
23.6876124801
23.7955483696
23.9040860174
24.0132260362
24.1229689245
24.2333150633
24.3442647133
24.4558180115
24.5679749679
24.6807354625
24.7940992416
24.9080659151
25.0226349524
25.1378056797
25.2535772762
25.369948771
25.4869190392
25.6044867992
25.7226506087
25.8414088613
25.9607597835
26.0807014307
26.2012316841
26.3223482472
26.4440486425
26.5663302078
26.6891900933
26.8126252578
26.9366324656
27.0612082831
27.1863490759
27.3120510051
27.4383100245
27.5651218773
27.6924820934
27.8203859857
27.948828648
28.0778049518
28.2073095433
28.3373368411
28.4678810334
28.5989360755
28.7304956874
28.8625533514
28.9951023103
29.1281355645
29.2616458709
