520.551174392
397.740859879
397.715193927
397.700710798
397.713815278
397.757309147
397.830878878
397.933528831
398.064148694
398.221643938
398.404963896
398.613105961
398.845114339
399.100077676
399.377126561
399.675431126
399.994198799
400.332672194
400.690127145
401.065870864
401.459240218
401.869600113
402.296341986
402.738882386
403.196661641
403.669142613
404.15580952
404.656166834
405.169738242
405.69606567
406.234708361
406.785242005
407.347257924
407.920362297
408.504175429
409.098331067
409.702475741
410.316268153
410.939378591
411.571488377
412.212289344
412.86148334
413.518781753
414.183905071
414.856582451
415.536551321
416.223556993
416.9173523
417.617697249
418.324358692
419.037110009
419.755730807
420.48000664
421.209728728
421.944693704
422.684703359
423.42956441
424.179089688
424.933092182
425.691393522
426.453817948
427.220193574
427.990352206
428.764129175
429.541363164
430.321896047
431.105572734
431.892241025
432.681751462
433.473957195
434.268713847
435.065879388
435.865314012
436.666880019
437.470441699
438.275865224
439.083018543
439.89177128
440.701994631
441.513561276
442.326345283
443.140222022
443.955068077
444.770761168
445.587180069
446.404204532
447.221715216
448.039593612
448.85772198
449.675983282
450.494261117
451.312439663
452.130403623
452.948038164
453.765228869
454.581861686
455.397822884
456.212999005
457.027276827
457.840543322
458.652685623
459.463590991
460.273146787
461.081240444
461.887759445
462.692591304
463.495623553
464.296743724
465.095839349
465.892797949
466.687507041
467.479854136
468.269726755
469.057012441
469.841598776
470.62337341
471.402224088
472.178038689
472.950705264
473.720112087
474.486147708
475.248701014
476.007661295
476.76291832
477.514362419
478.261884565
479.005376479
479.744730723
480.479840814
481.210601342
481.936908089
482.658658161
483.375750125
484.088084152
484.795562162
485.498087977
486.195567482
486.887908781
487.575022361
488.256821254
488.933221203
489.604140822
490.269501752
490.929228818
491.58325017
492.23149742
492.873905765
493.51041409
494.140965061
494.765505188
495.38398487
495.996358402
496.602583957
497.202623524
497.796442813
498.384011101
498.96530104
499.5402884
500.108951758
500.671272119
501.227232467
501.776817248
502.320011765
502.856801508
503.38717138
503.911104855
504.428583032
504.939583613
505.444079777
505.942038975
506.433421636
506.918179782
507.396255573
507.867579769
508.332070133
508.789629763
509.240145393
509.683485642
510.119499245
510.548013274
510.968831365
511.381731968
511.786466635
512.182758367
512.570300043
512.948752941
513.31774538
513.676871491
514.025690152
514.363724087
514.69045916
515.005343866
515.307789047
515.597167829
515.872815802
516.134031444
516.380076784
516.610178329
516.823528219
517.019285643
