0.04172
0.124489417968
0.124902093248
0.125287128627
0.12564510523
0.125977341206
0.126285266875
0.126570298398
0.126833808885
0.127077119961
0.127301498214
0.127510534137
0.127700561573
0.127875115791
0.128033014263
0.128179721942
0.12831389553
0.128436406865
0.128548076105
0.128649673695
0.128741922457
0.128825499755
0.128901039686
0.128969135284
0.129030340698
0.129085173344
0.129134115938
0.129177618766
0.129216101275
0.129249954217
0.129279541372
0.12930520129
0.129327248897
0.129345977054
0.129361658026
0.129374544862
0.129384872681
0.129392859903
0.129398709448
0.129402609724
0.129404735693
0.1294052498
0.129404302857
0.129402034866
0.129398575782
0.129394046235
0.129388558192
0.129382215577
0.129375114853
0.129367345551
0.129358990778
0.129350127671
0.129340827835
0.129331157737
0.12932117908
0.129310949148
0.129300521121
0.129289944374
0.129279264752
0.129268524823
0.129257764114
0.12924701933
0.129236324559
0.129225711456
0.129215209418
0.129204845747
0.1291946458
0.129184633124
0.129174829588
0.129165255499
0.129155929716
0.129146869747
0.129138091847
0.129129611107
0.129121441532
0.129113596117
0.12910608692
0.129098925122
0.129092121091
0.129085684436
0.129079624057
0.129073948198
0.129068664485
0.129063779972
0.129059301179
0.129055234122
0.129051584355
0.129048356993
0.129045556742
0.129043187931
0.129041254527
0.129039760166
0.129038708172
0.129038101571
0.12903794312
0.129038235315
0.129038980409
0.12904018043
0.129041837192
0.129043952307
0.1290465272
0.129049563117
0.129053061137
0.129057022181
0.129061447022
0.129066336292
0.12907169049
0.129077509991
0.129083795051
0.129090545815
0.129097762321
0.129105444506
0.129113592213
0.129122205195
0.129131283118
0.129140825569
0.129150832054
0.12916130201
0.129172234801
0.129183629724
0.129195486015
0.129207802848
0.129220579339
0.12923381455
0.129247507489
0.129261657116
0.12927626234
0.129291322026
0.129306834995
0.129322800025
0.129339215854
0.129356081182
0.129373394671
0.129391154947
0.129409360604
0.129428010202
0.129447102269
0.129466635302
0.129486607773
0.129507018121
0.129527864763
0.129549146086
0.129570860455
0.12959300621
0.12961558167
0.129638585129
0.129662014863
0.129685869125
0.12971014615
0.129734844154
0.129759961335
0.129785495874
0.129811445934
0.129837809664
0.129864585195
0.129891770646
0.129919364121
0.129947363711
0.129975767491
0.130004573528
0.130033779874
0.130063384571
0.130093385649
0.13012378113
0.130154569024
0.130185747332
0.130217314047
0.130249267151
0.130281604622
0.130314324426
0.130347424526
0.130380902874
0.130414757419
0.130448986102
0.130483586859
0.130518557621
0.130553896313
0.130589600856
0.130625669168
0.130662099161
0.130698888745
0.130736035827
0.130773538308
0.130811394091
0.130849601073
0.130888157151
0.13092706022
0.130966308172
0.1310058989
0.131045830295
0.131086100247
0.131126706646
0.131167647383
0.131208920348
0.131250523431
0.131292454524
0.131334711518
0.131377292307
0.131420194785
0.131463416847
