0.00265
0.00337222982316
0.00335386625979
0.00333149215568
0.00332871318158
0.00331505449347
0.00330389213535
0.00329758667566
0.00329365467213
0.00329079800149
0.00328846754485
0.00328636112927
0.00328440520818
0.00328255415119
0.00328078786588
0.00327909542533
0.00327746946238
0.00327590418573
0.00327439463223
0.00327293645075
0.00327152579487
0.00327015922821
0.00326883372785
0.00326754658258
0.00326629540474
0.00326507804235
0.00326389258879
0.00326273730927
0.00326161065846
0.00326051122062
0.0032594381103
0.00325837988274
0.00325735576795
0.00325635115132
0.0032553698395
0.00324537564459
0.00324432569238
0.00324330608857
0.00324231099878
0.00324133802069
0.00324038547256
0.00323945203906
0.00323853665231
0.00323763842123
0.00323675658411
0.00323589047608
0.00323503950646
0.00323420314277
0.00323338089935
0.00323257232905
0.00323177701711
0.00323099457656
0.00323022464468
0.0032294668802
0.00322872096107
0.00322798658264
0.00322726345616
0.00322655130744
0.00322584987575
0.00322515891285
0.00322447818212
0.00322380745777
0.00322314652414
0.00322249517508
0.00322185321333
0.00322122045001
0.0032205967041
0.00321998180198
0.00321937557703
0.00321877786915
0.00321818852448
0.00321760739497
0.00321703433808
0.00321646921648
0.00321591189773
0.00321536225402
0.00321482016191
0.0032142855021
0.00321375815918
0.00321323802139
0.00321272443519
0.0032122189374
0.00321171977453
0.00321122740618
0.00321074173319
0.00321026266168
0.00320979010057
0.00320932396116
0.00320886415696
0.0032084106036
0.00320796321869
0.00320752192176
0.0032070866341
0.00320665727873
0.00320623378025
0.00320581606484
0.00320540406009
0.00320499769502
0.00320459689995
0.00320420160646
0.00320381174732
0.00320342725647
0.00320304806893
0.00320267412076
0.00320230534905
0.00320194169182
0.00320158308802
0.0032012294775
0.00320088080094
0.00320053699987
0.00320019801658
0.00319986379414
0.00319953427636
0.00319920940776
0.00319888913354
0.0031985733996
0.00319826215246
0.00319795533929
0.00319765290789
0.00319735480664
0.00319706098453
0.0031967713911
0.00319648597647
0.00319620469131
0.00319592748681
0.00319565431473
0.00319538512732
0.00319511987733
0.00319485851806
0.00319460100327
0.00319434728721
0.00319409732463
0.00319385107074
0.00319360848125
0.00319336951229
0.00319313412049
0.00319290226292
0.0031926738971
0.00319244898101
0.00319222747305
0.00319200933207
0.00319179451737
0.00319158298867
0.0031913747061
0.00319116963026
0.00319096772213
0.00319076894314
0.00319057325512
0.00319038062031
0.00319019100138
0.00319000436139
0.00318982066383
0.00318963987257
0.0031894619519
0.00318928686649
0.00318911458143
0.00318894506217
0.0031887782746
0.00318861418495
0.00318845275988
0.00318829396641
0.00318813777195
0.00318798414428
0.00318783305157
0.00318768446237
0.0031875383456
0.00318739467054
0.00318725340684
0.00318711452454
0.00318697799402
0.00318684378602
0.00318671187166
0.0031865822224
0.00318645481007
0.00318632960682
0.00318620658519
0.00318608571805
0.0031859669786
0.0031858503404
0.00318573577734
0.00318562326367
0.00318551277394
0.00318540428305
0.00318529776624
0.00318519319905
0.00318509055737
0.0031849898174
0.00318489095565
0.00318479394898
0.00318469877451
0.00318460540973
0.00318451383239
0.00318442402058
0.00318433595267
0.00318424960735
0.00318416496359
0.00318408200067
0.00318400069816
0.00318392103592
0.00318384299408
