22.7789956673
27.1419333923
31.3752723015
34.9339123671
37.5919601345
39.497445096
40.7537980452
41.5236023887
41.9597952332
42.1795610683
42.2636109707
42.2642953389
42.2144381995
42.1342286941
42.0359568362
41.9270671795
41.8120624017
41.6936681798
41.5735458243
41.4526957372
41.3412315588
41.2263109675
41.1096262703
40.9922149059
40.8747157272
40.7575245578
40.6408886294
40.5249639834
40.4098504257
40.2956128591
40.1822943376
40.0699240809
39.9585224114
39.8481038124
39.7386788308
39.6302552716
39.5228389546
39.4164341999
39.3110441452
39.2066709569
39.1033159765
39.0009798229
38.8996624696
38.799363303
38.7000811694
38.6018144152
38.5045609198
38.4083181265
38.313083069
38.2188523967
38.1256223975
38.03338902
37.9421478933
37.8518943465
37.7626234271
37.6743299186
37.5870083566
37.5006530448
37.4152580703
37.3308173179
37.2473244835
37.1647730878
37.0831564884
37.002467892
36.9227003656
36.8438468479
36.7659001594
36.6888530121
36.6126980198
36.5374277064
36.4630345148
36.3895108155
36.316848914
36.2450410586
36.1740794473
36.103956235
36.0346635394
35.9661934477
35.8985380223
35.8316893062
35.7656393285
35.7003801093
35.6359036646
35.5722020106
35.5092671684
35.4470911676
35.3856660505
35.3249838754
35.2650367205
35.2058166868
35.1473159013
35.0895265198
35.0324407299
34.9760507531
34.9203488477
34.865327311
34.810978481
34.7572947389
34.7042685109
34.6518922695
34.6001585357
34.5490598803
34.4985889253
34.448738345
34.3995008678
34.3508692766
34.3028364105
34.2553951651
34.2085384941
34.1622594094
34.1165509823
34.0714063439
34.0268186857
33.9827812604
33.9392873819
33.8963304261
33.853903831
33.8120010972
33.7706157878
33.7297415292
33.6893720105
33.6495009843
33.6101222665
33.571229736
33.5328173353
33.4948790701
33.4574090092
33.4204012848
33.3838500918
33.347749688
33.3120943939
33.2768785925
33.2420967289
33.2077433102
33.1738129053
33.1403001443
33.1071997187
33.0745063804
33.0422149421
33.0103202764
32.9788173155
32.9477010512
32.916966534
32.886608873
32.8566232354
32.8270048462
32.7977489874
32.768850998
32.7403062733
32.7121102644
32.6842584781
32.6567464757
32.6295698734
32.6027243412
32.5762056026
32.5500094341
32.524131665
32.4985681762
32.4733149005
32.4483678215
32.4237229735
32.3993764407
32.3753243569
32.351562905
32.3280883161
32.3048968698
32.2819848928
32.2593487589
32.2369848886
32.214889748
32.1930598491
32.1714917487
32.1501820481
32.1291273925
32.1083244709
32.0877700149
32.067460799
32.0473936394
32.0275653941
32.0079729621
31.9886132827
31.9694833358
31.9505801404
31.931900755
31.9134422767
31.8952018408
31.8771766202
31.8593638254
31.8417607035
31.8243645381
31.8071726487
31.7901823903
31.7733911529
31.7567963613
31.7403954743
31.7241859844
31.7081654178
31.6923313331
31.6766813219
31.6612130074
