303.248314721
303.521034893
303.769115797
303.999430265
304.214186956
304.414643042
304.601823043
304.776658572
304.940016999
305.092708946
305.235491834
305.369073142
305.494111814
305.611222301
305.72097632
305.823906596
305.920508087
306.011240789
306.096531998
306.176778463
306.25234843
306.323583575
306.390800823
306.454294069
306.514335781
306.571178515
306.625056326
306.676186092
306.724768745
306.770990425
306.815023551
306.85702782
306.89715114
306.935530489
306.972292723
307.00755532
307.041427071
307.074008728
307.105393594
307.135668079
307.164912212
307.193200117
307.220600448
307.247176801
307.272988091
307.298088897
307.322529791
307.34635763
307.369615839
307.392344666
307.414581414
307.436360666
307.457714484
307.478672599
307.499262583
307.519510008
307.539438598
307.559070361
307.578425722
307.597523635
307.616381695
307.635016234
307.653442421
307.671674341
307.689725076
307.707606783
307.725330754
307.742907487
307.760346738
307.777657578
307.794848443
307.811927178
307.82890108
307.845776941
307.862561078
307.879259375
307.895877307
307.912419973
307.928892122
307.945298179
307.961642264
307.977928221
307.994159628
308.010339825
308.026471924
308.042558829
308.058603247
308.074607707
308.090574567
308.106506027
308.122404144
308.138270837
308.154107897
308.169917
308.185699711
308.201457491
308.217191707
308.232903637
308.248594476
308.264265341
308.279917278
308.295551264
308.311168215
308.326768986
308.34235438
308.357925147
308.373481991
308.389025568
308.404556497
308.420075354
308.435582681
308.451078985
308.466564742
308.482040397
308.497506368
308.512963048
308.528410803
308.543849978
308.559280897
308.574703862
308.59011916
308.605527056
308.620927802
308.636321632
308.651708768
308.667089417
308.682463774
308.697832022
308.713194332
308.728550865
308.743901774
308.759247199
308.774587276
308.789922128
308.805251875
308.820576627
308.835896488
308.851211556
308.866521922
308.881827673
308.89712889
308.912425649
308.927718022
308.943006075
308.958289872
308.973569473
308.988844932
309.004116303
309.019383633
309.03464697
309.049906357
309.065161834
309.080413439
309.095661208
309.110905175
309.12614537
309.141381825
309.156614565
309.171843618
309.187069006
309.202290754
309.217508882
309.23272341
309.247934357
309.26314174
309.278345575
309.293545877
309.30874266
309.323935939
309.339125723
309.354312026
309.369494857
309.384674227
309.399850144
309.415022617
309.430191654
309.445357261
309.460519445
309.475678212
309.490833568
309.505985518
309.521134066
309.536279216
309.551420973
309.566559339
309.581694317
309.596825911
309.611954121
309.627078952
309.642200403
309.657318477
309.672433175
309.687544498
309.702652446
309.71775702
309.73285822
309.747956047
309.7630505
309.77814158
309.793229285
