109352.981146
84336.2502171
84675.1895868
84990.6344958
85297.0042204
85598.0505736
85894.8097048
86187.6513608
86476.7784957
86762.3488873
87044.5049081
87323.3809639
87599.1054891
87871.801606
88141.58745
88408.5764031
88672.8772964
88934.5945975
89193.8285853
89450.6755153
89705.2277752
89957.5740315
90207.7993683
90455.9854175
90702.2104821
90946.5496521
91189.0749137
91429.8552522
91668.9567492
91906.4426732
92142.373566
92376.8073223
92609.7992659
92841.4022204
93071.6665753
93300.640348
93528.369242
93754.8967006
93980.2639572
94204.5100818
94427.6720239
94649.7846529
94870.8807937
95090.991261
95310.1448893
95528.3685604
95745.6872288
95962.1239429
96177.6998653
96392.4342894
96606.3446541
96819.4465557
97031.753758
97243.2781998
97454.0300002
97664.017462
97873.2470729
98081.7235044
98289.4496095
98496.4264172
98702.6531267
98908.1140039
99112.8307147
99316.7838194
99519.9651128
99722.3644859
99923.9699174
100124.767459
100324.741215
100523.873321
100722.143922
100919.531147
101116.011081
101311.557739
101506.14304
101699.736772
101892.306564
102083.817852
102274.23385
102463.515508
102651.621485
102838.508107
103024.129333
103208.436719
103391.379376
103572.903935
103752.954506
103931.472643
104108.397298
104283.664792
104457.208767
104628.960152
104798.847128
104966.795086
105132.726593
105296.561359
105458.216204
105617.605021
105774.638755
105929.225368
106081.269819
106230.674039
106377.336915
106521.154272
106662.018866
106799.820371
106934.445382
107065.777415
107193.696919
107318.081288
107438.804883
107555.739064
107668.752221
107777.709827
107882.474483
107982.905991
108078.861421
108170.195202
108256.759213
108338.402897
108414.973383
108486.315619
108552.272528
108612.685171
108667.39293
108716.233711
108759.044157
108795.65989
108825.915759
108849.646122
108866.68514
108876.867092
108880.026719
108875.999583
108864.622453
108845.733713
108819.173797
108784.785643
108742.415171
108691.911796
108633.128947
108565.924627
108490.161985
108405.709914
108312.443673
108210.245527
108099.005405
107978.621581
107849.001363
107710.061808
107561.730433
107403.945947
107236.658987
107059.832851
106873.444233
106677.483959
106471.957703
106256.886698
106032.308428
105798.277291
105554.865241
105302.162388
105040.277569
104769.33886
104489.494051
104200.911052
103903.778242
103598.30475
103284.720654
102963.277111
102634.246394
102297.92184
101954.617707
101604.668929
101248.430777
100886.278407
100518.606311
100145.827661
99768.3735407
99386.6920846
99001.2475031
98612.5190155
98220.9996856
97827.1951676
97431.622368
97034.8080317
96637.2872595
96239.6019659
95842.2992879
95445.9299548
95051.0466293
94658.2022332
94267.9482678
93880.8331422
93497.400521
93118.1877034
92743.7240463
92374.529442
92011.1128608
91653.9709709
