1252.32644
320.440655635
320.470267379
320.495733762
320.517467268
320.535765785
320.550885933
320.563055729
320.572478867
320.57934026
320.563686114
320.544940811
320.524800764
320.50334784
320.480657119
320.456797602
320.431832858
320.40582159
320.378818132
320.350872877
320.322032657
320.29234108
320.261838818
320.230563874
320.198551813
320.165835965
320.132447612
320.098416157
320.063769265
320.028533004
319.99273196
319.956389351
319.919527122
319.882166037
319.844325761
319.806024932
319.767281232
319.728111448
319.688531528
319.648556636
319.608201197
319.567478945
319.526402962
319.484985708
319.443239085
319.401174427
319.35880256
319.316133821
319.273178084
319.229944785
319.186442946
319.142681194
319.098667779
319.054410598
319.009917208
318.965194844
318.920250432
318.875090607
318.829721722
318.784149867
318.738380873
318.692420331
318.646273597
318.599945804
318.553441874
318.506766521
318.459924267
318.412919444
318.365756205
318.31843853
318.270970233
318.223354969
318.175596241
318.127697402
318.079661667
318.031492114
317.983191688
317.934763212
317.886209384
317.837532786
317.78873589
317.739821055
317.69079054
317.641646499
317.592390992
317.543025981
317.493553341
317.443974858
317.394292231
317.34450708
317.294620944
317.244635286
317.194551495
317.144370888
317.094094711
317.043724145
316.993260304
316.942704239
316.89205694
316.841319337
316.790492302
316.739576652
316.688573148
316.637482498
316.586305358
316.535042337
316.48369399
316.432260829
316.380743316
316.329141871
316.277456866
316.225688635
316.173837464
316.121903603
316.06988726
316.017788601
315.965607758
315.913344821
315.860999847
315.808572853
315.756063823
315.703472704
315.65079941
315.598043821
315.545205781
315.492285105
315.439281573
315.386194934
315.333024904
315.279771169
315.226433383
315.17301117
315.119504124
315.02906554
314.976080733
316.364766303
316.228418268
316.096941379
315.96947862
315.845287105
315.723766508
315.60442979
315.486876881
315.370774983
315.255843942
315.141845246
315.028573626
314.915850557
314.803519153
314.69144012
314.579488504
314.46755104
314.35552398
314.243311275
314.130823054
314.017974312
313.90468378
313.790872932
313.676465087
313.5613846
313.445556105
313.328903791
313.211350714
313.092818106
312.973224675
312.852485893
312.730513244
312.607213418
312.482487445
312.356229739
312.228327038
312.098657208
311.967087893
311.833474962
311.697660718
311.559471809
311.418716785
311.275183196
311.128634144
310.978804136
310.825394058
310.668065039
310.506430877
310.340048606
310.168406618
309.990909525
309.806858615
309.61542625
309.415621794
309.206245414
308.985824158
308.752521358
308.504004678
308.237247616
307.948219146
307.631375319
307.249379265
306.803835427
306.292798444
305.685215586
