5.97690590143
5.98754941266
5.99754754426
6.00696005234
6.0158369238
6.02422216336
6.03215474657
6.03966936395
6.04679702926
6.05356558332
6.06000011427
6.06612331043
6.07195575828
6.07751619548
6.08282172685
6.08788800952
6.09272941255
6.09735915495
6.10178942561
6.10603148795
6.11009577141
6.11399195192
6.11772902274
6.12131535713
6.12475876389
6.12806653676
6.13124549847
6.13430204013
6.13724215652
6.14007147779
6.14279529804
6.14541860109
6.14794608378
6.15038217711
6.15273106546
6.15499670398
6.1571828346
6.15929300049
6.16133055941
6.16329869587
6.16520043235
6.16703863953
6.16881604765
6.17053524785
6.17219871132
6.17380878934
6.17536772202
6.17687764477
6.17834059415
6.17975851345
6.18113325783
6.18246659908
6.1837602301
6.18501576907
6.18623476333
6.18741869306
6.18856897468
6.18968696403
6.19077395942
6.19183120442
6.19285989052
6.19386115962
6.19483610643
6.19578578063
6.19671118896
6.19761329725
6.19849303224
6.19935128335
6.20018890437
6.201006715
6.2018055024
6.20258602254
6.20334900161
6.20409513727
6.20482509985
6.20553953352
6.20623905738
6.2069242665
6.20759573292
6.20825400658
6.20889961621
6.20953307023
6.21015485751
6.21076544819
6.2113652944
6.21195483099
6.21253447617
6.2131046322
6.21366568598
6.21421800962
6.21476196107
6.21529788457
6.21582611125
6.21634695956
6.21686073578
6.21736773443
6.21786823874
6.21836252106
6.21885084321
6.21933345691
6.21981060413
6.2202825174
6.22074942018
6.22121152717
6.22166904461
6.22212217055
6.22257109517
6.223016001
6.22345706321
6.22389444983
6.22432832201
6.2247588342
6.22518613441
6.22561036439
6.2260316598
6.22645015046
6.22686596046
6.22727920837
6.2276900074
6.22809846551
6.22850468563
6.22890876573
6.229310799
6.22971087395
6.23010907454
6.23050548031
6.23090016644
6.23129320391
6.23168465955
6.23207459616
6.23246307258
6.23285014379
6.23323586096
6.23366164052
6.23408361435
6.23793465394
6.24164908061
6.24522202965
6.24865065665
6.25193382669
6.25507163787
6.2580650609
6.2609156799
6.26362550453
6.26619683221
6.26863214583
6.2709340372
6.27310514917
6.27514813159
6.27706560768
6.27886014808
6.28053425081
6.28209032556
6.28353068147
6.28485751725
6.28607291326
6.28717882494
6.28817707716
6.28906935921
6.28985722011
6.29054206412
6.29112514609
6.29160756661
6.29199026673
6.29227402205
6.29245943614
6.292546933
6.29253674846
6.29242892018
6.29222327631
6.29191942217
6.29151672501
6.29101429618
6.29041097053
6.28970528235
6.28889543734
6.2879792797
6.28695425362
6.28581735766
6.28456509089
6.28319338863
6.28169754549
6.28007212266
6.27831083529
6.27640641461
6.27435043759
6.27213311446
6.26974302032
6.267166752
6.26438848266
6.26138937388
6.25814678433
6.25463318028
6.25081459459
6.2466483763
6.24207977248
6.23703647565
6.23141968275
6.22508450805
