4.7991e-05
5.92302292294e-05
5.93714765062e-05
5.95194400373e-05
5.96721768645e-05
5.98280385345e-05
5.99858844657e-05
6.01449904522e-05
6.03049492714e-05
6.04655147023e-05
6.06265496494e-05
6.07879940593e-05
6.09498186279e-05
6.1112013371e-05
6.12745783106e-05
6.14375182822e-05
6.16008401318e-05
6.17645512445e-05
6.19286588147e-05
6.20931695188e-05
6.2258089399e-05
6.24234238557e-05
6.258917769e-05
6.27553551666e-05
6.29219600826e-05
6.3088995832e-05
6.32564654657e-05
6.34243717436e-05
6.35927171801e-05
6.37615040827e-05
6.39307345849e-05
6.41004106744e-05
6.42705342163e-05
6.44411069732e-05
6.46121306221e-05
6.47836067679e-05
6.49555369559e-05
6.51279226814e-05
6.53007653983e-05
6.5474066526e-05
6.56478274557e-05
6.58220495547e-05
6.59967341716e-05
6.61718826389e-05
6.63474962769e-05
6.6523575892e-05
6.6700073334e-05
6.68770895714e-05
6.70545765202e-05
6.72325301293e-05
6.74109618121e-05
6.75898677831e-05
6.77692492905e-05
6.79491076024e-05
6.81294439957e-05
6.83102597523e-05
6.84915561565e-05
6.86733344952e-05
6.88555960576e-05
6.90383421351e-05
6.92215740216e-05
6.94052930136e-05
6.95895004102e-05
6.97741975137e-05
6.99593856289e-05
7.0145066064e-05
7.03312401301e-05
7.05179091416e-05
7.07050744161e-05
7.08927372744e-05
7.10808990407e-05
7.12695610427e-05
7.14587246112e-05
7.16483910807e-05
7.18385617891e-05
7.20292380776e-05
7.22204212912e-05
7.24121127781e-05
7.26043138904e-05
7.27970259834e-05
7.29902504162e-05
7.31839885514e-05
7.33782417553e-05
7.35730113976e-05
7.37682988519e-05
7.39641054953e-05
7.41604327084e-05
7.43572818758e-05
7.45546543856e-05
7.47525516295e-05
7.4950975003e-05
7.51499259052e-05
7.53494057392e-05
7.55494159115e-05
7.57499578325e-05
7.59510329164e-05
7.6152642581e-05
7.63547882479e-05
7.65574713427e-05
7.67606932945e-05
7.68412835016e-05
7.70365019937e-05
7.72397308605e-05
7.74465912546e-05
7.7655276894e-05
7.78650322646e-05
7.80755350648e-05
7.82866438665e-05
7.84982941188e-05
7.87104548404e-05
7.8923110328e-05
7.91362522655e-05
7.93498762081e-05
7.95639799376e-05
7.97785626401e-05
7.9993624457e-05
8.02091662185e-05
8.04251892697e-05
8.06416953507e-05
8.08586865122e-05
8.10761650501e-05
8.12941334566e-05
8.15125943827e-05
8.17315506088e-05
8.1951005021e-05
8.2170960534e-05
8.2391420286e-05
8.2612387362e-05
8.28338649749e-05
8.30558562007e-05
8.32783642975e-05
8.35013925199e-05
8.37249441381e-05
8.39490224332e-05
8.41736306935e-05
8.43987722096e-05
8.46244502707e-05
8.48506681606e-05
8.5077429154e-05
8.53047365136e-05
8.55325934868e-05
8.57610033033e-05
8.59899691725e-05
8.62194942817e-05
8.6449581794e-05
8.66802348464e-05
8.69114565491e-05
8.71432499838e-05
8.73756182027e-05
8.7608564228e-05
8.78420910511e-05
8.80762016323e-05
8.83108989003e-05
8.85461857522e-05
8.87820650534e-05
8.90185396377e-05
8.92556123077e-05
8.94932858347e-05
8.97315629593e-05
8.99704463921e-05
9.02099388136e-05
9.04500428754e-05
9.06907612004e-05
9.09320963837e-05
9.11740509931e-05
9.14166275701e-05
9.16598286304e-05
9.19036566649e-05
9.21481141402e-05
9.23932034995e-05
9.26389271638e-05
9.28852875321e-05
9.31322869824e-05
9.33799278728e-05
9.36282125419e-05
9.38771433099e-05
9.41267224789e-05
9.43769523344e-05
9.46278351454e-05
9.48793731655e-05
9.51315685198e-05
9.53844236585e-05
9.56379406816e-05
9.58921217872e-05
9.61469691617e-05
9.640248498e-05
9.66586714065e-05
9.69155305951e-05
9.71730646903e-05
9.74312758276e-05
9.7690166134e-05
9.79497377284e-05
9.82099927224e-05
9.84709332207e-05
9.87325613214e-05
9.89948791168e-05
9.92578886936e-05
9.95215921334e-05
9.9785991513e-05
0.000100051088905
