104.539509658
103.134071897
103.06244241
102.993231014
102.926267615
102.861418314
102.798562783
102.737590451
102.678399162
102.620894264
102.564987858
102.510598142
102.457648841
102.40606871
102.355791091
102.306753527
102.258897412
102.212167545
102.166512308
102.121882946
102.074439481
102.025244125
101.977076745
101.929893705
101.883653651
101.83831743
101.793847954
101.75021006
101.707370392
101.665297284
101.623960658
101.583331924
101.543383898
101.504090711
101.465427741
101.427371536
101.389899753
101.352991094
101.31662525
101.280782848
101.2454454
101.21059526
101.176216282
101.142290949
101.108804597
101.075742528
101.04309069
101.010835649
100.978964554
100.947465112
100.916325561
100.885534644
100.855081585
100.824956068
100.795148214
100.76564856
100.736448045
100.707537986
100.678910064
100.650556305
100.62246907
100.594641033
100.567065174
100.539734762
100.51264334
100.48578472
100.459152965
100.432742381
100.406547508
100.380563107
100.354784151
100.32920582
100.303823487
100.278632715
100.253629243
100.228808985
100.204168021
100.179702586
100.155409071
100.131284009
100.107324075
100.083526079
100.059886958
100.036403774
100.013073708
99.9898940548
99.9668622196
99.9439757124
99.921232145
99.8986292264
99.8761647596
99.8538366378
99.831642841
99.8095814324
99.787650556
99.7658484328
99.7441733587
99.722623701
99.7011978966
99.6798944487
99.6587119251
99.6376489554
99.6167042292
99.5958764936
99.5751645517
99.5545672603
99.5340835281
99.5137123142
99.4934526263
99.473303519
99.4532640924
99.4333334906
99.4135109004
99.3937955499
99.374186707
99.3546836788
99.3352858099
99.3159924812
99.2968031097
99.2777171463
99.258734076
99.2398534161
99.2210747158
99.2023975553
99.1838215451
99.1653463248
99.1469715632
99.1286969567
99.1105222295
99.0924471325
99.0744714427
99.0565949631
99.0388175216
95.5741758943
95.5757854296
88.1101040861
82.6285425577
77.8216551838
73.5560426171
69.7330304899
66.2777796285
63.1323216436
60.2509352787
57.5969854138
55.1407072243
52.8576184886
50.7273597234
48.7328321021
46.8595466999
45.0951263443
43.4289194175
41.8516969662
40.3554126211
38.9330104381
37.578269705
36.2856785544
35.050330232
33.8678373387
32.7342604474
31.646048299
30.5999873928
29.5931592445
28.6229039396
27.686788883
26.7825818565
25.9082276635
25.0618277689
24.241622447
23.4459750308
22.6733579231
21.9223400776
21.1915757033
20.4797939712
19.7857895324
19.1084136657
18.44656589
17.7991858739
17.1652454762
16.543740737
15.9336836192
15.3340932667
14.743986497
14.1623671737
13.5882140021
13.02046614
12.4580058002
11.8996366987
11.344056718
10.7898224129
10.2353018185
9.67861012847
9.11751966124
8.54933006529
7.97067483676
7.35788689609
6.70554615715
6.01975729923
5.28728857154
4.4872589046
