1.5106
1.50025053758
1.50030870756
1.50024780486
1.50020712646
1.50016232508
1.50012025604
1.50008397069
1.50005439744
1.50003135146
1.50001412473
1.50000181952
1.4999935272
1.4999884161
1.49998576738
1.49998498244
1.49998557584
1.49998716182
1.4999894389
1.49999217484
1.49999519322
1.49999836181
1.50000080268
1.50000477222
1.50000791194
1.5000109472
1.50001385505
1.50001662271
1.50001924299
1.50002171331
1.50002403449
1.50002620967
1.50002824361
1.50003014214
1.50003191171
1.50003355911
1.50003509125
1.500036515
1.50003783708
1.50003906398
1.50004020193
1.50004125686
1.50004223436
1.50004313972
1.50004397792
1.50004475362
1.50004547116
1.50004613464
1.50004674784
1.50004731431
1.50004783735
1.50004832003
1.50004876521
1.50004917554
1.5000495535
1.5000499014
1.50005022135
1.50005051535
1.50005078524
1.50005103273
1.50005125943
1.5000514668
1.50005165622
1.50005182897
1.50005198624
1.50005212913
1.50005225866
1.50005237578
1.50005248139
1.5000525763
1.50005266127
1.50005273701
1.50005280419
1.50005286342
1.50005291527
1.50005296026
1.50005299889
1.50005303161
1.50005305885
1.50005308101
1.50005309845
1.50005311151
1.50005312051
1.50005312574
1.50005312748
1.50005312599
1.50005312149
1.50005311421
1.50005310435
1.50005309211
1.50005307765
1.50005306115
1.50005304275
1.5000530226
1.50005300082
1.50005297755
1.5000529529
1.50005292696
1.50005289985
1.50005287164
1.50039028027
1.50013498044
1.49996849854
1.49985922325
1.4997868351
1.49973830015
1.49970524562
1.49968228531
1.49966594937
1.49965399917
1.49964498789
1.49963797858
1.49963236282
1.49962774414
1.49962386293
1.49962054805
1.49961768557
1.49961519869
1.49961303464
1.49961115634
1.49960953687
1.49960815604
1.49960699802
1.49960604989
1.49960530072
1.49960474088
1.49960436165
1.499604155
1.49960411337
1.49960422959
1.49960449678
1.49960490832
1.49960545781
1.49960613906
1.49960694604
1.49960787295
1.49960891447
1.49961006429
1.49961131755
1.49961266907
1.49961411383
1.49961564659
1.49961726339
1.4996189592
1.49962072959
1.49962257027
1.49962447709
1.49962644601
1.49962847316
1.49963055478
1.49963268723
1.49963486701
1.49963709073
1.49963935514
1.49964165707
1.49964399351
1.49964636152
1.49964875829
1.49965118112
1.49965362741
1.49965609465
1.49965858043
1.49966108247
1.49966359853
1.49966612649
1.49966866433
1.49967121009
1.49967376191
1.499676318
1.49967887665
1.49968143625
1.49968399523
1.49968655211
1.49968910547
1.49969165398
1.49969419635
1.49969673135
1.49969925785
1.49970177473
1.49970428095
1.49970677555
1.49970925757
1.49971172614
1.49971418044
1.49971661967
1.49971904311
1.49972145006
1.49972383988
1.49972621195
1.49972856571
1.49973090064
1.49973321624
1.49973551205
1.49973778766
1.49974004267
1.49974227673
1.49974448951
1.49974668071
1.49974885006
1.49975099732
