2.35773751292
2.52982719016
2.68226501261
2.80413218737
2.89462167821
2.96294767103
3.01160598181
3.04383033001
3.06326313419
3.07319934002
3.07630140802
3.07458132704
3.06950965835
3.06213442932
3.05319624888
3.04321706092
3.03256558478
3.02150381496
3.01021940902
2.99884801647
2.98748862109
2.97621409642
2.96507850114
2.95412215756
2.94337522098
2.93286021929
2.92259387954
2.91258846034
2.90285274048
2.89339275832
2.8842123753
2.87531371111
2.86669748271
2.85836327199
2.85030973958
2.84253479633
2.83503574362
2.82780938579
2.82085212535
2.81416003881
2.80772894221
2.80155444382
2.79563198933
2.78995689898
2.78452439959
2.77932965144
2.77436777055
2.76963384727
2.76512295679
2.76083036054
2.75675114361
2.75288028202
2.74921207293
2.74574345304
2.74246786716
2.73975555156
2.73713369964
2.73462123907
2.73223101792
2.72997140437
2.7278475376
2.72586223088
2.72401661873
2.72231062195
2.72074328302
2.71931300929
2.71801775017
2.71685512697
2.71582252859
2.71491718242
2.71413620732
2.71347665326
2.71293553129
2.71250983624
2.71219656408
2.71199272508
2.71189535404
2.71190151804
2.71200832241
2.71221291531
2.71251249118
2.71290429335
2.71338561588
2.713953805
2.71460625995
2.71534043358
2.71615383258
2.71704401758
2.7180086029
2.71904525634
2.72015169867
2.72132570314
2.72256509481
2.7238677499
2.72523159503
2.72665460644
2.72813480914
2.72967027609
2.73125912731
2.73289952904
2.73458969277
2.73632787443
2.73811237341
2.73994153174
2.74181373311
2.74372740206
2.74568100303
2.74767303953
2.74970205324
2.7517666232
2.75386536491
2.75599692955
2.75816000314
2.76035330571
2.76257559057
2.76482564347
2.76710228189
2.76940435424
2.77173073918
2.77408034486
2.77645210823
2.77884499435
2.78125799572
2.78369013161
2.78614044741
2.78860801401
2.79109192717
2.79359130691
2.79610529695
2.79863306408
2.80117379764
2.80372670895
2.80629103077
2.80886601677
2.81145094104
2.81404509754
2.81664779965
2.8192583797
2.82187618844
2.82450059468
2.82713098473
2.82976676209
2.8324073469
2.83505217564
2.83770070065
2.84035238975
2.84300672591
2.84566320678
2.84832134442
2.85098066486
2.85364070784
2.85630102637
2.85896118649
2.86162076689
2.86427935863
2.86693656478
2.86959200021
2.87224528858
2.87489607245
2.87754399793
2.88018872377
2.88282991929
2.88546726391
2.88810044693
2.8907291672
2.89335313297
2.8959720616
2.89858567936
2.90119372119
2.90379593049
2.90639205892
2.90898186618
2.91156511981
2.914141595
2.9167110744
2.91927334791
2.92182821255
2.92437547222
2.92691493758
2.92944642584
2.93196976062
2.93448477179
2.9369912953
2.93948917303
2.94197825264
2.94445838744
2.94692943624
2.94939126318
2.95184373765
2.95428673411
2.956720132
2.95914381559
2.96155767385
2.96396160037
2.96635549318
2.9687392547
2.9711127916
2.9734760147
2.97582883882
2.97817118276
