6.7348675584
9.49955353558
9.42662883809
9.35701486185
9.29242113853
9.23291497969
9.17823038879
9.12805355484
9.08208323474
9.04004174401
9.00167528091
8.96675211485
8.93506050444
8.90640673756
8.88061336107
8.85751759731
8.8369699308
8.8188328467
8.80297970418
8.78929372942
8.77766711446
8.76800021008
8.76020080187
8.75418346016
8.74986895568
8.74718373331
8.74605943785
8.74643248587
8.74824367876
8.75143785256
8.75596356056
8.76177278535
8.76882067718
8.77706531591
8.78646749425
8.79699051998
8.80860003545
8.82126385252
8.83495180148
8.84963559266
8.86528868941
8.88188619155
8.89940472811
8.91782235869
8.93711848255
8.95727375483
8.97827000909
9.00009018589
9.02271826659
9.04613921217
9.07033890645
9.09530410355
9.12102237895
9.14748208418
9.17467230461
9.20258282018
9.2312040688
9.2605271123
9.29054360461
9.32124576205
9.35262633562
9.38467858505
9.41739625452
9.45077354993
9.48480511764
9.51948602444
9.55481173884
9.59077811348
9.62738136855
9.66461807625
9.70248514612
9.74097981131
9.78009961547
9.8198424006
9.86020629537
9.90118970424
9.94279129708
9.9850099994
10.027844983
10.0712956574
10.1153616612
10.1600428543
10.2053393104
10.2512513097
10.2977793323
10.3449240514
10.3926863273
10.4410672015
10.4900678905
10.5396897811
10.5899344245
10.6408035319
10.6922989691
10.7444227519
10.797177042
10.8505641423
10.9045864927
10.9592466662
11.0145473647
11.0704914152
11.1270817661
11.1843214836
11.2422137476
11.3007618489
11.3599691851
11.4198392574
11.4803756674
11.5415821135
11.6034623879
11.666020373
11.7292600384
11.7931854376
11.857800705
11.9231100525
11.9891177663
12.0558282038
12.1232457907
12.1913750175
12.2602204363
12.329786658
12.4000783487
12.4711002269
12.5428570601
12.6153536614
12.6885948867
12.7625856314
12.8373308268
12.9128354374
12.9891044573
13.066142907
13.1439558303
13.2225482909
13.3019253695
13.3820921601
13.4630537673
13.5448153026
13.6273818818
13.7107586215
13.7949506363
13.8799630356
13.9658009209
14.0524693825
14.1399734973
14.2283183257
14.317508909
14.4075502673
14.4984473969
14.5902052682
14.6828288238
14.7763229763
14.8706926074
14.9659425659
15.0620776668
15.1591026904
15.2570223817
15.3558414503
15.4555645699
15.5561963794
15.6577414832
15.7602044524
15.8635898269
15.9679021167
16.0731458051
16.1793253515
16.2864451951
16.394509759
16.5035234549
16.6134906889
16.7244158672
16.8363034029
16.9491577236
17.0629832797
17.1777845531
17.2935660672
17.4103323974
17.5280881827
17.6468381378
17.7665870666
17.8873398758
18.0091015908
18.1318773706
18.2556725256
18.3804925352
18.5063430663
18.6332299935
18.7611594198
18.8901376981
19.0201714538
19.1512676085
19.2834334041
19.4166764284
19.5510046407
19.6864263989
19.8229504867
19.9605861418
20.0993430845
20.2392315467
20.3802623013
20.522446692
20.6657966626
