0.100631201043
0.100537561784
0.100428114137
0.100305826442
0.100172471273
0.100029317114
0.0998773564765
0.0997174075004
0.0995501675552
0.0993762448459
0.0991961785778
0.0990104526104
0.0988195051394
0.0986237358212
0.0984235111775
0.098219168799
0.0980110206868
0.0977993559579
0.0975844430718
0.0973665316889
0.097145854243
0.0969226272872
0.0966970526589
0.0964693184987
0.0962396001508
0.0960080609649
0.0957748530191
0.0955401177741
0.0953039866724
0.0950665816903
0.09482801585
0.0945883936978
0.0943478117534
0.0941063589339
0.0938641169565
0.0936211607218
0.0933775586798
0.0931333731815
0.0928886608158
0.092643472734
0.0923978549622
0.0921518487026
0.0919054906241
0.0916588131423
0.0914118446893
0.0911646099735
0.0909171302304
0.0906694234623
0.0904215046692
0.0901733860699
0.0899250773136
0.0896765856813
0.0894279162786
0.089179072218
0.0889300547927
0.0886808636409
0.0884314969
0.0881819513535
0.0879322225674
0.0876823050188
0.0874321922164
0.0871818768115
0.0869313507026
0.0866806051314
0.0864296307719
0.0861784178121
0.0859269560292
0.0856752348587
0.0854232434568
0.0851709707576
0.0849184055245
0.0846655363969
0.0844123519321
0.0841588406424
0.0839049910286
0.0836507916094
0.0833962309471
0.0831412976706
0.0828859804953
0.0826302682395
0.0823741498396
0.0821176143621
0.0818606510141
0.0816032491515
0.0813453982864
0.0810870880917
0.0808283084061
0.0805690492364
0.0803093007597
0.0800490533247
0.0797882974515
0.0795270238318
0.0792652233277
0.0790028869702
0.0787400059575
0.0784765716532
0.0782125755831
0.0779480094332
0.0776828650467
0.0774171344209
0.0771508097041
0.0768838831926
0.0766163473275
0.0763481946915
0.0760794180054
0.0758100101253
0.0755399640394
0.0752692728644
0.0749979298432
0.0747259283411
0.0744532618435
0.0741799239527
0.073905908385
0.0736312089684
0.0733558196393
0.0730797344408
0.0728029475192
0.0725254531225
0.0722472455973
0.071968319387
0.0716886690296
0.0714082891553
0.0711271744845
0.070845319826
0.070562720075
0.0702793702111
0.0699952652965
0.0697104004746
0.0694247709677
0.0691383720761
0.0688511991756
0.068563247717
0.0682745132237
0.0679849912907
0.0676946775834
0.0674035678356
0.0671116578488
0.0668189434906
0.0665254206918
0.0662310854503
0.0659359338248
0.0656399619354
0.0653431659625
0.0650455421457
0.0647470867828
0.0644477962285
0.0641476668939
0.063846695245
0.063544877802
0.0632422111387
0.0629386918807
0.0626343167057
0.0623290823414
0.0620229855658
0.0617160232056
0.0614081921357
0.0610994892784
0.0607899116027
0.0604794561232
0.0601681199001
0.0598559000376
0.0595427936839
0.0592287980301
0.0589139103098
0.0585981277983
0.0582814478119
0.0579638677076
0.0576453848819
0.0573259967709
0.0570057008492
0.0566844946295
0.0563623756621
0.056039341534
0.0557153898692
0.0553905183269
0.0550647246023
0.054738006425
0.0544103615592
0.0540817878031
0.0537522829879
0.0534218449781
0.0530904716705
0.0527581609938
0.0524249109085
0.0520907194059
0.0517555845083
0.0514195042681
0.0510824767675
0.0507445001182
0.050405572461
0.0500656919652
0.0497248568284
0.0493830652762
0.0490403155615
0.0486966059646
0.0483519347922
0.0480063003778
0.0476597010808
0.0473121352863
0.0469636014048
