817.051852095
812.129425527
807.229358894
802.351057792
797.493992637
792.657688663
787.841720842
783.045709906
778.269318857
773.512249774
768.774240896
764.055063919
759.354521501
754.672444944
750.008692042
745.363145081
740.735708965
736.126309473
731.534891621
726.961418132
722.405867996
717.868235115
713.348527035
708.846763742
704.362976532
699.897206947
695.449505763
691.019932041
686.608552223
682.215439285
677.840671933
673.484333836
669.146512914
664.827300654
660.526791468
656.245082087
651.982270989
647.738457859
643.51374308
639.308227255
635.122010758
630.955193315
626.807873604
622.680148892
618.572114689
614.48386443
610.415489179
606.367077353
602.338714476
598.330482947
594.342461829
590.374726661
586.427349291
582.500397722
578.593935978
574.708023995
570.842717514
566.998068008
563.174122613
559.370924078
555.588510729
551.826916451
548.086170683
544.366298417
540.667320239
536.989252322
533.332106504
529.695890331
526.080607126
522.48625606
518.912832245
515.360326795
511.828727013
508.318016421
504.828174908
501.35917885
497.911001248
494.483611857
491.076977336
487.69106139
484.325824918
480.981226172
477.657220909
474.353762548
471.070802331
467.808289482
464.566171368
461.344393656
458.142900477
454.961634576
451.800537474
448.65954962
445.538610536
442.437658973
439.356633046
436.295470378
433.254108234
430.232483651
427.230533558
424.248194912
421.285404796
418.342100535
415.418219796
412.513700691
409.628481861
406.762502568
403.915702769
401.088023194
398.279405406
395.489791871
392.719126004
389.967352227
387.234416003
384.520263881
381.824843526
379.148103745
376.48999451
373.850466972
371.229473478
368.626967574
366.042904007
363.477238729
360.929928884
358.400932808
355.890210006
353.397721142
350.923428019
348.467293553
346.029281752
343.609357681
341.20748744
338.823638123
336.457777787
334.109875415
331.779900873
329.467824874
327.173618931
324.897255318
322.638707021
320.397947691
318.174951601
315.969693594
313.782149033
311.612293756
309.460104017
307.325556442
305.208627973
303.109295818
301.027537394
298.963330279
296.916652154
294.887480753
292.875793807
290.881568989
288.904783863
286.945415829
285.003442065
283.078839428
281.171584556
279.281653649
277.409022475
275.553666321
273.715559924
271.894677436
270.090992365
268.304477578
266.535105086
264.782846162
263.047671233
261.32954983
259.628450545
257.944340973
256.277187678
254.626956138
252.993610704
251.377114555
249.777429658
248.194516723
246.628335166
245.078843067
243.545997135
242.029752671
240.530063531
239.046882099
237.580159248
236.129844316
234.695885074
233.278227702
231.876816765
230.491595188
229.122504236
227.769483499
226.432470868
225.111402531
223.806212949
222.516834856
221.243199245
219.985235364
218.742870713
217.516031042
