18.1912693792
18.1876380094
18.1840093328
18.1804026031
18.1768379718
18.1733348951
18.1699113367
18.1665831917
18.1633638612
18.1602639816
18.1572913275
18.1544507893
18.1517446337
18.1491727061
18.1467327815
18.1444209326
18.1422319056
18.1401594801
18.1381967965
18.1363366429
18.134571695
18.1328947096
18.1312986738
18.1297769155
18.1283231785
18.1269316702
18.1255970855
18.1243146135
18.1230799305
18.1218891825
18.120738962
18.1196262797
18.1185485345
18.1175034816
18.1164892016
18.1155040695
18.1145467261
18.1136160497
18.1127111309
18.1118312483
18.1109758463
18.1101445172
18.1093369792
18.1085530619
18.1077926907
18.1070558731
18.1063426864
18.1056532659
18.1049877954
18.1043464977
18.1037296267
18.1031374597
18.1025702902
18.1020284232
18.1015121687
18.101021838
18.1005577383
18.1001201695
18.0997094209
18.0993257679
18.0989694698
18.0986407675
18.0983398815
18.0980670103
18.0978223296
18.0976059903
18.0974181187
18.0972588155
18.0971281554
18.0970261871
18.0969529339
18.096908393
18.0968925366
18.0969053125
18.0969466446
18.097016434
18.0971145603
18.0972408825
18.0973952404
18.0975774565
18.0977873376
18.0980246763
18.0982892537
18.0985808415
18.0988992044
18.0992441033
18.0995865602
18.099909435
18.100214306
18.1005025642
18.1007753765
18.101033976
18.1012792831
18.101512173
18.1017334368
18.1019437895
18.1021438785
18.1023342927
18.1025155687
18.1026881981
18.1028526318
18.1030092858
18.1031585445
18.1033007637
18.103436275
18.1035653876
18.1036883908
18.1038055557
18.1039171376
18.1040233767
18.1041245004
18.1042207235
18.1043122501
18.1043992739
18.1044819794
18.1045605424
18.1046351305
18.1047059042
18.1047730167
18.104836615
18.1048968398
18.1049538261
18.1050077034
18.1050585963
18.1051066242
18.1051519023
18.105194541
18.1052346467
18.1052723218
18.1053076649
18.1053407709
18.105371731
18.1054006332
18.1054275624
18.1054526
18.1054758248
18.1054973123
18.1055171356
18.1055353648
18.1055520676
18.1055673091
18.1055811521
18.105593657
18.1056048818
18.1056148827
18.1056237134
18.1056314259
18.10563807
18.1056436938
18.1056483434
18.1056520634
18.1056548964
18.1056568836
18.1056580645
18.1056584771
18.105658158
18.1056571421
18.1056554634
18.1056531542
18.1056502455
18.1056467675
18.1056427486
18.1056382167
18.105633198
18.105627718
18.1056218012
18.1056154708
18.1056087495
18.1056016586
18.1055942188
18.10558645
18.1055783712
18.1055700004
18.1055613552
18.1055524523
18.1055433077
18.1055339366
18.1055243539
18.1055145735
18.1055046089
18.1054944729
18.105484178
18.1054737358
18.1054631577
18.1054524544
18.1054416362
18.105430713
18.1054196942
18.1054085888
18.1053974053
18.105386152
18.1053748366
18.1053634667
18.1053520493
18.1053405912
18.105329099
18.1053175787
18.1053060363
18.1052944774
18.1052829072
