62.7545844243
62.7512745853
62.7479879205
62.744724396
62.7414839757
62.738266623
62.7350723012
62.7319009736
62.7287526034
62.7256271539
62.7225245885
62.7194448705
62.7163879635
62.7133538307
62.7103424359
62.7073537426
62.7043877145
62.7014443153
62.6985235087
62.6956252586
62.6927495289
62.6898962836
62.6870654866
62.6842571021
62.6814710943
62.6787074272
62.6759660654
62.673246973
62.6705501146
62.6678754546
62.6652229575
62.662592588
62.6599843108
62.6573980906
62.6548338923
62.6522916807
62.6497714208
62.6472730776
62.6447966161
62.6423420016
62.6399091991
62.637498174
62.6351088916
62.6327413172
62.6303954163
62.6280711543
62.6257684968
62.6234874094
62.6212278576
62.6189898073
62.6167732241
62.6145780737
62.6124043221
62.6102519351
62.6081208785
62.6060111183
62.6039226205
62.6018553511
62.5998092761
62.5977843615
62.5957805736
62.5937978784
62.591836242
62.5898956306
62.5879760104
62.5860773475
62.5841996083
62.5823427589
62.5805067656
62.5786915946
62.5768972121
62.5751235845
62.5733706779
62.5716384586
62.5699268929
62.568235947
62.5665655872
62.5649157796
62.5632864905
62.561677686
62.5600893324
62.5585213959
62.5569738424
62.5554466383
62.5539397495
62.5524531421
62.5509867821
62.5495406356
62.5481146684
62.5467088466
62.5453231359
62.5439575023
62.5426119115
62.5412863292
62.5399807212
62.5386950531
62.5374292905
62.5361833989
62.5349573439
62.5337510907
62.5325646049
62.5313978516
62.5302507961
62.5291234036
62.5280156392
62.5269274678
62.5258588544
62.5248097639
62.5237801611
62.5227700106
62.5217792771
62.5208079252
62.5198559192
62.5189232235
62.5180098025
62.5171156202
62.5162406408
62.5153848283
62.5145481465
62.5137305593
62.5129320303
62.5121525231
62.5113920012
62.510650428
62.5099277667
62.5092239805
62.5085390323
62.5078728852
62.507225502
62.5065968452
62.5059868775
62.5053955614
62.5048228591
62.5042687328
62.5037331447
62.5032160565
62.5027174303
62.5022372275
62.5017754098
62.5013319385
62.5009067749
62.5004998802
62.5001112153
62.499740741
62.4993884181
62.4990542071
62.4987380684
62.4984399623
62.4981598487
62.4978976878
62.4976534392
62.4974270626
62.4972185175
62.4970277632
62.4968547588
62.4966994634
62.4965618357
62.4964418344
62.4963394181
62.4962545449
62.4961871731
62.4961372607
62.4961047653
62.4960896448
62.4960918564
62.4961113575
62.4961481052
62.4962020563
62.4962731675
62.4963613955
62.4964666965
62.4965890267
62.4967283421
62.4968845984
62.4970577512
62.4972477558
62.4974545676
62.4976781413
62.4979184319
62.4981753939
62.4984489817
62.4987391495
62.4990458512
62.4993690405
62.4997086711
62.5000646963
62.5004370692
62.5008257427
62.5012306695
62.5016518021
62.5020890928
62.5025424936
62.5030119562
62.5034974324
62.5039988735
62.5045162307
62.5050494548
62.5055984966
62.5061633066
62.5067438349
