462222.017188
244375.694493
249471.704815
254332.660947
258974.882517
263443.83465
267810.756964
271997.123149
276010.989747
279859.922233
283551.027947
287090.997245
290486.140758
293742.422109
296865.486667
299860.686895
302733.104803
305487.571912
308128.687087
310660.832513
313088.188075
315414.744335
317644.314295
319780.544089
321826.922723
323786.791002
325663.3497
327459.66709
329178.685886
330823.229656
332396.008779
333899.625974
335336.581448
336709.277707
338020.024051
339271.040789
340464.463194
341602.345221
342686.663017
343719.318226
344702.141109
345636.893508
346525.275754
347368.913022
348169.382081
348928.197706
349646.818916
350326.651146
350969.048329
351575.31487
352146.70754
352684.437284
353189.670949
353663.532942
354107.106813
354521.436774
354907.529156
355266.353808
355598.845433
355905.904883
356188.400388
356447.168749
356683.016477
356896.720893
357089.031185
357260.669419
357412.331524
357544.688225
357658.385955
357754.047724
357832.273961
357893.643321
357938.713464
357968.02181
357982.086259
357981.405887
357966.461624
357937.716895
357895.618249
357840.59596
357773.064608
357693.423634
357602.057889
357499.338143
357385.621597
357261.252359
357126.561914
356981.869575
356827.482915
356663.698184
356490.800715
356309.065314
356118.75663
355920.129522
355713.429407
355498.892593
355276.746607
355047.210508
354810.495185
354566.803652
354316.331324
354059.266294
353795.789586
353526.07541
353250.291407
352968.598877
352681.153008
352388.103091
352089.59273
351785.760045
351476.737864
351162.653912
350843.630989
350519.787148
350191.23586
349858.086175
349520.442879
349178.406644
348832.074173
348481.538338
348126.888315
347768.209711
347405.584694
347039.092107
346668.807588
346294.803679
345917.149933
345535.91302
345151.156825
344762.942543
344371.328772
343976.371605
343578.124709
351785.708182
351328.285348
335334.431165
330935.883551
326880.803914
323118.774286
319604.74426
316302.520168
313182.963604
310222.308435
307400.925988
304702.426896
302112.996388
299620.893035
297216.064387
294889.847847
292634.734851
290444.182801
288312.463554
286234.540228
284205.966227
282222.801858
280281.545019
278379.073259
276512.595074
274679.608793
272877.867732
271105.350577
269360.236147
267640.881882
265945.805489
264273.669347
262623.267287
260993.513501
259383.433364
257792.155996
256218.908491
254663.011731
253123.877796
251601.009007
250093.998716
248602.534012
247126.400599
245665.490214
244219.811076
242789.502036
241374.85135
239976.321298
238594.580321
237230.545008
235885.435106
234560.846063
233258.845527
231982.103068
230734.066872
229519.208029
228343.36432
227214.233946
226142.101599
225140.93615
224230.10524
223437.160025
222802.57788
222388.325353
223095.317582
224512.307197
227019.80005
