195.593688576
82.2165642412
82.1106079945
82.0168415739
81.9335402202
81.8594176542
81.7933966391
81.7345554458
81.6821001178
81.635343796
81.5936900509
81.5566192072
81.5236851874
81.4944741652
81.4686446469
81.6887696208
81.9812331652
82.2683617235
82.5503644184
82.8274437369
83.0997938949
83.3676012049
83.631044445
83.8902952089
84.1455182357
84.3968717214
84.6445076121
84.8885718812
85.1292047917
85.366541144
85.6007105106
85.8318374584
86.0600417602
86.2854385946
86.5081387365
86.7282487386
86.9458711028
87.1611044451
87.3740324934
87.5847799279
87.7934013577
87.9999923747
88.2046343841
88.4074083551
88.6083844409
88.807637871
89.0052385337
89.2012537135
89.3957481902
89.5887843353
89.7804222026
89.9707196167
90.1597322567
90.347513737
90.5341156853
90.7195878163
90.9039780033
91.0873323474
91.2696952423
91.4511094384
91.6316161032
91.8112548799
91.9900639432
92.1680800535
92.3453386085
92.5218736932
92.6977181277
92.8729035131
93.0474602759
93.2214177106
93.3948040202
93.5676463559
93.7399708547
93.9118026757
94.0831660351
94.2540842396
94.424579719
94.5946740566
94.7643880197
94.9337415877
95.1027539799
95.2714436817
95.4398284703
95.6079254388
95.7757510199
95.9433210081
96.1106505816
96.2777543229
96.4446462385
96.6113397786
96.7778478547
96.9441828576
97.1103566745
97.2763807044
97.4422658744
97.608022654
97.7736610696
97.9391907179
98.1046207793
98.2699600299
98.4352168538
98.6003992542
98.7655148646
98.9305709591
99.095574462
99.2605319578
99.4254496999
99.5903336193
99.7551893327
99.9200221504
100.084837084
100.249638851
100.414431888
100.579220347
100.744008111
100.908798794
101.073595748
101.238402068
101.403220595
101.568053925
101.732904407
101.897774152
102.062665034
102.227578693
102.39251654
102.557479757
102.722469305
102.887485918
103.052530113
103.217602187
103.382702223
103.547830084
103.712985424
114.709760527
114.810212771
148.754003738
158.332155952
166.946824257
174.732771064
181.801395198
188.245526567
194.142989012
199.559421872
204.550525724
209.163851237
213.440227913
217.414910069
221.11850084
224.577701452
227.815922419
230.853785089
233.709535656
236.399388921
238.937815361
241.337782222
243.610957129
245.76788101
247.818115793
249.770371281
251.632614804
253.412166602
255.115783354
256.749731908
258.319854909
259.831629781
261.290222346
262.700536166
264.067258645
265.394904795
266.687859574
267.950419676
269.186835676
270.401355511
271.598270373
272.781964241
273.956968539
275.128023658
276.300149582
277.47872835
278.66960196
279.879190342
281.114635581
282.383980657
283.696393999
285.062455488
286.494525886
288.007231223
289.618108128
291.348478767
293.224660255
295.279673206
297.555715941
300.107851323
303.009687363
306.362484842
313.586261667
325.146076947
339.344514732
357.454571271
381.86858508
