3.2204
55.5861331909
55.5367428271
55.4894021215
55.4440174395
55.4004989517
55.3587590293
55.3187126701
55.2802776358
55.243374435
55.2079262484
55.1738588315
55.1411004135
55.1095815973
55.0792352628
55.0499964748
55.0218023956
54.994592202
54.9683070062
54.9428897808
54.9182852884
54.8944400132
54.8713018481
54.848821025
54.8269485782
54.8056372687
54.7848412886
54.764516211
54.7446189415
54.7251076735
54.7059418445
54.6870820941
54.6684902251
54.6501291651
54.6319629308
54.6139565929
54.5960762429
54.5782889621
54.5605627901
54.5428666966
54.525170553
54.5074451053
54.489661949
54.4717935036
54.4538129891
54.4356944033
54.4174124994
54.3989427648
54.3802614007
54.3613453024
54.3421720399
54.3227198401
54.3029675683
54.2828947118
54.2624813625
54.2417082012
54.2205564821
54.1990080173
54.1770451628
54.1546508034
54.1318083398
54.1085016745
54.0847151994
54.0604337824
54.0356427557
54.0103279037
53.984475451
53.9580720513
53.9311047763
53.9035611048
53.8754289121
53.8466964596
53.8173523853
53.7873856931
53.7567857439
53.7255422459
53.6936452453
53.6610851177
53.6278525588
53.5939385763
53.5593344809
53.5240318785
53.4880226621
53.4512990034
53.4138533455
53.3756788701
53.3367675935
53.2971131778
53.2567091186
53.2155490828
53.1736269861
53.130936965
53.0874733703
53.0432307606
52.9982038957
52.9523877307
52.9057774095
52.8583682588
52.8101557824
52.7611356553
52.7113037179
52.6606559704
52.6091885676
52.5568978134
52.5037801553
52.4498321796
52.3950506062
52.3394322837
52.2829741844
52.2256734
52.1675271364
52.1085327095
52.0486875407
51.9879891527
51.926435165
51.8640232898
51.8007513283
51.7366171662
51.6716187703
51.6057541846
51.5390215265
51.4714189834
51.402944809
51.3335973202
51.2633748937
51.1922759627
51.1202990138
51.047442584
50.9737052578
50.8990856644
50.8235824747
50.7471943989
50.669920184
50.5917586106
50.5127084916
50.4327686689
50.3519380116
50.270215414
50.1875997931
50.104090087
50.0196852527
49.9343842647
49.8481861127
49.7610898006
49.6730943444
49.584198771
49.4944021167
49.4037034261
49.3121017505
49.2195961472
49.126185678
49.0318694084
48.936646407
48.840515744
48.7434764912
48.6455277209
48.5466685054
48.4468979165
48.3462150253
48.2446189016
48.1421086138
48.0386832286
47.934341811
47.8290834246
47.722907131
47.6158119906
47.5077970624
47.3988614047
47.2890040751
47.1782241315
47.0665206321
46.9538926364
46.8403392061
46.7258594055
46.6104523025
46.49411697
46.3768524865
46.2586579374
46.1395324164
46.0194750266
45.8984848822
45.7765611098
45.6537028499
45.5299092589
45.4051795107
45.2795127985
45.1529083368
45.0253653636
44.8968831421
44.7674609634
44.6370981487
44.5057940516
44.3735480603
44.240359601
44.1062281398
43.9711531858
43.8351342941
43.6981710683
43.5602631643
43.4214102927
