6.10954564418
6.10649702758
6.10344963238
6.10040346339
6.09735852541
6.09431482317
6.09127236138
6.08823114468
6.0851911777
6.08215246504
6.07911501125
6.07607882087
6.0730438984
6.07001024832
6.06697787508
6.063946783
6.0609169763
6.05788845922
6.05486123598
6.05183531077
6.04881068778
6.04578737121
6.04276536522
6.03974467396
6.03672530161
6.03370725229
6.03069053015
6.02767513931
6.02466108391
6.02164836805
6.01863699585
6.01562697142
6.01261829884
6.00961098222
6.00660502565
6.00360043322
6.000597209
5.99759535708
5.99459488152
5.99159578641
5.9885980758
5.98560175378
5.98260682439
5.9796132917
5.97662115977
5.97363043266
5.97064111441
5.96765320909
5.96466672075
5.96168165343
5.95869801119
5.95571579808
5.95273501813
5.94975567541
5.94677777394
5.94380131779
5.94082631099
5.93785275759
5.93488066164
5.93191002717
5.92894085824
5.92597315888
5.92300693314
5.92004218507
5.91707891871
5.9141171381
5.9111568473
5.90819805035
5.90524075129
5.90228495418
5.89933066306
5.89637788198
5.89342661499
5.89047686614
5.88752863949
5.88458193908
5.88163676897
5.87869313322
5.87575103589
5.87281048102
5.86987147268
5.86693401493
5.86399811183
5.86106376744
5.85813098582
5.85519977105
5.85227012718
5.84934205829
5.84641556844
5.84349066171
5.84056734217
5.8376456139
5.83472548096
5.83180694744
5.82889001741
5.82597469496
5.82306098417
5.82014888911
5.81723841389
5.81432956259
5.81142233928
5.80851674808
5.80561279306
5.80271047832
5.79980980796
5.79691078608
5.79401341677
5.79111770414
5.78822365229
5.78533126532
5.78244054735
5.77955150247
5.77666413481
5.77377844847
5.77089444757
5.76801213622
5.76513151854
5.76225259865
5.75937538067
5.75649986872
5.75362606693
5.75075397943
5.74788361034
5.7450149638
5.74214804393
5.73928285487
5.73641940075
5.73355768572
5.7306977139
5.72783948945
5.7249830165
5.7221282992
5.71927534169
5.71642414762
5.71357472114
5.71072708655
5.70788124818
5.70503721038
5.7021949775
5.69935455386
5.69651594377
5.69367915153
5.6908441814
5.68801103761
5.68517972435
5.68235024579
5.67952260605
5.67669680921
5.67387285931
5.67105076034
5.66823051627
5.66541213098
5.66259560834
5.65978095216
5.65696816618
5.65415725413
5.65134821964
5.64854106631
5.6457357977
5.64293241728
5.64013092848
5.63733133467
5.63453363916
5.63173784518
5.62894395593
5.6261519745
5.62336190395
5.62057374724
5.61778750729
5.6150031869
5.61222078884
5.60944031577
5.60666177026
5.60388515482
5.60111047186
5.59833772367
5.59556691247
5.59279804038
5.59003110938
5.58726612136
5.58450307808
5.58174198117
5.57898283214
5.57622563233
5.57347038293
5.57071708497
5.56796573928
5.56521634652
5.56246890711
5.55972342124
5.55697988882
5.55423830947
5.55149868248
5.54876100672
5.54602528064
5.54329150195
5.54055966762
5.53782977379
5.53510181553
5.53237578642
