4.89539500926
2.28491197523
5.61761724763
2.60408442922
5.63629239141
2.61279166343
5.65281368164
2.62048166976
5.66797916207
2.62753569852
5.6820267968
2.63406653056
5.69507733555
2.64013088984
5.70722089364
2.64577095134
5.71853471809
2.65102284142
5.72908751549
2.65591869543
5.73894105134
2.66048740955
5.74815139937
2.66475519243
5.75676850937
2.66874548774
5.76483859326
2.6724798971
5.77240319062
2.67597789921
5.77950103038
2.67925757184
5.78616675117
2.68233516688
5.79243236578
2.68522567763
5.79832727822
2.68794287601
5.80387854486
2.69049943441
5.80911110409
2.69290703299
5.81404797872
2.69517645428
5.81871045476
2.69731766681
5.82311824003
2.69933989926
5.82728960499
2.70125170645
5.83124150838
2.70306102813
5.83498971147
2.70477524244
5.83854887004
2.70640120949
5.84193263756
2.70794531898
5.84515373778
2.70941352477
5.84822404002
2.71081138007
5.85115462591
2.71214406875
5.85395584882
2.71341643326
5.85663738871
2.71463300035
5.85920830166
2.71579800432
5.86167706518
2.71691540834
5.86405161932
2.71798892369
5.86633940302
2.71902202694
5.86854739468
2.7200179787
5.87068213543
2.720979835
5.87274976361
2.72191046315
5.87475604056
2.72281255396
5.87670637547
2.72368863337
5.87860584823
2.7245410732
5.88045923071
2.72537210114
5.88227100635
2.72618380993
5.88404538839
2.72697816589
5.88578633677
2.72775701691
5.88749757385
2.72852209978
5.88918259902
2.72927504702
5.8908447023
2.73001739333
5.89248697704
2.73075058145
5.89411233178
2.7314759678
5.89572350123
2.73219482758
5.89732305668
2.73290835965
5.8989134156
2.73361769105
5.90049685073
2.73432388121
5.90207549848
2.73502792594
5.90365136694
2.73573076114
5.90522634324
2.73643326627
5.9068022006
2.73713626761
5.90838060483
2.73784054134
5.90996312051
2.7385468164
5.91155121673
2.73925577722
5.91314627258
2.73996806623
5.9147495822
2.74068428625
5.91636235964
2.74140500276
5.91798574334
2.74213074598
5.91962080038
2.74286201289
5.92126853053
2.74359926907
5.92292987
2.74434295049
5.92460569496
2.74509346515
5.92629682498
2.74585119465
5.92800402608
2.74661649568
5.92972801379
2.74738970139
5.93146945591
2.7481711227
5.93322897521
2.74896104953
5.93500715184
2.74975975199
5.93680452577
2.75056748147
5.93862159897
2.75138447165
5.94045883752
2.75221093952
5.94231667358
2.75304708626
5.94419550729
2.75389309814
5.94609570847
2.75474914735
5.94801761835
2.75561539274
5.94996155113
2.75649198059
5.95192779541
2.75737904526
5.95391661568
2.7582767099
5.95592825358
2.75918508702
5.95796292915
2.76010427909
5.96002084207
2.76103437909
5.96210217271
2.76197547102
5.96420708322
2.76292763041
5.96633571852
2.76389092478
5.96848820723
2.76486541406
5.97066466258
2.76585115101
5.97286518324
2.76684818163
5.9750898541
2.76785654552
5.97733874705
2.76887627621
5.97961192165
2.76990740151
5.98190942586
2.77094994384
5.98423129661
2.77200392047
5.98657756042
2.77306934385
5.98894823399
2.77414622185
5.99134332471
2.77523455803
5.99376283117
2.77633435184
5.99620674367
2.77744559887
5.99867504459
2.77856829105
6.00116770892
2.77970241685
6.00368470461
2.78084796148
6.00622599292
2.78200490704
6.00879152887
2.78317323273
6.01138126151
2.78435291496
6.01399513427
2.78554392755
6.01663308526
2.78674624182
6.01929504756
2.78795982678
6.02198094951
2.78918464921
6.02469071494
2.79042067382
6.02742426345
2.79166786332
6.03018151059
2.79292617857
6.03296236816
2.79419557867
6.03576674434
2.79547602103
6.03859454392
2.79676746151
6.04144566849
2.79806985445
6.04432001662
2.7993831528
6.047217484
2.80070730819
6.05013796364
2.80204227097
6.05308134598
2.80338799032
6.05604751905
2.80474441429
6.05903636862
2.80611148987
6.0620477783
2.80748916306
6.06508162966
2.80887737892
6.06813780238
2.8102760816
6.07121617433
2.81168521443
6.07431662168
2.81310471995
6.07743901898
2.81453453993
6.0805832393
2.81597461548
6.08374915427
2.81742488701
6.08693663417
2.81888529432
6.09014554806
2.82035577663
6.09337576377
2.82183627261
6.09662714805
2.8233267204
6.0998995666
2.82482705766
6.10319288413
2.82633722161
6.10650696445
2.82785714901
6.10984167048
2.82938677624
6.11319686437
2.83092603932
6.11657240751
2.83247487389
6.11996816056
2.83403321528
6.12338398357
2.83560099851
6.12681973595
2.83717815832
6.13027527657
2.83876462918
6.13375046375
2.84036034533
6.13724515534
2.84196524077
6.14075920875
2.84357924929
6.14429248097
2.84520230451
6.14784482861
2.84683433985
6.15141610796
2.84847528858
6.15500617496
2.85012508382
6.15861488528
2.85178365855
6.16224209436
2.85345094565
6.16588765739
2.85512687788
6.16955142934
2.85681138791
6.17323326504
2.85850440831
6.17693301914
2.86020587159
6.18065054616
2.86191571021
6.18438570053
2.86363385657
6.18813833658
2.865360243
6.19190830855
2.86709480184
6.19569547067
2.86883746538
6.1994996771
2.8705881659
6.20332078202
2.87234683566
6.20715863959
2.87411340695
6.21101310398
2.87588781204
6.21488402943
2.87766998322
6.2187712702
2.87945985282
6.22267468061
2.88125735316
6.22659411509
2.88306241664
6.23052942812
2.88487497567
6.23448047431
2.88669496271
6.23844710838
2.88852231029
6.24242918517
2.89035695097
6.24642655967
2.8921988174
6.250439087
2.89404784228
6.25446662247
2.89590395839
6.25850902152
2.89776709859
6.26256613982
2.89963719582
6.26663783318
2.9015141831
6.27072395765
2.90339799356
6.27482436945
2.9052885604
6.27893892505
2.90718581693
6.28306748113
2.90908969657
6.28720989459
2.91100013284
6.29136602259
2.91291705937
6.29553572254
2.9148404099
6.29971885207
2.91677011829
6.30391526911
2.91870611853
6.30812483185
2.92064834471
6.31234739874
2.92259673108
6.31658282853
2.92455121198
