50623.18344
86754.3457114
81806.6079618
75383.5396359
65409.3133715
62365.4129528
61118.2779029
60438.6751698
60098.6105024
59958.2904944
59935.9588049
59984.6018895
60076.2115271
60194.1841336
60328.4394847
60472.7869797
60623.3863325
60777.8372619
60934.6260738
61092.7936856
61251.7287951
61411.0365416
61570.4632364
61729.8409311
61889.0606921
62048.0480236
62206.7541557
62365.1439051
62523.1944401
62680.8884405
62838.2504286
62994.3289574
63150.9805643
63306.9513264
63462.6708332
62768.6160011
62913.059698
63058.6592651
63204.8500883
63351.291547
63497.7620483
63644.1155557
63790.2553611
63936.1171348
64081.6578503
64226.8485249
64371.6694502
64516.1070509
64660.1518118
64803.7969067
64947.0372889
65089.8690871
65232.2892032
65374.2950434
65515.8843392
65657.0550267
65797.8051664
65938.1328897
66078.0363628
66217.5137634
66356.5632652
66495.1830282
66633.3711932
66771.1258784
66908.4451781
67045.3271628
67181.7698805
67317.7713575
67453.329601
67588.4426012
67723.1083337
67857.3247622
67991.0898412
68124.4015189
68257.2577398
68389.6564472
68521.5955865
68653.0731074
68784.0869667
68914.6351308
69044.6365628
69174.3264239
69303.4653497
69432.1306608
69560.3203467
69688.0324739
69815.2651405
69942.0164721
70068.2846239
70194.0677816
70319.3641635
70444.1720217
70568.4896438
70692.3153543
70815.6475154
70938.484529
71060.824837
71182.6669231
71304.0093132
71424.8505766
71545.1893267
71665.0242219
71784.3539662
71903.1773099
72021.4930498
72139.3000304
72256.5971439
72373.3833304
72489.6575787
72605.4189264
72720.6664599
72835.3993152
72949.6166771
73063.3177803
73176.5019089
73289.1683962
73401.3166253
73512.9460288
73624.0560883
73734.6463349
73844.7163485
73954.2657583
74063.2942415
74171.8015244
74279.7873809
74387.251633
74494.1941502
74600.6148492
74706.5136935
74811.8906931
74916.7459041
75021.0794283
75124.8914125
75228.1820487
75330.9515729
75433.2002653
75534.9284493
75636.1364912
75736.8247999
75836.9938263
75936.6440623
76035.7760412
76134.3903363
76232.4875609
76330.0683676
76427.1334477
76523.6835307
76619.7193837
76715.2418109
76810.2516532
76904.7497873
76998.7371252
77092.214614
77185.1832349
77277.6440029
77369.597966
77461.046205
77551.9898324
77642.4299924
77732.36786
77821.8046405
77910.7415689
77999.1799095
78087.1209552
78174.5660269
78261.5164731
78347.9736693
78433.9390174
78519.4139451
78604.3999057
78688.8983771
78772.9108616
78856.4388851
78939.4839968
79022.0477688
79104.1317951
79185.7376916
79266.8670952
79347.5216636
79427.7030747
79507.413026
79586.6532342
79665.4254347
79743.7313812
79821.5728452
79898.9516153
79975.8694972
80052.3283127
80128.3298996
80203.8761114
80278.9688163
80353.6098973
80427.8012515
80501.5447898
80574.8424364
80647.6961283
80720.1078151
80792.0794584
80863.6130317
80934.7105196
