0.999708553313
0.992453181609
0.992491622023
0.992529072743
0.992565659038
0.99260138037
0.992636238773
0.992670242315
0.992703401206
0.992735733087
0.992767256211
0.992797991881
0.992827963346
0.992857195161
0.99288571306
0.992913543421
0.992940713017
0.992967248757
0.992993177469
0.993018525717
0.993043319642
0.993067584836
0.993091346237
0.993114628046
0.993137453659
0.993159845622
0.993181825589
0.993203414307
0.993224631597
0.993245496355
0.993266026553
0.993286239254
0.993306150623
0.993325775952
0.993345129685
0.993364225439
0.99338307604
0.99340169355
0.993420089302
0.993438273929
0.9934562574
0.993474049051
0.993491657619
0.993509091273
0.993526357645
0.993543463864
0.99356041658
0.993577221998
0.993593885903
0.993610413686
0.99362681037
0.993643080635
0.993659228838
0.993675259038
0.993691175015
0.993706980289
0.993722678139
0.993738271618
0.993753763575
0.993769156663
0.993784453356
0.993799655966
0.993814766649
0.993829787421
0.993844720167
0.993859566652
0.99387432853
0.993889007352
0.993903604574
0.993918121566
0.993932559617
0.993946919943
0.993961203692
0.993975411949
0.993989545742
0.994003606047
0.99401759379
0.994031509853
0.994045355078
0.994059130266
0.994072836188
0.99408647358
0.994100043148
0.994113545575
0.994126981514
0.994140351598
0.99415365644
0.99416689663
0.994180072743
0.994193185336
0.994206234951
0.994219222114
0.994232147342
0.994245011134
0.994257813983
0.994270556367
0.994283238757
0.994295861613
0.994308425387
0.994320930523
0.994333377455
0.994345766614
0.99435809842
0.994370373289
0.99438259163
0.994394753846
0.994406860335
0.994418911488
0.994430907693
0.994442849332
0.994454736782
0.994466570417
0.994478350605
0.99449007771
0.994501752093
0.99451337411
0.994524944113
0.994536462451
0.994547929469
0.994559345509
0.994570710909
0.994582026003
0.994593291123
0.994604506597
0.994615672749
0.994626789902
0.994637858374
0.994648878481
0.994659850536
0.994670774849
0.994681651727
0.994692481473
0.99470326439
0.994714000776
0.994724690928
0.994735335138
0.994745933697
0.994756486894
0.994766995014
0.99477745834
0.994787877154
0.994798251732
0.994808582352
0.994818869286
0.994829112805
0.994839313179
0.994849470673
0.994859585552
0.994869658077
0.994879688509
0.994889677104
0.994899624119
0.994909529805
0.994919394415
0.994929218197
0.994939001398
0.994948744263
0.994958447035
0.994968109953
0.994977733258
0.994987317186
0.994996861972
0.995006367848
0.995015835046
0.995025263796
0.995034654323
0.995044006854
0.995053321613
0.99506259882
0.995071838697
0.995081041462
0.995090207331
0.995099336518
0.995108429238
0.995117485701
0.995126506117
0.995135490694
0.99514443964
0.995153353157
0.99516223145
0.995171074721
0.995179883169
0.995188656992
0.995197396389
0.995206101553
0.99521477268
0.99522340996
0.995232013587
0.995240583748
0.995249120631
0.995257624424
0.995266095311
0.995274533477
0.995282939102
0.995291312369
0.995299653457
0.995307962544
0.995316239807
0.995324485421
0.995332699561
