53.22304
55.1675035327
55.1971499787
55.2261700814
55.254220305
55.2812422533
55.3072433934
55.3322454407
55.3562723084
55.3793473384
55.401492705
55.422729328
55.4430769003
55.4625539395
55.4811778421
55.4989649355
55.5159305264
55.5320889464
55.5474535939
55.5620369737
55.5758507336
55.5889056987
55.6012119033
55.6127786204
55.6236143896
55.6337270431
55.6431237294
55.6518109361
55.6597945105
55.6670796794
55.6736710669
55.6795727114
55.6847880813
55.6893200895
55.6931711068
55.6963429744
55.6988370155
55.7006540462
55.7017943847
55.7022578611
55.702043825
55.7011511536
55.6995782583
55.6973230913
55.6943831509
55.6907554867
55.6864367044
55.6814229696
55.6757100114
55.6692931256
55.662167177
55.6543266021
55.6457654106
55.6364771869
55.626455091
55.6156918598
55.6041798066
55.5919096849
55.5788752169
55.565066328
55.5504736372
55.5350873379
55.5188971971
55.5018925534
55.4840623158
55.4653949615
55.4458785342
55.4255006416
55.4042484533
55.3821086984
55.3590676626
55.335111186
55.3102246599
55.2843930244
55.2576007651
55.2298319107
55.2010700295
55.1712982269
55.1404991424
55.1086549464
55.075747338
55.0417575414
55.0066663041
54.9704538937
54.9331000958
54.8945842114
54.8548850551
54.8139809533
54.771849742
54.7284687656
54.683814876
54.6378644313
54.5905932953
54.5419768374
54.4919899326
54.4406069621
54.3878018138
54.3335478846
54.2778180811
54.2205848228
54.1618200445
54.1014951998
54.0395812649
53.9760487435
53.9108676717
53.8440076236
53.7754377183
53.7051266266
53.6330425789
53.5591533737
53.4834263872
53.4058285829
53.3263265224
53.2448863774
53.1614739411
53.076054642
52.9885935573
52.8990554275
52.8074046718
52.7136054037
52.6176214481
52.5194163585
52.4189534348
52.3161957422
52.2111061304
52.103647253
51.9937815879
51.8814714578
51.7666790512
51.6493664436
51.5294956191
51.4070284916
51.2819269271
51.1541527647
51.0236678386
50.8904339994
50.7544131352
50.6155671925
50.4738581961
50.3292482699
50.1816996554
50.0311747305
49.8776360281
49.7210462527
49.5613682974
49.3985652597
49.2326004562
49.0634374375
48.8910400014
48.7153722062
48.5363983836
48.3540831504
48.168391421
47.9792884194
47.7867396913
47.590711117
47.3911689251
47.188079707
46.9814104328
46.7711284697
46.5572016016
46.3395980524
46.1182865118
45.8932361642
45.6644167233
45.4317984688
45.1953522901
44.9550497342
44.7108630596
44.4627652961
44.2107303113
43.9547328835
43.6947487812
43.4307548498
43.162729105
42.8906508326
42.6145006952
42.3342608453
42.0499150432
41.7614487812
41.4688494113
41.1721062774
40.8712108493
40.5661568597
40.2569404404
39.9435602592
39.6260176539
39.304316764
38.9784646576
38.648471452
38.3143504284
37.9761181365
37.633794491
37.2874028564
36.9369701197
36.5825267512
36.224106851
35.8617481812
35.4954921836
35.1253839828
