181390.101048
674671.257341
615945.771932
539722.34376
433110.049962
398782.289934
379667.339488
367585.087616
359983.723616
355177.211747
352095.001667
350084.577414
348736.407881
347800.260997
347122.19623
346607.419362
346197.451103
345856.126488
345560.980477
345298.018964
345058.451183
344836.732216
344629.317384
344435.500548
344243.956534
344081.726851
343916.140702
337609.059692
337356.850317
337139.307763
336946.33142
336771.483482
336610.627142
336461.080673
336321.085846
336189.472166
336065.444295
335948.447165
335838.080204
335734.042657
335636.09864
335544.054747
335457.745658
335377.024858
335301.75863
335231.822159
335167.096979
335107.469307
335052.82894
335003.068523
334957.83196
334917.770452
334882.027515
334850.755996
334823.857849
334801.236536
334782.796933
334768.44529
334758.089196
334751.637559
334749.000585
334750.089769
334754.81788
334763.098956
334774.848295
334789.982448
334808.419212
334830.077632
334854.877988
334882.741792
334913.591787
334947.35194
334983.947433
335023.304666
335065.351242
335110.015968
335157.228848
335206.92107
335259.02501
335313.474213
335370.203393
335429.148424
335490.246328
335553.435268
335618.654539
335685.84456
335754.94686
335825.904072
335898.659919
335973.159204
336049.3478
336127.172639
336206.581697
336287.523986
336369.949538
336453.809397
336539.055603
336625.64118
336713.520126
336802.647394
336892.978888
336984.47144
337077.082804
337170.77164
337265.4975
337361.220817
337457.902889
337555.505869
337653.992747
337753.327342
337853.474283
337954.399002
338056.067716
338158.447415
338261.505851
338365.211523
338469.533663
338574.442228
338679.907881
338785.901984
338892.396581
338999.364388
339106.778783
339214.613789
339322.844065
339431.444894
339540.392169
339649.662387
339759.232631
339869.080562
339979.18441
340089.522957
340200.075532
340310.821999
340421.742743
340532.818664
340644.031166
340755.362144
340866.793977
340978.309518
341089.892084
341201.525446
341313.19382
341424.881858
341536.574641
341648.257665
341759.91684
341871.538473
341983.109267
342094.616309
342206.047061
342317.389356
342428.631386
342539.761697
342650.769182
342761.643071
342872.372926
342982.948633
343093.360394
343203.598724
343313.65444
343423.518657
343533.18278
343642.638499
343751.877782
343860.892869
343969.676268
344078.220745
344186.519322
344294.565271
344402.352106
344509.873579
344617.123678
344724.096616
344830.78683
344937.188974
345043.297916
345149.108731
345254.616699
345359.817299
345464.706202
345569.279272
345673.532559
345777.462291
345881.064878
345984.336901
346087.275111
346189.876424
346292.13792
346394.056835
346495.630561
346596.85664
346697.732762
346798.256762
346898.426615
346998.240432
347097.696461
347196.79308
347295.528795
347393.902238
