188.635121961
194.536072519
184.396241533
175.447076232
171.03893599
163.358577335
156.377577423
151.063002187
147.071992693
144.060047718
141.740606704
139.897754241
138.378108878
137.076398177
135.921899848
134.867706565
133.88293085
132.947308042
132.047555326
131.174958242
130.323782422
129.490236123
128.671794283
127.866757532
127.073965885
126.292612087
125.522119941
124.762065059
124.012123005
123.272035502
122.541587943
121.820595444
121.108892585
120.406327624
119.712758341
119.028048918
118.352068732
117.684690597
117.025790874
116.375258015
115.732816641
115.098867334
114.472425324
113.854072364
113.115137606
112.479958403
111.862217701
111.258726543
110.667266656
110.086282391
109.514672043
108.951645514
108.396627059
107.849188759
107.309004949
106.77582094
106.249431531
105.729666204
105.216378923
104.709441077
104.208736592
103.714158544
103.225606798
102.742986365
102.266206245
101.795178624
101.329818303
100.870042289
100.415769511
99.9669206099
99.5234177881
99.0851846963
98.6521463506
98.2242290682
97.8013604167
97.3834691734
96.9704852916
96.562339872
96.1589651369
95.7602944081
95.3662620853
94.976803627
94.5918555318
94.2113553204
93.8352415184
93.46345364
93.0959321705
92.7326185514
92.3734551637
92.0183853126
91.6673532123
91.3203039706
90.977183574
90.637938873
90.3025175675
89.9708681925
89.642940104
89.3186834647
88.9980492308
88.6809891378
88.3674556875
88.0574021347
87.7507824742
87.447551428
87.1476644328
86.8510776272
86.5577478401
86.2676325782
85.9806900141
85.6968789753
85.4161589319
85.138489986
84.8638328602
84.592148887
84.32340509
84.0575485136
83.7945579802
83.534391804
83.2770142133
83.0223899827
82.7704844251
82.5212633822
82.2746932153
82.0307407963
81.7893734989
81.5505591894
81.3142662188
81.0804634136
80.849120068
80.6202059355
80.393691221
80.1695465727
79.947743075
79.72825224
79.5110460008
79.2960967041
79.0833771026
78.8728603484
78.6645199861
78.4583299458
78.2542645365
78.0522984399
77.8524067035
77.6545647349
77.4587482951
77.2649334928
77.0730967786
76.8832149386
76.6952650897
76.5092246728
76.3250714483
76.1427834903
75.9623391815
75.7837172076
75.6068965529
75.4318564947
75.2585765988
75.0870367146
74.9172169704
74.7490977687
74.5826597817
74.4178839471
74.2547514634
74.093243786
73.9333426224
73.7750299288
73.6182879058
73.4630989941
73.3094458711
73.157311447
73.0066788607
72.8575314765
72.7098528805
72.5636268768
72.4188374843
72.2754689329
72.1335056609
71.9929323109
71.8537337272
71.7158949521
71.5794012234
71.4442379707
71.3103908132
71.177845556
71.0465881877
70.9166048773
70.7878819716
70.6604059926
70.5341636345
70.4091417611
70.2853274036
70.1627077578
70.0412701815
69.9210021923
69.8018914649
69.6839258294
69.5670932679
69.4513819135
69.3367800469
69.223276095
