-103.64193965
94.9549221676
102.809455982
110.296788358
117.404290914
124.150995585
130.560944033
136.657571503
142.462634809
147.99612162
153.276362018
158.320172191
163.142993755
167.759021589
172.181319531
176.421924669
180.491941261
184.401625252
188.160460369
191.777226625
195.260062049
198.616518323
201.853610989
204.977864778
207.995354579
210.911742513
213.732311498
216.461995687
219.10540809
221.666865672
224.150412184
226.559838948
228.89870381
231.170348433
233.377914099
235.52435616
237.612457268
239.644839506
241.62397551
243.552198695
245.431712647
247.264599773
249.052829265
250.79826445
252.502669564
254.167716021
255.794988203
257.385988819
258.942143874
260.464807268
261.95526507
263.414739483
264.844392531
266.245329488
267.618602069
268.965211402
270.286110798
271.582208338
272.854369287
274.103418342
275.330141745
276.535289251
277.719575971
278.883684098
280.02826453
281.153938382
282.261298409
283.350910346
284.423314156
285.479025212
286.518535404
287.54231418
288.550809525
289.544448883
290.523640026
291.488771872
292.440215255
293.378323651
294.303433863
295.215866671
296.115927433
297.003906669
297.880080599
298.74471166
299.598048984
300.440328863
301.271775174
302.092599795
302.903002985
303.703173752
304.493290195
305.273519834
306.044019918
306.80493771
307.556410771
308.298567214
309.031525955
309.75539694
310.470281369
311.176271902
311.873452858
312.561900393
313.241682683
313.912860083
314.575485286
315.229603469
315.875252431
316.512462722
317.141257768
317.761653985
318.373660889
318.977281195
319.572510915
320.159339449
320.737749666
321.307717985
321.869214447
322.422202785
322.966640487
323.502478856
324.029663067
324.548132216
325.057819366
325.558651596
326.050550036
326.533429908
327.007200556
327.47176548
327.92702236
328.372863086
328.809173775
329.235834794
329.652720777
330.059700636
330.45663758
330.843389121
331.219807082
331.585737605
331.941021156
332.285492523
332.618980821
332.941309488
333.252296281
333.551753273
333.839486845
334.115297675
334.378980731
334.630325256
334.869114753
335.095126972
335.308133887
335.50790168
335.694190717
335.866755523
336.025344754
336.169701172
336.29956161
336.414656938
336.514712027
336.599445711
336.66857074
336.721793736
336.758815146
336.779329184
336.783023778
336.769580509
336.738674542
336.68997456
336.623142687
336.537834412
336.433698497
336.310376893
336.16750464
336.004709764
335.821613167
335.617828513
335.392962102
335.146612735
334.878371584
334.587822034
334.274539536
333.938091434
333.578036799
333.19392624
332.785301713
332.351696322
331.892634101
331.407629798
330.896188639
330.357806086
329.791967591
329.198148329
328.57581293
327.9244152
327.243397837
326.53219213
325.790217665
325.016882014
324.211580425
323.373695511
