0.00439127966373
0.00439247813719
0.00439266212612
0.00439268894225
0.00439266086036
0.00439261100886
0.00439255270307
0.00439249140364
0.00439242934818
0.00439236744909
0.00439230607437
0.00439224536874
0.0043921853855
0.00439212614063
0.00439206763498
0.00439200986338
0.00439195281827
0.00439189649129
0.00439184087384
0.00439178595732
0.00439173173328
0.00439167819338
0.00439162532946
0.00439157313351
0.00439152159766
0.00439147071418
0.00439142047611
0.00439137087435
0.00439132190289
0.00439127355433
0.00439122582152
0.00439117869746
0.00439113217528
0.00439108624819
0.0043910409095
0.00439099615265
0.00439095197112
0.0043909083585
0.00439086530846
0.00439082281475
0.00439078087117
0.00439073947164
0.0043906986101
0.00439065828058
0.00439061847718
0.00439057919404
0.00439054042539
0.00439050216549
0.00439046440867
0.00439042714931
0.00439039038184
0.00439035410075
0.00439031830058
0.0043902829759
0.00439024812135
0.0043902137316
0.00439017980136
0.00439014632542
0.00439011329856
0.00439008071564
0.00439004857155
0.00439001686123
0.00438998557963
0.00438995472178
0.00438992428272
0.00438989425753
0.00438986464135
0.00438983542933
0.00438980661667
0.00438977819862
0.00438975017044
0.00438972252744
0.00438969526496
0.00438966837839
0.00438964186315
0.00438961571468
0.00438958992847
0.00438956450005
0.00438953942497
0.00438951469882
0.00438949031722
0.00438946627585
0.0043894425704
0.00438941919659
0.0043893961502
0.00438937342703
0.00438935102291
0.00438932893371
0.00438930715534
0.00438928568373
0.00438926451487
0.00438924364475
0.00438922306943
0.00438920278498
0.00438918278752
0.00438916307319
0.00438914363811
0.00438912447869
0.00438910559102
0.00438908697141
0.00438906861619
0.00438905052172
0.0043890326844
0.00438901510153
0.00438899776817
0.00438898068111
0.00438896383703
0.00438894723252
0.00438893086422
0.00438891472877
0.00438889882283
0.0043888831431
0.00438886768633
0.00438885244928
0.00438883742876
0.0043888226216
0.00438880802468
0.00438879363489
0.00438877944919
0.00438876546453
0.00438875167793
0.00438873808643
0.00438872468708
0.00438871147701
0.00438869845334
0.00438868561325
0.00438867295394
0.00438866047263
0.00438864816661
0.00438863603316
0.00438862406961
0.00438861227333
0.00438860064171
0.00438858917217
0.00438857786217
0.00438856670919
0.00438855571075
0.00438854486439
0.00438853416769
0.00438852361825
0.00438851321371
0.00438850295173
0.00438849283002
0.00438848284628
0.00438847299826
0.00438846328376
0.00438845370058
0.00438844424655
0.00438843491953
0.00438842571741
0.00438841663812
0.00438840767959
0.0043883988398
0.00438839011674
0.00438838150843
0.00438837301293
0.00438836462831
0.00438835635266
0.00438834818412
0.00438834012082
0.00438833216095
0.0043883243027
0.00438831654429
0.00438830888397
0.00438830132
0.00438829385068
0.00438828647431
0.00438827918925
0.00438827199383
0.00438826488646
0.00438825786551
0.00438825092943
0.00438824407665
0.00438823730564
0.00438823061489
0.00438822400289
0.00438821746818
0.00438821100931
0.00438820462483
0.00438819831333
0.00438819207342
0.00438818590371
0.00438817980284
0.00438817376948
0.0043881678023
0.00438816189999
0.00438815606126
0.00438815028484
0.00438814456947
0.00438813891391
0.00438813331695
0.00438812777737
0.00438812229397
0.00438811686559
0.00438811149107
0.00438810616925
0.004388100899
0.0043880956792
0.00438809050876
0.00438808538658
