6.9733049021
6.97100912607
6.968736748
6.96648651913
6.9642572584
6.96204785122
6.95985724795
6.95768446205
6.95552856808
6.95338869947
6.95126404612
6.94915385195
6.94705741236
6.94497407158
6.94290322012
6.94084429212
6.93879676283
6.93676014604
6.93473399169
6.93271788343
6.93071143638
6.92871429496
6.92672613072
6.92474664044
6.92277554421
6.92081258367
6.91885752031
6.91691013397
6.91497022131
6.91303759447
6.91111207983
6.90919351678
6.90728175665
6.90537666168
6.90347810412
6.90158596533
6.899700135
6.89782051041
6.89594699578
6.89407950164
6.89221794424
6.8903622451
6.88851233048
6.88666813097
6.88482958111
6.882996619
6.88116918601
6.87934722649
6.87753068746
6.87571951838
6.87391367097
6.87211309896
6.87031775793
6.86852760514
6.86674259941
6.86496270092
6.86318787116
6.8614180728
6.85965326956
6.85789342615
6.8561385082
6.85438848216
6.85264331524
6.85090297539
6.84916743117
6.8474366518
6.84571060703
6.84398926715
6.84227260295
6.84056058568
6.83885318702
6.83715037907
6.8354521343
6.83375842556
6.83206922604
6.83038450929
6.82870424912
6.82702841971
6.82535699547
6.82368995113
6.82202726167
6.82036890233
6.81871484863
6.81706507628
6.81541956128
6.81377827982
6.81214120835
6.81050832351
6.80887960215
6.80725502137
6.80563455842
6.8040181908
6.80240182317
6.80078545555
6.79916908792
6.7975527203
6.79593635267
6.79431998505
6.79270361742
6.7910872498
6.78947088217
6.78785451455
6.78623814692
6.7846217793
6.78300541167
6.78138904405
6.77977267642
6.7781563088
6.77653994117
6.77492357355
6.77330720592
6.7716908383
6.77007447067
6.76845810305
6.76684173542
6.7652253678
6.76360900017
6.76199263255
6.76037626492
6.7587598973
6.75714352967
6.75552716205
6.75391079442
6.7522944268
6.75067805917
6.74906169155
6.74744532392
6.7458289563
6.74421258867
6.74259622105
6.74097985342
6.7393634858
6.73774711817
6.73613075055
6.73451438292
6.7328980153
6.73128164767
6.72966528005
6.72804891242
6.7264325448
6.72481617717
6.72319980955
6.72158344192
6.7199670743
6.71835070667
6.71673433905
6.71511797142
6.7135016038
6.71188523617
6.71026886855
6.70865250092
6.7070361333
6.70541976567
6.70380339805
6.70218703042
6.7005706628
6.69895429517
6.69733792755
6.69572155992
6.6941051923
6.69248882467
6.69087245705
6.68925608942
6.6876397218
6.68602335417
6.68440698655
6.68279061892
6.6811742513
6.67955788367
6.67794151605
6.67632514842
6.6747087808
6.67309241317
6.67147604555
6.66985967792
6.6682433103
6.66662694267
6.66501057505
6.66339420742
6.6617778398
6.66016147217
6.65854510455
6.65692873692
6.6553123693
6.65369600167
6.65207963405
6.65046326642
6.6488468988
6.64723053117
6.64561416355
6.64399779592
6.6423814283
6.64076506067
6.63914869304
6.63753232542
6.63591595779
6.63429959017
6.63268322254
6.63106685492
6.62945048729
