0.0049192
0.00222702795782
0.00223205076201
0.00223823536463
0.00224427436848
0.00225017447922
0.00225594186708
0.00226158236977
0.00226710153181
0.002272504624
0.00227779665962
0.0022829824094
0.00228806641555
0.00229305300476
0.00229794630033
0.00230275023348
0.00230746855394
0.00231210483969
0.00231666250617
0.00232114481483
0.00232555488109
0.00232989568182
0.00233417006235
0.002338380743
0.00234253032526
0.00234662129753
0.00235065604058
0.00235463683265
0.0023585658543
0.00236244519288
0.00236627684693
0.00237006273013
0.0023738046752
0.00237750443751
0.00238116369851
0.00238478406901
0.00238836709226
0.00239191424689
0.00239542694971
0.00239890655833
0.00240235437372
0.00240577164261
0.00240915959068
0.00241251930079
0.00241585190133
0.00241915844383
0.00242243993593
0.00242569734324
0.00242893159103
0.00243214356591
0.00243533411733
0.00243850405913
0.00244165417098
0.0024447851997
0.00244789786059
0.0024509928387
0.00245407079001
0.00245713234256
0.00246017809756
0.00246320863044
0.00246622449185
0.00246922620859
0.0024722142846
0.00247518920173
0.00247815142069
0.00248110138179
0.00248403950571
0.00248696619428
0.00248988183112
0.00249278678239
0.00249568139738
0.00249856600915
0.00250144093511
0.00250430647761
0.00250716292445
0.00251001054942
0.0025128496128
0.00251568036181
0.00251850303107
0.00252131784307
0.00252412500851
0.00252692472676
0.00252971718624
0.00253250256471
0.00253528102969
0.00253805273875
0.00254081783985
0.0025435764716
0.00254632876359
0.00254907483662
0.00255181480299
0.00255454876674
0.00255727682387
0.00255999906258
0.00256271556346
0.00256542639974
0.00256813163742
0.00257083133549
0.00257352554609
0.00257621431468
0.00257889768019
0.00258157567516
0.00258424832589
0.00258691565255
0.00258957766935
0.00259223438458
0.0025948858008
0.00259753191488
0.00260017271811
0.00260280819633
0.00260543832997
0.00260806309413
0.00261068245867
0.00261329638828
0.00261590484252
0.0026185077759
0.00262110513794
0.00262369687318
0.00262628292127
0.00262886321699
0.00263143769028
0.00263400626628
0.0026365688654
0.00263912540327
0.00264167579084
0.00264421993434
0.00264675773537
0.00264928909083
0.00265181389303
0.00265433202961
0.00265684338363
0.00265934783354
0.00266184525318
0.00285220891424
0.00285288925359
0.00337171905591
0.00361517300332
0.0038382587019
0.00404364175776
0.00423355120082
0.00440986067184
0.00457415374676
0.00472777687364
0.00487188196256
0.00500746055878
0.00513537129461
0.00525636201939
0.0053710877249
0.00548012514507
0.00558398471682
0.00568312043813
0.00577793804215
0.00586880181624
0.00595604032476
0.00603995124093
0.00612080545097
0.00619885056181
0.0062743139178
0.00634740521242
0.00641831876523
0.00648723552208
0.00655432482674
0.00661974600478
0.00668364979436
0.00674617965388
0.00680747297322
0.00686766221238
0.00692687599003
0.00698524014316
0.00704287877914
0.00709991534207
0.00715647371667
0.00721267939559
0.00726866073973
0.00732455036594
0.00738048670405
0.00743661577415
0.00749309324817
0.00755008687705
0.00760777938802
0.00766637198898
0.007726088661
0.00778718148223
0.00784993731429
0.00791468630873
0.00798181287615
0.0080517700359
0.00812509848365
0.00820245236581
0.00828463479133
0.00837264782261
0.00846776459643
0.00857163636114
0.00868645669455
0.00881522360085
0.00896217835396
0.00913358529974
0.0094286733343
0.00993697299645
0.0106135619878
