13800.0
6018372.83724
6006099.61716
5991341.57866
5974819.01027
5957039.84769
5938358.01427
5919029.16546
5899231.12755
5879091.27833
5858700.73794
5838125.34336
5817411.90331
5796595.25609
5775700.69337
5754746.89013
5733747.72652
5712713.59219
5691652.31852
5670569.84881
5649470.72639
5628358.09856
5607235.34379
5586104.21589
5564966.34911
5543823.03141
5522682.385
5501523.9458
5480369.50081
5459212.5778
5438060.64311
5416892.926
5395730.51679
5374566.8368
5353402.0195
5332236.18224
5311069.42358
5289901.82436
5268733.44998
5247564.35288
5226394.57485
5205224.14897
5184053.10129
5162881.45212
5141709.21716
5120536.40839
5099363.03474
5078189.10272
5057014.61686
5035839.5801
5014663.99411
4993487.85948
4972311.17599
4951133.94275
4929956.15831
4908777.82078
4887598.92794
4866419.47727
4845239.46603
4824058.89131
4802877.75004
4781696.03906
4760513.75511
4739330.89488
4718147.45498
4696963.43202
4675778.82256
4654593.62313
4633407.83029
4612221.44055
4591034.45045
4569846.85651
4548658.65527
4527469.84326
4506280.41703
4485090.37315
4463899.70816
4442708.41867
4421516.50124
4400323.95249
4379130.76902
4357936.94745
4336742.48443
4315547.37659
4294351.62059
4273155.21309
4251958.15078
4230760.43033
4209562.04844
4188363.00182
4167163.28716
4145962.9012
4124761.84065
4103560.10225
4082357.68273
4061154.57884
4039950.78732
4018746.30493
3997541.12842
3976335.25456
3955128.68009
3933921.4018
3912713.41644
3891504.72079
3870295.31161
3849085.18568
3827874.33975
3806662.77061
3785450.47503
3764237.44976
3743023.69158
3721809.19725
3700593.96354
3679377.98719
3658161.26498
3636943.79365
3615725.56995
3594506.59063
3573286.85242
3552066.35207
3530845.0863
3509623.05184
3488400.24542
3467176.66373
3445952.3035
3424727.16143
3403501.2342
3382274.51851
3361047.01104
3339818.70845
3318589.60743
3297359.70462
3276128.99667
3254897.48023
3233665.15192
3212432.00838
3191198.04621
3169963.26203
3148727.65242
3127491.21259
3106253.9419
3085015.83553
3063776.89002
3042537.10193
3021296.4678
3000054.98414
2978812.64749
2957569.45434
2936325.40119
2915080.48452
2893834.89677
2872588.2372
2851340.7056
2830092.29726
2808843.00808
2787592.83426
2766341.77209
2745089.8179
2723836.96806
2702583.21892
2681328.56682
2660073.00812
2638816.53913
2617559.15618
2596300.85556
2575041.63357
2553781.48649
2532520.41058
2511258.4021
2489995.45729
2468731.57238
2447466.74357
2426200.96708
2404934.23908
2383666.55575
2362397.91325
2341128.30773
2319857.73532
2298586.19081
2277313.67297
2256040.17654
2234765.69762
2213490.23226
2192213.77651
2170936.3264
2149657.87795
2128378.42717
2107097.97005
2085816.50717
2064533.88575
2043250.3896
2021965.86945
2000680.32202
1979393.74357
1958106.13017
1936817.47775
1915527.78221
1894237.03939
1872945.24515
1851652.39528
