15.71436
15.9764088341
15.9858484724
16.0001138685
16.0172170593
16.0359770186
16.0556823041
16.0759007001
16.0963658911
16.1169099659
16.137423208
16.1578301234
16.1780751275
16.1981139723
16.2179085833
16.2374239161
16.2566260069
16.2754807217
16.2939529111
16.3120057924
16.3296004527
16.3466954055
16.3632461606
16.3792047775
16.3945193833
16.4091336371
16.422986127
16.4360096829
16.4481305907
16.4592676866
16.4693313112
16.478222097
16.4858295578
16.4920304432
16.4966868135
16.4996437794
16.5007268428
16.4997387581
16.4964558186
16.4906234526
16.48195099
16.4701054346
16.4547040463
16.4353055083
16.4113994242
16.3823938727
16.3476007546
16.306218722
16.2573136341
16.1997955799
16.1324003978
16.0536610681
15.9618945194
15.8551961177
15.7314611885
15.5884547129
15.4239633463
15.2360776175
15.0236604503
14.7870430302
14.5289174636
14.2552309812
13.9756416508
13.7029294838
13.4509866419
13.2318041871
13.0527543311
12.9155067217
12.816888941
12.7508667581
12.7105254309
12.6894216916
12.6822066457
12.6847544748
12.6940309288
12.7078739094
12.724774906
12.7436961783
12.7639306216
12.7849995755
12.8065805323
12.8284569733
12.8504839868
12.8725648926
12.8946354337
12.916653121
12.9385900681
12.9604281797
12.9821559231
13.0037661642
13.0252547163
13.0466193667
13.0678592256
13.0889742886
13.1099651432
13.1308327728
13.1515784238
13.1722104752
13.192717766
13.2131072396
13.2333807093
13.2535329775
13.2735785351
13.2935143937
13.3133411053
13.3330606548
13.3526747234
13.3721849942
13.3915931468
13.410900854
13.4301097795
13.4492215764
13.4682378859
13.4871603366
13.5059905439
13.5247301091
13.5433806195
13.5619436475
13.5804207507
13.5988134712
13.6171233357
13.635351855
13.6535005238
13.6715708206
13.6895642075
13.7074821298
13.7253260162
13.7430972784
13.7607973111
13.7784274917
13.7959891806
13.8134837206
13.8309124371
13.8482766381
13.8655776141
13.8828166377
13.8999949644
13.9171138315
13.9341744591
13.9511780495
13.9681257872
13.9850188394
14.0018583555
14.0186454674
14.0353812896
14.0520669189
14.068703435
14.0852919003
14.1018333596
14.118328841
14.1347793552
14.1511858963
14.1675494411
14.1838709499
14.2001513665
14.216391618
14.2325926152
14.2487552525
14.2648804085
14.2809689455
14.2970217101
14.3130395335
14.3290232309
14.3449736024
14.3608914331
14.3767774926
14.3926325361
14.4084573038
14.4242525215
14.4400189007
14.4557571387
14.4714679188
14.4871519105
14.5028097699
14.5184421393
14.5340496482
