114600.0
8195641.08456
8500805.80715
8678398.94854
8779135.92852
8835809.61003
8868007.18613
8886937.56255
8898860.00971
8907208.55137
8913839.30121
8919738.67543
8925416.33028
8931124.05287
8936976.04741
8943014.5382
8949245.41505
8955657.36014
8962231.94319
8968948.80242
8975788.17597
8982732.02466
8989764.42256
8996871.58147
9004041.70518
9011264.77606
9018532.32643
9025837.21977
9033173.45256
9040535.98029
9047920.56726
9055323.6585
9062742.27107
9070173.9024
9077616.45306
9085068.16191
9092527.55153
9099993.38256
9107464.6153
9114940.37753
9122419.93752
9129902.68139
9137388.09413
9144875.74368
9152365.26756
9159856.39824
9167355.95891
9174849.43775
9182343.88609
9189839.63035
9197335.49663
9204831.90195
9212328.75419
9219825.97882
9227323.51405
9234821.30815
9242319.31771
9249817.50623
9257315.84306
9264814.30249
9272312.86296
9279811.50642
9287310.21774
9294808.98429
9302307.79549
9309806.64254
9317305.51807
9324804.41595
9332303.33109
9339802.25926
9347301.19695
9354800.14102
9362299.08958
9369798.04043
9377296.99197
9384795.94289
9392294.89216
9399793.83894
9407292.78258
9414791.72255
9422290.65849
9429789.5901
9437288.5172
9444787.43966
9452286.35742
9459785.27047
9467284.17884
9474783.0826
9482281.98183
9489780.87667
9497279.76724
9504778.6537
9512277.53623
9519776.41499
9527275.29018
9534774.16198
9542273.03061
9549771.89627
9557270.75916
9564769.6195
9469451.89281
9506053.01586
9537152.46113
9563387.82281
9585550.48471
9604388.50373
9620546.95561
9634560.46058
9646863.78994
9657807.21054
9667671.59468
9676681.66715
9685017.06356
9692821.34637
9700209.26818
9707272.58596
9714084.69759
9720704.34649
9727178.54744
9733544.9385
9739833.64219
9746068.75088
9752269.51155
9758451.2719
9764626.23688
9770804.08278
9776992.40456
9783197.17694
9789423.00973
9795673.43052
9801951.06633
9808257.83407
9814595.06621
9820963.62121
9827363.9736
9833796.28765
9840260.47773
9846756.25785
9853283.1825
9859840.68023
9866428.08142
9873044.64116
9879689.55824
9886361.99078
9893061.06914
9899785.90662
9906535.60823
9913309.27791
9920106.0244
9926924.96609
9933765.23485
9940625.97912
9947506.36639
9954405.58509
9961322.846
9968257.38331
9975208.45537
9982175.34509
9989157.36022
9996153.83335
10003164.1218
10010187.6073
10017223.6959
10024271.8171
10031331.4236
10038401.9909
10045483.0163
10052574.0186
10059674.537
10066784.1312
10073902.3798
10081028.8804
10088163.2483
10095305.1163
10102454.1338
10109609.966
10116772.2937
10123940.8122
10131115.231
10138295.273
10145480.6717
10152671.1799
10159866.5553
10167066.5694
10174271.004
10181479.6517
10188692.3145
10195908.8041
10203128.9409
10210352.5542
10217579.4811
10224809.5665
10232042.6629
10239278.6298
10246517.3332
10253758.6458
10261002.4462
10268248.619
10275497.054
10282747.6468
