-24.7749858544
-25.5704336008
-25.4413842806
-25.3105688729
-25.1785103226
-25.0456768444
-24.91235166
-24.7787068729
-24.644848103
-24.5108408774
-24.3767261911
-24.2425296578
-24.1082668707
-23.9739465222
-23.8395721949
-23.7051433627
-23.5706559177
-23.4361024077
-23.3014720925
-23.1667508797
-23.0319211759
-22.8969616706
-22.7618470608
-22.6265477184
-22.4910292984
-22.3552522801
-22.2191714364
-22.082735216
-21.9458850288
-21.8085544159
-21.6706680836
-21.5321407804
-21.3928759838
-21.2527643662
-21.1116819945
-20.9694882153
-20.8260231616
-20.6811048103
-20.5345254982
-20.3860477909
-20.235399576
-20.0822682276
-19.9262936639
-19.7670600926
-19.6040862145
-19.4368136476
-19.2645933434
-19.0866698374
-18.9021633372
-18.7100484933
-18.5091394581
-18.2980626928
-18.0752484582
-17.838929264
-17.5871661302
-17.3179231957
-17.0292240698
-16.7194363109
-16.3877376115
-16.0348006783
-15.6636608251
-15.2805655868
-14.8953650936
-14.5208476196
-14.1706725727
-13.8563574466
-13.5846384957
-13.3565181913
-13.1682492819
-13.0133823599
-12.8847515773
-12.7757923172
-12.681119744
-12.5966193339
-12.5192890772
-12.4470044344
-12.3782917541
-12.3121421104
-12.2478703722
-12.1850134615
-12.12325901
-12.0623962463
-12.0022825865
-11.9428210838
-11.8839452831
-11.8256090836
-11.7677799679
-11.7104344857
-11.653555244
-11.5971289025
-11.5411448382
-11.4855942575
-11.4304696038
-11.3757641638
-11.321471805
-11.2675868009
-11.2141037148
-11.1610205438
-11.1083257347
-11.0560176293
-11.0040913778
-10.9525390614
-10.9013623713
-10.8505539416
-10.8001083006
-10.7500214544
-10.7002889779
-10.6509065016
-10.6018697108
-10.5531743449
-10.5048161959
-10.4567911085
-10.4090949787
-10.3617237536
-10.3146734307
-10.2679400569
-10.2215197287
-10.1754085912
-10.1296028373
-10.0840987076
-10.0388924898
-9.9939805179
-9.94935917166
-9.90502487625
-9.86097410152
-9.81720336147
-9.77370921367
-9.7304882587
-9.68753713951
-9.64485254092
-9.60243118896
-9.56026985035
-9.51836533184
-9.47671447971
-9.43531417909
-9.39416135344
-9.35325296394
-9.31258600891
-9.27215752322
-9.23196457772
-9.19200427867
-9.15227376713
-9.11277021845
-9.07349084164
-9.03443287886
-8.99559360484
-8.95697032633
-8.91856038157
-8.88036113971
-8.84237000034
-8.80458439291
-8.76700177624
-8.729619638
-8.6924354942
-8.65544688868
-8.61865139269
-8.5820466043
-8.54563014802
-8.5093996743
-8.47335285907
-8.4374874033
-8.40180103258
-8.36629149665
-8.33095656902
-8.29579404657
-8.26080174911
-8.22597751899
-8.19131922078
-8.15682474082
-8.12249198691
-8.08831888796
-8.0543033936
-8.02044347391
-7.98673711904
-7.95318233895
-7.91977716306
