164769.7188
288932.783564
292290.826046
293943.753081
296278.848551
300932.347101
306037.408942
310694.47515
314408.511758
317168.277818
319233.167581
320750.267986
321915.790715
322852.718256
323643.692603
324342.33757
324982.773002
325586.462977
326166.798449
326732.103368
327287.511682
327836.181184
328380.028675
328921.186161
329454.196076
329997.042879
330529.698048
327298.661453
327828.209706
328341.983673
328844.657967
329339.295287
329827.831727
330311.479268
330790.989656
331266.822867
331739.254374
332208.443474
332674.476841
333137.396303
333597.216553
334053.936441
334507.546153
334958.031754
335405.378049
335849.570354
336290.595569
336728.442809
337163.10374
337594.572736
338022.44444
338447.926099
338869.81265
339288.511762
339704.030611
340116.378775
340525.567951
340931.611796
341334.525793
341734.327114
342131.034486
342524.66807
342915.249331
343302.800926
343687.346593
344068.91104
344447.519846
344823.199362
345195.976623
345565.87926
345932.935413
346297.173662
346658.622947
347017.312503
347373.271796
347726.530459
348077.118239
348425.064945
348770.400395
349113.154376
349453.356596
349791.03665
350126.22398
350458.947847
350789.237295
351117.121127
351442.627879
351765.785798
352086.622819
352405.16655
352721.444254
353035.482833
353347.308819
353656.948359
353964.427207
354269.770717
354573.003838
354874.151102
355173.236628
355470.284113
355765.316833
356058.357641
356349.428968
356638.552822
356925.75079
357211.044042
357494.45333
357775.998997
358055.700974
358333.57879
358609.651575
358883.938064
359156.456604
359427.22516
359696.261322
359963.582306
360229.204969
360493.14581
360755.420978
361016.04628
361275.037189
361532.408849
361788.176082
362042.353401
362294.955009
362545.994813
362795.486428
363043.443186
363289.878144
363534.804087
363778.233541
364020.178776
364260.651817
364499.664446
364737.228212
364973.35444
365208.054231
365441.338477
365673.217861
365903.702866
366132.80378
366360.530707
366586.893564
366811.902096
367035.565876
367257.894314
367478.89666
367698.582011
367916.959314
368134.037377
368349.824865
368564.330313
368777.562126
368989.528587
369200.237857
369409.697984
369617.916904
369824.902448
370030.662343
370235.204216
370438.535603
370640.663944
370841.596594
371041.340822
371239.903819
371437.292694
371633.514483
371828.576151
372022.484593
372215.246637
372406.869051
372597.358538
372786.721745
372974.965263
373162.095628
373348.119327
373533.042795
373716.872421
373899.614551
374081.275484
374261.861481
374441.378762
374619.833508
374797.231865
374973.579945
375148.883826
375323.149554
375496.383145
375668.590585
375839.777834
376009.950824
376179.115463
376347.277632
376514.443192
376680.617979
376845.807809
377010.018478
377173.255761
377335.525416
377496.833182
