0.9
1.0513693486
1.05278193225
1.05411292447
1.05539880172
1.05665998151
1.05790783628
1.05914868504
1.06038603653
1.06162169264
1.06285717823
1.06409266218
1.06532862543
1.06656525742
1.06780266418
1.06904090497
1.07028001256
1.07152000467
1.07276089224
1.07400267816
1.07524932451
1.0764889201
1.07773341871
1.07897880923
1.08022509287
1.08147226951
1.08272033831
1.08396929808
1.08521914748
1.0864698851
1.08772150953
1.0889740194
1.09022741335
1.0914816901
1.0927368484
1.09399288705
1.09524980489
1.09650760082
1.09776627374
1.09902582263
1.10028624645
1.10154754423
1.10280971501
1.10407275785
1.10533667182
1.10660145603
1.10786710959
1.10913363164
1.1104010213
1.11166927773
1.11293840009
1.11420838756
1.1154792393
1.1167509545
1.11802353234
1.11929697202
1.12057127274
1.12184643368
1.12312245406
1.12439933307
1.12567706991
1.12695566379
1.12823511392
1.1295154195
1.13079657974
1.13207859383
1.13336146099
1.1346451804
1.13592975129
1.13721517284
1.13850144425
1.13978856472
1.14107653345
1.14236534962
1.14365501243
1.14494551503
1.14623626655
1.14752845657
1.1488214933
1.15011537441
1.15141064725
1.15270560903
1.1540020109
1.15529925388
1.15659733629
1.15789625683
1.15919601439
1.16049660801
1.16179803675
1.16310029973
1.16440339607
1.1657073249
1.16701208536
1.16831767657
1.16962409766
1.17093134778
1.17223942605
1.17354833158
1.17485806351
1.17616862095
1.17643981598
1.1776550322
1.17892876762
1.18023411155
1.18155654891
1.1828882526
1.18422500261
1.18556452831
1.1869056139
1.18824761461
1.18959019465
1.19093318498
1.19227650615
1.19362012633
1.19496403864
1.19630824882
1.19765276862
1.1989976123
1.20034279477
1.20168833067
1.20303423395
1.20438051769
1.20572719403
1.20707427425
1.20842176878
1.20976968733
1.21111803889
1.21246683187
1.2138160741
1.21516577297
1.21651593543
1.21786656786
1.21921767664
1.22056926764
1.22192134657
1.22327391868
1.2246269891
1.22598056282
1.22733464459
1.22868923903
1.2300443506
1.23139998361
1.23275614227
1.23411283065
1.23547005272
1.23682781235
1.23818611332
1.23954495931
1.24090435394
1.24226430072
1.24362480309
1.24498586444
1.24634748805
1.24770967717
1.24907243496
1.25043576451
1.25179966886
1.25316415097
1.25452921376
1.25589486006
1.25726109265
1.25862791426
1.25999532755
1.2613633351
1.26273193947
1.26410114312
1.26547094849
1.26684135791
1.2682123737
1.26958399809
1.27095623327
1.27232908135
1.27370254439
1.27507662442
1.27645132336
1.27782664311
1.27920258549
1.2805791523
1.28195634523
1.28333416596
1.28471261608
1.28609169715
1.28747141066
1.28885175805
1.2902327407
1.29161435995
1.29299661707
1.29437951328
1.29576304977
1.29714722765
1.29853204799
1.29991751181
1.30130362008
1.30269037373
1.30407777362
1.30546582058
1.30685451539
1.30824385878
1.30963385144
1.311024494
