0.0
0.0
0.0
0.0
0.0
0.0
0.0
0.0
0.0
0.0
0.0
0.0
0.0
0.0
0.0
0.0
0.0
0.0
0.0
0.0
0.0
0.0
0.0
0.0
0.0
0.0
0.0
0.0
0.0
0.0
0.0
0.0
0.0
0.0
0.0
0.0
0.0
0.0
0.0
0.0
0.0
0.0
0.0
0.0
0.0
0.0
0.0
0.0
0.0
0.0
0.0
0.0
0.0
0.0
0.0
0.0
0.0
0.0
0.0
0.0
0.0
0.0
0.0
0.0
0.0
0.0
0.0
0.0
0.0
0.0
0.0
0.0
0.0
0.0
0.0
0.0
0.0
0.0
0.0
0.0
0.0
0.0
0.0
0.0
0.0
0.0
0.0
0.0
0.0
0.0
0.0
0.0
0.0
0.0
0.0
0.0
0.0
0.0
0.0
0.0
-196.437060853
-188.55875328
-181.065219322
-173.937806612
-167.158741797
-160.711097872
-154.578757824
-148.746378851
-143.199357454
-137.923795585
-132.906467917
-128.134790314
-123.596789535
-119.28107417
-115.176806811
-111.273677442
-107.561878019
-104.032078204
-100.675402222
-97.4834068076
-94.4480601801
-91.5617220297
-88.8171244554
-86.2073538213
-83.7258334889
-81.3663073849
-79.1228243669
-76.9897233494
-74.9616191536
-73.0333890477
-71.2001599438
-69.4572962198
-67.8003881357
-66.225240817
-64.7278637753
-63.3044609419
-61.9514211879
-60.6653093076
-59.4428574433
-58.2809569277
-57.1766505264
-56.1271250576
-55.1297043736
-54.1818426842
-53.2811182064
-52.4252271236
-51.61197784
-50.8392855149
-50.1051668672
-49.4077352178
-48.7451958025
-48.115841101
-47.518047484
-46.9502694231
-46.4110373008
-45.8989529698
-45.4126864022
-44.950972377
-44.5126073261
-44.096446333
-43.7014002779
-43.3264331224
-42.9705593252
-42.6328413822
-42.312387498
-42.0083493473
-41.7199199678
-41.4463317446
-41.1868544957
-40.9407936493
-40.7074885111
-40.4863106148
-40.2766621536
-40.0779744876
-39.8897067244
-39.7113443679
-39.5423980334
-39.3824022253
-39.2309141738
-39.0875127286
-38.9517973065
-38.8233868895
-38.7019190725
-38.5870491569
-38.4784492883
-38.3758076361
-38.2788276133
-38.1872271341
-38.1007379075
-38.0191047653
-37.942085023
-37.8694478716
-37.8009737991
-37.73645404
-37.6756900518
-37.6184930169
-37.5646833684
-37.5140903396
-37.4665515351
-37.4219125224
