5.09705667869
5.10313043041
5.10493705602
5.10367849642
5.10026644948
5.09538188723
5.08952919532
5.08307845187
5.07629847727
5.06938228313
5.06246645679
5.05564581179
5.04898439759
5.04252373739
5.0362889707
5.03029341994
5.02454197567
5.01903359874
5.01376316341
5.00872280955
5.00390292973
4.99929288493
4.9948815026
4.99065751448
4.98660969454
4.98272712005
4.97899927095
4.97541608836
4.9719680237
4.96864605778
4.96544170407
4.96234700086
4.95935449612
4.95645722734
4.95364869853
4.95092285553
4.9482740607
4.94569706767
4.94318699655
4.94073931002
4.93834979043
4.93601451801
4.93372985034
4.93149240296
4.92929903127
4.92714681359
4.92503303528
4.92295517403
4.92091088612
4.91889799365
4.91691447269
4.91495844225
4.91302815406
4.91112198305
4.90923841858
4.90737605621
4.90553359017
4.90370980626
4.90190357534
4.9001138473
4.89833964538
4.89658006098
4.8948342488
4.89310142237
4.89138084984
4.88967185011
4.88797378926
4.88628607718
4.88460816446
4.88293953957
4.8812797261
4.87962828033
4.8779847889
4.8763488667
4.87472015482
4.87309831875
4.87148304663
4.86987404769
4.86827105071
4.8666738027
4.86508206759
4.86349562501
4.86191426926
4.86033780821
4.85876606237
4.857198864
4.85563605632
4.85407749266
4.85252303584
4.85097255744
4.84942593721
4.84788306249
4.8463438277
4.84480813382
4.84327588792
4.84174700278
4.84022139643
4.83869899183
4.8371797165
4.83566350223
4.83670214077
4.83809817105
4.83980276458
4.84178508355
4.84402268833
4.84649862162
4.84919956256
4.85211463317
4.85523462644
4.85855150579
4.86205807861
4.86574778164
4.8696145381
4.87365266096
4.8778567863
4.88222182609
4.8867429337
4.89141547815
4.89623502388
4.90119731468
4.90629826027
4.91153392501
4.91690051803
4.92239438456
4.9280119982
4.93374995386
4.93960496145
4.94557383997
4.95165351215
4.9578409995
4.96413341768
4.97052797223
4.97702195457
4.98361273832
4.9902977758
4.99707459478
5.00394079551
5.01089404754
5.01793208763
5.02505271672
5.03225379771
5.03953325313
5.04688906332
5.0543192639
5.06182194425
5.06939524561
5.07703735934
5.08474652527
5.09252103016
5.10035920622
5.10825942967
5.1162201194
5.12423973568
5.13231677889
5.14044978837
5.14863734124
5.15687805134
5.16517056815
5.17351357578
5.18190579201
5.19034596734
5.19883288408
5.20736535549
5.21594222491
5.22456236498
5.23322467683
5.24192808931
5.25067155827
5.25945406586
5.2682746198
5.27713225274
5.28602602158
5.29495500689
5.30391831225
5.31291506368
5.32194440906
5.33100551757
5.34009757916
5.349219804
5.35837142196
5.36755168216
5.37675985243
5.38599521887
5.39525708537
5.4045447732
5.41385762052
5.423194982
5.4325562284
5.44194074616
5.45134793701
5.4607772176
5.47022801911
5.47969978691
5.48919198021
5.49870407168
5.50823554717
5.51778590534
5.52735465737
5.53694132664
5.54654544843
