160.0
322.704627774
322.495427761
322.283895646
322.070506781
321.855637602
321.639586258
321.422588938
321.20483279
320.986466136
320.767606565
320.548347324
320.328762383
320.108910445
319.888838111
319.668582395
319.448172706
319.227632429
319.006980163
318.786230714
318.565395875
318.344485044
318.123505718
317.902463883
317.681364319
317.460210851
317.239006537
317.01775383
316.796454695
316.575110708
316.353723137
316.132292999
315.910821114
315.689308138
315.467754602
315.246160932
315.02452747
314.80285449
314.581142211
314.359390006
314.137599589
313.915770316
313.693902254
313.471995465
313.250049996
313.028065881
312.806043142
312.583981793
312.361881837
312.139743275
311.917566098
311.695350294
311.473095846
311.250802989
311.02847094
310.806100432
310.583691185
310.361243167
310.138756348
309.916230694
309.69366617
309.471062739
309.248421501
309.025752289
308.803018926
308.580259349
308.357460726
308.13462299
307.911746083
307.688829955
307.465874556
307.242879838
307.019845755
306.79677226
306.573659305
306.350506845
306.12731483
305.904083214
305.680811948
305.457500984
305.234150271
305.010759762
304.787329405
304.563859151
304.34034895
304.11679875
303.8932085
303.669578148
303.445907644
303.222196934
302.998445967
302.774654689
302.550823047
302.326950989
302.103038461
301.879085409
301.655091779
301.431057516
301.206982567
300.982866876
300.758710388
300.534513049
300.310274802
300.085995591
299.861675362
299.637314058
299.412911622
299.188467999
298.96398313
298.73945696
298.514889431
298.290280486
298.065630067
297.840938117
297.616204577
297.39142939
297.166612497
296.94175384
296.716853361
296.491910999
296.266926698
296.041900396
295.816832036
295.591721557
295.366568901
295.141374006
294.916136814
294.690857264
294.465535296
294.240170849
294.014763864
293.789314278
293.563822032
293.338287065
293.112709314
292.88708872
292.66142522
292.435718754
292.209969258
291.984176672
291.758340933
291.53246198
291.30653975
291.08057418
290.854565208
290.628512772
290.402416809
290.176277255
289.950094048
289.723867125
289.497596421
289.271281875
289.044923422
288.818520998
288.59207454
288.365583984
288.139049265
287.912470321
287.685847085
287.459179494
287.232467484
287.005710989
286.778909945
286.552064287
286.325173949
286.098238868
285.871258977
285.644234211
285.417164505
285.190049793
284.962890009
284.735685104
284.508434979
284.281139585
284.053799599
283.826413478
283.598981884
283.371504752
283.143982017
282.916413612
282.688799472
282.461139529
282.233433716
282.005681967
281.777884214
281.55004039
281.322150426
281.094214257
280.866231813
280.638203027
280.410127831
280.182006157
279.953837937
279.725623102
279.497361584
279.269053314
279.040698224
278.812296246
278.583847309
278.355351346
