53.2020970993
53.2364157376
53.2552677317
53.2615103314
53.2593553476
53.2522713625
53.242918695
53.2329806893
53.2234724981
53.2149520664
53.2076827799
53.2017476632
53.1971251102
53.1937371147
53.1914789742
53.1902368911
53.1898980338
53.190355898
53.1915128465
53.193281002
53.195582211
53.1983475162
53.2015163966
53.2050359245
53.2088599236
53.2129481724
53.217265673
53.221781994
53.2264706857
53.2313087652
53.2362762647
53.2413558372
53.2465324124
53.2517928975
53.2571259173
53.2625215878
53.2679713202
53.2734676506
53.2790040915
53.284575004
53.2901754858
53.2958012745
53.3014486638
53.30711443
53.312795769
53.318490241
53.324195723
53.329910367
53.3356325637
53.3413609121
53.347094191
53.3528313365
53.3585714208
53.3643136344
53.370057271
53.3758017136
53.3815464228
53.3872939273
53.3930392657
53.3987828657
53.4045248067
53.4102652993
53.416003733
53.4217400141
53.4274740122
53.4332055878
53.4389346052
53.4446609384
53.4503844726
53.4561051041
53.4618227393
53.4675372939
53.4732486917
53.4789568639
53.4846617479
53.4903632866
53.4960614279
53.5017561237
53.5074473298
53.5131350051
53.5188191115
53.5244996132
53.5301764766
53.5358496702
53.541519164
53.5471849296
53.5528469399
53.5585051688
53.5641595916
53.5698101841
53.5754569232
53.5810997863
53.5867387519
53.5923737985
53.5980049056
53.603632053
53.6092552209
53.61487439
53.6204895414
53.6261006565
53.4623704712
53.2702483293
53.0660549267
52.8572157448
52.6473093564
52.4381012018
52.2304951694
52.0249813689
51.8218475969
51.6212796274
51.423409041
51.228336225
51.0361415874
50.8468911571
50.6606395037
50.4774313692
50.2973026754
50.1202812538
49.9463873793
49.7756342725
49.6080285425
49.4435706082
49.2822551043
49.1240712744
48.9690033522
48.8170309329
48.6681293316
48.5222701187
48.3794207371
48.2395458337
48.102606809
47.9685628419
47.8373703177
47.7089836098
47.5833552377
47.4604361067
47.3401757354
47.2225224706
47.1074236897
46.9948259893
46.8846753626
46.7769173635
46.6714972595
46.5683601731
46.467451212
46.3687155894
46.2720987333
46.1775463875
46.0850047019
45.994420316
45.9057404325
45.8189128848
45.7338861957
45.6506096308
45.5690332446
45.4891079208
45.4107854073
45.3340183459
45.2587602976
45.1849657624
45.1125901964
45.0415900243
44.9719226487
44.9035464558
44.8364208191
44.7705060996
44.705763644
44.6421557808
44.5796458139
44.5181980155
44.457777616
44.3983507937
44.339884663
44.2823472607
44.2257075324
44.1699353175
44.1150013336
44.0608771602
44.0075352221
43.9549487724
43.9030918747
43.8519393854
43.8014669361
43.7516509155
43.702468451
43.6538973907
43.6059162855
43.5585043711
43.5116415497
43.4653083726
43.4194860227
43.3741562968
43.3293015886
43.2849048719
43.2409496839
43.1974201089
43.1543007717
43.1115767848
43.0692337856
43.0272578894
