320.44095792
320.278965168
320.09178072
319.88365345
319.660214175
319.425782538
319.184123209
318.93814918
318.689916326
318.440798157
318.191682324
317.943129846
317.695491445
317.448984833
317.203744644
316.959853942
316.717363837
316.47630563
316.236698296
315.998553101
315.761876443
315.52667161
315.292939869
315.060681165
314.829894363
314.600578097
314.372730084
314.14623727
313.921174512
313.697550983
313.47537112
313.254636311
313.035345955
312.817498138
312.601090057
312.386118291
312.172578977
311.960467922
311.749780678
311.540512587
311.332658818
311.126214388
310.921174179
310.71753295
310.515285346
310.314425908
310.114949076
309.916849197
309.720120528
309.524757244
309.330753441
309.138103134
308.946800271
308.75683873
308.568212326
308.38091481
308.194939877
308.010281167
307.826932267
307.644886718
307.464138012
307.2846796
307.106504893
306.929607263
306.753980047
306.57961655
306.406510046
306.234653783
306.064040981
305.894664837
305.726518527
305.559595208
305.393888019
305.229390083
305.066094511
304.903994401
304.743082841
304.58335291
304.424797682
304.267410224
304.1111836
303.956110872
303.8021851
303.649399348
303.497746677
303.347220155
303.197812852
303.049517846
302.902328221
302.756237067
302.611237486
302.467322588
302.324485495
302.182719342
302.042017273
301.902372452
301.763778052
301.626227267
301.489713302
301.354229383
301.219768753
301.086324674
300.953890427
300.822459313
300.692024653
300.562579792
300.434118094
300.306632947
300.180117762
300.054565973
299.92997104
299.806326445
299.683625697
299.561862329
299.441029902
299.321122001
299.20213224
299.084054258
298.966881723
298.85060833
298.735227803
298.620733894
298.507120384
298.394381081
298.282509826
298.171500486
298.06134696
297.952043176
297.843583093
297.735960699
297.629170014
297.523205087
297.41806
297.313728865
297.210205825
297.107485055
297.00556076
296.904427179
296.80407858
296.704509265
296.605713565
296.507685847
296.410420505
296.31391197
296.218154701
296.123143192
296.028871967
295.935335583
295.842528629
295.750445727
295.659081531
295.568430726
295.47848803
295.389248193
295.300705998
295.212856258
295.125693821
295.039213565
294.9534104
294.86827927
294.783815148
294.700013041
294.616867988
294.534375057
294.452529351
294.371326004
294.290760179
294.210827074
294.131521915
294.052839962
293.974776505
293.897326866
293.820486396
293.744250479
293.66861453
293.593573992
293.519124342
293.445261085
293.371979758
293.299275928
293.227145191
293.155583174
293.084585535
293.01414796
292.944266166
292.874935898
292.806152933
292.737913074
292.670212156
292.603046042
292.536410624
292.470301823
292.404715588
292.339647898
292.275094759
292.211052205
292.147516299
292.084483132
292.021948823
291.959909518
