160.189939629
191.278665694
221.688894874
247.557161174
267.212082896
281.629013615
291.490902999
297.918237887
301.978849947
304.496813592
306.042546604
306.987451218
307.565132602
307.919644582
308.138851967
308.276043152
308.363454908
308.420576962
308.459250728
308.486556241
308.578503493
308.638528754
308.678897283
308.707120088
308.727796143
308.743746968
308.756708028
308.767749995
308.777535767
308.786477539
308.79483299
308.802764301
308.81037445
308.817729586
308.824872856
308.83183297
308.83862953
308.845276341
308.851783497
308.858158677
308.864407979
308.870536434
308.876548347
308.882447508
308.888237336
308.893920973
308.899501338
308.90498118
308.9103631
308.915649574
308.920842971
308.925945559
308.930959519
308.935886952
308.940729879
308.945490254
308.950169962
308.954770825
308.959294607
308.963743012
308.968117691
308.972420243
308.976652217
308.980815114
308.984910387
308.988939448
308.992903665
308.996804364
309.000642832
309.004420319
309.008138036
309.011797161
309.015398836
309.018944169
309.022434239
309.025870091
309.029252742
309.032583178
309.035862361
309.039091222
309.042270666
309.045401576
309.048484807
309.051521193
309.054511543
309.057456644
309.060357263
309.063214144
309.066028013
309.068799575
309.071529518
309.074218508
309.076867197
309.079476217
309.082046186
309.084577704
309.087071356
309.08952771
309.091947323
309.094330734
309.096678471
309.098991047
309.101268961
309.103512702
309.105722745
309.107899554
309.11004358
309.112155264
309.114235036
309.116283315
309.118300511
309.120287021
309.122243237
309.124169536
309.126066292
309.127933864
309.129772607
309.131582866
309.133364977
309.135119269
309.136846063
309.138545674
309.140218406
309.14186456
309.143484427
309.145078294
309.146646439
309.148189135
309.149706649
309.15119924
309.152667164
309.154110669
309.155529998
309.15692539
309.158297076
309.159645285
309.160970238
309.162272152
309.16355124
309.16480771
309.166041766
309.167253605
309.168443423
309.16961141
309.170757752
309.17188263
309.172986224
309.174068707
309.175130249
309.176171018
309.177191176
309.178190884
309.179170297
309.180129568
309.181068847
309.18198828
309.18288801
309.183768177
309.184628918
309.185470367
309.186292656
309.187095913
309.187880263
309.188645828
309.189392731
309.190121086
309.190831011
309.191522617
309.192196013
309.192851309
309.193488608
309.194108015
309.194709628
309.195293547
309.195859868
309.196408685
309.196940089
309.19745417
309.197951017
309.198430714
309.198893346
309.199338994
309.199767738
309.200179656
309.200574824
309.200953317
309.201315207
309.201660565
309.201989459
309.202301958
309.202598126
309.202878028
309.203141726
309.203389281
309.203620752
309.203836197
309.204035671
309.20421923
309.204386926
309.204538812
