419.418774031
691.316825454
692.198253233
693.056551646
693.899229742
694.731412528
695.556571622
696.377047078
697.194411084
698.009717023
698.823671382
699.636743545
700.449247595
701.261391831
702.073314024
702.885104775
703.696823183
704.508507073
705.32018457
706.131866634
706.943585081
707.75527606
708.567010697
709.378766825
710.190544215
711.002342044
711.814159154
712.62599423
713.437845909
714.249712843
715.061593742
715.873487394
716.685392676
717.497308558
718.309234099
719.121168447
719.933110829
720.74506055
721.557016982
722.368979561
723.180947781
723.992921185
724.804899366
725.616881957
726.428868627
727.240859084
728.05285306
728.86485032
729.676850649
730.488853857
731.300859772
732.112868241
732.924879125
733.7368923
734.548907654
735.360925089
736.172944514
736.984965849
737.79698902
738.609013964
739.421040622
740.23306894
741.045098871
741.857130374
742.669163409
743.481197941
744.293233941
745.105271378
745.917310229
746.72935047
747.54139208
748.35343504
749.165479334
749.977524946
750.789571862
751.601620085
752.413671126
753.225721868
754.03777388
754.849827147
755.661880243
756.473937574
757.285994536
758.098052726
758.910112134
759.722172754
760.534234579
761.346297605
762.158361826
762.970427239
763.78249384
764.594561625
765.406630591
766.218700735
767.030772053
767.842844542
768.6549182
769.466993024
770.279069011
771.091146159
771.891211183
772.705722821
773.520025815
774.334084812
775.147898105
775.961479812
776.774850582
777.588032869
778.40104861
779.213918187
780.026660019
780.839290507
781.651824119
782.464273555
783.27664993
784.088962953
784.901221101
785.713431772
786.525601423
787.337735688
788.14983949
788.961917127
789.773972357
790.586008466
791.398028326
792.210034455
793.022029052
793.834014049
794.645991134
795.457961788
796.269927311
797.081888838
797.893847368
798.705803776
799.517758829
800.329713198
801.141667468
801.953622156
802.76557771
803.577534521
804.389492931
805.201453237
806.013415696
806.825380531
807.637347932
808.449318064
809.261291067
810.073267058
810.885246138
811.697228388
812.509213876
813.321202655
814.133194767
814.945190245
815.757189109
816.569191375
817.381197048
818.193206128
819.00521861
819.817234483
820.629253731
821.441276336
822.253302275
823.065331523
823.87736405
824.689399827
825.501438821
826.313480998
827.125526322
827.937574757
828.749626265
829.561680808
830.373738346
831.185798839
831.997862249
832.809928534
833.621997655
834.434069571
835.246144242
836.058221627
836.870301688
837.682384384
838.494469676
839.306557525
840.118647893
840.930740742
841.742836033
842.554933731
843.367033799
844.1791362
844.9912409
845.803347863
846.615457055
847.427568444
848.239681995
849.051797677
849.863915458
850.676035307
851.488157193
852.300281087
