1075.52144989
548.499439485
548.427006579
548.351493328
548.272930003
548.191411351
548.107052147
548.01997171
547.930287996
547.83811544
547.743564259
547.646740334
547.547745298
547.446676702
547.343628201
547.238689738
547.131947723
547.023485197
546.913381992
546.801714873
546.688536024
546.573960354
546.458033996
546.340822731
546.22238987
546.102796349
545.982100827
545.86035976
545.737627489
545.613956311
545.489396548
545.363996611
545.237803065
545.110860686
544.983212509
544.854899888
544.725962535
544.596438572
544.466364568
544.335775583
544.204705201
544.073185572
543.941247438
543.80892017
543.676231798
543.543209035
543.409877308
543.276260783
543.142382386
543.00826383
542.873925635
542.739387147
542.604666562
542.469780939
542.334746223
542.199577261
542.064287816
541.928890583
541.793397206
541.657818291
541.522163419
541.386441159
541.250659081
541.114823769
540.978940829
540.843014903
540.707049679
540.5710479
540.435011373
540.298940982
540.16283669
540.026697556
539.890521736
539.754306495
539.618048211
539.481742386
539.345383651
539.20896577
539.072481652
538.935923352
538.799256359
538.662521325
538.5256832
538.388730681
538.251651642
538.114433132
537.977061385
537.839521817
537.701799036
537.563876841
537.425738229
537.287365394
537.148739733
537.009841846
536.87065154
536.731147831
536.591308944
536.45111232
536.310534608
536.169551676
536.028138607
535.886269702
535.743918476
535.601057668
535.457659231
535.313694339
535.169133385
535.023945981
534.878100955
534.731566358
534.584309455
534.43629673
534.287493883
534.137865828
533.987376696
533.835989829
533.683667784
533.530372325
533.37606443
533.220704281
533.064251269
532.90666399
532.747900243
532.58791703
532.426670551
532.264116206
532.100208594
531.934901507
531.768147931
531.599900045
531.43010922
531.258726015
531.085700176
530.910980639
530.734515523
530.556252132
530.376136954
530.19411566
530.010133103
529.824133318
529.636059521
529.44585411
529.253458663
529.058813941
528.861859889
528.662535631
528.460779479
528.256528931
528.04972067
527.84029057
527.628173697
527.413304312
527.195615873
526.975041039
526.751511675
526.524958856
526.295312868
526.06250322
525.826458644
525.587107103
525.344375797
525.098191173
524.848478927
524.595164019
524.338170674
524.0774224
523.812841989
523.544351535
523.27187244
522.995325429
522.714630559
522.429707235
522.140474223
521.846849663
521.548751085
521.246095426
520.938799042
520.626777732
520.30994675
519.988220827
519.661514188
519.329740576
518.992813269
518.650645104
518.303148497
517.950235473
517.591817682
517.227806428
516.858112698
516.482647181
516.101320304
515.714042254
515.320723011
514.921272377
514.515600007
514.103615441
513.685228137
513.260347505
512.828882941
512.390743861
