9.78007766657
9.95588312941
10.0132977372
9.96919943392
9.84447713883
9.67389918197
9.47791472635
9.27096346656
9.0622300924
8.85707808441
8.6583868166
8.46751703376
8.28495253556
8.11069184901
7.94448030824
7.78594342643
7.63466140972
7.49020934396
7.35217751477
7.22018135629
7.09357684184
6.97226119977
6.85598043448
6.74448281118
6.63752620752
6.53488132741
6.4363327849
6.34167904975
6.25073181535
6.16331510694
6.07926430653
5.99842518834
5.92065301182
5.84581169199
5.77377305269
5.7044161602
5.63762673113
5.57329660707
5.51132328813
5.45160951793
5.39406291321
5.33859563227
5.28512407674
5.23356862245
5.18385337533
5.13590594932
5.08965726322
5.04504135434
5.0019952069
4.96045859332
4.92037392722
4.88168612656
4.84434248619
4.80829255861
4.77348804234
4.73988267713
4.70743214541
4.67609397952
4.64582747421
4.61659360398
4.58835494499
4.56107560114
4.53472113407
4.50925849679
4.48465597079
4.46088310624
4.43791066528
4.41571056818
4.394255842
4.37352057194
4.35347985498
4.33410975572
4.31538726444
4.29729025706
4.27979745708
4.26288839929
4.24654339516
4.23074349986
4.21547048088
4.20070678798
4.18643552465
4.1726404208
4.15930580675
4.14641658837
4.13395822336
4.12191669861
4.11027850862
4.09903063476
4.08816052564
4.07765607819
4.06750561969
4.05769789055
4.04822202782
4.03906754951
4.03022433953
4.02168263328
4.0134330039
4.00546634912
3.99777387862
3.99034710204
3.98317781736
3.9762580999
3.96958029173
3.96313699152
3.95692104487
3.95092553497
3.94514377373
3.93956929321
3.93419583747
3.92901735469
3.92402798968
3.91922207665
3.91459413231
3.91013884922
3.90585108941
3.90172587833
3.8977583989
3.89394398597
3.89027812086
3.88675642619
3.88337466091
3.88012871548
3.87701460732
3.87402847638
3.87116658085
3.86842529315
3.86580109596
3.86329057848
3.86089043278
3.85859745033
3.85640851863
3.85432061801
3.8523308185
3.85043627687
3.84863423371
3.84692201071
3.84529700798
3.84375670145
3.84229864046
3.84092044533
3.83961980509
3.83839447524
3.83724227567
3.83616108858
3.83514885648
3.83420358033
3.83332331765
3.83250618078
3.83175033517
3.83105399769
3.83041543511
3.82983296247
3.82930494167
3.82882978001
3.8284059288
3.82803188205
3.82770617515
3.82742738365
3.82719412204
3.8270050426
3.82685883428
3.8267542216
3.82668996359
3.82666485283
3.82667771442
3.82672740502
3.826812812
3.82693285249
3.82708647256
3.82727264635
3.82749037531
3.82773868741
3.82801663638
3.82832330098
3.82865778429
3.82901921306
3.82940673701
3.82981952822
3.83025678048
3.83071770871
3.83120154839
3.83170755496
3.83223500329
3.83278318717
3.83335141877
3.83393902814
3.83454536276
3.83516978703
3.83581168184
3.83647044413
3.83714548645
3.83783623656
3.838542137
3.83926264475
3.83999723079
3.84074537978
3.84150658967
3.84228037138
3.84306624845
3.84386375669
