6.37351233762e-05
6.45760903586e-05
6.51605494451e-05
6.56959904619e-05
6.62247704375e-05
6.67569878159e-05
6.72951480242e-05
6.78399472041e-05
6.83916511096e-05
6.89504244679e-05
6.9516409767e-05
7.0089746165e-05
7.06705740779e-05
7.12590363415e-05
7.18552785523e-05
7.24594492143e-05
7.30716998393e-05
7.36921850376e-05
7.43210626085e-05
7.49584936313e-05
7.56046425586e-05
7.62596773117e-05
7.69237693774e-05
7.75970939085e-05
7.8279829825e-05
7.89721599191e-05
7.96742709619e-05
8.0386353813e-05
8.11086035331e-05
8.18412194985e-05
8.25844055195e-05
8.33383699616e-05
8.41033258691e-05
8.48794910924e-05
8.5667088419e-05
8.6466345707e-05
8.72774960226e-05
8.81007777812e-05
8.89364348922e-05
8.97847169073e-05
9.06458791731e-05
9.15201829876e-05
9.24078957606e-05
9.33092911788e-05
9.4224649375e-05
9.51542571016e-05
9.60984079092e-05
9.70574023295e-05
9.80315480631e-05
9.90211601725e-05
0.00010002656128
0.00010104808177
0.00010208606
0.000103140842511
0.000104212784248
0.000105302248788
0.000106409608567
0.000107535247486
0.000108679551918
0.000109842924326
0.000111025775121
0.00011222852474
0.000113451603977
0.000114695454268
0.00011596052798
0.000117247288696
0.00011855621151
0.000119887783332
0.000121242503191
0.000122620882555
0.000124023445649
0.000125450729789
0.000126903285712
0.000128381677923
0.000129886485044
0.000131418300169
0.000132977731229
0.00013456540136
0.000136181949277
0.000137828029662
0.000139504313544
0.000141211488699
0.000142950260044
0.000144721350045
0.000146525499117
0.000148363466047
0.000150236028397
0.00015214398293
0.000154088146026
0.000156069354102
0.000158088464036
0.000160146353581
0.000162243921786
0.000164382089413
0.000166561799339
0.000168784016965
0.00017104973061
0.000173359951894
0.000175715716115
0.000178118082602
0.000180568135064
0.000183066981909
0.000185615756547
0.00018821561766
0.000190867749457
0.00019357336188
0.000196333690783
0.000199149998072
0.000202023571788
0.000204955726149
0.000207947801535
0.000211001164404
0.000214117207144
0.000217297347847
0.000220543030007
0.000223855722114
0.000227236917161
0.000230688132037
0.000234210906805
0.000237806803848
0.000241477406884
0.000245224319827
0.000249049165486
0.000252953584094
0.000256939231649
0.000261007778051
0.000265160905032
0.000269400303853
0.000273727672754
0.000278144714149
0.000282653131541
0.000287254626148
0.000291950893219
0.000296743618018
0.000301634471478
0.000306625105482
0.000311717147778
0.000316912196496
0.000322211814268
0.000327617521911
0.000333130791697
0.000338753040159
0.000344485620455
0.000350329814269
0.000356286823238
0.000362357759924
0.000368543638307
0.000374845363832
0.000381263722996
0.00038779937251
0.00039445282804
0.000401224452573
0.000408114444425
0.000415122824937
0.000422249425914
0.000429493876859
0.000436855592054
0.000444333757591
0.000451927318405
0.000459634965418
0.000467455122893
0.000475385936099
0.00048342525942
0.000491570645016
0.00049981933219
0.000508168237584
0.000516613946361
0.000525152704523
0.000533780412508
0.000542492620229
0.00055128452371
0.000560150963451
0.000569086424684
0.000578085039642
0.000587140591967
0.000596246523359
0.000605395942576
0.000614581636832
0.000623796085659
0.000633031477256
0.000642279727313
0.000651532500296
0.000660781233115
0.000670017161096
0.000679231346125
0.000688414706815
0.000697558050514
0.000706652106926
0.000715687563122
0.000724655099661
0.000733545427548
0.000742349325711
0.000751057678689
0.000759661514211
0.00076815204032
0.000776520681735
0.000784759115112
0.000792859302912
0.000800813525566
0.000808614411682
