935887.944
1736680.92615
1658311.84664
1535144.60144
1313887.8855
1256391.93636
1246569.57121
1243371.42159
1244035.11809
1246848.80852
1250849.42929
1255480.20247
1260484.53582
1265688.64875
1271003.47084
1276377.44982
1281780.31444
1287194.05406
1292607.72225
1298014.65052
1303410.76588
1308793.54708
1314161.41521
1319513.4069
1324848.97015
1330167.72412
1335469.45219
1340754.076
1346021.49392
1351271.68443
1356504.65777
1361720.40805
1366918.94684
1372100.29201
1377264.45644
1382411.46806
1387541.31196
1392654.04119
1397749.62989
1402828.12516
1407889.50698
1412933.7908
1417960.97264
1422971.06931
1427964.07886
1432939.98259
1437898.77761
1442840.49403
1447765.5544
1452661.87507
1457539.18537
1462407.14142
1467318.5247
1472107.33472
1476991.9828
1456758.01422
1461392.81745
1466012.48172
1470616.05989
1475203.01438
1479773.02105
1484325.88149
1488861.47459
1493379.72639
1497880.59112
1502364.03917
1506830.04973
1511278.60626
1515709.6938
1520123.29745
1524519.40161
1528897.9896
1533259.04358
1537602.5446
1541928.47277
1546236.80739
1550527.52715
1554800.61034
1559056.03497
1563293.77898
1567513.82035
1571716.13723
1575900.70806
1580067.51166
1584216.52736
1588347.73501
1592461.11511
1596556.64885
1600634.31818
1604694.10584
1608735.99541
1612759.97138
1616766.01917
1620754.12514
1624724.27666
1628676.46212
1632610.67094
1636526.89363
1640425.12178
1644305.34808
1648167.56635
1652011.77154
1655837.95976
1659646.12826
1663436.27549
1667208.40104
1670962.50571
1674698.59146
1678416.66148
1682116.72011
1685798.7729
1689462.82662
1693108.88918
1696736.96973
1700347.07859
1703939.22726
1707513.42841
1711069.69593
1714608.04482
1718128.49129
1721631.05268
1725115.74748
1728582.59533
1732031.61699
1735462.83435
1738876.27039
1742271.94923
1745649.89603
1749010.13706
1752352.69965
1755677.61219
1758984.90409
1762274.60583
1765546.74887
1768801.36569
1772038.48977
1775258.15555
1778460.39844
1781645.25482
1784812.76197
1787962.95814
1791095.88245
1794211.57493
1797310.07649
1800391.42891
1803455.67482
1806502.85768
1809533.02178
1812546.21222
1815542.47489
1818521.85647
1821484.40439
1824430.16685
1827359.19276
1830271.53177
1833167.23425
1836046.35124
1838908.54407
1841755.02662
1844584.70978
1847398.00867
1850194.98722
1852975.70035
1855740.20356
1858488.55294
1861220.80515
1863937.0174
1866637.24745
1869321.55358
1871989.99457
1874642.62975
1877279.51888
1879900.72223
1882506.30053
1885096.31495
1887670.82711
1890229.89905
1892773.59321
1895301.97246
1897815.10004
1900313.03957
1902795.85503
1905263.61078
1907716.37149
1910154.20219
1912577.1682
1914985.33518
1917378.76907
1919757.53611
1922121.70281
1924471.33595
1926806.50256
1929127.26992
1931433.70555
1933725.8772
1936003.85284
1938267.70062
1940517.48892
1942753.28629
1944975.16147
