2.48362741151
2.69292596593
2.88121634785
3.03253839371
3.14434173078
3.22753781194
3.28535655845
3.32236501183
3.34354243631
3.3532515708
3.35490654436
3.35102005914
3.34337036666
3.3331949784
3.32134801391
3.30841878804
3.29481589639
3.28082501739
3.26664801957
3.25242922404
3.23827303138
3.22425578947
3.21043383813
3.19684901929
3.18353249388
3.17050742432
3.15779088911
3.14539527156
3.13332928444
3.12159873836
3.11020712847
3.09915608607
3.08844573572
3.07807497655
3.06804170836
3.05834301627
3.04897531904
3.03993449345
3.03121597384
3.02281480561
3.01472627823
3.00694350458
2.99946300129
2.99227779727
2.98584210786
2.9795612428
2.97346514059
2.96757320444
2.96189744502
2.95644474748
2.95121843652
2.94621935486
2.94144660944
2.93689809056
2.93257083544
2.92846128446
2.92456546326
2.92087911328
2.91739778607
2.91411691203
2.91103185118
2.90813793073
2.90543047334
2.90290481848
2.90055633862
2.89838045168
2.89637263058
2.89452841056
2.89284339483
2.89131325885
2.8899337536
2.88870070792
2.8876100303
2.88665771
2.88583981778
2.88515250625
2.88459200992
2.88415464498
2.88383680888
2.88363497971
2.88354571551
2.88356565335
2.88369150838
2.8839200728
2.8842482147
2.88467287692
2.88519107583
2.88579990003
2.88649650912
2.88727813237
2.88814206738
2.88908567878
2.8901063969
2.8912017164
2.89236919496
2.89360645195
2.89491116709
2.89628107917
2.89771398473
2.89920773678
2.90076024353
2.90236946712
2.90403342242
2.90575017577
2.90751784381
2.90933459227
2.91119863486
2.91310823208
2.9150616901
2.91705735972
2.91909363523
2.92116895338
2.92328179234
2.92543067071
2.92761416895
2.92983083763
2.93207933416
2.93435832912
2.93666652869
2.93900267379
2.94136553926
2.943753933
2.94616669512
2.94860269717
2.9510608413
2.95354005953
2.95603931298
2.95855759113
2.96109391112
2.96364731703
2.96621687918
2.96880169354
2.97140088097
2.97401358669
2.97663897958
2.97927625164
2.98192461736
2.98458331316
2.98725159683
2.989928747
2.99261406259
2.9953068623
2.9980064841
3.00071228475
3.00342363931
3.00613994067
3.00886059912
3.01158504186
3.01431271264
3.01704307125
3.01977559317
3.02250976917
3.02524510488
3.02798112046
3.03071735019
3.03345334213
3.03618865775
3.03892287162
3.04165557106
3.04438635579
3.04711483766
3.0498406403
3.05256339884
3.05528275963
3.05799837993
3.06070992762
3.06341708097
3.06611952836
3.06881696801
3.07150910772
3.07419566467
3.07687636513
3.07955094427
3.0822191459
3.08488072228
3.08753543387
3.09018304916
3.09282334443
3.09545610357
3.09808111788
3.10069818591
3.1033071132
3.10590771219
3.10849980198
3.11108320819
3.1136577628
3.11622330394
3.1187796758
3.12132672842
3.12386431756
3.12639230457
3.12891055621
3.13141894455
3.13391734679
3.13640564517
3.13888372683
3.14135148364
3.14380881215
3.14625561342
3.1486917929
