0.00311659082173
0.00246075263132
0.00201029623636
0.00174297673387
0.0015864636586
0.00149836265821
0.00145132015811
0.00142708000161
0.00141549143125
0.0014111234958
0.00141107746952
0.00141377207174
0.00141830877008
0.00142414750024
0.00143094151193
0.00143845249004
0.00144650625125
0.00145496891331
0.00146373366027
0.00147271303087
0.00148183417497
0.00149103575588
0.00150026580336
0.0015094801427
0.00151864119177
0.0015277170064
0.00153668050177
0.00154550880454
0.00155418270555
0.00156268619223
0.00157100604583
0.0015791314921
0.00158705389683
0.00159476649942
0.00160226417901
0.00160954324861
0.00161660127361
0.0016234369115
0.00163004977018
0.00163644028256
0.00164260959558
0.00164855947191
0.00165429220293
0.00165981053162
0.00166511758435
0.00167021681046
0.00167511192887
0.00167980688089
0.0016843057885
0.0016886129176
0.00169273264561
0.00169666943294
0.00170042779796
0.00170401229501
0.00170742749522
0.00171067796965
0.00171376827475
0.00171670293963
0.0017194864551
0.00172212326424
0.00172461775431
0.00172697424985
0.00172919700691
0.00173129020812
0.00173325795875
0.00173510428337
0.00173683312323
0.00173844833429
0.00173995368563
0.00174135285843
0.00174264944527
0.00174384694986
0.00174494878699
0.00174595828283
0.00174687867543
0.00174771311539
0.00174846466679
0.00174913630819
0.00174973093381
0.00175025135482
0.00175070030068
0.00175108042064
0.00175139428521
0.00175164438772
0.00175183314599
0.00175196290391
0.00175203593314
0.00175205443475
0.00175202054097
0.00175193631681
0.00175180376181
0.00175162481169
0.00175140134
0.00175113515981
0.00175082802535
0.00175048163361
0.00175009762594
0.00174967758961
0.00174922305938
0.00174873551898
0.00174821640265
0.00174766709653
0.00174708894014
0.00174648322776
0.00174585120981
0.00174519409413
0.00174451304736
0.00174380919615
0.00174308362842
0.00174233739456
0.00174157150862
0.00174078694944
0.00173998466177
0.00173916555735
0.00173833051594
0.00173748038639
0.0017366159876
0.00173573810948
0.00173484751394
0.00173394493571
0.0017330310833
0.00173210663984
0.00173117226387
0.0017302285902
0.00172927623067
0.00172831577488
0.00172734779098
0.00172637282631
0.00172539140817
0.00172440404441
0.00172341122414
0.0017224134183
0.00172141108032
0.00172040464667
0.00171939453742
0.00171838115684
0.00171736489387
0.00171634612269
0.00171532520318
0.00171430248141
0.00171327829011
0.00171225294915
0.00171122676592
0.00171020003578
0.0017091730425
0.0017081460586
0.00170711934575
0.00170609315517
0.00170506772795
0.00170404329541
0.00170302007943
0.00170199829279
0.00170097813944
0.00169995981485
0.00169894350629
0.00169792939308
0.0016969176469
0.00169590843205
0.00169490190567
0.00169389821804
0.00169289751277
0.00169189992705
0.00169090559189
0.0016899146323
0.00168892716753
0.00168794331124
0.00168696317173
0.00168598685209
0.00168501445043
0.00168404605999
0.00168308176936
0.00168212166265
0.0016811658196
0.00168021431578
0.00167926722269
0.00167832460797
0.00167738653548
0.00167645306546
0.00167552425464
0.0016746001564
0.00167368082085
0.00167276629497
0.00167185662272
0.00167095184516
0.00167005200051
0.00166915712431
0.00166826724948
0.00166738240645
0.00166650262319
0.00166562792536
0.00166475833639
0.00166389387751
0.00166303456789
0.00166218042469
0.00166133146314
0.0016604876966
0.00165964913667
0.00165881579319
0.00165798767437
0.00165716478682
