3e-05
3.00326142518e-05
3.00666513057e-05
3.01080486816e-05
3.01521827233e-05
3.01980445251e-05
3.02452595614e-05
3.02935797831e-05
3.03427976073e-05
3.03927312727e-05
3.04432218859e-05
3.04941320798e-05
3.05453446481e-05
3.05967609473e-05
3.06482991052e-05
3.06998921075e-05
3.07514858376e-05
3.08030371331e-05
3.0854511911e-05
3.09058834036e-05
3.09571305322e-05
3.1008236438e-05
3.10591871788e-05
3.11099705929e-05
3.11605753263e-05
3.12109900142e-05
3.12612026054e-05
3.13111998165e-05
3.13609667013e-05
3.14104863216e-05
3.14597395058e-05
3.1508704681e-05
3.15573577693e-05
3.16056721349e-05
3.1653618574e-05
3.17011653389e-05
3.17482781892e-05
3.17949204636e-05
3.18410531684e-05
3.18866350766e-05
3.19316228358e-05
3.19759710811e-05
3.20196325512e-05
3.20641681508e-05
3.21048032761e-05
3.21460163339e-05
3.21864111912e-05
3.22258695688e-05
3.2264325901e-05
3.23017214781e-05
3.23379977535e-05
3.23730954384e-05
3.24069544461e-05
3.24395139588e-05
3.24707125078e-05
3.2500488053e-05
3.2528778058e-05
3.25555195615e-05
3.25806492443e-05
3.2604103492e-05
3.26258184536e-05
3.26457300957e-05
3.2663774252e-05
3.26798866695e-05
3.26940030485e-05
3.27060590799e-05
3.27159904764e-05
3.27237330006e-05
3.27292224872e-05
3.27323948619e-05
3.27331861546e-05
3.27315325095e-05
3.27273701902e-05
3.27206355813e-05
3.27112651861e-05
3.26991956221e-05
3.26843636126e-05
3.26667059781e-05
3.26461596261e-05
3.26226615417e-05
3.25961487807e-05
3.25665584661e-05
3.25338277913e-05
3.24978940336e-05
3.24586945792e-05
3.24161669678e-05
3.2370248959e-05
3.23208786303e-05
3.22679945137e-05
3.22123212004e-05
3.22523963289e-05
3.22910209877e-05
3.23282270658e-05
3.23640138084e-05
3.2398385353e-05
3.24313506378e-05
3.24629052621e-05
3.2493068611e-05
3.25218464742e-05
3.25492494903e-05
3.25752894794e-05
3.25999793748e-05
3.26233331563e-05
3.26453657844e-05
3.26660931359e-05
3.26855319407e-05
3.27036997198e-05
3.27206147253e-05
3.27362958809e-05
3.27507627248e-05
3.27640353539e-05
3.27761343692e-05
3.27870808218e-05
3.27968961678e-05
3.28056022092e-05
3.28132210551e-05
3.28197844391e-05
3.2825296114e-05
3.28297791647e-05
3.28332748178e-05
3.2835796851e-05
3.28373682924e-05
3.28380121988e-05
3.28377516177e-05
3.28366095548e-05
3.28346089447e-05
3.28317726228e-05
3.28281232993e-05
3.2823683535e-05
3.28184757183e-05
3.28125220442e-05
3.28058444946e-05
3.279846482e-05
3.27904045228e-05
3.27816848421e-05
3.27723267396e-05
3.27623508868e-05
3.27517776536e-05
3.2740627098e-05
3.27289189571e-05
3.27166726385e-05
3.27039072138e-05
3.26906414124e-05
3.26768936162e-05
3.26626818552e-05
3.26480238047e-05
3.26329367818e-05
3.26174377443e-05
3.26015432888e-05
3.25852696507e-05
3.25686327037e-05
3.25516479609e-05
3.25343305757e-05
3.25166953434e-05
3.24987567033e-05
3.24805287411e-05
3.24620251923e-05
3.24432594445e-05
3.24242445419e-05
3.24049931884e-05
3.23855177524e-05
3.23658302705e-05
3.23459424524e-05
3.23258656857e-05
3.23056110407e-05
3.22851892755e-05
3.22646108413e-05
3.22438858876e-05
3.22230242676e-05
3.22020355436e-05
3.21809289931e-05
3.21597136134e-05
3.21383981282e-05
3.21169909926e-05
3.20955003991e-05
3.20739342831e-05
3.20523003287e-05
3.2030605974e-05
3.2008858417e-05
3.19870646213e-05
3.1965231321e-05
3.19433650269e-05
3.19214720316e-05
3.18995584147e-05
3.18776300484e-05
3.18556926025e-05
3.18337515497e-05
3.18118121709e-05
3.17898795596e-05
3.17679586273e-05
3.17460541085e-05
3.17241705649e-05
3.17023123905e-05
3.16804838161e-05
3.16586889138e-05
3.16369316014e-05
3.16152156468e-05
3.1593544672e-05
3.15719221577e-05
3.15503514468e-05
