312.29915
334.0143254
333.937985859
333.861685658
333.785422709
333.709195354
333.633001593
333.556839236
333.480705988
333.404599485
333.328517314
333.252457025
333.176416134
333.100392133
333.024382489
332.948384653
332.872396061
332.796414137
332.720436299
332.644459958
332.568482525
332.49250141
332.416514027
332.340517797
332.264510148
332.188488516
332.112450353
332.036393121
331.960314299
331.884211386
331.808081895
331.731923361
331.655733342
331.579509416
331.503249187
331.426950282
331.350610354
331.274227082
331.197798174
331.121321365
331.044794418
330.968215126
330.891581313
330.81489083
330.738141563
330.661331425
330.584458364
330.507520358
330.430515417
330.353441584
330.276296934
330.199079576
330.121787651
330.044419332
329.966972826
329.889446375
329.81183825
329.73414676
329.656370243
329.578507075
329.500555661
329.422514443
329.344382364
329.266156992
329.187837335
329.109421968
329.030909498
328.952298563
328.873587839
328.79477603
328.715861877
328.636844152
328.557721662
328.478493243
328.399157769
328.319714144
328.240161306
328.160498224
328.080723903
328.000837379
327.920837722
327.840724034
327.76049545
327.680151139
327.599690303
327.519112175
327.438416025
327.357601154
327.276666895
327.195612617
327.114437722
327.033141644
326.951723854
326.870183853
326.78852118
326.706735405
326.624826134
326.542793007
326.460635699
326.378353921
326.295947418
326.21341597
326.130759393
326.047977539
325.965070297
325.88203759
325.798879381
325.715595666
325.632186482
325.5486519
325.464992032
325.381207025
325.297297066
325.213262382
325.129103236
325.044819932
324.960412815
324.875882268
324.791228715
324.70645262
324.621554491
324.536534874
324.451394359
324.366133577
324.280754465
324.195255203
324.109637827
324.023903141
323.938051991
323.85208527
323.766003914
323.679808907
323.593501275
323.507082091
323.420552476
323.333913595
323.247166662
323.160312935
323.073353722
322.986290379
322.899124308
322.811856961
322.724489838
322.637024487
322.549462506
322.461805542
322.374055293
322.286213504
322.198281971
322.110262541
322.02215711
321.933967625
321.845696084
321.757344533
321.668915071
321.580409847
321.49183106
321.403180961
321.314461849
321.225676077
321.136826046
321.047914207
320.958943063
320.86991392
320.78083188
320.69169834
320.602516
320.513287612
320.424015973
320.334703931
320.245354382
320.155970267
320.066554576
319.977110347
319.887640662
319.798148649
319.708637482
319.619110379
319.529570601
319.440021453
319.350466282
319.260908478
319.171351469
319.081798726
318.992253757
318.902720111
318.813201371
318.723701158
318.634223131
318.544770978
318.455348426
318.365959231
318.27660718
318.187296092
318.098029814
318.008812221
317.919647214
317.830538718
317.741490686
317.652507088
