17.05556
15.5660347889
15.5710926346
15.5755636446
15.5794915461
15.5828970989
15.5857970098
15.588206401
15.5901392141
15.5916083473
15.5926257469
15.5932024876
15.5933488419
15.5930743426
15.592387839
15.591297547
15.5898110942
15.5879355607
15.585677516
15.5830430519
15.5800378133
15.5766670248
15.5729355163
15.5688477455
15.5644078187
15.5596195093
15.5544862762
15.5490112785
15.543197391
15.5370472173
15.5305631021
15.5237471429
15.5166012
15.509126907
15.5013256789
15.493198721
15.4847470367
15.4759714343
15.4668725337
15.457450773
15.4477064139
15.4376395471
15.4272500977
15.4165378296
15.4055023497
15.3941431129
15.3824595049
15.3704505259
15.3581152762
15.3454526369
15.3324613542
15.3191400418
15.3054871842
15.291501139
15.2771801398
15.2625222984
15.2475256073
15.232187942
15.216507063
15.2004806183
15.1841061452
15.1673810726
15.1503027228
15.1328683137
15.1150749608
15.0969196791
15.0783993851
15.0595108988
15.0402509457
15.0206161592
15.000603082
14.9802081688
14.9594277882
14.938258225
14.9166956825
14.8947362847
14.8723760792
14.8496110391
14.8264370658
14.8028499923
14.7788455851
14.7544195477
14.7295675239
14.7042851002
14.67856781
14.6524111365
14.6258105166
14.5987613449
14.5712589771
14.543298735
14.5148759102
14.4859857688
14.4566235565
14.4267845034
14.396463829
14.3656567481
14.334358476
14.3025642349
14.27026926
14.2374688056
14.2041581526
14.1703326146
14.1359875461
14.1011183497
14.0657204841
14.0297894721
13.9933209098
13.9563104749
13.9187539361
13.8806471627
13.8419861345
13.8027669521
13.7629858471
13.7226391936
13.681723519
13.6402355157
13.5981720534
13.5555301908
13.5123071887
13.4685005228
13.424107897
13.379127257
13.3335568041
13.2873950095
13.2406406288
13.1932927166
13.1453506416
13.0968141017
13.0476831395
12.9979581579
12.9476399355
12.8967296429
12.8452288583
12.6933777302
12.6411819006
14.2061898073
13.9751169904
13.7499750729
13.5303529182
13.3159013217
13.1063237664
12.9013655416
12.700805183
12.5044479662
12.3121209276
12.1236690089
11.938952033
11.7578423021
11.5802226677
11.4059849586
11.2350286877
11.067259973
10.9025906282
10.7409373855
10.5822212251
10.4263667871
10.2733018513
10.1229568696
9.97526454036
9.83015941512
9.68757753063
9.54745605831
9.40973296576
9.27434668436
9.14123577779
9.01033860593
8.88159297879
8.75493579468
8.63030265629
8.50762745752
8.3868419331
8.2678751615
8.15065300995
8.03509750842
7.92112613627
7.80865100201
7.69757789188
7.58780515723
7.48299411329
7.37981964061
7.27769375027
7.17647604182
7.076010372
6.97612187002
6.87661319488
6.77725984734
6.67780427758
6.57794840095
6.47734398168
6.37558011901
6.27216673041
6.16651239985
6.0578941235
5.94541511414
5.82794449657
5.70402859906
5.57175586241
5.42854220719
5.2707714401
5.09315014607
