82.5711232306
81.544495055
81.0174056276
80.9028947628
81.089834817
81.440664992
81.8834290755
82.370879502
82.8780890719
83.392264527
83.9070994743
84.4195153902
84.9280190964
85.4318929921
85.9307993392
86.4245873189
86.9131988574
87.3966225092
87.8748707592
88.3479687692
88.8159487372
89.2788470216
89.7367026359
90.1895564283
90.6374506063
91.08042844
91.5185340593
91.9518123022
92.3803085939
92.8040688451
93.2231393629
93.6375667724
94.0473979456
94.4526799367
94.8534599247
95.2497851593
95.641702913
96.0292604364
96.4125049178
96.7914834469
97.1662429803
97.5368303112
97.9032920413
98.2656745553
98.6240239977
98.9783862513
99.3288069183
99.6753313028
100.018004395
100.356870856
100.691975006
101.023360813
101.351071881
101.675151442
101.995642345
102.312587053
102.626027632
102.93600575
103.242562666
103.545739231
103.845575885
104.142112646
104.435389119
104.725444485
105.012317503
105.29604651
105.576669418
105.854223718
106.128746474
106.400274328
106.668843502
106.934489793
107.197248582
107.457154829
107.714243079
107.968547464
108.220101702
108.468939103
108.71509257
108.958594602
109.199477295
109.437772349
109.67351107
109.906724369
110.137442771
110.365696415
110.591515058
110.814928082
111.035964491
111.254652921
111.471021639
111.685098551
111.896911202
112.106486783
112.313852132
112.519033741
112.722057757
112.922949986
113.121735901
113.318440641
113.513089016
113.705705515
113.896314302
114.084939229
114.271603834
114.456331345
114.639144686
114.820066481
114.999119056
115.176324443
115.351704387
115.525280344
115.697073489
115.867104721
116.03539466
116.201963658
116.366831799
116.530018903
116.691544528
116.851427977
117.0096883
117.166344295
117.321414515
117.47491727
117.626870628
117.777292423
117.926200255
118.073611493
118.219543279
118.364012533
118.507035953
118.64863002
118.788810998
118.927594945
119.064997704
119.201034916
119.33572202
119.469074252
119.601106654
119.731834071
119.861271157
119.98943238
120.116332017
120.241984165
120.366402738
120.489601473
120.611593931
120.732393498
120.85201339
120.970466655
121.087766173
121.203924663
121.31895468
121.432868621
121.545678726
121.657397079
121.768035612
121.877606109
121.986120202
122.09358938
122.200024985
122.305438218
122.409840142
122.513241679
122.615653616
122.717086606
122.817551169
122.917057696
123.015616448
123.113237558
123.209931037
123.305706771
123.400574523
123.494543939
123.587624545
123.679825751
123.771156852
123.86162703
123.951245353
124.040020783
124.12796217
124.215078257
124.301377684
124.386868984
124.471560588
124.555460827
124.63857793
124.720920028
124.802495156
124.883311253
124.963376161
125.042697631
125.121283322
125.199140802
125.276277549
125.352700952
125.428418315
125.503436855
125.577763704
125.651405911
