1.4977
1.50136538938
1.50135439669
1.50130797413
1.50125887296
1.501210986
1.50116470067
1.50111998493
1.501076762
1.50103495529
1.50099449332
1.50095530981
1.50091734326
1.50088053655
1.50084483647
1.50081019344
1.50077656115
1.5007438963
1.50071215833
1.50068130922
1.50065131323
1.50062213677
1.50059374821
1.50056611771
1.50053921711
1.50051301979
1.50048750056
1.50046263556
1.50043840212
1.50041477877
1.50039174504
1.50036928147
1.50034736954
1.50032599155
1.50030513061
1.50028477058
1.50026489601
1.50024549211
1.5002265447
1.50020804015
1.50018996539
1.50017230783
1.50015505538
1.50013819636
1.50012171953
1.50010561401
1.50008986933
1.50007447533
1.50005942218
1.50004470038
1.50003030069
1.50001621416
1.5000024321
1.49998894603
1.49997574775
1.49996282923
1.49995018267
1.49993780046
1.49992567517
1.49991379954
1.49990216648
1.49989076905
1.49987960046
1.49986865406
1.49985792333
1.49984740188
1.49983708344
1.49982696185
1.49981703105
1.49980728509
1.49979771814
1.49978832443
1.4997790983
1.49977003416
1.49976112651
1.49975236994
1.4997437591
1.49973528871
1.49972695358
1.49971874857
1.4997106686
1.49970270867
1.49969486384
1.49968712921
1.49967949996
1.49967197132
1.49966453857
1.49965719705
1.49964994215
1.49964276933
1.49963567409
1.49962865197
1.49962169859
1.49961480961
1.49960798075
1.49960120777
1.49959448651
1.49958781284
1.49958118271
1.49957459211
1.49956803709
1.49956151379
1.49955501838
1.49954854711
1.49954209629
1.49953566232
1.49952924164
1.4995228308
1.49951642639
1.49951002512
1.49950362376
1.49949721917
1.49949080831
1.49948438822
1.49947795606
1.49947150907
1.49946504463
1.49945856019
1.49945205334
1.49944552181
1.49943896342
1.49943237614
1.49942575808
1.49941910749
1.49941242276
1.49940570244
1.49939894524
1.49939215005
1.49938531589
1.499378442
1.49937152779
1.49936457284
1.49935757696
1.49934652635
1.49933939115
1.499726073
1.49970823532
1.49967190461
1.49963469453
1.49959848468
1.4995634281
1.49952949583
1.49949664571
1.49946483954
1.49943404396
1.49940422975
1.49937537106
1.49934744483
1.49932043029
1.49929430855
1.4992690623
1.49924467547
1.49922113306
1.49919842086
1.49917652533
1.49915543338
1.49913513229
1.4991156095
1.49909685256
1.49907884893
1.49906158596
1.49904505068
1.49902922977
1.4990141094
1.49899967513
1.49898591179
1.49897320044
1.49896148811
1.49895035195
1.49893975505
1.49892967756
1.49892009985
1.49891100055
1.49890235605
1.49889414022
1.49888632404
1.49887887522
1.49887175766
1.4988649309
1.49885834943
1.4988519618
1.49884570958
1.49883952609
1.49883333477
1.49882704717
1.49882056038
1.49881375375
1.49880648467
1.49879858301
1.49878984379
1.49878001727
1.49876879552
1.49875579359
1.4987405229
1.49872235251
1.49870045111
1.49867369741
1.49864053586
1.49859873274
1.49854493713
