146.65646
141.492543822
141.525184638
141.556125274
141.585432956
141.613172347
141.639404658
141.664187831
141.687576804
141.709623762
141.730378359
141.749887915
141.768197606
141.785350621
141.801388313
141.816350337
141.830274765
141.843198207
141.855155905
141.866181831
141.876308769
141.885568397
141.893991354
141.901607307
141.908445014
141.914532379
141.919896501
141.924563723
141.928559677
141.931909323
141.934636986
141.936766395
141.938320708
141.939322549
141.939794031
141.939756784
141.939231978
141.938240194
141.936802048
141.934937309
141.932665513
141.930005835
141.926977099
141.923597794
141.919886088
141.915859841
141.911536611
141.906933669
141.902068007
141.896956344
141.891615138
141.886060587
141.880308641
141.874375005
141.868275141
141.862024277
141.855637407
141.849129295
141.842514478
141.835807266
141.829021743
141.82217177
141.815270983
141.808332791
141.801370378
141.7943967
141.787424481
141.780466214
141.773534155
141.766640318
141.759796476
141.753014151
141.74630461
141.739678862
141.733147649
141.726721439
141.720410423
141.714224501
141.708173281
141.702266065
141.696511843
141.690919283
141.685496723
141.680252157
141.675193229
141.670327221
141.665661042
141.661201215
141.656953869
141.652924725
141.649119085
141.645541819
141.642197355
141.639089666
141.636222258
141.633598155
141.631219895
141.629089507
141.627208509
141.625577892
141.624198111
141.623069071
141.622190121
141.621560043
141.621177039
141.621038731
141.621142144
141.621483706
141.62205924
141.622863958
141.623892457
141.625138721
141.626596114
141.628257381
141.630114654
141.632159449
141.634382674
141.636774635
141.639325042
141.642023021
141.644857123
141.647815343
141.650885127
141.654053397
141.657306569
141.660630571
141.664010872
141.667432507
141.6708801
141.674337904
141.677789824
141.681219606
141.684610276
141.552694714
141.556626663
140.875949428
140.771752746
140.670185018
140.570818795
140.473302434
140.377345211
140.282704501
140.192701817
140.107055896
140.022768144
139.939694762
139.857709786
139.77670266
139.696576178
139.617244838
139.538633502
139.460676305
139.383315747
139.306501938
139.230191951
139.154349276
139.078943341
139.003949092
138.929346628
138.855120874
138.781261283
138.707761578
138.634619519
138.561836691
138.489418322
138.417373129
138.345713179
138.274453793
138.203613466
138.133213827
138.063279639
137.993838833
137.924922598
137.856565525
137.788805813
137.721685563
137.655251154
137.589553742
137.524649885
137.460602348
137.3974811
137.335364581
137.274341288
137.214511775
137.155991185
137.09891247
137.043430518
136.989727477
136.938019712
136.888566963
136.841684577
136.797760074
136.757275936
136.720841551
136.689238932
136.663489782
136.644956712
136.635501321
136.637741454
136.655491837
