1119.3274143
858.166002082
865.349513695
872.082558919
878.394985136
884.319650901
889.889370783
895.135424236
900.086916604
904.770564435
909.210705534
913.429411288
917.446642948
921.280430041
924.947038285
928.461142132
931.835974696
935.083471168
938.214400419
941.238480054
944.16448432
947.000337279
949.753200595
952.429548737
955.035240552
957.575579353
960.05537093
962.478970823
964.850331273
967.173041037
969.450361997
971.685260045
973.880436896
976.038354479
978.161259004
980.251201744
982.310059707
984.33955016
986.341247844
988.316598765
990.266930782
992.19346777
994.097337608
995.979581816
997.841163322
999.682975562
1001.50584637
1003.3105459
1005.09779153
1006.86825269
1008.62255528
1010.36128563
1012.08499408
1013.79419822
1015.4893858
1017.17101739
1018.83952876
1020.49533305
1022.13882321
1023.77037191
1025.39033589
1026.99905562
1028.59685708
1030.18405298
1031.7609438
1033.32781885
1034.88495714
1036.43262824
1037.97109299
1039.50060423
1041.02140692
1042.53374067
1044.03783737
1045.53392359
1047.02222057
1048.50294459
1049.97630741
1051.44251654
1052.90177566
1054.35428482
1055.8002408
1057.23983732
1058.67326531
1060.10071311
1061.5223667
1062.93840989
1064.34902452
1065.75439061
1067.15468656
1068.55008928
1069.94077433
1071.32691611
1072.70868795
1074.08626227
1075.45981068
1076.82950411
1078.19551293
1079.55800707
1080.91715609
1082.27312935
1083.62609603
1084.97622531
1086.32368639
1087.66864866
1089.01128174
1090.35175559
1091.69024058
1093.02690762
1094.3619282
1095.69547451
1097.0277195
1098.35883698
1099.68900169
1101.01838939
1102.34717695
1103.67554241
1105.00366505
1106.33172552
1107.65990588
1108.98838968
1110.31736203
1111.64700973
1112.97752128
1114.30908699
1115.64189908
1116.9761517
1118.31204107
1119.6497655
1120.9895255
1122.33152387
1123.67596622
1125.02305911
1126.3730131
2091.60699024
2080.46267373
2069.63759547
2059.12825329
2048.9304566
2039.03949236
2029.4502545
2020.1573465
2011.15516265
2002.4379534
1993.99987801
1985.83504733
1977.93755675
1970.30152218
1962.92109127
1955.79047023
1948.90393746
1942.25585536
1935.84068048
1929.65297163
1923.68739543
1917.93873144
1912.4018756
1907.07184251
1901.943767
1897.01290512
1892.27463433
1887.72445319
1883.35798056
1879.17095465
1875.15923172
1871.318784
1867.6456987
1864.13617528
1860.78652351
1857.59316163
1854.55261385
1851.66150782
1848.91657286
1846.31463694
1843.85262504
1841.52755627
1839.33654215
1837.27678398
1835.34557088
1833.54027794
1831.85836403
1830.29737018
1828.85491796
1827.52870804
1826.31651897
1825.21620628
1824.22570176
1823.34301379
1822.56622734
1821.89350546
1821.32309122
1820.85331151
1820.48258219
1820.2094162
1820.03243518
1819.95038672
1819.96217041
1820.06687683
1820.26384976
1820.55278623
1820.93390781
