0.0043482
0.00438490535859
0.00438484336779
0.00438479612131
0.00438476045143
0.00438473394384
0.0043847147366
0.00438470137781
0.00438469269929
0.00438468781762
0.00438468600457
0.0043846866739
0.00438468935128
0.00438469365134
0.00438469925981
0.00438470591956
0.00438471269395
0.00438472157588
0.00438473027082
0.004384693639
0.0043847482005
0.00438475805078
0.00438476797659
0.00438477795396
0.0043847879559
0.00438479795573
0.0043848079286
0.0043848178522
0.00438482770694
0.00438483747591
0.00438484714467
0.00438485670105
0.00438486613484
0.00438487543761
0.00438488459341
0.00438488983999
0.00438489865712
0.0043849073418
0.00438491588148
0.00438492427565
0.00438493251744
0.00438494060435
0.004384948535
0.00438495630879
0.00438496392573
0.00438497138626
0.0043849786912
0.00438498584163
0.00438499283889
0.00438499968449
0.00438500638009
0.0043850129275
0.00438501973374
0.0043850255916
0.0043850317039
0.00438503767703
0.00438504351282
0.00438504921328
0.00438513665795
0.00438506166222
0.00438506641785
0.00438507125925
0.00438507610564
0.00438508475093
0.00438508953362
0.00438509421116
0.00438509878121
0.00438510324316
0.00438510759746
0.00438511184524
0.00438511598803
0.00438512002758
0.00438512396579
0.00438512780463
0.0043851315461
0.00438513519222
0.004385138745
0.00438514220643
0.00438514557848
0.0043851488631
0.0043851520622
0.00438515517769
0.0043851582114
0.00438516116518
0.0043851640408
0.00438516684005
0.00438516956465
0.0043851722163
0.00438517479666
0.00438517730737
0.00438517975004
0.00438518212624
0.00438518443751
0.00438518668536
0.00438518887127
0.0043851909967
0.00438519306306
0.00438519507175
0.00438519702413
0.00438519892153
0.00438520076526
0.00438520255659
0.00438520429679
0.00438520598706
0.00438520762861
0.0043852092226
0.00438521077019
0.0043852122725
0.00438521373061
0.0043852151456
0.00438521651851
0.00438521785037
0.00438521914218
0.00438522039491
0.00438522160953
0.00438522278695
0.0043852239281
0.00438522503386
0.0043852261051
0.00438522714268
0.00438522814742
0.00438522912014
0.00438523006162
0.00438523097263
0.00438523185394
0.00438523270628
0.00438523353036
0.00438523432689
0.00438523509656
0.00438523584002
0.00438523655795
0.00438523725096
0.00438523791969
0.00438523856474
0.0043852391867
0.00438523978615
0.00438524036366
0.00438523717951
0.00438523766863
0.00438523815594
0.00438523863486
0.00438523910153
0.00438523955374
0.00438523999031
0.00438524041066
0.00438524081461
0.0043852412022
0.00438524157363
0.00438524192916
0.0043852422691
0.00438524259379
0.00438524290359
0.00438524319886
0.00438524347994
0.00438524374718
0.00438524400094
0.00438524424155
0.00438524446934
0.00438524468463
0.00438524488774
0.00438524507897
0.00438524525862
0.004385245427
0.00438524558437
0.00438524573102
0.00438524586722
0.00438524599324
0.00438524610932
0.00438524621572
0.00438524631269
0.00438524640046
0.00438524647927
0.00438524654933
0.00438524661087
0.0043852466641
0.00438524670924
0.00438524674648
0.00438524677602
0.00438524679806
0.00438524681278
0.00438524682037
0.00438524682101
0.00438524681486
0.0043852468021
0.00438524678289
0.0043852467574
0.00438524672578
0.00438524668818
0.00438524664475
0.00438524659563
0.00438524654097
0.0043852464809
0.00438524641556
0.00438524974049
0.00438524970566
0.00438524981794
0.00438524974758
0.00438524966514
0.00438524957357
0.00438524947472
