-378.797652961
-249.741273137
-177.919828342
-116.140409018
-72.5367481488
-44.0453654715
-27.5306448743
-18.4695179127
-13.7210836002
-11.3394552893
-10.2267581576
-9.79033710265
-9.71646197041
-9.84000291867
-10.0738139874
-10.3714918516
-10.7078873433
-11.0690307615
-11.4468696978
-11.8365281045
-12.2348687928
-12.6397336492
-13.04953765
-13.4630485631
-13.8792647889
-14.2973455497
-14.7165693571
-15.1363080232
-15.5560094212
-15.9751853365
-16.3934024037
-16.8102750143
-17.2254595549
-17.6386495952
-18.049571793
-18.4579823608
-18.8636639884
-19.2664231469
-19.6660877119
-20.0625048644
-20.4555392272
-20.8450712097
-21.2309955316
-21.6132199052
-21.9916638553
-22.3662576618
-22.7369414088
-23.1036641291
-23.4663830322
-23.825062807
-24.1796749891
-24.5301973889
-24.8766135696
-25.2189123736
-25.557087489
-25.8911370544
-26.2210632962
-26.546872197
-26.8685731897
-27.1861788769
-27.4997047725
-27.8091690615
-28.1145923805
-28.4159976125
-28.7134096978
-29.0068554581
-29.2963634333
-29.5819637297
-29.8636878792
-30.1415687072
-30.41564021
-30.6859374413
-30.9524964041
-31.2153539526
-31.474547698
-31.7301159219
-31.9820974953
-32.230531802
-32.4754586684
-32.7169182961
-32.9549512006
-33.1895981527
-33.4209001249
-33.6488982397
-33.8736337233
-34.095147861
-34.3134819555
-34.5286772893
-34.7407750879
-34.9498164875
-35.1558425031
-35.3588939997
-35.5590130685
-35.7562373623
-35.950608577
-36.1421667299
-36.330951573
-36.5170025752
-36.7003589052
-36.8810594167
-37.0591426347
-37.2346467414
-37.4076095668
-37.5780685761
-37.7460608623
-37.9116231356
-38.0747917176
-38.2356025339
-38.394091108
-38.5502925566
-38.704241585
-38.8559724834
-39.0055191237
-39.1529149573
-39.2981930127
-39.4413858944
-39.5825257819
-39.7216444292
-39.8587731646
-39.9939428914
-40.1271840882
-40.2585268104
-40.3880006912
-40.5156349436
-40.6414583621
-40.7654993252
-40.887785798
-41.0083453345
-41.1272050803
-41.2443917766
-41.3599317628
-41.4738509802
-41.5861749751
-41.6969289033
-41.8061375331
-41.9138252498
-42.0200160596
-42.1247335936
-42.2280011119
-42.3298415082
-42.430277314
-42.5293307028
-42.6270234945
-42.7233771602
-42.8184128261
-42.9121512789
-43.0046129692
-43.095818017
-43.1857862158
-43.2745370369
-43.3620896344
-43.4484628497
-43.5336752157
-43.6177449614
-43.7006900166
-43.7825280161
-43.8632763046
-43.9429519403
-44.0215717001
-44.0991520835
-44.1757093169
-44.2512593582
-44.325817901
-44.3994003783
-44.4720219671
-44.543697593
-44.6144419329
-44.6842694206
-44.7531942497
-44.8212303778
-44.8883915311
-44.9546912068
-45.0201426786
-45.0847589994
-45.1485530046
-45.2115373174
-45.2737243506
-45.3351263115
-45.3957552045
-45.4556228352
-45.5147408133
-45.5731205564
-45.630773293
-45.687710066
-45.7439417357
-45.7994789828
-45.8543323125
-45.9085120559
-45.9620283747
-46.0148912632
-46.0671105511
-46.1186959072
-46.1696568415
-46.2200027086
-46.2697427095
-46.3188858954
-46.3674411694
-46.4154172896
-46.4628228721
-46.5096663923
