0.1747
0.287884875232
0.438696138716
0.856111171484
1.04299037889
1.15342723715
1.20079938932
1.21478342005
1.19993166615
1.17416024973
1.143699213
1.1116459549
1.07950264695
1.04798566074
1.01742706736
0.987971025197
0.959667977855
0.932521074727
0.906509135746
0.881598332831
0.857748334288
0.834915672924
0.813055678772
0.792123638655
0.772075517773
0.752868418771
0.73446087441
0.716813029359
0.699886745257
0.683645651244
0.668055155217
0.653082426709
0.638696359416
0.624867519371
0.611568083344
0.598771770925
0.586453772932
0.574590678148
0.563160399883
0.552142103478
0.54151613556
0.531263955619
0.521368070297
0.511811970638
0.502580072441
0.493657659761
0.485030831565
0.476686451483
0.468612100574
0.460796032989
0.453227134421
0.445894883197
0.438789313875
0.431900983213
0.425220938362
0.418740687154
0.412452170346
0.406347735699
0.400420113773
0.394662395313
0.389068010127
0.383630707358
0.378344537039
0.373203832853
0.368203196017
0.363337480203
0.358601777424
0.353991404833
0.349501892342
0.345128971043
0.340868562332
0.336716767729
0.332669859315
0.328724270757
0.324876588883
0.321123545763
0.317462011266
0.313888986057
0.310401595012
0.306997081014
0.303672799113
0.300426211018
0.297254879913
0.294156465554
0.291128719654
0.288169481519
0.285276673927
0.282448299235
0.279682435696
0.276977235967
0.274330915923
0.271741763259
0.269208126801
0.26672841561
0.264301096339
0.261924690703
0.259597773098
0.257318968329
0.255086949457
0.252900435755
0.250758190763
0.248659020435
0.24660177139
0.244585329232
0.242608616958
0.240670593449
0.238770252017
0.236906619036
0.235078752629
0.233285741412
0.231526703312
0.229800784417
0.228107157901
0.226445022976
0.224813603909
0.223212149074
0.221639930043
0.220096240728
0.218580396548
0.217091733639
0.215629608102
0.214193395269
0.212782489019
0.211396301105
0.210034260523
0.2086958129
0.207380419907
0.206087558702
0.204816721391
0.203567414508
0.202339158529
0.201131487385
0.199943948017
0.198776099931
0.197627514778
0.196497775952
0.1953864782
0.194293227247
0.193217639442
0.192159341406
0.191117969702
0.19009317052
0.189084599363
0.188091920753
0.187114807948
0.186152942665
0.185206014815
0.184273722251
0.183355770521
0.182451872632
0.181561748819
0.18068512633
0.179821739209
0.178971328095
0.178133640023
0.177308428234
0.17649545199
0.175694476398
0.174905272239
0.174127615799
0.173361288716
0.172606077817
0.171861774976
0.171128176966
0.170405085322
0.169692306203
0.168989650266
0.168296932535
0.167613972286
0.166940592921
0.166276621861
0.165621890432
0.164976233758
0.16433949066
0.163711503555
0.163092118356
0.162481184383
0.16187855427
0.161284083876
0.1606976322
0.1601190613
0.15954823621
0.158985024867
0.158429298029
0.157880929208
0.157339794597
0.156805772999
0.156278745765
0.155758596725
0.155245212128
0.154738480581
0.154238292989
0.153744542497
0.153257124435
0.152775936267
0.152300877533
0.151831849803
0.151368756622
0.15091150347
0.150459997706
