6.48614268776
5.5369872282
5.5394704245
5.54174421405
5.54388861684
5.54592651407
5.54786906434
5.54972471177
5.55150095841
5.55320470466
5.55484231214
5.55641961855
5.55794194889
5.55941413151
5.56084051933
5.56222502418
5.56357136119
5.56488212738
5.56616007264
5.56740809828
5.56862807849
5.56982187384
5.57099111445
5.57213722777
5.5732614644
5.57436492163
5.57544856474
5.57651324603
5.57755972179
5.57858866706
5.57960068862
5.5805963362
5.58157611202
5.58254047898
5.58348986756
5.58442468158
5.585345303
5.58625209585
5.58714540947
5.58802558107
5.58889293782
5.58974779844
5.59059047449
5.59142127127
5.59224048858
5.59304842114
5.59384535898
5.59463158761
5.59540738815
5.59617303733
5.59692880749
5.59767496652
5.59841177771
5.59913949974
5.59985838646
5.60056868687
5.60127064493
5.6019644995
5.60265048426
5.60332882759
5.60399975252
5.6046634767
5.60532021234
5.60597016619
5.60661353956
5.6072505283
5.60788132281
5.60850610811
5.60912506386
5.6097383644
5.61034617886
5.61094867116
5.61154600018
5.61213831974
5.6127257788
5.61330852147
5.61388668715
5.61446041063
5.61502982222
5.61559504778
5.61615620895
5.61671342314
5.61726680374
5.61781646018
5.61836249805
5.61890501923
5.61944412198
5.61997990108
5.62051244789
5.62104185053
5.6215681939
5.62209155986
5.6226120273
5.62312967222
5.62364456787
5.62415678482
5.62466639107
5.62517345212
5.62567803106
5.6261801887
5.62667998358
5.62717747212
5.62767270867
5.62816574558
5.62865663329
5.62914542038
5.62963215368
5.63011687829
5.63059963769
5.63108047376
5.63155942687
5.63203653594
5.63251183848
5.63298537065
5.63345716733
5.63392726214
5.6343956875
5.63486247472
5.63532765397
5.63579125438
5.63625330406
5.63671383015
5.63717285885
5.63763041546
5.63808652443
5.63854120937
5.6389944931
5.63944639768
5.63989694443
5.640346154
5.64079404632
5.64124064072
5.6416859599
5.64213001393
5.64257282434
5.64301440811
5.64345478169
5.64389396105
5.64433196163
5.64476879846
5.6452044861
5.64563903868
5.64607246993
5.64650479318
5.6469360214
5.64736616718
5.64779524278
5.64822326012
5.6486502308
5.64907616612
5.64950107708
5.64992497441
5.65034786855
5.65076976971
5.65119068782
5.65161063259
5.65202960894
5.65244763525
5.65286471601
5.65328086006
5.65369607604
5.65411037243
5.65452375751
5.65493623938
5.655347826
5.65575852516
5.65616834449
5.65657729147
5.65698537346
5.65739259767
5.65779897119
5.65820450097
5.65860919384
5.65901305654
5.65941609567
5.65981831773
5.66021972914
5.66062033619
5.66102014508
5.66141916194
5.6618173928
5.6622148436
5.66261152019
5.66300742836
5.66340257382
5.66379696221
5.66419059908
5.66458348993
5.66497564019
5.66536705523
5.66575774035
5.66614770081
5.66653694178
5.66692546841
5.66731328579
5.66770039893
5.66808681282
5.6684725324
5.66885756255
5.66924190812
