11.624928
-5.64011961365
-5.70202837051
-5.76187968586
-5.81984306053
-5.87598434939
-5.93035451167
-5.9830007246
-6.03396790722
-6.0832990482
-6.1310353726
-6.17721647641
-6.22188044608
-6.26506396648
-6.30680241868
-6.34712996877
-6.38607964858
-6.4236834293
-6.45997228857
-6.49497627179
-6.52872454822
-6.5612454624
-6.59256658126
-6.62271473742
-6.65171606902
-6.67959605634
-6.70637955561
-6.73209083016
-6.75675357923
-6.78039096455
-6.80302563503
-6.82467974957
-6.84537499824
-6.86513262194
-6.8839734307
-6.90191782069
-6.91898579002
-6.93519695355
-6.95057055668
-6.9651254882
-6.97888029235
-6.9918531801
-7.00406203972
-7.01552407358
-7.02625731641
-7.03627835576
-7.04560388253
-7.05425030899
-7.06223377609
-7.06957016041
-7.07627508074
-7.08236390426
-7.0878517525
-7.09275350688
-7.09708381406
-7.10085709103
-7.10408752991
-7.10678910258
-7.10897556505
-7.11066046172
-7.11185712938
-7.11257870107
-7.1128381098
-7.1126480921
-7.11202119144
-7.1109697615
-7.10950596938
-7.1076417986
-7.10538905206
-7.10275951562
-7.09976415707
-7.09641473617
-7.0927221999
-7.08869748849
-7.08435137705
-7.07969447789
-7.07473724265
-7.06948996445
-7.06396277989
-7.05816567101
-7.05210846713
-7.04580084665
-7.03925233875
-7.03247232502
-7.02547004099
-7.01825457758
-7.01083488253
-7.00321976161
-6.99541787992
-6.98743776292
-6.97928779755
-6.97097623312
-6.96251118216
-6.95390062121
-6.94515239146
-6.9362741993
-6.92727361681
-6.91815808209
-6.90893489952
-6.89961123993
-6.89019414058
-6.88069050514
-6.87110710345
-6.86145057126
-6.85172740972
-6.84194398493
-6.83210652718
-6.8222211302
-6.81229375023
-6.80233020495
-6.79233617232
-6.78231718924
-6.77227865016
-6.76222580548
-6.75216375984
-6.74209747034
-6.73203174453
-6.72197123838
-6.71192045406
-6.70188373761
-6.69186527651
-6.68186909715
-6.67189906211
-6.66195886749
-6.65205203997
-6.64218193392
-6.63235172835
-6.62256442384
-6.61282283935
-6.60312960906
-6.59348717911
-6.58389780431
-6.57436354495
-6.51881244683
-6.5093087181
-6.02577293469
-5.98132060684
-5.93853164727
-5.89719882597
-5.85710748764
-5.81807749927
-5.77996015937
-5.74263209157
-5.70599019721
-5.66994774194
-5.63443132115
-5.59937848742
-5.56473587915
-5.5304577323
-5.49650468748
-5.462842827
-5.42944289255
-5.39627964568
-5.3633313423
-5.3305792987
-5.29800753176
-5.26560245944
-5.23335265093
-5.20124861772
-5.1692826388
-5.13744861456
-5.10574194492
-5.07415942836
-5.04269917909
-5.01136056015
-4.98014413101
-4.95005510484
-4.92111639436
-4.89237601732
-4.86383589264
-4.83549930774
-4.80737095932
-4.77945697141
-4.75176499017
-4.72430428854
-4.69708589961
-4.67012278455
-4.64343004245
-4.61702517172
-4.59092839555
-4.56516306751
-4.53975617855
-4.5147389933
-4.49014785285
-4.46602519429
-4.44242085498
-4.41939375592
-4.3970140957
-4.37536624216
-4.35455259227
-4.33469879899
-4.31596096567
-4.29853573517
-4.28267474517
-4.26870586049
-4.25706528194
-4.24834781097
-4.24338888543
-4.24340551
-4.25025453002
