27.67
30.0136034016
31.4148935532
31.9422677251
33.1407435276
34.0272810084
34.6790481086
35.1042386994
35.3863939991
35.5850808835
35.7366375716
35.8614546878
35.9705292502
36.0697071186
36.1621049629
36.2494169813
36.3325944127
36.412202661
36.4886034803
36.5620494012
36.6327326392
36.7008105815
36.766419199
36.8296802133
36.8907050211
36.9495969236
37.0064524626
37.0613622805
37.1144117204
37.1656812813
37.2152469878
37.2631807069
37.3095504287
37.3544205208
37.3978519624
37.43990256
37.4806271485
37.5200777771
37.5583038838
37.5953524567
37.631268185
37.6660935987
37.6998692
37.7326335839
37.7644235521
37.7952742179
37.8252191044
37.8542902354
37.8825182209
37.9099323359
37.9365605945
37.9624298184
37.9875657015
38.0119928696
38.0357349364
38.0588145563
38.0812534728
38.103072565
38.1242918903
38.1449307245
38.1650076002
38.184540342
38.2035461
38.2220413815
38.24004208
38.257563504
38.2746204026
38.2912269907
38.3073969724
38.3231435633
38.3384795112
38.3534171166
38.3679682508
38.3821443744
38.3959565537
38.4094154774
38.4225314713
38.4353145133
38.4477742469
38.4599199946
38.4717607703
38.4833052913
38.4945619897
38.5055390232
38.5162442855
38.5266854161
38.5368698103
38.5468046272
38.5564967995
38.5659530408
38.5751798543
38.5841835843
38.5929702437
38.6015457941
38.6099159681
38.6180863226
38.6260622445
38.6338489571
38.6414515251
38.6488748606
38.6561237283
38.6632027498
38.6701164094
38.676869058
38.6834649179
38.6899080868
38.6962025422
38.7023521453
38.7083606446
38.7142316799
38.7199687855
38.725575394
38.7310548391
38.7364103591
38.7416450999
38.7467621178
38.7517643827
38.7566547803
38.7614361151
38.7661111128
38.7706824228
38.7751526207
38.7795242105
38.7837996264
38.7879812357
38.7920713403
38.7960721788
38.7999859287
38.8038147078
38.8075605763
38.8112255385
38.8148115443
38.8183204913
38.8217542256
38.8251145441
38.8284031954
38.8316218815
38.8347722591
38.8378559411
38.8408744974
38.8438294568
38.8467223075
38.849554499
38.8523274426
38.8550425129
38.8577010487
38.860304354
38.862853699
38.8653503211
38.867795426
38.8701901881
38.872535752
38.8748332329
38.8770837175
38.8792882651
38.8814479079
38.8835636521
38.8856364785
38.8876673432
38.8896571784
38.8916068926
38.893517372
38.8953894806
38.8972240607
38.8990219341
38.900783902
38.9025107458
38.9042032279
38.9058620916
38.9074880625
38.9090818479
38.9106441383
38.9121756073
38.9136769119
38.9151486935
38.9165915778
38.9180061756
38.9193930829
38.9207528814
38.9220861388
38.9233934096
38.9246752346
38.9259321421
38.9271646477
38.9283732548
38.9295584552
38.9307207286
38.9318605438
38.9329783586
38.9340746199
38.9351497643
38.9362042182
38.937238398
38.9382527106
38.9392475534
38.9402233145
38.9411803734
38.9421191003
38.9430398576
38.9439429988
