149.94625
110.463883415
111.338607025
112.135994678
112.884245189
113.596759152
114.281294405
114.942896559
115.585113063
116.210581588
116.821347762
117.419050947
118.005039735
118.580447344
119.146242834
119.703267087
120.252258783
120.793873622
121.328698846
121.857264393
122.380051625
122.897500226
123.410013746
123.91796409
124.421695195
124.921526076
125.417753356
125.910653408
126.400484153
126.887486611
127.371886228
127.853894025
128.33370761
128.811512061
129.287480716
129.761775874
130.234549435
130.705943476
131.176090778
131.645115322
132.113132738
132.580250731
133.046569488
133.512182054
133.977174694
134.441627242
134.90561343
135.369201212
135.832453066
136.295426296
136.758173317
137.220741934
137.683175611
138.145513727
138.607791833
139.070041887
139.53229249
139.994569113
140.456894306
140.919287911
141.381767254
141.844347335
142.307041012
142.769859165
143.23281086
143.695903506
144.159142994
144.622533837
145.086079295
145.549781496
146.013641547
146.477659637
146.941835139
147.40616669
147.870652284
148.33528934
148.800074776
149.265005074
149.730076335
150.195284336
150.660624576
151.12609232
151.591682641
152.057390453
152.523210542
152.989137597
153.455166235
153.921291021
154.387506491
154.853807166
155.320187568
155.786642237
156.253165734
156.71975266
157.186397657
157.65309542
158.119840698
158.586628302
159.053453109
159.520310062
159.987194176
160.454100537
160.921024304
161.387959985
161.854904339
162.321852019
162.788798479
163.255739248
163.722669923
164.189586178
164.656483753
165.123358457
165.590206171
166.057022839
166.52380447
166.990547141
167.457246986
167.923900206
168.390503056
168.857051855
169.323542976
169.789972848
170.256337956
170.722634836
171.18886008
171.655010327
172.121082269
172.587072644
173.05297824
173.518795891
173.984522475
174.450154917
174.915690185
175.381125289
175.846457284
176.311683262
176.776800358
177.241805747
177.706696641
178.171470293
178.63612399
179.10065506
179.565060863
180.029338797
180.493486296
180.957500825
181.421379887
181.885121015
182.348721776
182.812179771
183.275492629
183.738658014
184.201673619
184.664537169
185.127246416
185.589799144
186.052193166
186.514426324
186.976496486
187.43840155
187.900139442
188.361708114
188.823105546
189.284329742
189.745378736
190.206250585
190.666943372
191.127455206
191.58778422
192.047928572
192.507886445
192.967656044
193.4272356
193.886623366
194.345817618
194.804816656
195.263618801
195.722222397
196.180625811
196.63882743
197.096825663
197.554618942
198.012205718
198.469584464
198.926753672
199.383711856
199.840457549
200.296989304
200.753305694
201.209405311
201.665286767
202.120948691
202.576389733
203.03160856
203.486603858
203.941374331
204.3959187
204.850235704
205.304324102
205.758182666
