297.990380559
351.994445589
411.337586801
437.244014661
458.330805817
476.612945194
493.340062639
509.064353847
524.000795415
538.226377943
551.763981106
564.614834253
576.770817751
588.219233811
598.94484186
608.930931245
618.160074047
626.614784465
634.278159345
641.134519211
647.17004885
652.373428569
656.736443659
660.254557589
662.927433341
297.990380559
351.994445589
411.337586801
437.244014661
458.330805817
476.612945194
493.340062639
509.064353847
524.000795415
538.226377943
551.763981106
564.614834253
576.770817751
588.219233811
598.94484186
608.930931245
618.160074047
626.614784465
634.278159345
641.134519211
647.17004885
652.373428569
656.736443659
660.254557589
662.927433341
