0.0042554
0.00431173340454
0.00431128146191
0.00431081115004
0.0043103465149
0.00430989014127
0.00430944192873
0.00430900145612
0.00430856827847
0.00430814196296
0.00430772209288
0.00430730826718
0.00430690009967
0.00430649721824
0.00430609926409
0.00430570589103
0.00430531676483
0.00430493156268
0.00430454997255
0.00430417169277
0.00430379643151
0.00430342390633
0.00430305384386
0.00430268597931
0.00430232005624
0.00430195582618
0.00430159304836
0.00430123148946
0.00430087092334
0.00430051113083
0.00430015189955
0.00429979302371
0.00429943430392
0.0042990755471
0.00429871656632
0.00429835718065
0.00429799721512
0.0042976365006
0.00429727487373
0.00429691217685
0.00429654825795
0.00429618297065
0.00429581617416
0.00429544773324
0.00429507751822
0.00429470540501
0.00429433127504
0.00429395501538
0.00429357651866
0.00429319568318
0.00429281241292
0.00429242661755
0.00429203821256
0.00429164711921
0.0042912532647
0.00429085658216
0.00429045701074
0.00429005449567
0.00428964898837
0.00428924044649
0.004288828834
0.00428841412127
0.00428799628517
0.00428757530909
0.00428715118311
0.00428672390399
0.00428629347532
0.00428585990752
0.00428542321798
0.00428498343111
0.00428454057836
0.00428409469834
0.00428364583683
0.00428319404684
0.00428273938864
0.00428228192983
0.00428182174529
0.00428135891726
0.00428089353532
0.00428042569636
0.0042799555046
0.00427948307153
0.00427900851588
0.00427853196356
0.00427805354758
0.00427757340798
0.00427709169171
0.00427660855255
0.00427612415093
0.00427563865381
0.00427515223452
0.00427466507255
0.00427417735337
0.00427368926822
0.00427320101385
0.00427271279228
0.00427222481054
0.00427173728035
0.00427125041936
0.0042707644448
0.00427027958209
0.00426979605857
0.00426931410459
0.00426883395311
0.00426835583934
0.00426788000026
0.00426740667426
0.00426693610065
0.00426646851925
0.00426600416988
0.00426554329196
0.00426508612398
0.00426463290305
0.0042641838644
0.00426373924094
0.00426329926271
0.00426286415646
0.00426243414513
0.00426200944742
0.00426159027728
0.00426117684348
0.00426076934914
0.00426036799134
0.00425997296066
0.00425958444079
0.00425920260816
0.00425882763155
0.00425845967175
0.00425809888126
0.00425774540397
0.00425739937488
0.00425706091989
0.00425673015552
0.00425585233802
0.00425553582327
0.00426159343516
0.00426088414775
0.00426019842994
0.00425955451061
0.00425895241505
0.00425839034884
0.00425786648029
0.00425737910343
0.00425692662924
0.00425650756452
0.00425612049417
0.00425576406766
0.00425543698868
0.00425513800723
0.00425486591365
0.00425461953391
0.00425439772615
0.00425419937789
0.00425402340393
0.00425386874466
0.00425373436473
0.00425361925193
0.00425352241621
0.0042534428888
0.00425337972139
0.00425333198518
0.00425329468199
0.00425326837982
0.00425325527847
0.00425325451512
0.00425326524665
0.00425328663871
0.00425331786544
0.0042533581065
0.00425340654477
0.00425346236355
0.0042535247432
0.00425359285723
0.00425366586769
0.00425374291967
0.00425382313484
0.00425390560368
0.00425398937636
0.00425407345159
0.0042541567634
0.00425423816489
0.0042543164086
0.00425439012217
0.00425445777836
0.00425451765754
0.0042545678004
0.00425460594791
0.0042546294641
0.00425463523591
0.00425461954142
0.00425457787449
0.00425450470783
0.00425439316771
0.00425423457921
0.00425401781739
0.00425372835958
0.00425334686284
0.00425284695953
0.00425219170747
0.00425132759942
