15.7153802451
15.9204261339
16.1200788957
16.3145429101
16.5039998606
16.6886194873
16.8685616958
17.0439775101
17.2150098081
17.3817939681
17.5444584483
17.7031253089
17.8579106847
18.0089252118
18.1562744166
18.3000590679
18.4403754994
18.5773159024
18.7109685949
18.841418267
18.9687462069
19.0930305076
19.214346258
19.3327657184
19.4483584827
19.5611916279
19.6713298529
19.7788356065
19.8837692064
19.9861889497
20.0861512151
20.1837105587
20.2789198024
20.3718301166
20.4624910977
20.55095084
20.6372560025
20.7214518726
20.8035824244
20.8836903741
20.9618172315
21.0380033485
21.1122879647
21.1847092498
21.2553043442
21.3241093961
21.3911595977
21.4564892179
21.5201316342
21.5821193623
21.6424840842
21.7012566739
21.7584672234
21.8141450651
21.8683187948
21.9210162923
21.9722647414
22.0220906486
22.0705198609
22.1175775827
22.1632883916
22.2076762537
22.2507645377
22.2925760286
22.3331329405
22.3724569289
22.4105691024
22.4474900336
22.4832397695
22.5178378416
22.5513032753
22.583654599
22.6149098526
22.6450865957
22.6742019154
22.7022724335
22.7293143139
22.7553432694
22.7803745676
22.8044230377
22.8275030759
22.8496286513
22.8708133115
22.891070187
22.9104119971
22.9288510542
22.946399268
22.9630681509
22.9788688213
22.9938120083
23.0079080552
23.0211669239
23.0335981981
23.0452110874
23.0560144303
23.0660166983
23.0752259986
23.083650078
23.0912963258
23.0981717774
23.1042831169
23.109636681
23.1142384614
23.1180941086
23.1212089349
23.1235879172
23.1252357008
23.1261566023
23.1263546129
23.1258334018
23.1245963198
23.1226464026
23.1199863744
23.1166186518
23.1125453474
23.107768274
23.1022889483
23.0961085957
23.0892281542
23.0816482791
23.0733693479
23.0643914652
23.054714468
23.0443379308
23.0332611714
23.0214832571
23.0090030103
22.9958190156
22.981929626
22.9673329702
22.9520269601
22.9360092983
22.9192774862
22.9015033029
22.8830238057
22.9089142797
22.9308258033
22.9488857255
22.9632066082
22.9738934948
22.9810456295
22.9847573588
22.9851187984
22.9822163634
22.9761331997
22.9669495365
22.9547429784
22.9395887481
22.9215598891
22.9007274363
22.8771605596
22.8509266844
22.8220915931
22.7907195096
22.7568731691
22.7206138747
22.6820015415
22.6410947301
22.5979506685
22.5526252642
22.5051731061
22.4556474552
22.404100226
22.3505819553
22.295141761
22.2378272872
22.1786846359
22.1177582847
22.0550909868
21.9907236538
21.9246952165
21.8570424635
21.7877998515
21.7169992851
21.6446698602
21.5708375649
21.4955249301
21.4187506213
21.3405903741
21.2610560105
21.1801459843
21.0978525873
21.0141609853
20.9290480633
20.8424810288
20.7544157068
20.6647944419
20.5735434924
20.4805697602
20.3857566385
20.2889586721
20.1899945884
20.088638053
19.9846051687
19.8775371956
19.766976035
19.652328347
19.5328109966
19.4073640696
19.2745033974
