-147.108566418
69.5770893274
9.83213700276
-123.443250487
48.2181050277
6.05518189485
-106.674785714
49.0610700765
6.18077302059
-94.0219995962
46.4584243958
6.51768006439
-83.7545870214
48.1491891466
6.5302406943
-78.9865003641
49.2797914829
6.69310796387
-76.0085036146
50.4750234895
6.82755398869
-74.287692515
51.4300646967
6.97093972939
-73.2554617374
52.4301473273
7.11316531182
-72.5325345986
53.3661650628
7.25187575266
-71.9443009138
54.2439124304
7.38540016661
-71.4082741749
55.06798212
7.51309547848
-70.8874955999
55.8423866778
7.63482126986
-70.3669599841
56.570785167
7.75068408075
-69.8419568825
57.2565679492
7.86090917843
-69.3123863139
57.9029003701
7.9657764526
-68.7800315221
58.5127332545
8.06558589411
-68.2472765068
59.0888120014
8.16063981867
-67.7165261896
59.6336824639
8.25123322218
-67.1899642055
60.1496972801
8.33764860772
-66.6694701284
60.6390234452
8.42015330956
-66.1566095328
61.1036511872
8.49899826831
-65.652655165
61.5454039011
8.5744176819
-65.1586194255
61.9659487976
8.64662920053
-64.6752890409
62.3668079205
8.71583446362
-64.2032579582
62.7493692313
8.78221984959
-63.742956953
63.114897515
8.8459573515
-63.2946795799
63.4645449212
8.90720551867
-62.8586045958
63.7993610051
8.96611042192
-62.4348151833
64.1203021799
9.02280661261
-62.0233153563
64.4282405281
9.07741805471
-61.6240439232
64.7239719459
9.13005901571
-61.2368863485
65.0082236217
9.18083490744
-60.8616848148
65.2816608608
9.2298430715
-60.4982467474
65.5448932827
9.27717350694
-60.1463520241
65.7984804259
9.32290953987
-59.8057590642
66.0429367979
9.36712843612
-59.4762099613
66.2787364115
9.40990195931
-59.1574347983
66.5063168495
9.45129687717
-58.8491552663
66.7260828997
9.49137541946
-58.5510876899
66.9384097992
9.5301956911
-58.262945546
67.1436461272
9.56781204405
-57.9844415509
67.3421163813
9.60427541171
-57.7152893816
67.5341232706
9.63963360899
-57.4552050839
67.7199497558
9.67393160165
-57.2039082174
67.8998608646
9.70721174783
-56.961122774
68.0741053069
9.73951401455
-56.7265779086
68.2429169125
9.77087617202
-56.5000085078
68.4065159126
9.80133396792
-56.2811556241
68.5651100816
9.83092128395
-56.0697667964
68.7188957573
9.8596702766
-55.8655962757
68.8680587516
9.88761150383
-55.6684051703
69.0127751672
9.91477403927
-55.4779615259
69.1532121289
9.94118557536
-55.2940403504
69.289528441
9.96687251659
-55.1164235944
69.4218751794
9.99186006412
-54.9449000933
69.5503962251
10.0161722925
-54.7792654819
69.6752287468
10.0398322196
-54.6193220828
69.7965036391
10.0628618703
-54.4648787778
69.9143459189
10.0852823351
-54.3157508628
70.0288750881
10.107113823
-54.1717598932
70.1402054635
10.1283757112
-54.0327335197
70.2484464796
10.1490865899
-53.8985053194
70.3537029654
10.1692643044
-53.7689146225
70.4560754005
10.1889259934
-53.6438063377
70.5556601493
10.2080881251
-53.5230307762
70.6525496794
10.2267665302
-53.4064434776
70.7468327624
10.2449764333
-53.293905036
70.8385946615
10.2627324815
-53.1852809295
70.9279173048
10.2800487717
-53.0804413522
71.0148794483
10.296938876
-52.9792610497
71.099556827
10.3134158653
-52.8816191585
71.1820222973
10.3294923319
-52.7873990494
71.2623459694
10.3451804106
-52.6964881752
71.3405953331
10.3604917984
-52.608777923
71.4168353747
10.3754377734
-52.5241634709
71.4911286882
10.3900292128
-52.4425436492
71.56353558
10.4042766091
-52.3638208064
71.6341141673
10.418190087
-52.2879006796
71.7029204718
10.4317794176
-52.2146922693
71.7700085082
10.4450540334
-52.1441077187
71.835430368
10.4580230416
-52.0760621979
71.8992362993
10.4706952375
-52.0104737909
71.9614747824
10.4830791165
-51.947263389
72.0221926015
10.4951828861
-51.8863545855
72.0814349135
10.5070144771
-51.8276735773
72.1392453128
10.5185815545
-51.7711490673
72.1956658936
10.5298915275
-51.716712173
72.2507373091
10.5409515596
-51.6642963172
72.3044987012
10.551768567
-51.613837223
72.3569882611
10.5623492704
-51.5652727103
72.4082425205
10.5727001396
-51.5185426981
72.4582969077
10.5828274442
-51.4735891082
72.5071856681
10.5927372509
-51.4303557928
72.5549419089
10.6024354312
-51.3887884631
72.6015976422
10.611927668
-51.3488346238
72.6471838263
10.6212194633
-51.3104435068
72.6917304047
10.6303161443
-51.2735660097
72.7352663442
10.6392228697
-51.238154636
72.7778196712
10.6479446362
-51.2041634376
72.8194175056
10.6564862839
-51.1715479595
72.8600860951
10.6648525022
-51.1402651866
72.899850846
10.6730478351
-51.1102734934
72.9387363543
10.6810766861
-51.0815325941
72.9767664351
10.6889433238
-51.0540034956
73.0139641502
10.6966518859
-51.0276484529
73.0503518358
10.7042063843
-51.0024309249
73.0859511275
10.7116107091
-50.9783155322
73.1207829859
10.7188686333
-50.9552680173
73.1548677203
10.7259838166
-50.933255206
73.1882250115
10.732959809
-50.9122449694
73.2208739339
10.7398000552
-50.8922061887
73.2528329767
10.7465078976
-50.87310872
73.2841200641
10.7530865803
-50.8549233617
73.3147525754
10.7595392518
-50.8376218221
73.344747363
10.7658689689
-50.8211766887
73.3741207711
10.7720786994
-50.8055613986
73.402888653
10.778171325
-50.7907502102
73.4310663876
10.7841496445
-50.7767181749
73.4586688957
10.7900163763
-50.7634411117
73.4857106554
10.795774161
-50.750895581
73.512205717
10.8014255643
-50.73905886
73.5381677175
10.806973079
-50.7279089197
73.5636098943
10.8124191278
-50.7174244013
73.5885450984
10.8177660652
-50.7075845946
73.6129858075
10.8230161802
-50.6983694171
73.6369441378
10.8281716978
-50.6897593928
73.6604318567
10.8332347816
-50.6817356332
73.6834603935
10.8382075353
-50.6742798181
73.7060408507
10.8430920051
-50.6673741773
73.7281840146
10.847890181
-50.6610014727
73.7499003659
10.852603999
-50.6551449819
73.7712000889
10.8572353427
-50.6497884809
73.7920930815
10.8617860447
-50.6449162288
73.8125889643
10.8662578886
-50.6405129526
73.8326970894
10.87065261
-50.636563832
73.8524265487
10.8749718985
-50.6330544853
73.8717861829
10.8792173989
-50.629970956
73.8907845883
10.8833907125
-50.6272996988
73.9094301255
10.8874933985
-50.6250275674
73.9277309263
10.8915269755
-50.6231418018
73.9456949007
10.8954929222
-50.6216300164
73.9633297443
10.8993926791
-50.6204801883
73.9806429445
10.9032276496
-50.6196806466
73.997641787
10.9069992009
-50.6192200609
74.0143333621
10.910708665
-50.6190874314
74.0307245709
10.9143573403
-50.6192720785
74.0468221305
10.9179464919
-50.6197636333
74.0626325802
10.921477353
-50.620552028
74.0781622863
10.9249511258
-50.621627487
74.0934174478
10.9283689825
-50.6229805178
74.1084041015
10.9317320656
-50.6246019025
74.1231281261
10.9350414896
-50.62648269
74.137595248
10.9382983412
-50.6286141874
74.1518110449
10.9415036804
-50.6309879528
74.1657809508
10.9446585411
-50.6335957876
74.1795102598
10.947763932
-50.6364297291
74.1930041307
10.9508208373
-50.6394820441
74.2062675906
10.953830217
-50.6427452214
74.2193055389
10.9567930084
-50.646211966
74.2321227508
10.9597101258
-50.649875192
74.2447238813
10.962582462
-50.6537280169
74.2571134685
10.9654108883
-50.6577637559
74.2692959368
10.9681962552
-50.6619759155
74.2812756002
10.9709393934
-50.6663581886
74.2930566658
10.9736411138
-50.6709044486
74.3046432363
10.9763022082
-50.6756087442
74.3160393136
10.9789234503
-50.680465295
74.327248801
10.9815055953
-50.6854684854
74.3382755066
10.9840493812
-50.6906128611
74.3491231453
10.9865555289
-50.6958931237
74.3597953421
10.9890247427
-50.7013041264
74.3702956342
10.9914577108
-50.7068408699
74.3806274734
10.9938551058
-50.7124984979
74.3907942289
10.9962175848
-50.7182722932
74.4007991889
10.9985457902
-50.7241576736
74.4106455635
11.0008403499
-50.7301501887
74.4203364864
11.0031018777
-50.7362455151
74.4298750173
11.0053309738
-50.7424394536
74.4392641437
11.0075282247
-50.7487279256
74.4485067827
11.0096942042
-50.7551069697
74.4576057834
11.0118294735
-50.7615727381
74.4665639285
11.0139345811
-50.7681214938
74.4753839357
11.0160100637
-50.7747496074
74.4840684601
11.0180564463
-50.7814535542
74.4926200954
11.0200742426
-50.7882299107
74.5010413759
11.0220639547
-50.7950753531
74.5093347775
11.0240260745
-50.8019866526
74.5175027199
11.0259610828
-50.8089606749
74.5255475677
11.0278694505
-50.815994376
74.5334716319
11.0297516382
-50.8230848004
74.5412771714
11.0316080968
-50.8302290785
74.5489663943
11.0334392676
-50.8374244243
74.5565414591
11.0352455829
-50.8446681331
74.5640044763
11.0370274654
-50.8519575794
74.5713575092
11.0387853294
-50.8592902142
74.5786025755
11.0405195805
-50.8666635638
74.5857416483
11.0422306156
-50.8740752267
74.5927766574
11.0439188236
-50.8815228727
74.5997094899
11.0455845855
-147.108566418
69.5770893274
9.83213700276
-123.443250487
48.2181050277
6.05518189485
-106.674785714
49.0610700765
6.18077302059
-94.0219995962
46.4584243958
6.51768006439
-83.7545870214
48.1491891466
6.5302406943
-78.9865003641
49.2797914829
6.69310796387
-76.0085036146
50.4750234895
6.82755398869
-74.287692515
51.4300646967
6.97093972939
-73.2554617374
52.4301473273
7.11316531182
-72.5325345986
53.3661650628
7.25187575266
-71.9443009138
54.2439124304
7.38540016661
-71.4082741749
55.06798212
7.51309547848
-70.8874955999
55.8423866778
7.63482126986
-70.3669599841
56.570785167
7.75068408075
-69.8419568825
57.2565679492
7.86090917843
-69.3123863139
57.9029003701
7.9657764526
-68.7800315221
58.5127332545
8.06558589411
-68.2472765068
59.0888120014
8.16063981867
-67.7165261896
59.6336824639
8.25123322218
-67.1899642055
60.1496972801
8.33764860772
-66.6694701284
60.6390234452
8.42015330956
-66.1566095328
61.1036511872
8.49899826831
-65.652655165
61.5454039011
8.5744176819
-65.1586194255
61.9659487976
8.64662920053
-64.6752890409
62.3668079205
8.71583446362
-64.2032579582
62.7493692313
8.78221984959
-63.742956953
63.114897515
8.8459573515
-63.2946795799
63.4645449212
8.90720551867
-62.8586045958
63.7993610051
8.96611042192
-62.4348151833
64.1203021799
9.02280661261
-62.0233153563
64.4282405281
9.07741805471
-61.6240439232
64.7239719459
9.13005901571
-61.2368863485
65.0082236217
9.18083490744
-60.8616848148
65.2816608608
9.2298430715
-60.4982467474
65.5448932827
9.27717350694
-60.1463520241
65.7984804259
9.32290953987
-59.8057590642
66.0429367979
9.36712843612
-59.4762099613
66.2787364115
9.40990195931
-59.1574347983
66.5063168495
9.45129687717
-58.8491552663
66.7260828997
9.49137541946
-58.5510876899
66.9384097992
9.5301956911
-58.262945546
67.1436461272
9.56781204405
-57.9844415509
67.3421163813
9.60427541171
-57.7152893816
67.5341232706
9.63963360899
-57.4552050839
67.7199497558
9.67393160165
-57.2039082174
67.8998608646
9.70721174783
-56.961122774
68.0741053069
9.73951401455
-56.7265779086
68.2429169125
9.77087617202
-56.5000085078
68.4065159126
9.80133396792
-56.2811556241
68.5651100816
9.83092128395
-56.0697667964
68.7188957573
9.8596702766
-55.8655962757
68.8680587516
9.88761150383
-55.6684051703
69.0127751672
9.91477403927
-55.4779615259
69.1532121289
9.94118557536
-55.2940403504
69.289528441
9.96687251659
-55.1164235944
69.4218751794
9.99186006412
-54.9449000933
69.5503962251
10.0161722925
-54.7792654819
69.6752287468
10.0398322196
-54.6193220828
69.7965036391
10.0628618703
-54.4648787778
69.9143459189
10.0852823351
-54.3157508628
70.0288750881
10.107113823
-54.1717598932
70.1402054635
10.1283757112
-54.0327335197
70.2484464796
10.1490865899
-53.8985053194
70.3537029654
10.1692643044
-53.7689146225
70.4560754005
10.1889259934
-53.6438063377
70.5556601493
10.2080881251
-53.5230307762
70.6525496794
10.2267665302
-53.4064434776
70.7468327624
10.2449764333
-53.293905036
70.8385946615
10.2627324815
-53.1852809295
70.9279173048
10.2800487717
-53.0804413522
71.0148794483
10.296938876
-52.9792610497
71.099556827
10.3134158653
-52.8816191585
71.1820222973
10.3294923319
-52.7873990494
71.2623459694
10.3451804106
-52.6964881752
71.3405953331
10.3604917984
-52.608777923
71.4168353747
10.3754377734
-52.5241634709
71.4911286882
10.3900292128
-52.4425436492
71.56353558
10.4042766091
-52.3638208064
71.6341141673
10.418190087
-52.2879006796
71.7029204718
10.4317794176
-52.2146922693
71.7700085082
10.4450540334
-52.1441077187
71.835430368
10.4580230416
-52.0760621979
71.8992362993
10.4706952375
-52.0104737909
71.9614747824
10.4830791165
-51.947263389
72.0221926015
10.4951828861
-51.8863545855
72.0814349135
10.5070144771
-51.8276735773
72.1392453128
10.5185815545
-51.7711490673
72.1956658936
10.5298915275
-51.716712173
72.2507373091
10.5409515596
-51.6642963172
72.3044987012
10.551768567
-51.613837223
72.3569882611
10.5623492704
-51.5652727103
72.4082425205
10.5727001396
-51.5185426981
72.4582969077
10.5828274442
-51.4735891082
72.5071856681
10.5927372509
-51.4303557928
72.5549419089
10.6024354312
-51.3887884631
72.6015976422
10.611927668
-51.3488346238
72.6471838263
10.6212194633
-51.3104435068
72.6917304047
10.6303161443
-51.2735660097
72.7352663442
10.6392228697
-51.238154636
72.7778196712
10.6479446362
-51.2041634376
72.8194175056
10.6564862839
-51.1715479595
72.8600860951
10.6648525022
-51.1402651866
72.899850846
10.6730478351
-51.1102734934
72.9387363543
10.6810766861
-51.0815325941
72.9767664351
10.6889433238
-51.0540034956
73.0139641502
10.6966518859
-51.0276484529
73.0503518358
10.7042063843
-51.0024309249
73.0859511275
10.7116107091
-50.9783155322
73.1207829859
10.7188686333
-50.9552680173
73.1548677203
10.7259838166
-50.933255206
73.1882250115
10.732959809
-50.9122449694
73.2208739339
10.7398000552
-50.8922061887
73.2528329767
10.7465078976
-50.87310872
73.2841200641
10.7530865803
-50.8549233617
73.3147525754
10.7595392518
-50.8376218221
73.344747363
10.7658689689
-50.8211766887
73.3741207711
10.7720786994
-50.8055613986
73.402888653
10.778171325
-50.7907502102
73.4310663876
10.7841496445
-50.7767181749
73.4586688957
10.7900163763
-50.7634411117
73.4857106554
10.795774161
-50.750895581
73.512205717
10.8014255643
-50.73905886
73.5381677175
10.806973079
-50.7279089197
73.5636098943
10.8124191278
-50.7174244013
73.5885450984
10.8177660652
-50.7075845946
73.6129858075
10.8230161802
-50.6983694171
73.6369441378
10.8281716978
-50.6897593928
73.6604318567
10.8332347816
-50.6817356332
73.6834603935
10.8382075353
-50.6742798181
73.7060408507
10.8430920051
-50.6673741773
73.7281840146
10.847890181
-50.6610014727
73.7499003659
10.852603999
-50.6551449819
73.7712000889
10.8572353427
-50.6497884809
73.7920930815
10.8617860447
-50.6449162288
73.8125889643
10.8662578886
-50.6405129526
73.8326970894
10.87065261
-50.636563832
73.8524265487
10.8749718985
-50.6330544853
73.8717861829
10.8792173989
-50.629970956
73.8907845883
10.8833907125
-50.6272996988
73.9094301255
10.8874933985
-50.6250275674
73.9277309263
10.8915269755
-50.6231418018
73.9456949007
10.8954929222
-50.6216300164
73.9633297443
10.8993926791
-50.6204801883
73.9806429445
10.9032276496
-50.6196806466
73.997641787
10.9069992009
-50.6192200609
74.0143333621
10.910708665
-50.6190874314
74.0307245709
10.9143573403
-50.6192720785
74.0468221305
10.9179464919
-50.6197636333
74.0626325802
10.921477353
-50.620552028
74.0781622863
10.9249511258
-50.621627487
74.0934174478
10.9283689825
-50.6229805178
74.1084041015
10.9317320656
-50.6246019025
74.1231281261
10.9350414896
-50.62648269
74.137595248
10.9382983412
-50.6286141874
74.1518110449
10.9415036804
-50.6309879528
74.1657809508
10.9446585411
-50.6335957876
74.1795102598
10.947763932
-50.6364297291
74.1930041307
10.9508208373
-50.6394820441
74.2062675906
10.953830217
-50.6427452214
74.2193055389
10.9567930084
-50.646211966
74.2321227508
10.9597101258
-50.649875192
74.2447238813
10.962582462
-50.6537280169
74.2571134685
10.9654108883
-50.6577637559
74.2692959368
10.9681962552
-50.6619759155
74.2812756002
10.9709393934
-50.6663581886
74.2930566658
10.9736411138
-50.6709044486
74.3046432363
10.9763022082
-50.6756087442
74.3160393136
10.9789234503
-50.680465295
74.327248801
10.9815055953
-50.6854684854
74.3382755066
10.9840493812
-50.6906128611
74.3491231453
10.9865555289
-50.6958931237
74.3597953421
10.9890247427
-50.7013041264
74.3702956342
10.9914577108
-50.7068408699
74.3806274734
10.9938551058
-50.7124984979
74.3907942289
10.9962175848
-50.7182722932
74.4007991889
10.9985457902
-50.7241576736
74.4106455635
11.0008403499
-50.7301501887
74.4203364864
11.0031018777
-50.7362455151
74.4298750173
11.0053309738
-50.7424394536
74.4392641437
11.0075282247
-50.7487279256
74.4485067827
11.0096942042
-50.7551069697
74.4576057834
11.0118294735
-50.7615727381
74.4665639285
11.0139345811
-50.7681214938
74.4753839357
11.0160100637
-50.7747496074
74.4840684601
11.0180564463
-50.7814535542
74.4926200954
11.0200742426
-50.7882299107
74.5010413759
11.0220639547
-50.7950753531
74.5093347775
11.0240260745
-50.8019866526
74.5175027199
11.0259610828
-50.8089606749
74.5255475677
11.0278694505
-50.815994376
74.5334716319
11.0297516382
-50.8230848004
74.5412771714
11.0316080968
-50.8302290785
74.5489663943
11.0334392676
-50.8374244243
74.5565414591
11.0352455829
-50.8446681331
74.5640044763
11.0370274654
-50.8519575794
74.5713575092
11.0387853294
-50.8592902142
74.5786025755
11.0405195805
-50.8666635638
74.5857416483
11.0422306156
-50.8740752267
74.5927766574
11.0439188236
-50.8815228727
74.5997094899
11.0455845855
