0.0
0.0
0.0
0.0
0.0
0.0
0.0
0.0
0.0
0.0
0.0
0.0
0.0
0.0
0.0
0.0
0.0
0.0
0.0
0.0
0.0
0.0
0.0
0.0
0.0
0.0
0.0
0.0
0.0
0.0
0.0
0.0
0.0
0.0
0.0
0.0
0.0
0.0
0.0
0.0
0.0
0.0
0.0
0.0
0.0
0.0
0.0
0.0
0.0
0.0
0.0
0.0
0.0
0.0
0.0
0.0
0.0
0.0
0.0
0.0
0.0
0.0
0.0
0.0
0.0
0.0
0.0
0.0
0.0
0.0
0.0
0.0
0.0
0.0
0.0
0.0
0.0
0.0
0.0
0.0
0.0
0.0
0.0
0.0
0.0
0.0
0.0
0.0
0.0
0.0
0.0
0.0
0.0
0.0
0.0
0.0
0.0
0.0
0.0
0.0
0.0
0.0
0.0
0.0
0.0
0.0
0.0
0.0
0.0
0.0
0.0
0.0
0.0
0.0
0.0
0.0
0.0
0.0
0.0
0.0
0.0
0.0
0.0
0.0
0.0
0.0
0.0
0.0
0.0
0.0
0.0
0.0
0.0
0.0
10.8107425644
26.3447764384
40.6737905409
54.0676081319
66.6383525039
78.4791274362
89.6680433522
100.271247573
110.339456587
119.920980798
129.062685439
137.801553543
146.170064655
154.196899956
161.907517053
169.324619361
176.468542779
183.357576446
190.008230583
196.435461543
202.652862029
208.672822758
214.506670605
220.16478722
225.656711382
230.991227715
236.176443916
241.219858258
246.128418831
250.908575722
255.566327137
260.107260315
264.536587931
268.85918059
273.079595913
277.202104655
281.230714195
285.169189747
289.021073537
292.789702177
296.478222459
300.089605713
303.626660911
307.092046615
310.488281909
313.817756402
317.08273938
320.285388184
323.427755867
326.511798169
329.539379831
332.512280251
335.432198453
338.300757296
341.119506805
343.889926386
346.613425588
349.291342798
351.924940949
354.515398615
357.063793863
359.571076189
362.038018246
364.465131845
366.852517814
369.199586364
0.0
0.0
0.0
0.0
0.0
0.0
0.0
0.0
0.0
0.0
0.0
0.0
0.0
0.0
0.0
0.0
0.0
0.0
0.0
0.0
0.0
0.0
0.0
0.0
0.0
0.0
0.0
0.0
0.0
0.0
0.0
0.0
0.0
0.0
0.0
0.0
0.0
0.0
0.0
0.0
0.0
0.0
0.0
0.0
0.0
0.0
0.0
0.0
0.0
0.0
0.0
0.0
0.0
0.0
0.0
0.0
0.0
0.0
0.0
0.0
0.0
0.0
0.0
0.0
0.0
0.0
0.0
0.0
0.0
0.0
0.0
0.0
0.0
0.0
0.0
0.0
0.0
0.0
0.0
0.0
0.0
0.0
0.0
0.0
0.0
0.0
0.0
0.0
0.0
0.0
0.0
0.0
0.0
0.0
0.0
0.0
0.0
0.0
0.0
0.0
0.0
0.0
0.0
0.0
0.0
0.0
0.0
0.0
0.0
0.0
0.0
0.0
0.0
0.0
0.0
0.0
0.0
0.0
0.0
0.0
0.0
0.0
0.0
0.0
0.0
0.0
0.0
0.0
0.0
0.0
0.0
0.0
0.0
0.0
10.8107425644
26.3447764384
40.6737905409
54.0676081319
66.6383525039
78.4791274362
89.6680433522
100.271247573
110.339456587
119.920980798
129.062685439
137.801553543
146.170064655
154.196899956
161.907517053
169.324619361
176.468542779
183.357576446
190.008230583
196.435461543
202.652862029
208.672822758
214.506670605
220.16478722
225.656711382
230.991227715
236.176443916
241.219858258
246.128418831
250.908575722
255.566327137
260.107260315
264.536587931
268.85918059
273.079595913
277.202104655
281.230714195
285.169189747
289.021073537
292.789702177
296.478222459
300.089605713
303.626660911
307.092046615
310.488281909
313.817756402
317.08273938
320.285388184
323.427755867
326.511798169
329.539379831
332.512280251
335.432198453
338.300757296
341.119506805
343.889926386
346.613425588
349.291342798
351.924940949
354.515398615
357.063793863
359.571076189
362.038018246
364.465131845
366.852517814
369.199586364
