41.8924334433
41.5937412083
41.2038403319
40.7581601767
40.261119192
39.7369865461
39.2029823991
38.6683898131
38.139534446
37.6192216693
37.108787168
36.608813347
36.1194958652
35.6408281944
35.1726951047
34.714921011
34.2672959246
33.8295900567
33.4015625241
32.9829668559
32.5735546682
32.1730782223
31.7812922559
31.3979553121
31.0228307054
30.655687215
30.2962995684
29.9444487632
29.599922262
29.2625140862
28.9320248339
28.6082616362
28.2910380675
27.9801740206
27.6754955562
27.3768347326
27.0840294239
26.7969231284
26.5153647738
26.2392085198
25.9683135615
25.7025439357
25.4417683298
25.1858598966
24.9346960738
24.6881584092
24.4461323929
24.2085072952
23.9751760116
23.7460349134
23.5209837057
23.2999252912
23.08276564
22.8694136654
22.6597811056
22.4537824112
22.2513346367
22.0523573387
21.8567724778
21.6645043254
21.4754793751
21.2896262578
21.106875661
20.9271602523
20.7504146054
20.5765751305
20.4055800072
20.237369121
20.0718840021
19.9090677674
19.7488650648
19.5912220203
19.4360861867
19.2834064954
19.1331332096
18.9852178799
18.8396133017
18.6962734741
18.5551535607
18.4162098522
18.2793997304
18.1446816333
18.0120150223
17.8813603498
17.7526790292
17.6259334048
17.5010867239
17.3781031098
17.2569475348
17.1375857955
17.0199844887
16.9041109877
16.7899334201
16.6774206456
16.5665422356
16.4572684526
16.3495702311
16.2434191584
16.1387874569
16.0356479664
15.933974127
15.8337399632
15.7349200676
15.637489586
15.5414242027
15.4467001258
15.3532940738
15.2611832621
15.1703453901
15.0807586287
14.9924016079
14.9052534056
14.8192935357
14.7345019372
14.6508589639
14.5683453735
14.4869423179
14.4066313332
14.3273943306
14.2492135868
14.1720717356
14.0959517586
14.0208369775
13.9467110456
13.8735579396
13.8013619528
13.7301076865
13.6597800437
13.5903642216
13.5218457046
13.4542102581
13.3874439216
13.3215330026
13.2564640705
13.1922239503
13.1287997174
13.0661786913
13.0043484306
12.9432967274
12.8830116021
12.8234812985
12.7646942784
12.7066392176
12.6493050003
12.5926807152
12.5367556508
12.481519291
12.4269613109
12.373071573
12.3198401227
12.2672571846
12.2153131589
12.1639986171
12.1133042992
12.0632211093
12.0137401129
11.9648525329
11.9165497467
11.868823283
11.8216648185
11.7750661747
11.7290193155
11.6835163436
11.6385494982
11.5941111518
11.5501938079
11.5067900981
11.4638927796
11.4214947324
11.3795889574
11.3381685735
11.2972268156
11.256757032
11.2167526823
11.1772073352
11.1381146664
11.0994684564
11.0612625887
11.0234910473
10.9861479153
10.9492273726
10.9127236943
10.8766312486
10.8409444954
10.8056579841
10.7707663522
10.7362643233
10.7021467061
10.6684083921
10.6350443544
10.6020496462
10.5694193989
10.5371488214
10.5052331978
10.4736678865
10.4424483189
10.4115699976
10.3810284956
10.3508194547
10.3209385842
