1258.35760332
1384.01387844
1381.00239665
1377.95674684
1374.88114241
1371.77904578
1368.65361766
1365.50780001
1362.34433257
1359.16575849
1355.97442855
1352.77250537
1349.5619681
1346.34461742
1343.12208086
1339.89581846
1336.66712871
1333.43715468
1330.2068904
1326.97718737
1323.74876122
1320.52219843
1317.29796314
1314.07640418
1310.85776076
1307.64217109
1304.42967767
1301.22023426
1298.0137123
1294.80990722
1291.60854459
1288.40928599
1285.21173481
1282.01544174
1278.81991008
1275.62460077
1272.42893723
1269.23230995
1266.0340808
1262.8335871
1259.63014549
1256.42305554
1253.21160306
1249.99506329
1246.77270377
1243.54378703
1240.3075731
1237.06332174
1233.81029459
1230.54775699
1227.27497976
1223.99124077
1220.69582629
1217.38803233
1214.06716569
1210.73254499
1207.38350156
1204.01938018
1200.63953977
1197.24335397
1193.83021159
1190.39951706
1186.95069074
1183.48316925
1179.99640562
1176.48986949
1172.96303798
1169.4154319
1165.84656297
1162.25596811
1158.64320114
1155.00783272
1151.3494503
1147.66767409
1143.96209384
1140.23236211
1136.47813286
1132.69907652
1128.89487986
1125.06524593
1121.20989402
1117.32855958
1113.420994
1109.48696545
1105.52625736
1101.53866956
1097.52401797
1093.48213464
1089.41286782
1085.31608202
1081.19165812
1077.03949352
1072.85950224
1068.65161514
1064.41578009
1060.1519622
1055.86014408
1051.54032611
1047.19252675
1042.81678283
1038.41314994
1033.98170279
1029.52253561
1025.03577052
1020.52152443
1015.97996303
1011.41126256
1006.8156215
1002.19326069
997.544423869
992.869378189
988.168414737
983.44184911
978.690021967
973.913299584
969.112066178
964.286759012
959.43781408
954.565706053
949.670937525
944.754039816
939.815573477
934.856128737
929.876325898
924.876815692
919.858279602
914.821430119
909.767010967
904.695797249
899.608595548
894.506243949
889.389611999
884.259600587
879.117141741
873.963198349
868.79876379
863.624861469
858.442544268
853.252893895
848.057020134
842.856060002
837.651176793
832.443559036
827.234419322
822.024993123
816.816537299
811.61032878
806.407662956
801.20985204
796.018223342
790.834117449
785.658886329
780.49389136
775.340501283
770.200090108
765.074034949
759.963713822
754.8705034
749.795776741
744.740900988
739.707235066
734.696127366
729.708913442
724.746913721
719.81143124
714.903749415
710.025129858
705.176810242
700.360002232
695.575889484
690.825625724
686.11033291
681.431099486
676.78897874
672.184987263
667.620103514
663.095266509
658.611374618
654.169284491
649.769810099
645.413721912
641.101746189
636.834564403
632.612812793
628.437082032
624.307917026
620.22581683
616.191234679
612.204578143
608.266209377
604.376445493
600.535559021
596.743778475
593.001289001
589.308233125
585.664711562
582.070784117
578.526470641
575.031752059
571.586571445
1258.35760332
1384.01387844
1381.00239665
1377.95674684
1374.88114241
1371.77904578
1368.65361766
1365.50780001
1362.34433257
1359.16575849
1355.97442855
1352.77250537
1349.5619681
1346.34461742
1343.12208086
1339.89581846
1336.66712871
1333.43715468
1330.2068904
1326.97718737
1323.74876122
1320.52219843
1317.29796314
1314.07640418
1310.85776076
1307.64217109
1304.42967767
1301.22023426
1298.0137123
1294.80990722
1291.60854459
1288.40928599
1285.21173481
1282.01544174
1278.81991008
1275.62460077
1272.42893723
1269.23230995
1266.0340808
1262.8335871
1259.63014549
1256.42305554
1253.21160306
1249.99506329
1246.77270377
1243.54378703
1240.3075731
1237.06332174
1233.81029459
1230.54775699
1227.27497976
1223.99124077
1220.69582629
1217.38803233
1214.06716569
1210.73254499
1207.38350156
1204.01938018
1200.63953977
1197.24335397
1193.83021159
1190.39951706
1186.95069074
1183.48316925
1179.99640562
1176.48986949
1172.96303798
1169.4154319
1165.84656297
1162.25596811
1158.64320114
1155.00783272
1151.3494503
1147.66767409
1143.96209384
1140.23236211
1136.47813286
1132.69907652
1128.89487986
1125.06524593
1121.20989402
1117.32855958
1113.420994
1109.48696545
1105.52625736
1101.53866956
1097.52401797
1093.48213464
1089.41286782
1085.31608202
1081.19165812
1077.03949352
1072.85950224
1068.65161514
1064.41578009
1060.1519622
1055.86014408
1051.54032611
1047.19252675
1042.81678283
1038.41314994
1033.98170279
1029.52253561
1025.03577052
1020.52152443
1015.97996303
1011.41126256
1006.8156215
1002.19326069
997.544423869
992.869378189
988.168414737
983.44184911
978.690021967
973.913299584
969.112066178
964.286759012
959.43781408
954.565706053
949.670937525
944.754039816
939.815573477
934.856128737
929.876325898
924.876815692
919.858279602
914.821430119
909.767010967
904.695797249
899.608595548
894.506243949
889.389611999
884.259600587
879.117141741
873.963198349
868.79876379
863.624861469
858.442544268
853.252893895
848.057020134
842.856060002
837.651176793
832.443559036
827.234419322
822.024993123
816.816537299
811.61032878
806.407662956
801.20985204
796.018223342
790.834117449
785.658886329
780.49389136
775.340501283
770.200090108
765.074034949
759.963713822
754.8705034
749.795776741
744.740900988
739.707235066
734.696127366
729.708913442
724.746913721
719.81143124
714.903749415
710.025129858
705.176810242
700.360002232
695.575889484
690.825625724
686.11033291
681.431099486
676.78897874
672.184987263
667.620103514
663.095266509
658.611374618
654.169284491
649.769810099
645.413721912
641.101746189
636.834564403
632.612812793
628.437082032
624.307917026
620.22581683
616.191234679
612.204578143
608.266209377
604.376445493
600.535559021
596.743778475
593.001289001
589.308233125
585.664711562
582.070784117
578.526470641
575.031752059
571.586571445
