-11.0635958731
-12.9430143696
-11.9698763184
-11.3480937872
-11.0288659826
-10.8665198467
-10.7685766074
-10.6939125302
-10.6265689277
-10.5607960442
-10.4947002029
-10.427791708
-10.3600742115
-10.2917140443
-10.2229227847
-10.1539168279
-10.0849041176
-10.0160800879
-9.94762650697
-9.87971109816
-9.81248729027
-9.74609394497
-9.68065506576
-9.61627953106
-9.55306089714
-11.0635958731
-12.9430143696
-11.9698763184
-11.3480937872
-11.0288659826
-10.8665198467
-10.7685766074
-10.6939125302
-10.6265689277
-10.5607960442
-10.4947002029
-10.427791708
-10.3600742115
-10.2917140443
-10.2229227847
-10.1539168279
-10.0849041176
-10.0160800879
-9.94762650697
-9.87971109816
-9.81248729027
-9.74609394497
-9.68065506576
-9.61627953106
-9.55306089714
