-33.4341414913
-2.49751751748
-2.47017314071
-2.44391211542
-2.41869627059
-2.3945120051
-2.37134937311
-2.3492003905
-2.32805473158
-2.30790575176
-2.28874630757
-2.27056980662
-2.25337019311
-2.23714193419
-2.22188000697
-2.20757988606
-2.19423753169
-2.18184937823
-2.17041232315
-2.15992371623
-2.15038134911
-2.14178344502
-2.13412864868
-2.12741601633
-2.12164500585
-2.11681546684
-2.11292763079
-2.10998210107
-2.10797984289
-2.10692217313
-2.10681074991
-2.10764756201
-2.10943491802
-2.11217543511
-2.11587202758
-2.12052789493
-2.12614650958
-2.13273160409
-2.14028715795
-2.1488173838
-2.15832671312
-2.16881978125
-2.18030141197
-2.19277660119
-2.20625050012
-2.22072839762
-2.2362157019
-2.25271792129
-2.2702406444
-2.28878951924
-2.30837023169
-2.32898848294
-2.35064996613
-2.37336034204
-2.3971252139
-2.42195010122
-2.44784041277
-2.47480141852
-2.50283822075
-2.53195572416
-2.56215860511
-2.59345127993
-2.6258378724
-2.65932218032
-2.69390764133
-2.72959729789
-2.76639376157
-2.80429917669
-2.84331518324
-2.88344287936
-2.92468278326
-2.96703479484
-3.01049815685
-3.05507141605
-3.10075238403
-3.14753809825
-3.1954247831
-3.24440781119
-3.29448166516
-3.34563989988
-3.39787510546
-3.45117887105
-3.50554174963
-3.56095322403
-3.61740167427
-3.67487434644
-3.7333573233
-3.79283549677
-3.85329254251
-3.91471089679
-3.97707173581
-4.04035495765
-4.10453916709
-4.16960166346
-4.2355184316
-4.30226413627
-4.36981212005
-4.43813440485
-4.50720758955
-4.57698934566
-4.64745361684
-4.71856723615
-4.79029578338
-4.86260361109
-4.93545387503
-5.00880856891
-5.0826285636
-5.15687365054
-5.23150258968
-5.30647316142
-5.38174222292
-5.45726576829
-5.53299899279
-5.60889636064
-5.6849116765
-5.76099816017
-5.83710852441
-5.91319505565
-5.98920969708
-6.06510413422
-6.14082988215
-6.21633837456
-6.2915810539
-6.36650946244
-6.44107533386
-6.51523068493
-6.58892790695
-6.66211985658
-6.73475994556
-6.80680222911
-6.8782014925
-6.94891333548
-7.0188942542
-13.2601418135
-13.3034259518
-14.5645672826
-16.597786705
-18.5908404033
-20.54644798
-22.4667585867
-24.3534909039
-26.2080431181
-28.0315739825
-29.825062405
-31.589351475
-33.325181174
-35.0332128029
-36.7140473029
-38.3682390483
-39.9963062603
-41.5987388878
-43.1760045814
-44.7285532256
-46.256820378
-47.7612298792
-49.2421958305
-50.7001240935
-52.1354134239
-53.5484563323
-54.939639737
-56.3093454654
-57.6641762164
-59.0030152154
-60.3218026004
-61.6208943593
-62.9006431395
-64.1614014356
-65.4035184327
-66.6273415974
-67.8332168805
-69.0214891097
-70.1925024559
-71.3466009921
-72.4841293624
-73.605433586
-74.7108620224
-75.8007665341
-76.8755038886
-77.9354374555
-78.9809392679
-80.0123925371
-81.0301947368
-82.0347614086
-83.0265308878
-84.0059702152
-84.9735825945
-85.9299168804
-86.8755797712
-87.8112516422
-88.737707352
-89.655843937
-90.5667180102
-91.4715970767
-92.3720312267
-93.2699553652
-94.1678384407
-95.0689072862
-95.9774933036
-96.899590401
-97.8437960298
-33.4341414913
-2.49751751748
-2.47017314071
-2.44391211542
-2.41869627059
-2.3945120051
-2.37134937311
-2.3492003905
-2.32805473158
-2.30790575176
-2.28874630757
-2.27056980662
-2.25337019311
-2.23714193419
-2.22188000697
-2.20757988606
-2.19423753169
-2.18184937823
-2.17041232315
-2.15992371623
-2.15038134911
-2.14178344502
-2.13412864868
-2.12741601633
-2.12164500585
-2.11681546684
-2.11292763079
-2.10998210107
-2.10797984289
-2.10692217313
-2.10681074991
-2.10764756201
-2.10943491802
-2.11217543511
-2.11587202758
-2.12052789493
-2.12614650958
-2.13273160409
-2.14028715795
-2.1488173838
-2.15832671312
-2.16881978125
-2.18030141197
-2.19277660119
-2.20625050012
-2.22072839762
-2.2362157019
-2.25271792129
-2.2702406444
-2.28878951924
-2.30837023169
-2.32898848294
-2.35064996613
-2.37336034204
-2.3971252139
-2.42195010122
-2.44784041277
-2.47480141852
-2.50283822075
-2.53195572416
-2.56215860511
-2.59345127993
-2.6258378724
-2.65932218032
-2.69390764133
-2.72959729789
-2.76639376157
-2.80429917669
-2.84331518324
-2.88344287936
-2.92468278326
-2.96703479484
-3.01049815685
-3.05507141605
-3.10075238403
-3.14753809825
-3.1954247831
-3.24440781119
-3.29448166516
-3.34563989988
-3.39787510546
-3.45117887105
-3.50554174963
-3.56095322403
-3.61740167427
-3.67487434644
-3.7333573233
-3.79283549677
-3.85329254251
-3.91471089679
-3.97707173581
-4.04035495765
-4.10453916709
-4.16960166346
-4.2355184316
-4.30226413627
-4.36981212005
-4.43813440485
-4.50720758955
-4.57698934566
-4.64745361684
-4.71856723615
-4.79029578338
-4.86260361109
-4.93545387503
-5.00880856891
-5.0826285636
-5.15687365054
-5.23150258968
-5.30647316142
-5.38174222292
-5.45726576829
-5.53299899279
-5.60889636064
-5.6849116765
-5.76099816017
-5.83710852441
-5.91319505565
-5.98920969708
-6.06510413422
-6.14082988215
-6.21633837456
-6.2915810539
-6.36650946244
-6.44107533386
-6.51523068493
-6.58892790695
-6.66211985658
-6.73475994556
-6.80680222911
-6.8782014925
-6.94891333548
-7.0188942542
-13.2601418135
-13.3034259518
-14.5645672826
-16.597786705
-18.5908404033
-20.54644798
-22.4667585867
-24.3534909039
-26.2080431181
-28.0315739825
-29.825062405
-31.589351475
-33.325181174
-35.0332128029
-36.7140473029
-38.3682390483
-39.9963062603
-41.5987388878
-43.1760045814
-44.7285532256
-46.256820378
-47.7612298792
-49.2421958305
-50.7001240935
-52.1354134239
-53.5484563323
-54.939639737
-56.3093454654
-57.6641762164
-59.0030152154
-60.3218026004
-61.6208943593
-62.9006431395
-64.1614014356
-65.4035184327
-66.6273415974
-67.8332168805
-69.0214891097
-70.1925024559
-71.3466009921
-72.4841293624
-73.605433586
-74.7108620224
-75.8007665341
-76.8755038886
-77.9354374555
-78.9809392679
-80.0123925371
-81.0301947368
-82.0347614086
-83.0265308878
-84.0059702152
-84.9735825945
-85.9299168804
-86.8755797712
-87.8112516422
-88.737707352
-89.655843937
-90.5667180102
-91.4715970767
-92.3720312267
-93.2699553652
-94.1678384407
-95.0689072862
-95.9774933036
-96.899590401
-97.8437960298
