74.6791931439
74.4723681135
74.2709337956
74.0746858584
73.8834426638
73.6970345156
73.5153015508
73.3380927876
73.1652653889
72.9966840164
72.8322202511
72.6717520711
72.5151633796
72.362343577
72.2131871735
72.0675934354
71.9254660642
71.7867129026
71.6512456664
71.5189796984
71.3898337431
71.2637297393
71.1405926293
71.0203501839
70.9029328395
70.788273549
70.6763076428
70.566972701
70.4602084345
70.355956574
70.2541607685
70.154766489
70.0577209404
69.9629729785
69.8704730327
69.7801730345
69.6920263498
69.6059877158
69.522013183
69.4400600591
69.3600868578
69.2820532506
69.2059200207
69.1316490208
69.0592031331
68.9885462308
68.9196431435
68.8524596235
68.786962314
68.7231187199
68.6608971797
68.6002668388
68.5411976253
68.4836602258
68.4276260637
68.3730672777
68.3199567027
68.2682678501
68.2179748907
68.1690526379
68.1214765312
68.0752226215
68.0302675571
67.9865885692
67.9441634601
67.9029705901
67.8629888663
67.8241977317
67.7865771545
67.750107618
67.7147701116
67.6805461214
67.6474176217
67.615367067
67.5843773839
67.5544319642
67.5255146573
67.4976097637
67.4707020286
67.4447766355
67.4198192008
67.3958157675
67.3727528004
67.3506171807
67.3293962008
67.3090775602
67.2896493601
67.2711000995
67.253418671
67.2365943564
67.220616823
67.2054761193
67.1911626721
67.177667282
67.1649811204
67.1530957258
67.1420030007
67.1316952079
67.1221649676
67.1134052538
67.1054093915
67.0981710533
67.0916842562
67.0859433586
67.0809430571
67.0766783833
67.0731447005
67.0703377006
67.0682534007
67.0668881397
67.0662385752
67.0663016795
67.0670747364
67.0685553372
67.0707413772
67.0736310514
67.0772228507
67.0815155577
67.0865082418
67.0922002553
67.0985912283
67.1056810636
67.1134699318
67.1219582658
67.1311467551
67.1410363399
67.1516282049
67.1629237732
67.1749246988
67.1876328605
67.2010503536
67.2151794828
67.230022754
67.2459420382
67.2625667213
67.2347203953
67.2107136729
67.190427402
67.1737563926
67.1606022685
67.1508718476
67.1444763203
67.1413306504
67.1413531002
67.1444648471
67.1505896703
67.1596536935
67.1715851708
67.1863143097
67.203773122
67.2238952998
67.2466161113
67.2718723138
67.2996020829
67.3297449533
67.362241773
67.397034668
67.4340670174
67.473283438
67.5146297798
67.5580531295
67.6035018251
67.6509254801
67.7002750184
67.7515027204
67.8045622811
67.8594088822
67.9159992775
67.9742918962
68.0342469626
68.0958266378
68.1589951844
68.2237191574
68.2899676276
68.3577124398
68.4269285144
68.4975941983
68.5696916756
68.6431466145
68.7179480817
68.7940984193
68.8716061124
68.950486755
69.0307642079
69.1124719984
69.1956550285
69.2803716769
69.3666964092
69.4547230538
69.5445689607
69.6363803496
69.7303392889
69.8266729544
69.9256661483
70.0276786035
70.1331695345
70.2427335699
70.3571553816
70.4774967883
70.6052444309
