64.3815509243
64.3848247314
64.3880751835
64.3913029232
64.3945083588
64.3976918325
64.4008536656
64.4039941725
64.4071136643
64.4102124507
64.4132908399
64.4163491391
64.4193876546
64.4224066918
64.4254065554
64.4283875496
64.4313499778
64.4342941428
64.437220347
64.4401288923
64.4430200802
64.4458942114
64.4487515865
64.4515925057
64.4544172683
64.4572261737
64.4600195204
64.4627976067
64.4655607301
64.4683091878
64.4710432763
64.4737632915
64.4764695286
64.4791622823
64.4818418462
64.4845085134
64.4871625761
64.4898043255
64.4924340518
64.4950520443
64.497658591
64.500253979
64.5028384939
64.5054124202
64.5079760407
64.5105296371
64.5130734893
64.5156078755
64.5181330723
64.5206493545
64.5231569948
64.525656264
64.5281474308
64.5306307616
64.5331065204
64.535574969
64.5380363664
64.540490969
64.5429390305
64.5453808017
64.5478165301
64.5502464605
64.552670834
64.5550898885
64.5575038583
64.5599129739
64.5623174622
64.5647175459
64.5671134437
64.5695053699
64.5718935345
64.5742781428
64.5766593955
64.5790374882
64.5814126114
64.5837849505
64.5861546854
64.5885219903
64.5908870337
64.5932499782
64.5956109799
64.5979701889
64.6003277485
64.6026837954
64.6050384592
64.6073918624
64.6097441201
64.6120953398
64.6144456212
64.6167950559
64.6191437274
64.6214917105
64.6238390714
64.6261858674
64.6285321466
64.6308779475
64.6332232992
64.6355682206
64.6379127206
64.6402567978
64.6426004399
64.6449436238
64.6472863153
64.6496284685
64.6519700261
64.6543109187
64.6566510647
64.65899037
64.6613287279
64.6636660183
64.6660021083
64.6683368511
64.6706700864
64.6730016394
64.6753313215
64.677658929
64.6799842438
64.6823070324
64.6846270459
64.6869440201
64.6892576747
64.6915677133
64.6938738234
64.6961756757
64.6984729242
64.700765206
64.7030521408
64.7053333312
64.7076083619
64.7098767999
64.7121381944
64.7143920763
64.7166379584
64.718875335
64.7211036818
64.7233224562
64.7255310965
64.7277290223
64.7299156346
64.7320903151
64.7342524269
64.7364013138
64.738536301
64.7406566945
64.7427617818
64.7448508313
64.7469230929
64.7489777977
64.7510141586
64.7530313701
64.7550286087
64.7570050329
64.7589597837
64.7608919845
64.7628007418
64.7646851452
64.7665442678
64.7683771665
64.7701828825
64.7719604417
64.773708855
64.7754271185
64.7771142147
64.7787691119
64.7803907658
64.7819781189
64.783530102
64.785045634
64.7865236227
64.7879629652
64.7893625488
64.7907212509
64.7920379401
64.7933114763
64.7945407115
64.7957244901
64.7968616497
64.797951021
64.7989914289
64.7999816925
64.8009206257
64.8018070375
64.8026397326
64.8034175114
64.8041391706
64.8048035031
64.8054092988
64.8059553443
64.8064404235
64.8068633175
64.8072228046
64.8075176607
64.8077466591
64.8079085707
64.8080021637
64.808026204
64.8079794543
64.8078606749
64.8076686229
64.8074020523
