62.5733261694
62.6063109821
62.638686874
62.6705103186
62.7018169085
62.7326303238
62.7629673938
62.7928409519
62.8222614458
62.851237848
62.8797781724
62.9078897705
62.9355795015
62.9628538375
62.9897189253
63.0161806278
63.0422445536
63.0679160783
63.0932003621
63.1181023644
63.1426268568
63.1667784342
63.1905615257
63.2139804039
63.2370391938
63.2597418811
63.2820923195
63.3040942379
63.3257512472
63.3470668459
63.3680444265
63.3886872803
63.4089986029
63.4289814986
63.4486389857
63.467974
63.4869893995
63.5056879684
63.5240724205
63.5421454035
63.5599095019
63.5773672411
63.5945210902
63.6113734656
63.6279267338
63.6441832148
63.6601451846
63.6758148783
63.6911944931
63.7062861902
63.721092098
63.7356143145
63.7498549092
63.7638159259
63.7774993844
63.790907283
63.8040416001
63.8169042964
63.8294973169
63.8418225901
63.8538820324
63.8656775525
63.8772110444
63.8884843948
63.8994994831
63.9102581819
63.9207623585
63.9310138756
63.9410145921
63.9507663642
63.9602710457
63.9695304887
63.9785465444
63.9873210634
63.9958558961
64.004152893
64.0122139054
64.0200407852
64.0276353853
64.0349995599
64.0421351645
64.0490440559
64.0557280923
64.0621891337
64.0684290412
64.0744496774
64.0802529065
64.0858405937
64.0912146056
64.0963768097
64.1013290745
64.1060732691
64.1106112635
64.1149449277
64.1190761324
64.1230067478
64.1267386442
64.1302736916
64.1336137591
64.1367607151
64.1397164269
64.1424827606
64.1450615805
64.1474547494
64.1496641279
64.1516915744
64.153538945
64.1552080929
64.1567008684
64.1580191185
64.1591646871
64.1601394142
64.160945136
64.1615836847
64.1620568881
64.1623665696
64.1625145477
64.162502636
64.1623326431
64.1620063721
64.1615256205
64.16089218
64.1601078366
64.1591743698
64.1580935531
64.1568671533
64.1554969303
64.1539846376
64.1523320212
64.1505408201
64.1486127658
64.1465495823
64.1443529858
64.1420246848
64.1395663797
64.1369797626
64.1342665173
64.1314283193
64.1284668354
64.1253837236
64.1221806331
64.1188592041
64.1154210677
64.1118678456
64.1082011503
64.1044225848
64.1005337425
64.096536207
64.0924315522
64.088221342
64.0839071304
64.0794904612
64.0749728681
64.0703558744
64.0656409931
64.0608297267
64.0559235672
64.0509239958
64.0458324834
64.0406504897
64.0353794639
64.030020844
64.0245760572
64.0190465197
64.0134336366
64.0077388017
64.0019633977
63.9961087962
63.9901763573
63.9841674298
63.978083351
63.9719254472
63.9656950327
63.9593934106
63.9530218723
63.9465816979
63.9400741556
63.9335005022
63.9268619826
63.9201598303
63.913395267
63.9065695026
63.8996837353
63.8927391518
63.8857369266
63.8786782229
63.8715641918
63.8643959729
63.8571746936
63.84990147
63.8425774061
63.8352035942
63.8277811149
63.8203110369
63.8127944171
63.8052323009
63.7976257217
63.7899757012
63.7822832494
63.7745493647
