18.5664
1192.64624144
1211.59893254
1228.96405115
1244.82524487
1259.27444704
1272.40757913
1284.32208439
1295.11470839
1304.87978734
1313.70797075
1321.6850437
1328.89281752
1335.40567107
1341.29363924
1346.62082385
1351.44584284
1355.8220531
1359.79782959
1363.416879
1366.71857165
1369.73827913
1372.50770751
1375.05522042
1377.40614688
1379.58307102
1381.60610222
1383.49312468
1385.26002675
1386.92091016
1388.48828032
1389.97321845
1391.38553696
1392.73391915
1394.02604459
1395.26870162
1396.46788673
1397.62889556
1398.75640166
1399.8545278
1400.92690906
1401.97674899
1403.00686934
1404.01975429
1405.0175896
1406.0022973
1406.97556641
1407.93888023
1408.89354034
1409.84068798
1410.78132287
1411.71631989
1412.64644385
1413.5723624
1414.49465776
1415.41383671
1416.33033967
1417.24192635
1418.15732575
1419.06869614
1419.97861479
1420.8881488
1421.79494682
1422.70164722
1423.60757112
1424.51282722
1425.41750625
1426.32168318
1427.22541925
1428.1287637
1429.03175532
1429.93442385
1430.83679112
1431.73887217
1432.64067613
1433.54220706
1434.44346467
1435.34444495
1436.24514071
1437.14554208
1438.04563694
1438.94541127
1439.84484949
1440.74393486
1441.64264919
1442.54097409
1443.43889015
1444.33637757
1445.23341628
1446.12998597
1447.02606625
1447.92163674
1448.81667712
1449.71116723
1450.60508707
1451.49841693
1452.39113736
1453.28322922
1454.17467373
1455.0655433
1459.78332651
1460.94626639
1462.09603434
1463.23248112
1464.35553741
1465.46523451
1466.56168493
1467.64506525
1468.71560198
1469.77356003
1470.8192332
1471.85293646
1472.87499965
1473.88576227
1474.88556937
1475.87476812
1476.8537051
1477.82272414
1478.78216459
1479.73235995
1480.67363682
1481.60631414
1482.53070255
1483.44710402
1484.35581151
1485.25710887
1486.15127069
1487.03856237
1487.91924012
1488.79355107
1489.66173347
1490.52401657
1491.38062181
1492.23176142
1493.07763985
1493.91845361
1494.75439125
1495.58563479
1496.41235826
1497.23472898
1498.05290754
1498.86704809
1499.67729849
1500.4838006
1501.28669046
1502.08609854
1502.88214989
1503.6749644
1504.46465696
1505.25133767
1506.035112
1506.816081
1507.59434143
1508.36998596
1509.14310331
1509.91377841
1510.68209257
1511.44812357
1512.21194585
1512.97363062
1513.73324597
1514.49085705
1515.24652612
1516.00031271
1516.75227371
1517.50246348
1518.25093395
1518.99773473
1519.74291319
1520.48651454
1521.22858194
1521.96915658
1522.70827775
1523.44598291
1524.18230779
1524.91728645
1525.65095131
1526.3833333
1527.11446184
1527.84436494
1528.57306927
1529.30060018
1530.02698178
1530.75223698
1531.47638757
1532.1994542
1532.9214565
1533.64241308
1534.36234159
1535.08125876
1535.79918042
1536.51612157
1537.23209638
1537.94711826
1538.66119986
1539.37435314
1540.08658936
1540.79791913
1541.50835244
1542.2178987
