7.4187
6.48963639866
6.48216827862
6.47493894509
6.46791014369
6.4610239681
6.45424178661
6.44753773229
6.44089427609
6.43429933882
6.42774440638
6.42122329897
6.41473136686
6.40826496457
6.40182110668
6.39539724219
6.38899110629
6.3826006227
6.37622383881
6.36985888255
6.36350393305
6.35715720064
6.35081691266
6.34448130321
6.33814860536
6.33181704501
6.32548483572
6.31915017422
6.31281123628
6.30646617276
6.30011310582
6.29375012506
6.28737528367
6.28098659446
6.27458202577
6.26815949725
6.2617168754
6.25525196899
6.24876252416
6.24224621935
6.23570065992
6.22912337245
6.22251179875
6.2158632895
6.20917509746
6.20244437036
6.19566814317
6.18884333006
6.18196671565
6.1750349458
6.16804451767
6.16099176914
6.15387286747
6.14668379714
6.13942034679
6.13207809526
6.1246523692
6.11713831936
6.1095307953
6.10182437248
6.09401332972
6.08609162733
6.07805288353
6.06989034916
6.06159688048
6.05316490981
6.04458641395
6.03585288016
6.02695526948
6.01788397724
6.00862879058
5.99917884279
5.98952256425
5.97964762976
5.96954090229
5.95918837277
5.94857509612
5.93768512318
5.92650142898
5.91500583722
5.9031783813
5.89099936941
5.87844625677
5.86549599699
5.85212240927
5.83829912253
5.82399763456
5.80918766157
5.79383709104
5.77791195626
5.76137644074
5.74419292334
5.72632207728
5.70772303946
5.68835367007
5.66817092675
5.64713138195
5.62519191717
5.60231063226
5.57844801202
5.55356839464
5.52764178577
5.50064605646
5.47256955036
5.44341410241
5.41319843464
5.38196184169
5.34976800765
5.3167087077
5.28290704937
5.24851981036
5.21373835593
5.17878759443
5.14392248977
5.10942181891
5.07557915138
5.04269141584
5.01104584427
4.98090645917
4.95250148762
4.92601307134
4.90157036989
4.87924667446
4.85906057026
4.84098065694
4.82493288929
4.81080952319
4.79847852705
4.78779261431
4.77859724603
4.77073724527
4.76406190053
4.75842861417
4.75370526497
4.74977150906
4.74651925484
4.74385253264
4.74168694939
4.73994888253
4.73857453146
4.73750891343
4.73670486393
4.73612208132
4.73572623932
4.73548817989
4.73538319075
4.73539036688
4.73549205162
4.73567335138
4.73592171691
4.73622658386
4.73657906559
4.73697169144
4.73739818444
4.73785327297
4.73833253488
4.73883225417
4.73934930967
4.73988108942
4.74042540283
4.74098041324
4.74154458123
4.74211661696
4.74269544004
4.74328014595
4.74386997771
4.74446430223
4.74506259036
4.74566440019
4.74626936305
4.74687717174
4.74748757066
4.74810034754
4.74871532648
4.74933236216
4.7499513349
