4214.50503679
1909.33564817
1911.24234245
1913.1826798
1915.15850859
1917.16935883
1919.21424343
1921.29206318
1923.40171586
1925.54212497
1927.71224625
1929.91106802
1932.13760989
1934.39092108
1936.67007869
1938.97418602
1941.30237092
1943.6537843
1946.02759861
1948.42300643
1950.83921914
1953.27546564
1955.73099108
1958.20505575
1960.69693391
1963.20591274
1965.73129128
1968.2723795
1970.82849729
1973.39897359
1975.98314554
1978.58035757
1981.18996066
1983.81131153
1986.44377189
1989.08670773
1991.7394886
1994.40148696
1997.07207748
1999.75063645
2002.43654114
2005.12916919
2007.82789807
2010.53210446
2013.24116372
2015.95444938
2018.67133255
2021.39118148
2024.113361
2026.83723209
2029.56215133
2032.2874705
2035.01253607
2037.73668877
2040.45926317
2043.17958722
2045.89698184
2048.61076049
2051.32022878
2054.02468409
2056.72341514
2059.41570161
2062.1008138
2064.77801224
2067.44654734
2070.10565901
2072.75457639
2075.39251741
2078.01868857
2080.63228455
2083.23248796
2085.81846898
2088.38938513
2090.94438097
2093.48258781
2096.00312351
2098.50509219
2100.98758401
2103.44967497
2105.89042667
2108.30888614
2110.70408568
2113.07504266
2115.42075939
2117.74022299
2120.03240529
2122.29626268
2124.53073611
2126.73475095
2128.90721701
2131.04702848
2133.15306393
2135.22418637
2137.25924323
2139.25706647
2141.21647263
2143.13626296
2145.01522354
2146.85212545
2148.6457249
2150.39476349
2152.09796837
2153.75405255
2155.36171512
2156.91964156
2158.42650405
2159.88096181
2161.28166147
2162.62723741
2163.91631221
2165.147497
2166.31939195
2167.4305867
2168.47966081
2169.46518422
2170.38571778
2171.23981371
2172.02601611
2172.74286145
2173.38887908
2173.96259173
2174.46251602
2174.88716295
2175.23503834
2175.50464337
2175.69447498
2175.8030263
2175.82878712
2175.7702442
2175.6258817
2175.39418148
2175.0736234
2174.66268559
2174.1598447
2173.56357607
2172.87235388
2172.0846513
2171.19894055
2170.21369294
2169.12737888
2167.93846786
2166.64542838
2165.24672785
2163.74083249
2162.12620722
2160.40131546
2158.56461902
2156.61457797
2154.54965043
2152.36829253
2150.06895827
2147.6500995
2145.11016593
2142.44760518
2139.66086297
2136.74838336
2133.7086091
2130.53998213
2127.24094419
2123.80993761
2120.24540623
2116.54579658
2112.70955918
2108.73515007
2104.62103262
2100.36567956
2095.96757519
2091.42521799
2086.73712342
2081.90182707
2076.91788804
2071.78389276
2066.4985413
2061.06032972
2055.46802769
2049.72037514
2043.81616324
2037.75424038
2031.53351847
2025.1529797
2018.61168372
2011.90877529
2005.04349238
1998.0151747
1990.82327282
1983.46735764
1975.94713047
1968.26243351
1960.4132609
1952.3997701
1944.22229383
1935.88135232
1927.37766589
1918.71216784
1909.88601741
1900.90061288
1891.7576045
1882.45890724
1873.006713
1863.40350229
4214.50503679
1909.33564817
1911.24234245
1913.1826798
1915.15850859
1917.16935883
1919.21424343
1921.29206318
1923.40171586
1925.54212497
1927.71224625
1929.91106802
1932.13760989
1934.39092108
1936.67007869
1938.97418602
1941.30237092
1943.6537843
1946.02759861
1948.42300643
1950.83921914
1953.27546564
1955.73099108
1958.20505575
1960.69693391
1963.20591274
1965.73129128
1968.2723795
1970.82849729
1973.39897359
1975.98314554
1978.58035757
1981.18996066
1983.81131153
1986.44377189
1989.08670773
1991.7394886
1994.40148696
1997.07207748
1999.75063645
2002.43654114
2005.12916919
2007.82789807
2010.53210446
2013.24116372
2015.95444938
2018.67133255
2021.39118148
2024.113361
2026.83723209
2029.56215133
2032.2874705
2035.01253607
2037.73668877
2040.45926317
2043.17958722
2045.89698184
2048.61076049
2051.32022878
2054.02468409
2056.72341514
2059.41570161
2062.1008138
2064.77801224
2067.44654734
2070.10565901
2072.75457639
2075.39251741
2078.01868857
2080.63228455
2083.23248796
2085.81846898
2088.38938513
2090.94438097
2093.48258781
2096.00312351
2098.50509219
2100.98758401
2103.44967497
2105.89042667
2108.30888614
2110.70408568
2113.07504266
2115.42075939
2117.74022299
2120.03240529
2122.29626268
2124.53073611
2126.73475095
2128.90721701
2131.04702848
2133.15306393
2135.22418637
2137.25924323
2139.25706647
2141.21647263
2143.13626296
2145.01522354
2146.85212545
2148.6457249
2150.39476349
2152.09796837
2153.75405255
2155.36171512
2156.91964156
2158.42650405
2159.88096181
2161.28166147
2162.62723741
2163.91631221
2165.147497
2166.31939195
2167.4305867
2168.47966081
2169.46518422
2170.38571778
2171.23981371
2172.02601611
2172.74286145
2173.38887908
2173.96259173
2174.46251602
2174.88716295
2175.23503834
2175.50464337
2175.69447498
2175.8030263
2175.82878712
2175.7702442
2175.6258817
2175.39418148
2175.0736234
2174.66268559
2174.1598447
2173.56357607
2172.87235388
2172.0846513
2171.19894055
2170.21369294
2169.12737888
2167.93846786
2166.64542838
2165.24672785
2163.74083249
2162.12620722
2160.40131546
2158.56461902
2156.61457797
2154.54965043
2152.36829253
2150.06895827
2147.6500995
2145.11016593
2142.44760518
2139.66086297
2136.74838336
2133.7086091
2130.53998213
2127.24094419
2123.80993761
2120.24540623
2116.54579658
2112.70955918
2108.73515007
2104.62103262
2100.36567956
2095.96757519
2091.42521799
2086.73712342
2081.90182707
2076.91788804
2071.78389276
2066.4985413
2061.06032972
2055.46802769
2049.72037514
2043.81616324
2037.75424038
2031.53351847
2025.1529797
2018.61168372
2011.90877529
2005.04349238
1998.0151747
1990.82327282
1983.46735764
1975.94713047
1968.26243351
1960.4132609
1952.3997701
1944.22229383
1935.88135232
1927.37766589
1918.71216784
1909.88601741
1900.90061288
1891.7576045
1882.45890724
1873.006713
1863.40350229
