-0.824082283746
4.87337783675
4.89588887121
4.91634254793
4.93444223205
4.95034176295
4.96428757763
4.97652749645
4.98728906538
4.99677611979
5.00516996177
5.01263154144
5.01930369679
5.02531321836
5.03077269526
5.03578214945
5.04043047742
5.04479672024
5.04895118197
5.05295641458
5.05686808561
5.06073574306
5.06460349
5.06851058018
5.07249194438
5.07657865589
5.08079834267
5.08517555271
5.0897320781
5.09448724299
5.09945815954
5.10465995577
5.11010597861
5.11580797494
5.12177625327
5.12801982824
5.13454654982
5.14136321902
5.1484756916
5.15588897102
5.16360729188
5.17163419489
5.17997259427
5.18862483824
5.19759276362
5.2068777449
5.21648073842
5.22640232224
5.23664273202
5.24720189347
5.25807945148
5.26927479648
5.28078708824
5.29261527723
5.30475812396
5.31721421642
5.32998198573
5.34305972029
5.35644557849
5.37013760013
5.38413371668
5.39843176049
5.413029473
5.42792451216
5.44311445892
5.45859682311
5.47436904857
5.49042851775
5.50677255568
5.52339843351
5.54030337149
5.55748454162
5.57493906989
5.59266403808
5.61065648536
5.6289134095
5.64743176786
5.66620847804
5.68524041843
5.70452442843
5.7240573085
5.7438358201
5.76385668535
5.78411658662
5.80461216594
5.8253400243
5.84629672079
5.8674787717
5.88888264942
5.91050478136
5.93234154865
5.95438928491
5.97664427478
5.99910275256
6.0217609006
6.04461484784
6.06766066807
6.09089437836
6.11431193728
6.13790924318
6.16168213238
6.18562637738
6.20973768498
6.23401169442
6.25844397549
6.28303002662
6.30776527294
6.33264506434
6.35766467353
6.38281929407
6.4081040384
6.43351393592
6.45904393095
6.48468888084
6.51044355396
6.53630262778
6.56226068693
6.58831222124
6.61445162384
6.6406731893
6.66697111166
6.69333948265
6.71977228979
6.74626341459
6.77280663076
6.79939560242
6.82602388237
6.85268491037
6.87937201143
6.9060783942
6.9327971493
6.95952124774
6.98624353937
7.01295675133
7.03965348657
7.06632622238
7.09296730897
7.11956896804
7.14612329146
7.17262223989
7.19905764152
7.22542119073
7.2517044469
7.27789883315
7.30399563514
7.32998599986
7.35586093452
7.3816113053
7.40722783629
7.4327011083
7.45802155769
7.48317947529
7.50816500517
7.53296814348
7.55757873729
7.5819864833
7.60618092664
7.63015145949
7.65388731979
7.6773775898
7.70061119457
7.72357690046
7.74626331344
7.76865887733
7.79075187204
7.81253041151
7.83398244168
7.85509573828
7.87585790442
7.8962563681
7.91627837952
7.93591100821
7.95514113998
7.97395547369
7.99234051776
8.01028258652
8.02776779635
8.04478206147
8.06131108967
8.07734037763
8.09285520607
8.10784063463
8.12228149651
8.13616239278
8.1494676865
8.16218149653
8.17428769113
8.18576988125
8.19661141361
8.20679536353
8.21630452754
8.22512141577
8.23322824418
8.24060692652
8.2472390663
8.25310594847
8.25818853114
8.26246743713
8.2659229456
