277.751132
276.425976318
275.106372732
273.792107453
272.483147529
271.179499705
269.881178765
268.588200434
267.300579834
266.018331175
264.741467734
263.470001888
262.203945155
260.943308236
259.688101056
258.438332794
257.19401192
255.955146213
254.721742794
253.49380814
252.271348104
251.054367932
249.84287227
248.63686518
247.436350144
246.241330073
245.051807313
243.867783644
242.689260288
241.51623791
240.348716617
239.186695961
238.03017494
236.879151997
235.733625023
234.593591357
233.459047786
232.329990551
231.206415347
230.088317326
228.975691102
227.868530758
226.76682985
225.670581414
224.579777975
223.494411556
222.41447369
221.339955429
220.270847359
219.207139609
218.148821873
217.09588342
216.048313113
215.006099425
213.969230462
212.937693975
211.911477389
210.890567817
209.874952086
208.864616755
207.859548143
206.859732349
205.865155274
204.875802651
203.89166006
202.912712963
201.938946718
200.970346612
200.006897879
199.048585727
198.095395364
197.147312016
196.204320957
195.266407527
194.333557157
193.405755391
192.482987907
191.565240537
190.652499291
189.744750373
188.841980202
187.944175428
187.051322952
186.163409945
185.280423857
184.402352438
183.529183749
182.660906181
181.79750846
180.938979665
180.085309234
179.236486978
178.392503087
177.553348141
176.719013116
175.889489391
175.064768752
174.244843401
173.429705957
172.61934946
171.813767372
171.012953582
170.216902404
169.42560858
168.639067276
167.857274084
167.080225016
166.307916508
165.54034541
164.777508985
164.019404905
163.266031245
162.517386476
161.773469461
161.034279448
160.299816061
159.570079291
158.845069493
158.124787369
157.409233966
156.698410662
155.992319157
155.290961462
154.594339889
153.902457035
153.215315777
152.532919254
151.855270856
151.182374214
150.51423318
149.850851821
149.192234398
148.538385357
147.88930931
147.245011024
146.605495404
145.970767477
145.340832375
144.715695325
144.095361626
143.479836634
142.869125749
142.263234395
141.662168004
141.065931996
140.474531768
139.88797267
139.306259991
138.729398939
138.157394626
137.590252046
137.027976061
136.470571381
135.918042544
135.370393901
134.827629596
134.289753547
133.756769429
133.228680658
132.705490368
132.187201395
131.673816262
131.165337156
130.661765915
130.163104006
129.669352514
129.180512116
128.696583074
128.21756521
127.743457896
127.274260033
126.809970039
126.350585832
125.896104817
125.446523868
125.001839317
124.56204694
124.127141944
123.697118953
123.271971998
122.851694504
122.436279281
122.025718514
121.620003749
121.21912589
120.823075189
120.431841236
120.045412956
119.663778601
119.286925743
118.914841273
118.547511397
118.184921769
117.827056951
117.473901177
117.125437902
116.781649879
116.442519161
116.108027114
115.778154418
