9.87756626442
9.92090325365
9.93702072847
9.93773214499
9.93061161061
9.92027065527
9.90938447208
9.89941587286
9.8910929617
9.88471104255
9.88032441478
9.87785174411
9.87714875875
9.87804533537
9.88036715781
9.88394722975
9.88863144843
9.8942807788
9.90077154353
9.90799472295
9.91585478351
9.92426835701
9.93316335699
9.94247582652
9.95215104302
9.96214146088
9.97240579311
9.98290819999
9.99361757472
10.0045069188
10.0155527982
10.0267348707
10.0380354758
10.0494392795
10.0609329662
10.072504971
10.0841449836
10.0958438479
10.1075951207
10.1193920101
10.1312286807
10.1431001002
10.1550019151
10.1669303517
10.1788821351
10.190854421
10.202844738
10.214850938
10.2268711534
10.2389037599
10.250947345
10.2630006799
10.2750626954
10.2871324613
10.2992091677
10.3112921097
10.323381491
10.3354747491
10.3475728161
10.3596751983
10.3717814925
10.3838913648
10.3960045331
10.4081207555
10.4202398232
10.4323615545
10.4444857914
10.4566123953
10.4687412453
10.4808722351
10.4930052714
10.505140272
10.5172771646
10.5294158851
10.541556377
10.5536985901
10.5658424798
10.5779880062
10.5901351339
10.6022838308
10.6144340684
10.6265858207
10.6387390642
10.6508937775
10.6630499411
10.675207537
10.6873665489
10.6995269613
10.71168876
10.7238519318
10.7360164641
10.7481823453
10.7603495643
10.7725181104
10.7846879736
10.7968591442
10.809031613
10.8212053711
10.8333804097
10.8455567205
10.8131434732
10.7741830647
10.7323315326
10.6893212245
10.6460125146
10.6028400666
10.5600290622
10.5177005363
10.4759228926
10.4347372243
10.394169845
10.3542385561
10.3149558334
10.276330492
10.2383685951
10.2010739811
10.1644486
10.1284927451
10.0932052322
10.0585835466
10.0246239709
9.99132169927
9.95867094191
9.92666502211
9.89529646602
9.86455708665
9.83443806226
9.80493000973
9.77602305301
9.74770688711
9.71997083772
9.69280391676
9.66619487402
9.64013224512
9.61460439587
9.58959956337
9.56510589384
9.54111147745
9.51760438031
9.49457267373
9.47200446087
9.44988790104
9.42821123169
9.40696278825
9.386131022
9.36570451598
9.34567199923
9.3260223593
9.30674465333
9.28782811761
9.26926217584
9.25103644624
9.23314074745
9.21556510338
9.1982997472
9.18133512433
9.1646618947
9.14827093423
9.13215333568
9.11630040888
9.10070368033
9.08535489246
9.07024600226
9.05536917964
9.04071680538
9.02628146873
9.01205596482
8.99803329171
8.98420664731
8.97056942606
8.95711521547
8.94383779252
8.93073112
8.91778934265
8.90500678331
8.89237793898
8.87989747687
8.8675602304
8.85536119516
8.84329552495
8.83135852774
8.8195456617
8.80785253124
8.79627488311
8.78480860249
8.77344970916
8.76219435375
8.75103881397
8.73997949097
8.72901290574
8.71813569556
8.70734461053
8.6966365102
8.68600836022
8.67545722909
8.66498028499
8.65457479268
8.64423811045
8.63396768722
8.62376105957
