0.00438763251534
0.00438171874946
0.00437639833105
0.00437165205644
0.00436745393342
0.00436377834088
0.00436060088437
0.00435789843099
0.00435564904141
0.00435383189398
0.00435242721315
0.00435141620318
0.00435078098694
0.0043505045494
0.00435057068529
0.00435096395067
0.00435166961803
0.00435267363466
0.00435396258394
0.0043555236494
0.00435734458125
0.00435941366523
0.00436171969356
0.00436425193785
0.00436700012379
0.00436995440754
0.00437310535356
0.00437644391396
0.00437996140911
0.00438364950942
0.00438750021832
0.00439150585623
0.00439565904553
0.00439995269636
0.00440437999335
0.00440893438305
0.00441360956211
0.00441839946615
0.0044232982592
0.00442830032379
0.00443340025158
0.0044385928344
0.00444387305594
0.00444923608371
0.00445467726155
0.00446019210246
0.0044657762818
0.00447142563087
0.00447713613077
0.00448290390661
0.00448872522193
0.00449459647348
0.00450051418618
0.00450647500833
0.00451247570708
0.00451851316407
0.00452458437126
0.00453068642702
0.00453681653227
0.00454297198693
0.00454915018641
0.00455534861831
0.00456156485924
0.00456779657181
0.00457404150165
0.00458029747469
0.00458656239441
0.00459283423931
0.00459911106043
0.00460539097894
0.00461167218392
0.00461795293009
0.00462423153576
0.00463050638075
0.00463677590447
0.004643038604
0.00464929303231
0.00465553779646
0.00466177155597
0.00466799302114
0.00467420095151
0.00468039415432
0.00468657148308
0.00469273183611
0.00469887415521
0.00470499742432
0.00471110066826
0.00471718295147
0.00472324337686
0.00472928108459
0.00473529525102
0.00474128508759
0.00474724983979
0.00475318878614
0.00475910123721
0.00476498653466
0.00477084405035
0.00477667318542
0.00478247336942
0.00478824405952
0.00479398473965
0.00479969491972
0.0048053741349
0.00481102194482
0.00481663793289
0.0048222217056
0.00482777289186
0.00483329114231
0.00483877612872
0.00484422754334
0.00484964509835
0.00485502852525
0.0048603775743
0.00486569201399
0.00487097163049
0.00487621622716
0.00488142562404
0.00488659965736
0.00489173817912
0.00489684105656
0.00490190817176
0.00490693942125
0.00491193471552
0.00491689397866
0.00492181714799
0.00492670417364
0.0049315550182
0.00493636965637
0.00494114807462
0.00494589027084
0.00495059625403
0.00495526604396
0.00495989967093
0.00496445775834
0.00496898302308
0.0049395946002
0.00491013088229
0.00488107697457
0.00485274032801
0.00482531776724
0.00479893530572
0.00477367209345
0.00474957543039
0.00472667055746
0.00470496725451
0.00468446440559
0.00466515322611
0.00464701958374
0.00463004569102
0.00461421135369
0.00459949489979
0.00458587387594
0.00457332557223
0.00456182741952
0.00455135729125
0.00454186797802
0.00453333764136
0.004525749094
0.00451908603272
0.00451333313785
0.00450847616046
0.00450450199248
0.00450139872803
0.0044991557185
0.00449776362444
0.00449721446656
0.00449750167801
0.00449862015982
0.00450056634141
0.00450333824785
0.00450693557579
0.00451135977985
0.00451661417178
0.00452270403437
0.00452963675318
0.00453742196877
0.00454607175334
0.00455560081591
0.00456602674138
0.00457737026952
0.00458965562188
0.00460291088582
0.00461716846777
0.0046324656302
0.00464884513144
0.00466635599197
0.00468505441842
0.00470500492545
0.00472628170901
0.00474897034218
0.00477316989054
0.00479899558049
0.00482658220808
0.00485608855646
0.00488770321533
0.00492165239303
0.00495821063623
0.00499771592483
0.00504059159459
0.005087379398
