64.1822276895
64.1853841697
64.1885036042
64.1915866485
64.194633716
64.1976451507
64.2006212751
64.2035624049
64.2064688531
64.2093409311
64.2121789498
64.2149832192
64.2177540487
64.2204917473
64.2231966234
64.2258689852
64.2285091404
64.2311173963
64.2336940602
64.2362394386
64.2387538383
64.2412375656
64.2436909263
64.2461142265
64.2485077717
64.250871867
64.2532068178
64.2555129286
64.2577905041
64.2600398483
64.2622612652
64.2644550583
64.2666215307
64.2687609851
64.2708737238
64.2729600485
64.2750202606
64.2770546607
64.2790635489
64.2810472247
64.2830059868
64.2849401333
64.2868499614
64.2887357674
64.2905978468
64.2924364941
64.2942520027
64.2960446651
64.2978147725
64.2995626149
64.301288481
64.3029926582
64.3046754325
64.3063370883
64.3079779085
64.3095981744
64.3111981652
64.3127781589
64.3143384309
64.3158792553
64.3174009034
64.318903645
64.3203877471
64.3218534746
64.3233010899
64.3247308528
64.3261430205
64.3275378471
64.3289155843
64.3302764804
64.3316207808
64.3329487276
64.3342605596
64.3355565119
64.3368368163
64.3381017008
64.3393513893
64.3405861021
64.341806055
64.3430114598
64.3442025237
64.3453794496
64.3465424354
64.3476916744
64.3488273548
64.3499496595
64.3510587664
64.3521548476
64.3532380698
64.3543085937
64.3553665742
64.35641216
64.3574454933
64.3584667099
64.3594759391
64.3604733029
64.3614589167
64.3624328883
64.3633953182
64.3643462993
64.3652859164
64.3662142465
64.3671313583
64.368037312
64.3689321592
64.3698159424
64.3706886954
64.3715504422
64.3724011977
64.3732409669
64.3740697447
64.3748875159
64.375694255
64.3764899257
64.3772744809
64.3780478623
64.3788100003
64.3795608138
64.3803002099
64.3810280837
64.3817443178
64.3824487826
64.3831413357
64.3838218216
64.3844900717
64.3851459042
64.3857891232
64.3864195194
64.3870368691
64.3876409344
64.3882314629
64.3888081873
64.3893708255
64.3899190802
64.3904526387
64.3909711726
64.391474338
64.3919617747
64.3924331067
64.3928879413
64.3933258697
64.3937464662
64.3941492882
64.3945338763
64.394899754
64.3952464275
64.3955733855
64.3958800995
64.3961660233
64.3964305929
64.3966732268
64.3968933255
64.3970902718
64.3972634305
64.3974121485
64.3975357549
64.3976335607
64.3977048591
64.3977489255
64.3977650173
64.3977523745
64.3977102191
64.3976377558
64.397534172
64.3973986377
64.3972303057
64.3970283123
64.3967917768
64.3965198021
64.396211475
64.3958658664
64.3954820314
64.39505901
64.3945958268
64.3940914922
64.3935450021
64.3929553384
64.3923214697
64.3916423512
64.3909169259
64.3901441241
64.3893228646
64.3884520549
64.3875305917
64.3865573612
64.3855312399
64.384451095
64.3833157846
64.3821241588
64.3808750596
64.3795673216
64.3781997727
64.3767712343
64.3752805218
64.373726445
64.372107809
64.3704234139
64.3686720556
64.3668525262
64.3649636142
