0.0287946
1.57348993448
1.63122321907
1.67215879751
1.70088781672
1.72109543757
1.73551270653
1.74606825781
1.7540829831
1.76044476057
1.76574269791
1.7703642764
1.77456265061
1.77850223815
1.78228916817
1.7859918988
1.78965635197
1.79330600672
1.79695745819
1.8006206013
1.80430105315
1.80800172788
1.81172385711
1.81546764844
1.81923270779
1.82301830818
1.82682356037
1.83064748175
1.83448917079
1.83834771243
1.84222225435
1.84611201432
1.85001628177
1.85393441595
1.85786584213
1.86181004692
1.86576657314
1.86973501462
1.87371501128
1.8777062444
1.88170843236
1.88572132664
1.88974470828
1.89377838467
1.89782218663
1.90187596586
1.90593958037
1.91001298171
1.91409599537
1.91818854826
1.92229057265
1.92640200795
1.93052280113
1.93465290655
1.93879228546
1.94294090539
1.94709873957
1.9512657663
1.95544196844
1.9596273329
1.96382185018
1.96802551402
1.97223832099
1.97646027022
1.98069136311
1.98493160306
1.98918099529
1.99343954661
1.99770726525
2.00198416073
2.0062740612
2.01056938628
2.01487006951
2.01918378208
2.02350673075
2.027838934
2.03218040836
2.03653116978
2.04089123434
2.04526061843
2.04963933887
2.05402741288
2.05842485807
2.06283169237
2.06724793402
2.07167360152
2.07610871358
2.08055328914
2.08500734732
2.08947090739
2.09394398879
2.0984266111
2.102918794
2.10742055732
2.11193192098
2.11645290501
2.12098352953
2.12552381475
2.13007378097
2.13463344856
2.12090618945
2.12903710277
2.13683004375
2.14421900263
2.15120198907
2.15780691802
2.1640737502
2.17004539264
2.17576326332
2.1812653127
2.18658532583
2.19175286818
2.19679353748
2.20172934291
2.20657911981
2.21135893385
2.21608245576
2.22076129263
2.22540528631
2.23002276656
2.23462077358
2.2392052483
2.24378119572
2.24835282473
2.25292366762
2.25749668206
2.26207433815
2.26665869259
2.27125145185
2.27585402601
2.28046757455
2.28509304532
2.2897312077
2.29438268071
2.29904795701
2.3037274232
2.30842137703
2.3131300421
2.3178535802
2.32259210185
2.32734567518
2.33211433345
2.33689808141
2.34169690063
2.34651075403
2.35133958969
2.35618334403
2.36104194448
2.36591531171
2.37080336153
2.37570600639
2.3806231567
2.38555472188
2.39050061124
2.39546073467
2.40043500323
2.40542332961
2.41042562848
2.41544181681
2.42047181404
2.42551554229
2.43057292644
2.43564389423
2.44072837629
2.44582630618
2.45093762034
2.45606225813
2.46120016177
2.46635127628
2.47151554944
2.47669293174
2.48188337629
2.48708683877
2.49230327735
2.49753265262
2.50277492749
2.50803006717
2.51329803905
2.51857881304
2.52387235986
2.52917865346
2.53449766928
2.53982938459
2.54517377842
2.55053083155
2.55590052635
2.56128284681
2.56667777844
2.57208530822
2.57750542454
2.58293811718
2.5883833772
2.59384119694
2.59931156999
2.60479449106
2.61028995604
2.61579796188
2.6213185066
2.62685158924
2.6323972098
