37394.235648
44077.1687479
44438.1813253
44759.9994092
45067.8382637
45369.0080125
45665.7515227
45958.8998714
46248.8805242
46535.9957295
46820.5002219
47102.6236665
47382.5778272
47660.5594549
47936.7519254
48211.3264617
48484.4431762
48756.2520015
49026.8935333
49296.4997953
49565.1949358
49833.0958612
50100.3128109
50366.9498823
50633.1055064
50898.8728826
51164.3403739
51429.5918668
51694.707101
51959.7619687
52224.8287894
52489.9765606
52755.271187
53020.7756908
53286.5504045
53552.6531473
53819.1393872
54086.0623902
54353.4733568
54621.421548
54889.9544012
55159.1176364
55428.9553545
55699.5101276
55970.8230821
56242.9339756
56515.8812672
56789.7021826
57064.4327742
57340.1079758
57616.7616536
57894.4266528
58173.1348401
58452.9171431
58733.8035862
59015.8233232
59299.0046678
59583.37512
59868.9613913
60155.7894268
60443.8844254
60733.2708574
61023.9724803
61316.0123534
61609.4128491
61904.195664
62200.3818274
62497.9917088
62797.0450233
63097.5608363
63399.5575663
63703.0529866
64008.0642257
64314.6077666
64622.6994449
64932.3544455
65243.5872986
65556.4118745
65870.8413772
66186.8883375
66504.5646047
66823.8813374
67144.8489937
67467.4773204
67791.7753412
68117.7513443
68445.4128693
68774.7666928
69105.818814
69438.5744394
69773.037966
70109.2129652
70447.1021653
70786.7074332
71128.0297562
71471.0692225
71815.8250022
72162.2953268
72510.4774692
72860.3677222
73211.961378
73565.252706
73920.2349318
74276.9002146
74635.2396253
74995.2431242
75356.8995386
75720.1965406
76085.1206246
76451.6570854
76819.7899959
77189.5021854
77560.7752185
77933.5893737
78307.9236228
78683.7556112
79061.0616383
79439.8166391
79819.9941661
80201.5663724
80584.5039961
80968.7763454
81354.351285
81741.1952239
82129.2731048
82518.5483944
82908.9830769
83300.537647
83693.1711072
84086.8409653
84481.5032353
84877.1124397
85273.621615
85670.9823194
86069.1446429
86468.0572207
86867.6672497
87267.9205073
87668.761374
88070.1328595
88471.9766319
88874.2330502
89276.8412016
89679.7389415
90082.8629378
90486.1487198
90889.5307302
91292.9423821
91696.3161204
92099.5834868
92502.6751902
92905.5211808
93308.0507295
93710.1925113
94111.874694
94513.0250305
94913.570957
95313.4396947
95712.5583571
96110.8540612
96508.2540432
96904.6857794
97300.0771105
97694.3563704
98087.4525201
98479.295284
98869.8152917
99258.9442218
99646.6149512
100032.761706
100417.320216
100800.227874
101181.423893
101560.849471
101938.447959
102314.16502
102687.948803
103059.750115
103429.522583
103797.222836
104162.810667
104526.249214
104887.505125
105246.548731
105603.354218
105957.899795
106310.16786
106660.145168
107007.822992
107353.197285
107696.268839
108037.043438
108375.53201
108711.750773
109045.721382
109377.471064
109707.032755
110034.445228
110359.753216
110683.007535
