6.74692365761
6.77661083162
6.80637636988
6.83609986378
6.86574467967
6.89529545977
6.92474174407
6.95407425238
6.98328405427
7.01236238835
7.04130062696
7.07009027323
7.09872296526
7.12719048188
7.15548474859
7.18359784351
7.21152200325
7.23924962862
7.26677329021
7.29408573385
7.3211798859
7.34804885835
7.37468595377
7.40108467005
7.42723870497
7.45314196051
7.47878854697
7.50417278683
7.52928921842
7.55413259928
7.57869790926
7.60298035338
7.62697536441
7.6506786051
7.67408597018
7.69719358803
7.71999782202
7.74249527157
7.76468277284
7.78655739914
7.80811646097
7.82935750576
7.85027831725
7.87087691453
7.89115155079
7.91110071166
7.93072311329
7.95001770008
7.96898364203
7.98762033188
8.00592738185
8.02390462012
8.04155208701
8.05887003084
8.07585890361
8.09251935632
8.10885223412
8.12485857117
8.14053958534
8.15589667265
8.1709314016
8.18564550724
8.2000408852
8.21411958545
8.22788380611
8.24133588701
8.25447830328
8.26731365879
8.27984467966
8.29207420762
8.30400519346
8.31564069041
8.32698384765
8.33803790372
8.34880618014
8.35929207496
8.36949905652
8.37943065717
8.38909046728
8.39848212919
8.40760933138
8.41647580383
8.42508530905
8.43344164073
8.44154861664
8.44941007375
8.45702986267
8.4644118458
8.47155988882
8.4784778588
8.48516961953
8.49163902763
8.49788992873
8.50392615396
8.50975151654
8.51536980893
8.52078479862
8.52600022702
8.53101980584
8.53584721478
8.54048609929
8.54494006849
8.54921269318
8.55330750408
8.55722799022
8.56097759743
8.56455972704
8.56797773469
8.57123492926
8.57433457197
8.57727987556
8.58007400364
8.5827200701
8.58522113865
8.5875802225
8.58980028407
8.59188423482
8.59383493522
8.59565519468
8.59734777169
8.59891537397
8.60036065864
8.60168623254
8.60289465258
8.6039884261
8.60497001133
8.6058418179
8.60660620732
8.60726549362
8.60782194389
8.60827777895
8.60863517402
8.60889625938
8.60906312111
8.60913780182
8.60912230138
8.60901857771
8.60882854752
8.60855408713
8.60819703324
8.60775918377
8.60724229858
8.60664810038
8.60597827545
8.60523447449
8.60441831341
8.60353137415
8.60257520542
8.60155132357
8.6004612133
8.59930632846
8.5980880916
8.59680789885
8.59546711572
8.59406708016
8.59260910305
8.59109446885
8.58952443633
8.58790023918
8.58622308677
8.58449416471
8.58271463559
8.58088563951
8.57900829476
8.57708369839
8.5751129268
8.57309703628
8.5710370636
8.56893402651
8.56678892428
8.56460273817
8.56237643196
8.5601109524
8.55780722966
8.55546617778
8.55308869506
8.55067566452
8.54822795428
8.54574641788
8.54323189472
8.54068521037
8.53810717688
8.53549859315
8.53286024519
8.53019290641
8.52749733792
8.52477428878
8.52202449621
8.51924868589
8.51644757211
8.51362185804
8.51077223588
8.50789945293
8.50500406661
8.50208677526
8.4991482366
8.49618909196
8.49320997144
8.490211495
8.48719427272
