4.14181469751
4.14029858694
4.13878933256
4.13728650243
4.13578969196
4.13429852238
4.13281263933
4.1313317114
4.12985542886
4.12838350235
4.12691566167
4.12545165455
4.1239912456
4.12253421519
4.12108035846
4.11962948435
4.11818141471
4.11673598346
4.11529303575
4.11385242724
4.1124140234
4.11097769881
4.10954333659
4.10811082778
4.10668007083
4.10525097107
4.10382344025
4.10239739609
4.10097276191
4.09954946617
4.09812744219
4.09670662779
4.09528696494
4.09386839955
4.09245088114
4.09103436261
4.08961880001
4.08820415233
4.08679038128
4.08537745112
4.08396532847
4.08255398215
4.08114338304
4.07973350395
4.07832431945
4.07691580578
4.07550794071
4.07410070349
4.07269407467
4.07128803608
4.06988257071
4.06847766262
4.06707329691
4.0656694596
4.06426613761
4.06286331868
4.06146099129
4.06005914465
4.05865776866
4.0572568538
4.05585639114
4.05445637232
4.05305678944
4.0516576351
4.05025890233
4.04886058457
4.04746267563
4.0460651697
4.04466806129
4.04327134523
4.04187501661
4.04047907084
4.03908350355
4.0376883106
4.03629348811
4.03489903237
4.03350493988
4.03211120732
4.03071783153
4.02932480952
4.02793213845
4.0265398156
4.02514783839
4.02375620437
4.0223649112
4.02097395663
4.01958333853
4.01819305486
4.01680310365
4.01541348303
4.0140241912
4.01263522645
4.01124658709
4.00985827156
4.0084702783
4.00708260583
4.00569525274
4.00430821764
4.00292149921
4.00153509614
4.00014900721
3.99876323119
3.99737776693
3.99599261327
3.99460776912
3.9932232334
3.99183900506
3.99045508309
3.98907146648
3.98768815428
3.98630514553
3.98492243931
3.98354003471
3.98215793085
3.98077612685
3.97939462187
3.97801341506
3.97663250562
3.97525189273
3.97387157561
3.97249155347
3.97111182555
3.9697323911
3.96835324936
3.96697439962
3.96559584114
3.96421757322
3.96283959515
3.96146190624
3.9600845058
3.95870739314
3.95733056761
3.95595402854
3.95457777527
3.95320180715
3.95182612354
3.9504507238
3.9490756073
3.94770077342
3.94632622152
3.944951951
3.94357796125
3.94220425166
3.94083082163
3.93945767056
3.93808479786
3.93671220295
3.93533988523
3.93396784413
3.93259607907
3.93122458947
3.92985337478
3.92848243441
3.92711176781
3.92574137442
3.92437125368
3.92300140504
3.92163182794
3.92026252183
3.91889348618
3.91752472043
3.91615622406
3.91478799651
3.91342003726
3.91205234577
3.9106849215
3.90931776394
3.90795087256
3.90658424683
3.90521788623
3.90385179024
3.90248595834
3.90112039002
3.89975508476
3.89839004206
3.89702526139
3.89566074226
3.89429648416
3.89293248659
3.89156874903
3.890205271
3.88884205199
3.8874790915
3.88611638905
3.88475394412
3.88339175625
3.88202982492
3.88066814966
3.87930672998
3.87794556538
3.8765846554
3.87522399953
3.87386359731
3.87250344826
3.87114355189
3.86978390772
3.86842451529
3.86706537412
3.86570648374
3.86434784367
