10.5379939144
10.5257433082
10.5194695985
10.5140225268
10.5086905078
10.5033751424
10.4980627103
10.492751185
10.48744016
10.482129457
10.4768189351
10.471508463
10.4661979156
10.460887173
10.4555761203
10.450264647
10.444952647
10.4396400186
10.4343266636
10.4290124878
10.4236974004
10.418381314
10.4130641444
10.4077458102
10.4024262332
10.3971053378
10.3917830509
10.3864593021
10.3811340233
10.3758071486
10.3704786144
10.3651483589
10.3598163227
10.354482448
10.349146679
10.3438089613
10.3384692427
10.3331274721
10.3277836002
10.3224375792
10.3170893625
10.3117389052
10.3063861633
10.3010310943
10.295673657
10.290313811
10.2849515175
10.2795867383
10.2742194366
10.2688495763
10.2634771226
10.2581020414
10.2527242995
10.2473438646
10.2419607052
10.2365747907
10.2311860912
10.2257945776
10.2204002215
10.2150029951
10.2096028713
10.2041998239
10.1987938271
10.1933848556
10.1879728851
10.1825578914
10.1771398511
10.1717187413
10.1662945397
10.1608672244
10.1554367739
10.1500031673
10.1445663843
10.1391264046
10.1336832087
10.1282367774
10.1227870919
10.1173341338
10.111877885
10.1064183279
10.1009554451
10.0954892196
10.0900196349
10.0845466745
10.0790703225
10.0735905631
10.0681073808
10.0626207607
10.0571306877
10.0516371473
10.0461401251
10.0406396071
10.0351355794
10.0296280283
10.0241169406
10.018602303
10.0130841026
10.0075623267
10.0020369627
9.99650799826
9.99097542132
9.98543921988
9.97989938218
9.9743558966
9.96880875173
9.9632579363
9.95770343922
9.95214524952
9.94658335644
9.94101774931
9.93544841763
9.92987535105
9.92429853933
9.91871797239
9.91313364024
9.90754553305
9.9019536411
9.89635795478
9.89075846459
9.88515516117
9.87954803523
9.87393707761
9.86832227926
9.86270363119
9.85708112456
9.85145475057
9.84582450056
9.84019036594
9.83455233819
9.8289104089
9.82326456974
9.81761481244
9.81196112884
9.80631701036
9.80065648434
9.80057539107
9.79556172259
9.78984345538
9.78399084581
9.7780909939
9.77216370332
9.76621731154
9.76025694751
9.75428619238
9.74830765563
9.74232328003
9.73633453341
9.73034827765
9.72436125616
9.7183722605
9.71238160717
9.70638971005
9.70039691617
9.6944035014
9.68840968249
9.68241562831
9.67642146894
9.67042730269
9.66443320175
9.65843921651
9.65244537904
9.64645170575
9.64045819947
9.63446485103
9.62847164043
9.62247853761
9.61648550295
9.61049248747
9.60449943279
9.59850627082
9.5925129232
9.58651930055
9.58052530132
9.57453081052
9.56853569799
9.56253981634
9.5565429985
9.55054505469
9.54454576884
9.53854489426
9.53254214838
9.52653720646
9.52052969383
9.51451917654
9.50850514968
9.50248702307
9.49646410324
9.49043557077
9.48440045142
9.47835757896
9.47230554663
9.46624264314
9.46016676662
9.45407530723
9.44796498364
9.44183161016
9.43566975629
9.4294722336
9.42322929348
9.4169273168
