0.119033769163
0.118704269823
0.118388940882
0.118087366955
0.117798995724
0.117523282004
0.117259705592
0.117007772205
0.116767012193
0.116536979053
0.11631724801
0.116107414701
0.115907093955
0.11571591866
0.115533538713
0.115359620041
0.115193843695
0.115035905
0.11488551277
0.114742388568
0.114606266025
0.114476890191
0.11435401694
0.114237412406
0.114126852457
0.114022122198
0.113923015514
0.113829334632
0.113740889711
0.11365749846
0.113578985775
0.113505183398
0.113435929599
0.11337106887
0.113310451641
0.11325393401
0.11320137749
0.113152648763
0.113107619458
0.113066165932
0.113028169066
0.112993514071
0.112962090307
0.112933791104
0.112908513601
0.112886158584
0.112866630344
0.112849836526
0.112835688001
0.112824098733
0.112814985657
0.112808268566
0.112803869994
0.112801715114
0.112801731635
0.112803849705
0.11280800182
0.112814122733
0.112822149374
0.112832020765
0.112843677945
0.112857063894
0.112872123466
0.112888803319
0.112907051848
0.112926819127
0.112948056845
0.112970718254
0.112994758108
0.113020132615
0.113046799383
0.113074717374
0.113103846856
0.113134149359
0.11316558763
0.113198125594
0.11323172831
0.113266361939
0.1133019937
0.113338591841
0.113376125598
0.113414565168
0.113453881673
0.113494047133
0.113535034433
0.113576817297
0.113619370259
0.113662668638
0.113706688511
0.113751406691
0.113796800698
0.113842848744
0.113889529703
0.113936823095
0.113984709063
0.114033168354
0.114082182299
0.114131732796
0.114181802291
0.11423237376
0.114283430694
0.114334957082
0.114386937396
0.114439356575
0.114492200011
0.114545453535
0.114599103404
0.114653136286
0.114707539249
0.11476229975
0.11481740562
0.114872845054
0.1149286066
0.114984679149
0.115041051925
0.115097714471
0.115154656646
0.115211868609
0.115269340816
0.115327064005
0.115385029195
0.115443227669
0.115501650976
0.115560290915
0.115619139532
0.115678189112
0.115737432172
0.115796861455
0.115856469922
0.115916250748
0.115976197313
0.116036303201
0.11609656219
0.116155086316
0.116213860809
0.115448024056
0.114689152957
0.1139454497
0.113222062577
0.112522234593
0.111847987922
0.111200537889
0.110580553765
0.109988329465
0.109423898881
0.108887115788
0.108377710378
0.107894592466
0.107437268454
0.107005386231
0.106598569214
0.106216429448
0.105858577776
0.105524631524
0.105214220442
0.104926991321
0.104662611603
0.104420772246
0.104201190045
0.104003609536
0.103827804631
0.103673580052
0.103540772659
0.103429252732
0.103338925255
0.10326973126
0.103221649271
0.103194696891
0.103188932568
0.103204457587
0.103241418343
0.103300008913
0.103380474023
0.103483112428
0.103608280817
0.103756398294
0.103927951553
0.104123500857
0.104343686969
0.104589239198
0.104860984781
0.105159859857
0.105486922353
0.105843367193
0.106230544332
0.106649980274
0.107103403904
0.107592777728
0.108120335943
0.108688631264
0.109300593072
0.109959600434
0.110669574959
0.111435100534
0.112261580259
0.113155445964
0.114124444032
0.115178035344
0.116327972136
0.117589161348
