9.13631
13.532352277
12.4841846762
11.8131461291
11.1206660852
10.1919465264
9.5031859622
9.00975773721
8.66055899937
8.41155473286
8.2296696533
8.09181526781
7.98258551681
7.89195133646
7.81347794735
7.74306817503
7.67812131602
7.61698662362
7.56825118749
7.50955018172
7.45335834552
7.39908438121
7.3463448737
7.29488835214
7.24454727327
7.19520764702
7.14678979499
7.0992361384
7.0525034297
7.00655779796
6.96137157936
6.9169212825
6.87318627693
6.8301479436
6.78778912126
6.74609374296
6.70504659502
6.66463315529
6.62483948291
6.58565214159
6.54705814503
6.5090449169
6.47160026056
6.43471233536
6.39836963734
6.36256098322
6.32727548156
6.29250258048
6.25823196581
6.22445361196
6.19115775706
6.1583348941
6.12597576258
6.0940713406
6.06261283723
6.03159168538
6.0009995348
5.97082824548
5.94106988125
5.91171670363
5.88276116594
5.85419590757
5.82601374846
5.79820768384
5.77077087908
5.7436966647
5.71697853166
5.69061012664
5.66458524765
5.63889783963
5.61354199032
5.58851192617
5.56380200843
5.53940672935
5.5153207085
5.49153868921
5.46805553513
5.44486622687
5.42196585877
5.39934963576
5.37701287033
5.35495097957
5.33315948232
5.31163399639
5.29037023589
5.26936400862
5.24861121354
5.22810783831
5.20784995697
5.18783372756
5.16805538992
5.14851126356
5.12919774549
5.11011130821
5.09124849775
5.07260593171
5.05418029742
5.03596835012
5.01796691121
5.00017286655
4.98258316478
4.96519481574
4.94800488889
4.93101051182
4.91420886873
4.89759719909
4.88117279614
4.86493300564
4.84887522451
4.83299689957
4.81729552632
4.80176864771
4.786413853
4.77122877665
4.75621109716
4.74135853604
4.72666885679
4.71213986384
4.69776940162
4.68355535357
4.66949564125
4.6555882234
4.64183109509
4.62822228688
4.61475986395
4.60144192534
4.58826660316
4.57523206181
4.56233649725
4.54957813628
4.53695523588
4.52446608245
4.51210899121
4.49988230555
4.48778439639
4.47581366156
4.46396852525
4.45224743737
4.44064887305
4.42917133207
4.41781333832
4.40657343928
4.39545020554
4.38444223029
4.37354812885
4.3627665382
4.35209611654
4.34153554284
4.3310835164
4.32073875644
4.31050000172
4.30036601009
4.29033555817
4.28040744089
4.2705804712
4.26085347967
4.25122531417
4.24169483949
4.23226093705
4.22292250455
4.21367861638
4.20452772291
4.1954692371
4.18650197703
4.17762490889
4.1688370218
4.16013731911
4.15152481816
4.14299855
4.13455755916
4.12620090338
4.11792765339
4.10973689266
4.1016277172
4.09359923529
4.08565056732
4.07778084553
4.06998921383
4.06227482759
4.05463685341
4.047074469
4.03958686291
4.03217323441
4.02483279326
4.01756475956
4.01036836358
4.00324284558
3.99618745563
3.98920145349
3.98228410841
3.97543469902
3.96865251311
3.96193684757
3.95528700816
3.94870230944
3.94218207459
3.93572563527
3.92933233153
3.92300151161
3.9167325319
