37394.235648
46499.1651331
46752.6152805
46974.2206089
47186.5866335
47396.5535391
47606.1692192
47816.0622299
48026.4407192
48237.3877296
48448.9485671
48661.1566939
48874.0414303
49087.6302683
49301.9495857
49517.0248839
49732.8808817
49949.5415652
50167.0302215
50385.3694675
50604.581274
50824.6869879
51045.707352
51267.6625232
51490.5720877
51714.4550762
51939.3299755
52165.2147402
52392.1268018
52620.0830769
52849.0999734
53079.1933967
53310.3787528
53542.6709519
53776.0844094
54010.6330472
54246.3302926
54483.1890766
54721.2218318
54960.440488
55200.8564682
55442.4806824
55685.3235212
55929.3948486
56174.7039931
56421.2597386
56669.0703141
56918.1433829
57168.4860304
57420.1047513
57673.0054362
57927.1933571
58182.6731522
58439.4488101
58697.5236524
58956.9003172
59217.5807397
59479.566134
59742.8569729
60007.4529681
60273.3530481
60540.5553375
60809.0571341
61078.8548859
61349.9441678
61622.3196574
61895.9751104
62170.9033355
62447.0961691
62724.5444495
63003.2379904
63283.1655545
63564.3148272
63846.6723894
64130.2236907
64414.9530223
64700.8434905
64987.8769896
65276.0341755
65565.2944396
65855.6358831
66147.0352917
66439.468111
66732.9084233
67027.3289241
67322.7009005
67618.9942112
67916.1772664
68214.217011
68513.0789079
68812.7269243
69113.1235193
69414.2296343
69716.0046856
70018.4065595
70321.3916102
70624.9146615
70928.9290108
71233.3864373
71538.2372138
71843.4301222
72148.9124739
72454.6301342
72760.527551
73066.5477899
73372.6325728
73678.722323
73984.756216
74290.6722354
74596.4072358
74901.8970114
75207.0763715
75511.8792224
75816.2386562
76120.0870468
76423.3561527
76725.977227
77027.8811348
77328.998478
77629.2597266
77928.5953586
78226.9360054
78524.2126055
78820.3565647
79115.2999227
79408.9755263
79701.3172087
79992.2599746
80281.7401903
80569.6957792
80856.0664207
81140.7937541
81423.8215841
81705.0960903
81984.5660364
82262.1829823
82537.9014942
82811.6793553
83083.477773
83353.2615849
83620.9994589
83886.6640893
84150.2323866
84411.6856592
84671.0097868
84928.1953843
85183.2379542
85436.1380266
85686.9012864
85935.5386853
86182.0665379
86426.5066015
86668.886137
86909.2379516
87147.6004205
87384.0174886
87618.5386496
87851.2189033
88082.1186888
88311.3037954
88538.8452478
88764.8191685
88989.3066143
89212.3933897
89434.1698346
89654.7305892
89874.1743345
90092.6035104
90310.1240116
90526.8448625
90742.8778726
90958.3372727
91173.3393354
91388.0019791
91602.4443604
91816.7864539
92031.1486245
92245.6511923
92460.4132515
92675.5551399
92891.1937327
93107.4447908
93324.4218574
93542.2358418
93760.9946189
93980.8026441
94201.7605886
94423.964997
94647.50797
94872.4768746
95098.9540856
95327.0167585
95556.736637
95788.1798968
96021.4070262
96256.4727459
96493.4259666
96732.3097869
96973.16153
97216.012819
