1216.70457499
972.213860835
971.171115764
970.148006403
969.139356865
968.144082653
967.161674453
966.191707952
965.233775619
964.287477331
963.352419182
962.428213426
961.514478555
960.6108394
959.716927208
958.832379719
957.956841213
957.089962566
956.231401274
955.380821476
954.537893965
953.702296183
952.87371221
952.051832743
951.236355061
950.426982986
949.623426835
948.825403361
948.032635691
947.244853251
946.461791694
945.683192813
944.908804453
944.13838042
943.371680382
942.608469767
941.84851966
941.091606695
940.337512943
939.5860258
938.836937876
938.090046873
937.345155473
936.602071217
935.860606387
935.12057789
934.381807132
933.644119906
932.907346271
932.171320433
931.435880627
930.700869003
929.966131511
929.231517784
928.496881026
927.762077903
927.026968429
926.291415863
925.555286597
924.818450056
924.080778592
923.342147383
922.602434335
921.861519987
921.119287411
920.375622121
919.630411985
918.88354713
918.13491986
917.38442457
916.631957658
915.877417454
915.120704131
914.361719635
913.600367607
912.83655331
912.070183559
911.301166652
910.529412304
909.754831578
908.977336826
908.196841623
907.413260711
906.62650994
905.83650621
905.043167418
904.246412404
903.4461609
902.642333481
901.834851516
901.023637122
900.208613116
899.389702977
898.566830797
897.739921246
896.908899529
896.073691348
895.234222869
894.390420681
893.542211764
892.689523459
891.832283432
890.970419645
890.103860327
889.232533947
888.356369182
887.475294898
886.589240119
885.698134006
884.801905836
883.900484975
882.993800864
882.081782992
881.164360884
880.241464079
879.313022116
878.378964515
877.439220766
876.493720312
875.542392538
874.58516676
873.621972209
872.652738027
871.677393255
870.695866825
869.708087552
868.713984128
867.71348512
866.706518957
865.693013938
864.672898219
863.646099817
862.612546609
863.163199458
862.114764947
974.692936156
992.642642799
1007.72884781
1020.623537
1031.77299151
1041.49122692
1050.00906439
1057.50209893
1064.10765108
1069.9355591
1075.0753345
1079.60107133
1083.57491411
1087.04957009
1090.07016964
1092.67567062
1094.89993672
1096.77257809
1098.31961539
1099.56401067
1100.52609629
1101.22392468
1101.67355582
1101.88929527
1101.88389226
1101.6687053
1101.25384115
1100.64827145
1099.8599306
1098.89579768
1097.76196445
1096.46369131
1095.00545236
1093.39097055
1091.62324383
1089.70456256
1087.63651851
1085.42000552
1083.05521165
1080.54160232
1077.87789398
1075.06201719
1072.09106807
1068.96124627
1065.66777752
1062.20481795
1058.5653366
1054.74097175
1050.72185508
1046.49639621
1042.05101756
1037.36982636
1032.43420635
1027.22230515
1021.70838462
1015.86198868
1009.64686371
1003.01953811
995.927422826
988.30622366
980.076340118
971.137728078
961.446290058
950.94487706
939.27448833
1216.70457499
972.213860835
971.171115764
970.148006403
969.139356865
968.144082653
967.161674453
966.191707952
965.233775619
964.287477331
963.352419182
962.428213426
961.514478555
960.6108394
959.716927208
958.832379719
957.956841213
957.089962566
956.231401274
955.380821476
954.537893965
953.702296183
952.87371221
952.051832743
951.236355061
950.426982986
949.623426835
948.825403361
948.032635691
947.244853251
946.461791694
945.683192813
944.908804453
944.13838042
943.371680382
942.608469767
941.84851966
941.091606695
940.337512943
939.5860258
938.836937876
938.090046873
937.345155473
936.602071217
935.860606387
935.12057789
934.381807132
933.644119906
932.907346271
932.171320433
931.435880627
930.700869003
929.966131511
929.231517784
928.496881026
927.762077903
927.026968429
926.291415863
925.555286597
924.818450056
924.080778592
923.342147383
922.602434335
921.861519987
921.119287411
920.375622121
919.630411985
918.88354713
918.13491986
917.38442457
916.631957658
915.877417454
915.120704131
914.361719635
913.600367607
912.83655331
912.070183559
911.301166652
910.529412304
909.754831578
908.977336826
908.196841623
907.413260711
906.62650994
905.83650621
905.043167418
904.246412404
903.4461609
902.642333481
901.834851516
901.023637122
900.208613116
899.389702977
898.566830797
897.739921246
896.908899529
896.073691348
895.234222869
894.390420681
893.542211764
892.689523459
891.832283432
890.970419645
890.103860327
889.232533947
888.356369182
887.475294898
886.589240119
885.698134006
884.801905836
883.900484975
882.993800864
882.081782992
881.164360884
880.241464079
879.313022116
878.378964515
877.439220766
876.493720312
875.542392538
874.58516676
873.621972209
872.652738027
871.677393255
870.695866825
869.708087552
868.713984128
867.71348512
866.706518957
865.693013938
864.672898219
863.646099817
862.612546609
863.163199458
862.114764947
974.692936156
992.642642799
1007.72884781
1020.623537
1031.77299151
1041.49122692
1050.00906439
1057.50209893
1064.10765108
1069.9355591
1075.0753345
1079.60107133
1083.57491411
1087.04957009
1090.07016964
1092.67567062
1094.89993672
1096.77257809
1098.31961539
1099.56401067
1100.52609629
1101.22392468
1101.67355582
1101.88929527
1101.88389226
1101.6687053
1101.25384115
1100.64827145
1099.8599306
1098.89579768
1097.76196445
1096.46369131
1095.00545236
1093.39097055
1091.62324383
1089.70456256
1087.63651851
1085.42000552
1083.05521165
1080.54160232
1077.87789398
1075.06201719
1072.09106807
1068.96124627
1065.66777752
1062.20481795
1058.5653366
1054.74097175
1050.72185508
1046.49639621
1042.05101756
1037.36982636
1032.43420635
1027.22230515
1021.70838462
1015.86198868
1009.64686371
1003.01953811
995.927422826
988.30622366
980.076340118
971.137728078
961.446290058
950.94487706
939.27448833
