0.00107821704453
0.00109460920287
0.00110516097124
0.00111421899163
0.0011228980369
0.0011315261922
0.00114020182646
0.00114895539608
0.0011577972657
0.00116673186466
0.00117576188171
0.00118488950956
0.00119411681499
0.00120344584964
0.00121287868373
0.00122241741705
0.001232064183
0.00124182115074
0.00125169052666
0.00126167455581
0.00127177552311
0.00128199575477
0.00129233761954
0.00130280353013
0.00131339594452
0.00132411736742
0.00133497035167
0.0013459574997
0.001357081465
0.00136834495365
0.00137975072587
0.00139130159758
0.00140300044203
0.00141485019145
0.00142685383873
0.00143901443916
0.00145133511218
0.00146381904322
0.00147646948554
0.0014892897621
0.00150228326756
0.00151545347026
0.00152880391423
0.00154233822133
0.00155606009341
0.00156997331445
0.0015840817529
0.00159838936396
0.00161290019197
0.00162761837285
0.00164254813663
0.00165769381
0.00167305981897
0.00168865069155
0.00170447106058
0.00172052566655
0.00173681936056
0.00175335710729
0.00177014398812
0.00178718520431
0.00180448608021
0.00182205206662
0.00183988874425
0.00185800182716
0.00187639716645
0.00189508075387
0.00191405872571
0.0019333373666
0.00195292311357
0.00197282256011
0.00199304246036
0.00201358973341
0.00203447146773
0.00205569492564
0.00207726754795
0.0020991969587
0.00212149096999
0.00214415758694
0.00216720501274
0.00219064165385
0.0022144761253
0.00223871725607
0.00226337409464
0.00228845591462
0.00231397222049
0.00233993275349
0.00236634749756
0.00239322668542
0.00242058080477
0.00244842060458
0.00247675710146
0.00250560158614
0.00253496563001
0.00256486109183
0.00259530012437
0.00262629518126
0.00265785902379
0.00269000472783
0.0027227456907
0.00275609563819
0.00279006863142
0.00282467907384
0.00285994171812
0.00289587167299
0.00293248441004
0.00296979577041
0.00300782197131
0.00304657961249
0.00308608568241
0.00312635756425
0.0031674130416
0.00320927030394
0.00325194795164
0.00329546500065
0.00333984088667
0.00338509546884
0.00343124903277
0.003478322293
0.00352633639463
0.0035753129142
0.0036252738596
0.00367624166903
0.00372823920875
0.00378128976973
0.00383541706284
0.00389064521263
0.00394699874948
0.00400450259999
0.00406318207542
0.00412306285815
0.00418417098576
0.00424653283273
0.00431017508955
0.00437512473884
0.00444140902856
0.00450905544185
0.00457809166331
0.0046485455416
0.0047204450479
0.0047938182301
0.00486869316246
0.00494509789034
0.0050230603698
0.00510260840179
0.0051837695606
0.00526657111625
0.00535103995061
0.00543720246688
0.00552508449228
0.0056147111735
0.00570610686486
0.00579929500885
0.00589429800885
0.00599113709403
0.00608983217601
0.00619040169759
0.00629286247319
0.00639722952134
0.0065035158891
0.00661173246882
0.00672188780743
0.00683398790864
0.00694803602867
0.007064032466
0.00718197434601
0.00730185540135
0.00742366574909
0.00754739166582
0.00767301536208
0.00780051475765
0.00792986325929
0.00806102954285
0.00819397734169
0.00832866524361
0.00846504649855
0.00860306883945
0.00874267431889
0.00888379916409
0.00902637364527
0.00917032200597
0.00931556234419
0.00946200659771
0.0096095605244
0.00975812372393
0.00990758969631
0.0100578459393
0.0102087740861
0.0103602500859
0.0105121444271
0.0106643224048
0.0108166444329
0.0109689663997
0.0111211400679
0.0112730135153
0.0114244316174
0.0115752365661
0.0117252684245
0.0118743657126
0.01202236602
0.0121691066417
