-0.00971459549459
-0.00805332661648
-0.00810016817146
-0.00825294243017
-0.00834356418602
-0.00827481909034
-0.00822397680718
-0.00818774951061
-0.00816223271714
-0.00814392576843
-0.00813044124489
-0.00812001447225
-0.00811152349029
-0.00810425448131
-0.00809776084166
-0.0080844519175
-0.0080786041966
-0.00807305948005
-0.008067723886
-0.00806254000851
-0.00805747274015
-0.00805250063469
-0.0080476105949
-0.00804279460567
-0.0080380477275
-0.00803336686655
-0.00802875002287
-0.00802419583285
-0.00801970329255
-0.0080152715922
-0.0080109000185
-0.0080065878985
-0.0080023345685
-0.00799813935791
-0.00799400158207
-0.00798992054003
-0.00798589551526
-0.00798192577767
-0.00797801058634
-0.0079741491924
-0.00797034084178
-0.0079665847778
-0.0079628802434
-0.00795922648319
-0.0079556227451
-0.00795206828295
-0.00794856235327
-0.00794510422288
-0.00794169316533
-0.0079383284627
-0.00793500940607
-0.007931735296
-0.00792850544282
-0.00792531916691
-0.00792217579885
-0.00791907467955
-0.00791601516031
-0.00791299660284
-0.00791001837927
-0.00790707987211
-0.00790418047417
-0.00790131958851
-0.0078984966283
-0.00789571101676
-0.00789296218699
-0.00789024958186
-0.00788757265388
-0.00788493086504
-0.00788232368667
-0.00787975059927
-0.0078772110924
-0.00787470466447
-0.00787223082262
-0.00786978908256
-0.00786737896838
-0.00786500001246
-0.00786265175525
-0.00786033374514
-0.00785804553834
-0.00785578669867
-0.00785355679746
-0.0078513554134
-0.00784918213237
-0.00784703654731
-0.0078449182581
-0.0078428268714
-0.00784076200051
-0.00783872326529
-0.00783671029196
-0.00783472271302
-0.00783276016711
-0.00783082229889
-0.00782890875893
-0.00782701920357
-0.00782515329484
-0.00782331070032
-0.00782149109302
-0.00781969415133
-0.00781791955885
-0.00781616700432
-0.00781443618151
-0.00781272678915
-0.00781103853078
-0.0078093711147
-0.00780772425388
-0.00780609766582
-0.00780449107252
-0.00780290420037
-0.00780133678008
-0.00779978854655
-0.00779825923887
-0.00779674860015
-0.00779525637754
-0.00779378232208
-0.00779232618865
-0.00779088773591
-0.00778946672622
-0.00778806292558
-0.00778667610356
-0.00778530581287
-0.00778395249091
-0.00778261525746
-0.00778129411453
-0.00777998884932
-0.00777869925148
-0.00777742511379
-0.00777616623213
-0.00777492240539
-0.00777369343546
-0.00777247912714
-0.00777127928812
-0.00777009372889
-0.00776892226275
-0.00776776470569
-0.00776662087642
-0.00776549059625
-0.00776437368911
-0.00776326998147
-0.00776217930229
-0.00776110148301
-0.00776003635748
-0.00775898376194
-0.00775794353498
-0.00775691551748
-0.00775589955258
-0.00775489548567
-0.00775390316433
-0.00775292243827
-0.00775195315936
-0.00775099518154
-0.00775004836081
-0.00774911255518
-0.00774818762468
-0.00774727343128
-0.00774636983887
-0.00774547671326
-0.00774459392211
-0.00774372133494
-0.00774285882306
-0.00774200625959
-0.00774116351937
-0.00774033047899
-0.00773950701676
-0.00773869301264
-0.00773788834825
-0.00773709290683
-0.00773630657324
-0.00773552923389
-0.00773476077679
-0.00773400109142
-0.00773325006882
-0.0077325076015
-0.00773177358341
-0.00773104790998
-0.00773033047804
-0.00772962118581
-0.00772891993292
-0.00772822662033
-0.00772754115037
-0.00772686342665
-0.00772619335412
-0.00772553083898
-0.00772487578872
-0.00772422811207
-0.00772358771896
-0.00772295452058
-0.00772232842926
-0.00772170935854
-0.00772109722311
-0.0077204919388
-0.00771989342256
-0.00771930159247
-0.00771871636768
-0.00771813766843
-0.00771756541603
-0.00771699953282
-0.0077164399422
-0.00771588656856
-0.00771533933732
-0.00771479817488
-0.00971459549459
-0.00805332661648
-0.00810016817146
-0.00825294243017
-0.00834356418602
-0.00827481909034
-0.00822397680718
-0.00818774951061
-0.00816223271714
-0.00814392576843
-0.00813044124489
-0.00812001447225
-0.00811152349029
-0.00810425448131
-0.00809776084166
-0.0080844519175
-0.0080786041966
-0.00807305948005
-0.008067723886
-0.00806254000851
-0.00805747274015
-0.00805250063469
-0.0080476105949
-0.00804279460567
-0.0080380477275
-0.00803336686655
-0.00802875002287
-0.00802419583285
-0.00801970329255
-0.0080152715922
-0.0080109000185
-0.0080065878985
-0.0080023345685
-0.00799813935791
-0.00799400158207
-0.00798992054003
-0.00798589551526
-0.00798192577767
-0.00797801058634
-0.0079741491924
-0.00797034084178
-0.0079665847778
-0.0079628802434
-0.00795922648319
-0.0079556227451
-0.00795206828295
-0.00794856235327
-0.00794510422288
-0.00794169316533
-0.0079383284627
-0.00793500940607
-0.007931735296
-0.00792850544282
-0.00792531916691
-0.00792217579885
-0.00791907467955
-0.00791601516031
-0.00791299660284
-0.00791001837927
-0.00790707987211
-0.00790418047417
-0.00790131958851
-0.0078984966283
-0.00789571101676
-0.00789296218699
-0.00789024958186
-0.00788757265388
-0.00788493086504
-0.00788232368667
-0.00787975059927
-0.0078772110924
-0.00787470466447
-0.00787223082262
-0.00786978908256
-0.00786737896838
-0.00786500001246
-0.00786265175525
-0.00786033374514
-0.00785804553834
-0.00785578669867
-0.00785355679746
-0.0078513554134
-0.00784918213237
-0.00784703654731
-0.0078449182581
-0.0078428268714
-0.00784076200051
-0.00783872326529
-0.00783671029196
-0.00783472271302
-0.00783276016711
-0.00783082229889
-0.00782890875893
-0.00782701920357
-0.00782515329484
-0.00782331070032
-0.00782149109302
-0.00781969415133
-0.00781791955885
-0.00781616700432
-0.00781443618151
-0.00781272678915
-0.00781103853078
-0.0078093711147
-0.00780772425388
-0.00780609766582
-0.00780449107252
-0.00780290420037
-0.00780133678008
-0.00779978854655
-0.00779825923887
-0.00779674860015
-0.00779525637754
-0.00779378232208
-0.00779232618865
-0.00779088773591
-0.00778946672622
-0.00778806292558
-0.00778667610356
-0.00778530581287
-0.00778395249091
-0.00778261525746
-0.00778129411453
-0.00777998884932
-0.00777869925148
-0.00777742511379
-0.00777616623213
-0.00777492240539
-0.00777369343546
-0.00777247912714
-0.00777127928812
-0.00777009372889
-0.00776892226275
-0.00776776470569
-0.00776662087642
-0.00776549059625
-0.00776437368911
-0.00776326998147
-0.00776217930229
-0.00776110148301
-0.00776003635748
-0.00775898376194
-0.00775794353498
-0.00775691551748
-0.00775589955258
-0.00775489548567
-0.00775390316433
-0.00775292243827
-0.00775195315936
-0.00775099518154
-0.00775004836081
-0.00774911255518
-0.00774818762468
-0.00774727343128
-0.00774636983887
-0.00774547671326
-0.00774459392211
-0.00774372133494
-0.00774285882306
-0.00774200625959
-0.00774116351937
-0.00774033047899
-0.00773950701676
-0.00773869301264
-0.00773788834825
-0.00773709290683
-0.00773630657324
-0.00773552923389
-0.00773476077679
-0.00773400109142
-0.00773325006882
-0.0077325076015
-0.00773177358341
-0.00773104790998
-0.00773033047804
-0.00772962118581
-0.00772891993292
-0.00772822662033
-0.00772754115037
-0.00772686342665
-0.00772619335412
-0.00772553083898
-0.00772487578872
-0.00772422811207
-0.00772358771896
-0.00772295452058
-0.00772232842926
-0.00772170935854
-0.00772109722311
-0.0077204919388
-0.00771989342256
-0.00771930159247
-0.00771871636768
-0.00771813766843
-0.00771756541603
-0.00771699953282
-0.0077164399422
-0.00771588656856
-0.00771533933732
-0.00771479817488
