86.4337841809
84.4329781409
84.3907764978
84.3482323479
84.3050906782
84.2613333937
84.2169750184
84.1720339749
84.1265285751
84.0804764879
84.0338946948
83.9867995113
83.9392066174
83.891131086
83.8425874105
83.7935895316
83.7441508608
83.6942843045
83.6440022853
83.5933167628
83.5422392534
83.4907808486
83.4389522327
83.3867636992
83.3342251669
83.2813461949
83.2281359966
83.1746034532
83.1207571272
83.066605274
83.0121558538
82.9574165429
82.9023947443
82.8470975978
82.7915319893
82.7357045611
82.6796217194
82.623289644
82.5667142955
82.5099014237
82.4528565744
82.3955850972
82.3380921518
82.2803827147
82.2224615857
82.1643333934
82.1060026018
82.0474735151
81.9887502833
81.9298369075
81.8707372447
81.8114550126
81.7519937942
81.6923570419
81.6325480824
81.57257012
81.5124262412
81.4521194181
81.3916525122
81.3310282778
81.2702493657
81.2093183259
81.1482376117
81.0870095816
81.0256365032
80.9641205557
80.9024638324
80.8406683437
80.7787360196
80.716668712
80.6544681973
80.5921361786
80.5296742879
80.4670840882
80.404367076
80.3415246827
80.2785582771
80.2154691666
80.1522586001
80.0889277684
80.0254778072
79.9619097978
79.8982247691
79.8344236993
79.7705075168
79.7064771024
79.64233329
79.5780768684
79.5137085823
79.4492291339
79.3846391837
79.3199393521
79.2551302202
79.1902123309
79.1251861904
79.0600522687
78.9948110008
78.9294627877
78.8640079973
78.7984469654
78.7327799963
78.6670073637
78.6011293119
78.5351460561
78.4690577832
78.4028646529
78.336566798
78.2701643254
78.2036573165
78.1370458278
78.0703298919
78.0035095177
77.9365846909
77.8695553752
77.8024215119
77.7351830212
77.6678398022
77.6003917336
77.5328386741
77.4651804627
77.3974169196
77.3295478458
77.2615730244
77.1934922202
77.1253051805
77.0570116354
76.9886112979
76.9201038645
76.8514890156
76.7827664151
76.7139357117
76.6449965382
76.5759485125
76.3121118341
76.2456434435
88.0452083053
90.3144722464
92.3252809593
94.1353443507
95.7821600103
97.2918460622
98.6835574117
99.9683209797
101.143726467
102.234603519
103.248742291
104.192694266
105.072047485
105.891628506
106.655649133
107.367816937
108.031419765
108.649391398
109.224363301
109.75870593
110.254562114
110.713874287
111.138406934
111.529765235
111.889410662
112.218674094
112.518766909
112.790790366
113.035743574
113.254530215
113.447964216
113.616774466
113.761608688
113.88303652
113.981551862
114.057574509
114.111451088
114.143455276
114.153787287
114.142572583
114.109859728
114.055617312
113.979729812
113.881992235
113.762103346
113.619657212
113.454132741
113.264880768
113.051108149
112.811858132
112.545986035
112.252128984
111.928667984
111.573680001
111.18487685
110.759526365
110.294349414
109.785383373
109.227798063
108.615642772
107.94149074
107.195926446
106.366783331
105.437968602
104.38757001
86.4337841809
84.4329781409
84.3907764978
84.3482323479
84.3050906782
84.2613333937
84.2169750184
84.1720339749
84.1265285751
84.0804764879
84.0338946948
83.9867995113
83.9392066174
83.891131086
83.8425874105
83.7935895316
83.7441508608
83.6942843045
83.6440022853
83.5933167628
83.5422392534
83.4907808486
83.4389522327
83.3867636992
83.3342251669
83.2813461949
83.2281359966
83.1746034532
83.1207571272
83.066605274
83.0121558538
82.9574165429
82.9023947443
82.8470975978
82.7915319893
82.7357045611
82.6796217194
82.623289644
82.5667142955
82.5099014237
82.4528565744
82.3955850972
82.3380921518
82.2803827147
82.2224615857
82.1643333934
82.1060026018
82.0474735151
81.9887502833
81.9298369075
81.8707372447
81.8114550126
81.7519937942
81.6923570419
81.6325480824
81.57257012
81.5124262412
81.4521194181
81.3916525122
81.3310282778
81.2702493657
81.2093183259
81.1482376117
81.0870095816
81.0256365032
80.9641205557
80.9024638324
80.8406683437
80.7787360196
80.716668712
80.6544681973
80.5921361786
80.5296742879
80.4670840882
80.404367076
80.3415246827
80.2785582771
80.2154691666
80.1522586001
80.0889277684
80.0254778072
79.9619097978
79.8982247691
79.8344236993
79.7705075168
79.7064771024
79.64233329
79.5780768684
79.5137085823
79.4492291339
79.3846391837
79.3199393521
79.2551302202
79.1902123309
79.1251861904
79.0600522687
78.9948110008
78.9294627877
78.8640079973
78.7984469654
78.7327799963
78.6670073637
78.6011293119
78.5351460561
78.4690577832
78.4028646529
78.336566798
78.2701643254
78.2036573165
78.1370458278
78.0703298919
78.0035095177
77.9365846909
77.8695553752
77.8024215119
77.7351830212
77.6678398022
77.6003917336
77.5328386741
77.4651804627
77.3974169196
77.3295478458
77.2615730244
77.1934922202
77.1253051805
77.0570116354
76.9886112979
76.9201038645
76.8514890156
76.7827664151
76.7139357117
76.6449965382
76.5759485125
76.3121118341
76.2456434435
88.0452083053
90.3144722464
92.3252809593
94.1353443507
95.7821600103
97.2918460622
98.6835574117
99.9683209797
101.143726467
102.234603519
103.248742291
104.192694266
105.072047485
105.891628506
106.655649133
107.367816937
108.031419765
108.649391398
109.224363301
109.75870593
110.254562114
110.713874287
111.138406934
111.529765235
111.889410662
112.218674094
112.518766909
112.790790366
113.035743574
113.254530215
113.447964216
113.616774466
113.761608688
113.88303652
113.981551862
114.057574509
114.111451088
114.143455276
114.153787287
114.142572583
114.109859728
114.055617312
113.979729812
113.881992235
113.762103346
113.619657212
113.454132741
113.264880768
113.051108149
112.811858132
112.545986035
112.252128984
111.928667984
111.573680001
111.18487685
110.759526365
110.294349414
109.785383373
109.227798063
108.615642772
107.94149074
107.195926446
106.366783331
105.437968602
104.38757001
