0.00079283984426
0.00080616820067
0.000813906876477
0.000820290024909
0.00082630873565
0.000832233420002
0.000838139586766
0.00084404922868
0.000849969592256
0.000855903830784
0.000861853935978
0.000867821547293
0.000873808177323
0.000879815276303
0.000885844252137
0.000891896478036
0.000897973296591
0.000904076022746
0.000910205946353
0.00091636433449
0.000922552433629
0.000928771471656
0.000935022659768
0.000941307194257
0.000947626258184
0.000953981022959
0.000960372649828
0.000966802291279
0.00097327109237
0.000979780191989
0.000986330724045
0.000992923818609
0.000999560602987
0.00100624220276
0.00101296974275
0.00101974434799
0.00102656714462
0.00103343926073
0.00104036182725
0.00104733597871
0.00105436285404
0.00106144359734
0.00106857935861
0.00107577129447
0.00108302056882
0.00109032835361
0.0010976958294
0.00110512418611
0.00111261462362
0.0011201683524
0.00112778659416
0.00113547058245
0.00114322156327
0.00115104079571
0.00115892955253
0.00116688912073
0.00117492080221
0.00118302591432
0.00119120579049
0.00119946178077
0.0012077952525
0.00121620759086
0.00122470019947
0.00123327450104
0.00124193193789
0.00125067397268
0.00125950208892
0.00126841779164
0.00127742260801
0.00128651808801
0.00129570580498
0.00130498735638
0.00131436436437
0.00132383847648
0.00133341136635
0.00134308473433
0.00135286030822
0.00136273984399
0.00137272512645
0.00138281797002
0.00139302021942
0.00140333375049
0.00141376047089
0.00142430232094
0.00143496127433
0.00144573933902
0.00145663855798
0.0014676610101
0.00147880881097
0.00149008411381
0.0015014891103
0.00151302603153
0.0015246971489
0.00153650477505
0.00154845126482
0.00156053901624
0.00157277047151
0.001585148118
0.00159767448933
0.00161035216639
0.00162318377842
0.0016361720041
0.00164931957273
0.00166262926528
0.00167610391566
0.00168974641181
0.00170355969699
0.001717546771
0.00173171069143
0.00174605457497
0.00176058159871
0.00177529500149
0.00179019808529
0.0018052942166
0.00182058682786
0.00183607941889
0.00185177555844
0.00186767888562
0.00188379311148
0.00190012202059
0.00191666947263
0.00193343940401
0.00195043582955
0.00196766284416
0.00198512462457
0.0020028254311
0.0020207696094
0.00203896159234
0.00205740590177
0.0020761071505
0.00209507004413
0.00211429938302
0.0021338000643
0.00215357708382
0.00217363553822
0.00219398062699
0.00221461765455
0.00223555203239
0.00225678928123
0.00227833503316
0.00230019503388
0.00232237514493
0.00234488134591
0.00236771973679
0.00239089654017
0.00241441810363
0.00243829090203
0.00246252153988
0.00248711675365
0.00251208341417
0.002537428529
0.00256315924476
0.00258928284955
0.00261580677526
0.00264273859997
0.00267008605024
0.00269785700344
0.00272605949006
0.00275470169595
0.00278379196451
0.00281333879889
0.00284335086411
0.00287383698906
0.00290480616856
0.00293626756515
0.00296823051099
0.00300070450948
0.00303369923689
0.00306722454377
0.00310129045627
0.00313590717729
0.00317108508741
0.00320683474569
0.00324316689023
0.00328009243845
0.0033176224872
0.00335576831253
0.00339454136917
0.00343395328969
0.00347401588334
0.00351474113438
0.00355614120018
0.00359822840868
0.00364101525553
0.00368451440057
0.00372873866388
0.00377370102108
0.00381941459815
0.00386589266542
0.00391314863088
0.00396119603273
0.00401004853103
0.00405971989845
0.00411022401016
0.00416157483255
0.00421378641104
0.00426687285659
0.00432084833111
0.00437572703155
0.00443152317264
