0.01266
0.00704995345537
0.00601399089748
0.00449306857153
0.00106126230423
-0.00492969509736
-0.0114230625251
-0.0169747478066
-0.0210449218773
-0.0239630753593
-0.0258421444913
-0.0270624131904
-0.0278504499914
-0.0283622358321
-0.0286997023617
0.0368974979332
0.0370509433908
0.0371585577075
0.0372372425418
0.0372975188034
0.0373459375938
0.0373865842162
0.0374220125055
0.0374538242487
0.0374830284471
0.0375102642491
0.0375359394847
0.0375603169133
0.0375835680342
0.0376058067399
0.0376271104189
0.0376475332255
0.0376671144495
0.0376858838142
0.0377038648415
0.0377210769989
0.0377375370753
0.0377532600668
0.0377682597519
0.0377825490655
0.0377961403456
0.0378090454963
0.0378212760972
0.0378328434765
0.0378437587621
0.0378540329451
0.0378636767863
0.037872701009
0.0378811161943
0.0378889328181
0.0378961612573
0.0379028117939
0.0379088946178
0.0379144198287
0.0379193974374
0.0379238373661
0.0379277494491
0.0379311434324
0.037934028974
0.0379364156427
0.0379383129184
0.0379397301909
0.0379406767596
0.037941161833
0.0379411945275
0.0379407838673
0.0379399387833
0.0379386681131
0.0379369805998
0.0379348848919
0.0379323895426
0.0379295030094
0.0379262336538
0.0379225897412
0.0379185794398
0.0379142108213
0.0379094918603
0.037904430434
0.0378990343225
0.0378933112083
0.0378872686769
0.0378809142164
0.0378742552176
0.0378672989743
0.0378600526837
0.0378525234461
0.0378447182654
0.0378366440496
0.0378283076109
0.037819715666
0.0378108748367
0.0378017916502
0.0377924725395
0.0377829238441
0.0377731518101
0.0377631625913
0.0377529622493
0.037742556754
0.0377319519848
0.0377211537304
0.0377101676902
0.0376989994744
0.0376876546049
0.0376761385159
0.0376644565548
0.0376526139825
0.0376406159747
0.0376284676219
0.0376161739309
0.037603739825
0.0375911701451
0.0375784696502
0.0375656430184
0.0375526948476
0.0375396296562
0.0375264518843
0.0375131658938
0.0374997759698
0.0374862863213
0.0374727133545
0.0374590242222
0.0374452599515
0.0374314120092
0.0374174842709
0.0374034805064
0.0373894044149
0.0373752596258
0.0373610496998
0.0373467781298
0.0373324483413
0.0373180636937
0.0373036274809
0.0372891429322
0.0372746132132
0.0372600414265
0.0372454306126
0.0372307837505
0.037216103759
0.0372013934971
0.0371866557649
0.0371718933043
0.0371571088004
0.0371423048813
0.0371274841199
0.0371126490338
0.0370978020867
0.0370829456892
0.037068082199
0.0370532139222
0.037038343114
0.0370234719792
0.0370086026731
0.0369937373024
0.0369788779257
0.0369640265544
0.0369491851535
0.0369343556419
0.0369195398936
0.0369047397383
0.036889956962
0.0368751933077
0.0368604504762
0.0368457301266
0.0368310338774
0.0368163633065
0.0368017199527
0.0367871053155
0.0367725208565
0.0367579679996
0.0367434481318
0.0367289626038
0.0367145127305
0.0367000997921
0.036685725034
0.0366713896681
0.0366570948729
0.0366428417943
0.0366286315462
0.0366144652111
0.0366003438406
0.036586268456
0.0365722400488
0.0365582595814
0.0365443279874
0.0365304461726
0.0365166150149
0.0365028353653
0.0364891080485
0.0364754338627
0.0364618135811
0.0364482479516
0.0364347376977
0.0364212835188
0.0364078860909
0.0363945460668
0.0363812640768
0.036368040729
0.0363548766098
0.0363417722845
0.0363287282974
