12458.0042496
11858.0219519
12071.8866924
12285.0869019
12497.5710973
12709.3276515
12920.3509212
13130.6363228
13340.1795907
13548.9766588
13757.0236329
13964.3167784
14170.8525101
14376.6273828
14581.6380828
14785.8814194
14989.3543169
15192.0538075
15393.9770238
15595.1211923
15795.4836271
15995.0617235
16193.8529525
16391.8548554
16589.0650381
16785.4811667
16981.1009625
17175.9221976
17369.9426907
17563.1603028
17755.5729337
17947.1785182
18137.9750224
18327.9604409
18517.132793
18705.4901202
18893.0304832
19079.7519592
19265.6526393
19450.7306259
19634.9840308
19818.4109724
20001.0095742
20182.7779624
20363.714264
20543.8166053
20723.0831098
20901.511897
21079.1010802
21255.8487659
21431.7530515
21606.8120249
21781.0237624
21954.3863279
22126.8977718
22298.55613
22469.3594226
22639.305653
22808.3928072
22976.6188529
23143.9817383
23310.4793919
23476.1097213
23640.8706128
23804.7599305
23967.775516
24129.9151874
24291.1767391
24451.5579411
24611.0565386
24769.6702514
24927.3967737
25084.2337732
25240.1788914
25395.2297427
25549.3839141
25702.6389652
25854.9924275
26006.4418045
26156.9845709
26306.618173
26455.3400277
26603.1475231
26750.0380176
26896.0088399
27041.0572891
27185.180634
27328.3761136
27470.6409361
27611.9722795
27752.3672911
27891.8230873
28030.3367538
28167.905345
28304.5258843
28440.195364
28574.9107447
28708.6689559
28841.4668953
28973.3014291
29104.1693917
29234.0675856
29362.9927818
29490.9417189
29617.9111037
29743.8976108
29868.8978828
29992.9085299
30115.9261301
30237.9472289
30358.9683395
30478.9859427
30597.9964865
30715.9963866
30832.9820258
30948.9497543
31063.8958895
31177.8167161
31290.7084857
31402.5674171
31513.3896961
31623.1714754
31731.9088746
31839.5979802
31946.2348455
32051.8154905
32156.3359017
32259.7920325
32362.1798026
32463.4950985
32563.733773
32662.8916451
32760.9645004
32795.1034668
32891.3292697
39217.0105262
40601.5695781
41878.7811571
43074.3466592
44201.6858362
45271.1984155
46291.8427444
47269.1288429
48207.1465624
49109.000482
49977.0940994
50813.3204822
51619.1940544
52395.9437473
53144.5801026
53865.9443798
54560.7449645
55229.5846488
55872.9812447
56491.3832581
57085.1818591
57654.7200434
58200.2996414
58722.1866642
59220.6153512
59695.791195
60147.8931521
60577.0751985
60983.4673492
61367.1762324
61728.2852851
62066.8546174
62382.92058
62676.4950533
62947.5644676
63196.0885537
63421.9988129
63625.1966866
63805.5513948
63962.8974051
64097.0314767
64207.7092143
64294.6410476
64357.4875299
64395.8538245
64409.2832142
64397.2494242
64359.1474949
64294.2828662
64201.8582365
64080.9576303
63930.526926
63749.349848
63536.0180813
63288.8936679
63006.0611278
62685.2656827
62323.8323549
61918.558225
61465.5661767
60960.1019602
60396.2453597
59766.4866752
59061.0832974
58267.0393254
