240647.194944
212176.086695
213171.658101
214151.669063
215115.22117
216062.378819
216993.349278
217908.368177
218807.682796
219691.548992
220560.230044
221413.995799
222253.121867
223077.888854
223888.581631
224685.488621
225468.901125
226239.112677
226996.418431
227741.114577
228473.497794
229193.864731
229902.511518
230599.733315
231285.82388
231961.07518
232625.777021
233280.21671
233924.678744
234559.444528
235184.792114
235800.995966
236408.326752
237007.051151
237597.431691
238179.7266
238754.189676
239321.070182
239880.612751
240433.05731
240978.639021
241517.588232
242050.130447
242576.486298
243096.871546
243611.49707
244120.568889
244624.288172
245122.851276
245616.44977
246105.27049
246589.495578
247069.30254
247544.864308
248016.349299
248483.921488
248947.740476
249407.961565
249864.735837
250318.210234
250768.527637
251215.82695
251660.243185
252101.907549
252540.947526
252977.486966
253411.646171
253843.541985
254273.287873
254700.994016
255126.767391
255550.711858
255972.928244
256393.514427
256812.565419
257230.173444
257646.428024
258061.416053
258475.221876
258887.927369
259299.612008
259710.352947
260120.22509
260529.30116
260937.651767
261345.34548
261752.44889
262159.026675
262565.141665
262970.854901
263376.225696
263781.311697
264186.168935
264590.851889
264995.413534
265399.905397
265804.377607
266208.878945
266613.456893
267018.157684
267423.026343
267828.106733
268233.441602
268639.072621
269045.040427
269451.384664
269858.144016
270265.356251
270673.058256
271081.286067
271490.074912
271899.459236
272309.472738
272720.1484
273131.51852
273543.614739
273956.468068
274370.108921
274784.567137
275199.872007
275616.052302
276033.136292
276451.151775
276870.126098
277290.086177
277711.058524
278133.069261
278556.144147
278980.308593
279405.587682
279832.006189
280259.588598
280688.359121
278906.66004
279333.969902
292934.411998
302730.388751
310693.077375
317319.924497
322942.420039
327791.069025
332031.704871
335787.009276
339149.876828
342192.044746
344969.852499
347528.196546
349903.313498
352124.781451
354216.986752
356200.217297
358091.489874
359905.184811
361653.538862
363347.032323
364994.696226
366604.358459
368182.842706
369736.130625
371269.495102
372787.610598
374294.645215
375794.338099
377290.065019
378784.894359
380281.635364
381782.880059
383291.040074
384808.37934
386337.043501
387879.086742
389436.49666
391011.217718
392605.173806
394220.290366
395858.516572
397521.848037
399212.350554
400932.185446
402683.637134
404469.143689
406291.33124
408153.053316
410057.436473
412007.933898
414008.389167
416063.112992
418176.976694
420355.527413
422605.131855
424933.157994
427348.207947
429860.421009
432481.874635
435227.125113
438113.95232
441164.411134
444453.970792
448069.311644
451968.521829
