1057.3173
490.008474272
488.086317388
486.185848828
484.306133209
482.446373958
480.60589471
478.784085592
476.98037512
475.194216588
473.425081487
471.672456295
469.935840887
468.214747711
466.508701327
464.817238124
463.139906116
461.476264772
459.825884867
458.188348333
456.563248119
454.950188044
453.348782652
451.758657068
450.179446844
448.61081039
447.052378599
445.5038299
443.964840054
442.435094486
440.914288135
439.402125293
437.898319457
436.402593163
434.914677837
433.434313635
431.961249289
430.495241948
429.036057026
427.583468043
426.137256475
424.697211598
423.263130334
421.834817102
420.412083663
418.994748975
417.582639042
416.175586764
414.773431795
413.376020396
411.983205291
410.594845527
409.210806332
407.830958974
406.455180629
405.08335424
403.715368385
402.351117146
400.990499974
399.633421566
398.279791733
396.929525275
395.582541859
394.238765899
392.898126431
391.560556997
390.22599553
388.894384241
387.565669499
386.239801729
384.916735297
383.596428406
382.278842989
380.963944607
379.651702344
378.342088714
377.035079554
375.730653936
374.428794066
373.129485197
371.832715533
370.538476144
369.246760875
367.957566263
366.670891451
365.386738106
364.105110341
362.82601463
361.549459738
360.275456638
359.00401844
357.735160321
356.468899448
355.205254911
353.944247657
352.685900421
351.430237658
350.177285486
348.927071617
347.679625301
346.43497726
345.193159639
343.954205938
342.718150966
341.485030782
340.25488264
339.027746952
337.80365921
336.582661943
335.36479669
334.150105941
332.938633087
331.730422378
330.52551888
329.323968429
328.125817594
326.93111363
325.739904447
324.552238562
323.368165069
322.187733597
321.010994277
319.837997708
318.668794919
317.503437339
316.341976765
315.184465329
314.030955468
312.881499895
311.736151569
310.594963668
309.45798956
308.325282778
307.196896992
306.072885985
304.953303631
303.838203865
302.727640666
301.62166803
300.520339951
299.423710398
298.331833295
297.2447625
296.162551787
295.085254825
294.012925162
292.945616205
291.883381203
290.82627323
289.774345171
288.727649701
287.686239275
286.650166109
285.619482167
284.594239149
283.574483897
282.560281153
281.55166824
280.548700101
279.551426914
278.559898503
277.57416434
276.59427353
275.6202748
274.652216494
273.690146553
272.734112517
271.784161503
270.840340206
269.902694883
268.971271348
268.046114962
267.127270623
266.214782761
265.308695328
264.409051791
263.515895123
262.629267798
261.749211781
260.875768525
260.008978961
259.148883491
258.295521982
257.448933764
256.609157616
255.776231767
254.950193884
254.131081071
253.318929862
252.513776214
251.715655501
250.924602513
250.140651445
249.363835895
248.594188859
247.831742724
247.076529266
246.32857964
245.587924383
244.8545934
