23.0
60.0942691025
60.3879591073
60.6799419987
60.9704841218
61.2598083779
61.5481004219
61.8355143406
62.1221775193
62.4081957682
62.6936568741
62.9786338279
63.2631875029
63.5473688594
63.8312207487
64.1147793836
64.3980755339
64.6811354972
64.9639818855
65.2466342636
65.5291096668
65.8114230219
66.0935874886
66.375614739
66.6575151848
66.9392981646
67.2209720965
67.5025446055
67.7840226276
68.0654124975
68.3467200338
68.6279505618
68.9091090059
69.1901999162
69.4712275115
69.7521957086
70.0331081506
70.3139682314
70.5947791174
70.8755437658
71.156264942
71.4369452336
71.7175870646
71.9981927067
72.2787642908
72.5593038162
72.8398131601
73.1202940855
73.4007482492
73.6811772082
73.9615824215
74.2419652756
74.522327061
74.8026689959
75.0829922266
75.3632978323
75.6435868287
75.9238601722
76.2041187633
76.4843634498
76.7645950305
77.0448142574
77.3250218391
77.6052184429
77.8854046978
78.1655811961
78.4457484961
78.7259071236
79.0060575743
79.2862003154
79.5663357869
79.8464644039
80.1265865572
80.4067026154
80.6868129259
80.9669178161
81.2470175948
81.5271125528
81.8072029644
82.0872890882
82.3673711681
82.6474494337
82.9275241019
83.2075953768
83.4876634511
83.7677285063
84.0477907137
84.3278502347
84.6079072216
84.8879618179
85.1680141668
85.4480643793
85.7281125843
86.0081588953
86.2882034195
86.5682462578
86.8482875054
87.1283272521
87.4083655824
87.6884025762
87.9715840393
88.2513950891
88.5312185593
88.8110536332
89.0908995482
89.3707555916
89.6506210978
89.9304954446
90.2103780509
90.4902683739
90.7701659062
91.0500701741
91.3299807347
91.6098971744
91.8898191067
92.1697461707
92.449678029
92.7296143664
93.0095548885
93.2894993203
93.5694474048
93.8493989018
94.129353587
94.4093112509
94.6892716977
94.9692347445
95.2492002203
95.5291679654
95.8091378308
96.089109677
96.3690833738
96.6490587996
96.9290358408
97.2090143911
97.4889943513
97.7689756288
98.048958137
98.328941795
98.6089265272
98.888912263
99.1688989364
99.4488864858
99.7288748536
100.008863986
100.288853833
100.568844347
100.848835485
101.128827205
101.40881947
101.688812243
101.968805491
102.248799182
102.528793289
102.808787783
103.088782639
103.368777833
103.648773343
103.928769148
104.208765229
104.488761567
104.768758146
105.04875495
105.328751964
105.608749174
105.888746568
106.168744133
106.448741858
106.728739733
107.008737747
107.288735892
107.568734159
107.848732539
108.128731027
108.408729613
108.688728293
108.968727059
109.248725906
109.52872483
109.808723824
110.088722884
110.368722006
110.648721185
110.928720419
111.208719703
111.488719033
111.768718408
112.048717824
112.328717279
112.608716769
112.888716293
113.168715848
113.448715432
113.728715044
114.008714681
114.288714342
114.568714026
114.84871373
115.128713453
115.408713195
115.688712954
