0.034431
0.0447131050931
0.0448393808439
0.0449619763565
0.0450801845911
0.0451939008302
0.0453031961327
0.0454081873339
0.0455089996726
0.0456057562683
0.0456985753427
0.0457875696634
0.0458728466134
0.0459545084258
0.0460326524513
0.0461073714214
0.0461787536983
0.0462468835078
0.0463118411586
0.0463737032455
0.0464325428403
0.0464884296703
0.0465414302845
0.0465916082103
0.0466390240994
0.0466837358653
0.0467257988119
0.0467652657545
0.0468021871328
0.0468366111185
0.0468685837149
0.0468981488518
0.0469253484745
0.0469502226273
0.0469728095328
0.0469931456663
0.0470112658263
0.0470272032009
0.0470409894303
0.0470526546665
0.047062227629
0.0470697356582
0.0470752047656
0.0470786596812
0.0470801238989
0.0470796197189
0.0470771682887
0.0470727896413
0.047066502732
0.047058325473
0.0470482747666
0.0470363665368
0.047022615759
0.0470070364888
0.0469896418893
0.046970444257
0.0469494550469
0.0469266848961
0.0469021436468
0.0468758403682
0.0468477833774
0.0468179802598
0.0467864378886
0.0467531624433
0.0467181594285
0.046681433691
0.0466429894369
0.0466028302489
0.0465609591018
0.0465173783786
0.0464720898863
0.046425094871
0.046376394033
0.0463259875417
0.0462738750502
0.0462200557103
0.0461645281869
0.0461072906729
0.0460483409033
0.0459876761706
0.0459252933392
0.0458611888607
0.045795358789
0.045727798796
0.0456585041869
0.0455874699167
0.0455146906064
0.04544016056
0.0453638737815
0.0452858239927
0.0452060046515
0.0451244089704
0.0450410299358
0.0449558603281
0.0448688927415
0.0447801196059
0.0446895332078
0.0445971257132
0.0445028891903
0.0444068156333
0.044308896987
0.0442091251714
0.044107492108
0.0440039897459
0.0438986100891
0.043791345224
0.0436821873481
0.0435711287986
0.0434581620821
0.0433432799044
0.0432264752012
0.0431077411684
0.0429870712936
0.042864459387
0.042739899613
0.0426133865212
0.042484915078
0.0423544806975
0.0422220792716
0.0420877072008
0.0419513614227
0.0418130394409
0.0416727393522
0.0415304598727
0.0413862003621
0.0412399608468
0.0410917420404
0.0409415453629
0.0407893729564
0.0406352276986
0.0404791132139
0.0403210338799
0.0401609948317
0.0399990019614
0.0398350619142
0.0396691820801
0.0395013705804
0.03933163625
0.0391599886142
0.0389864378606
0.0388109948047
0.0386336708509
0.0384544779464
0.0382734285301
0.0380905354751
0.0379058120245
0.0377192717225
0.0375309283376
0.0373407957814
0.037148888021
0.0369552189853
0.0367598024671
0.0365626520196
0.0363637808483
0.0361632016992
0.035960926744
0.0357569674615
0.0355513345179
0.0353440376456
0.0351350855219
0.0349244856479
0.0347122442296
0.0344983660614
0.0342828544137
0.0340657109256
0.0338469355039
0.0336265262293
0.0334044792725
0.0331807888188
0.0329554470053
0.0327284438704
0.0324997673164
0.0322694030874
0.0320373347629
0.0318035437682
0.0315680094018
0.0313307087451
0.031091617263
0.0308507080965
0.0306079526828
0.0303633207499
0.0301167804561
0.0298682985482
0.0296178405371
0.0293653708899
0.0291108532377
0.0288542505971
0.0285955256048
0.0283346407629
0.0280715586936
0.0278062424009
0.0275386555381
0.027268762678
0.0269965295849
0.0267219234849
0.0264449133345
0.0261654700831
0.0258835669303
0.0255991795739
0.0253122864488
