0.999708553313
0.992254724515
0.992291026344
0.992326531987
0.992361412013
0.992395664372
0.992429283771
0.99246226776
0.992494616646
0.992526333202
0.99255742239
0.992587891104
0.992617747932
0.992647002938
0.992675667457
0.99270375423
0.992731279955
0.992758246659
0.992784681738
0.992810595909
0.9928360047
0.992860923821
0.992885369109
0.99290935644
0.992932901647
0.992956020447
0.992978728381
0.993001040753
0.99302297259
0.993044538595
0.993065753116
0.993086630118
0.993107183157
0.993127425366
0.993147369441
0.993167027628
0.993186411722
0.993205533059
0.993224402522
0.99324303054
0.993261427092
0.993279601718
0.993297563521
0.993315321184
0.993332882973
0.993350256754
0.993367450005
0.993384469824
0.993401322948
0.993418015763
0.993434554321
0.993450944351
0.99346719127
0.993483300206
0.993499276001
0.99351512323
0.993530846214
0.99354644903
0.993561935526
0.993577309331
0.993592573866
0.993607732358
0.99362278785
0.993637743209
0.993652601137
0.993667364182
0.993682034745
0.993696615091
0.993711107354
0.993725513548
0.993739835571
0.993754075217
0.993768234178
0.993782314053
0.99379631635
0.9938102425
0.993824093852
0.993837871687
0.993851577216
0.993865211588
0.993878775894
0.993892271171
0.993905698402
0.993919058525
0.993932352433
0.993945580978
0.993958744972
0.993971845193
0.993984882385
0.99399785726
0.994010770501
0.994023622765
0.994036414684
0.994049146865
0.994061819894
0.994074434337
0.99408699074
0.994099489633
0.994111931529
0.994124316923
0.994136646299
0.994148920127
0.994161138862
0.99417330295
0.994185412824
0.994197468909
0.994209471618
0.994221421357
0.994233318521
0.994245163499
0.994256956671
0.994268698412
0.994280389089
0.994292029061
0.994303618684
0.994315158305
0.994326648269
0.994338088914
0.994349480573
0.994360823574
0.994372118242
0.994383364897
0.994394563853
0.994405715423
0.994416819915
0.994427877633
0.994438888877
0.994449853946
0.994460773132
0.994471646727
0.994482475018
0.99449325829
0.994503996825
0.994514690901
0.994525340796
0.994535946781
0.994546509128
0.994557028106
0.994567503979
0.99457793701
0.994588327462
0.994598675591
0.994608981654
0.994619245905
0.994629468594
0.994639649972
0.994649790286
0.994659889779
0.994669948696
0.994679967276
0.994689945758
0.99469988438
0.994709783375
0.994719642976
0.994729463415
0.994739244919
0.994748987716
0.99475869203
0.994768358086
0.994777986104
0.994787576304
0.994797128904
0.994806644119
0.994816122165
0.994825563254
0.994834967596
0.994844335401
0.994853666876
0.994862962228
0.99487222166
0.994881445376
0.994890633576
0.994899786461
0.994908904227
0.994917987071
0.994927035189
0.994936048774
0.994945028017
0.994953973109
0.99496288424
0.994971761596
0.994980605364
0.994989415728
0.994998192872
0.995006936977
0.995015648225
0.995024326794
0.995032972862
0.995041586606
0.9950501682
0.995058717819
0.995067235636
0.995075721821
0.995084176544
0.995092599975
0.99510099228
0.995109353627
0.99511768418
0.995125984103
0.995134253558
