10.5130275087
10.5137358269
10.5147792371
10.5160051459
10.5173199094
10.5186713344
10.520029749
10.5213778923
10.5227055236
10.5240064779
10.5252770326
10.5265149789
10.5277190761
10.5288887221
10.5300237468
10.5311242781
10.5321906524
10.5332233535
10.5342192538
10.5351845376
10.5361190044
10.5370229699
10.5378969816
10.5387417068
10.5395578735
10.5403462386
10.54110757
10.5418465849
10.5425581307
10.5432439713
10.5439053167
10.5445431354
10.5451582657
10.5458066276
10.5463509995
10.5468890499
10.5474138042
10.5479226961
10.5484147124
10.5488896225
10.5493475882
10.5497889642
10.5502141965
10.55062377
10.5510181825
10.5513979307
10.5517635038
10.55211538
10.5524540252
10.5527798919
10.5530934195
10.5533950341
10.5536851486
10.5539641632
10.5542324654
10.5544904305
10.5547384217
10.5549767905
10.5552058772
10.5554260108
10.5556375097
10.5558406817
10.5560358243
10.5562232253
10.5564031627
10.5565759053
10.5567417125
10.5569008354
10.5570535161
10.5571999886
10.5573404789
10.557475205
10.5576043777
10.5577282001
10.5578468686
10.5579605724
10.5580694942
10.5581738103
10.5582736909
10.5583692998
10.5584607954
10.5585483302
10.5586320514
10.5587121009
10.5587886154
10.5588617269
10.5589315625
10.5589982447
10.5590618917
10.5591226173
10.5591805311
10.559235739
10.5592883426
10.5593384403
10.5593861264
10.5594314921
10.5594746251
10.5595156098
10.5595545278
10.5595914572
10.5596264737
10.5596596499
10.5596910557
10.5597207586
10.5597488235
10.5597753128
10.5598002866
10.5598238028
10.5598459173
10.5598666835
10.5598861531
10.5599043758
10.5599213995
10.5599372702
10.5599520321
10.5599657279
10.5599783985
10.5599900836
10.5600008209
10.5600106472
10.5600195974
10.5600277056
10.5600350041
10.5600415243
10.5600472963
10.5600523491
10.5600567106
10.5600604075
10.5600634657
10.5600659099
10.5600677641
10.5600690511
10.5600697931
10.5600700112
10.560069726
10.560068957
10.5600677231
10.5600660425
10.5600639326
10.5600614104
10.5600584918
10.5600551926
10.5600515275
10.5600475111
10.5600431571
10.5600384788
10.5600334891
10.5600282001
10.5600226238
10.5600167715
10.5600106542
10.5600042823
10.5599976661
10.5599908152
10.559983739
10.5599764465
10.5599689464
10.559961247
10.5599533564
10.5599452821
10.5599370318
10.5599286124
10.5599200309
10.5599112938
10.5599024076
10.5598933783
10.5598801006
10.5598687652
10.5598583082
10.5598482412
10.5598383184
10.559828417
10.559818477
10.5598084696
10.5597983826
10.5597882115
10.559777956
10.5597676178
10.5597571995
10.5597467041
10.5597361348
10.5597254949
10.5597147873
10.5597040152
10.5596931816
10.5596822894
10.5596713412
10.5596603399
10.5596492879
10.5596381879
10.5596270421
10.5596158529
10.5596046226
10.559597144
10.559587896
10.5595775894
10.5595667327
10.5595555831
10.5595442714
10.5595328648
