153.17216
137.042700746
140.28416874
143.35055338
147.10635626
150.216342922
152.159914362
153.342774728
154.066292211
154.518938508
154.81214513
155.011375169
155.590219831
155.71474245
155.813921657
155.897596458
155.971596082
156.039384488
156.103029219
156.163772106
156.222365617
156.279271333
156.334777297
156.389067545
156.44226343
156.494448247
156.545681955
156.596010027
156.645468779
156.694088607
156.74189597
156.788914602
156.835166278
156.880671294
156.925448779
156.969516899
157.012892999
157.055593699
157.09763497
157.139032189
157.17980018
157.219953251
157.259505226
157.298469468
157.336858908
157.374686019
157.411962998
157.448701545
157.484913039
157.520608508
157.555798651
157.590493843
157.624704155
157.658439357
157.691708939
157.724522114
157.75688783
157.788814781
157.820311413
157.851385938
157.882046336
157.912300366
157.942155575
157.971619301
158.000698685
158.029400673
158.057732027
158.085699326
158.113308978
158.140567219
158.167480125
158.194053613
158.220293446
158.246205242
158.271794475
158.297066479
158.322026458
158.346679481
158.371030497
158.39508433
158.418845686
158.44231916
158.465509234
158.488420284
158.511056582
158.533422299
158.555521511
158.577358196
158.598936245
158.620259456
158.641331545
158.662156143
158.682736799
158.703076986
158.723180099
158.743049463
158.762688326
158.782099873
158.801287216
158.820253405
158.839001427
158.857534206
158.875854607
158.893965437
158.911869447
158.929569334
158.94706774
158.964367258
158.981470428
158.998379745
159.015097654
159.031626554
159.047968801
159.064126707
159.080102542
159.095898533
159.11151687
159.126959702
159.142229141
159.157327262
159.172256104
159.187017671
159.201613933
159.216046828
159.23031826
159.244430104
159.2583842
159.272182363
159.285826376
159.299317994
159.312658944
159.325850928
159.338895618
159.351794664
159.364549688
159.377162288
159.389634039
159.401966492
159.414161175
159.426219593
159.438143229
159.449933546
159.461591984
159.473119965
159.484518888
159.495790134
159.506935065
159.517955022
159.52885133
159.539625294
159.550278202
159.560811326
159.571225917
159.581523214
159.591704435
159.601770785
159.611723452
159.621563608
159.631292411
159.640911002
159.65042051
159.659822046
159.66911671
159.678305586
159.687389744
159.696370242
159.705248124
159.71402442
159.722700148
159.731276312
159.739753906
159.748133909
159.756417289
159.764605002
159.772697992
159.780697192
159.788603522
159.796417892
159.8041412
159.811774335
159.819318172
159.826773577
159.834141406
159.841422504
159.848617705
159.855727834
159.862753706
159.869696123
159.876555883
159.883333769
159.890030557
159.896647013
159.903183894
159.909641948
159.916021913
159.922324519
159.928550486
159.934700527
159.940775344
159.946775632
