17.6061701743
17.6413110228
17.667729325
17.6864797982
17.6984898662
17.7045751045
17.7054527925
17.7017538075
17.6940330664
17.6827786947
17.6684200941
17.6513350121
17.6318557619
17.6102746897
17.5868489805
17.5618048838
17.5353414298
17.5076336969
17.478835687
17.4490828534
17.418494326
17.3871748684
17.3552166004
17.3227005138
17.2896978058
17.2562710534
17.2224752467
17.1883586979
17.1539638424
17.1193279433
17.0844837689
17.049459961
17.0142817009
16.9789710679
16.9435474126
16.9080276842
16.8724267199
16.836757499
16.8010313668
16.7652582317
16.7294467386
16.693604422
16.6577378401
16.6218526934
16.5859539289
16.5500458318
16.5141321061
16.478215946
16.442300098
16.4063869164
16.3704784115
16.3345762921
16.2986820031
16.2627967588
16.226921571
16.1910572725
16.1552045491
16.1193639484
16.083535901
16.047720736
16.0119186942
15.9761299397
15.9403545709
15.9045926286
15.8688441047
15.8331089485
15.7973870741
15.761678364
15.725982675
15.6902998418
15.6546296811
15.618971994
15.5833265693
15.5476931077
15.5120715378
15.4764615458
15.4408628909
15.4052753293
15.3696986153
15.3341325023
15.2985767436
15.2630310931
15.2274953061
15.1919691394
15.1564523524
15.1209447069
15.0854459677
15.049955903
15.0144742843
14.979000887
14.9435354899
14.9080778761
14.8726278325
14.8371851503
14.8017496244
14.7663210543
14.7308992432
14.6954839989
14.6600751329
14.624672461
14.5892758031
14.553884983
14.5184998285
14.4831201713
14.4477458469
14.4123766948
14.3770125581
14.3416532835
14.3062987213
14.2709487254
14.2356031532
14.2002618655
14.1649247261
14.1295916026
14.0942623653
14.0589368878
14.0236150467
13.9882967217
13.9529817952
13.9176701527
13.8823616821
13.8470562744
13.811753823
13.776454224
13.7411573759
13.7058631798
13.6705715392
13.6352823597
13.5999955496
13.5647110191
13.5294286806
13.494148449
13.4588702407
13.4235939745
13.3883195712
13.3530469534
13.3177760454
13.2825067738
13.2472390666
13.2119728536
13.1767080665
13.1414446385
13.1061825043
13.0709216005
13.035661865
13.0004032373
12.9651456582
12.9298890702
12.894633417
12.8593786437
12.8241246967
12.7888715239
12.753619074
12.7183672975
12.6831161456
12.647865571
12.6126155274
12.5773659696
12.5421168535
12.5068681361
12.4716197754
12.4363717304
12.4011239611
12.3658764285
12.3306290943
12.2953819215
12.2601348736
12.2248879151
12.1896410116
12.1543941291
12.1191472346
12.083900296
12.0486532817
12.013406161
11.978158904
11.9429114814
11.9076638645
11.8724160254
11.8371679392
11.8019195764
11.7666709089
11.7314219164
11.6961725711
11.660922849
11.6256727264
11.5904221801
11.5551711877
11.519919727
11.4846677766
11.4494153153
11.4141623226
11.3789087783
11.3436546629
11.3083999571
11.2731446421
11.2378886995
11.2026321115
11.1673748605
11.1321169294
11.0968583013
