693.04651291
290.702416682
294.409087747
298.038427672
301.56455946
304.983837734
308.29878403
311.513481873
314.632266714
317.659362423
320.598789328
323.454349493
326.229633323
328.928031446
331.552747302
334.106809221
336.593081683
339.014275737
341.372958629
343.671562697
345.912393596
348.097637916
350.22937023
352.309559634
354.340075817
356.322694697
358.259103656
360.150906417
361.99962758
363.806716849
365.573552972
367.30144742
368.991647819
370.645341155
372.263656778
373.8476692
375.398400726
376.916823909
378.403863851
379.860400369
381.287270016
382.685267983
384.055149885
385.397633434
386.713400017
388.00309618
389.267335014
390.506697471
391.721733594
392.912963684
394.080879385
395.225944725
396.348597078
397.449248088
398.528284526
399.58606911
400.622941272
401.639217883
402.635193942
403.611143218
404.567318869
405.503954014
406.421262285
407.319438341
408.198658359
409.059080499
409.900845341
410.724076304
411.528880037
412.315346801
413.083550816
413.833550608
414.565389325
415.279095049
415.974681083
416.652146238
417.311475093
417.952638254
418.575592603
419.180281527
419.766635153
420.334570561
420.883992001
421.414791095
421.926847041
422.420026803
422.894185305
423.349165617
423.784799136
424.200905768
424.597294106
424.973761607
425.330094763
425.666069283
425.981450258
426.275992339
426.549439914
426.801527274
427.031978798
427.240509121
427.426823319
427.59061708
427.731576894
427.849380228
427.943695712
428.014183327
428.06049459
428.082272741
428.079152938
428.050762443
427.996720816
427.916640111
427.810125059
427.676773273
427.516175429
427.327915462
427.111570753
426.866712316
426.592904979
426.289707566
425.956673071
425.593348828
425.199276675
424.773993109
424.317029442
423.827911937
423.306161942
422.751296018
422.162826049
421.540259346
420.883098741
420.190842666
419.462985225
418.699016255
417.898421369
417.060681996
416.185275409
415.271674744
414.319349006
413.327763082
412.29637773
411.224649586
410.112031158
408.957970827
407.76191286
406.523297422
405.241560617
403.916134542
402.546447362
401.131923425
399.671983409
398.166044513
396.613520702
395.013823006
393.366359892
391.670537702
389.925761184
388.131434108
386.286959988
384.391742908
382.445188477
380.446704903
378.39570421
376.291603602
374.133826975
371.921806599
369.654984964
367.332816808
364.954771323
362.520334546
360.029011949
357.480331216
354.873845213
352.209135164
349.485814005
346.703529942
343.862005484
340.960903027
338.00003224
334.979221522
331.898354926
328.757376688
325.556295877
322.295191144
318.974215549
315.593601451
312.153665431
308.654813226
305.097544645
301.482458437
297.81025709
294.081751512
290.297865574
286.459640469
282.568238862
278.624948774
274.631187164
270.588503178
266.498580988
262.363242203
693.04651291
290.702416682
294.409087747
298.038427672
301.56455946
304.983837734
308.29878403
311.513481873
314.632266714
317.659362423
320.598789328
323.454349493
326.229633323
328.928031446
331.552747302
334.106809221
336.593081683
339.014275737
341.372958629
343.671562697
345.912393596
348.097637916
350.22937023
352.309559634
354.340075817
356.322694697
358.259103656
360.150906417
361.99962758
363.806716849
365.573552972
367.30144742
368.991647819
370.645341155
372.263656778
373.8476692
375.398400726
376.916823909
378.403863851
379.860400369
381.287270016
382.685267983
384.055149885
385.397633434
386.713400017
388.00309618
389.267335014
390.506697471
391.721733594
392.912963684
394.080879385
395.225944725
396.348597078
397.449248088
398.528284526
399.58606911
400.622941272
401.639217883
402.635193942
403.611143218
404.567318869
405.503954014
406.421262285
407.319438341
408.198658359
409.059080499
409.900845341
410.724076304
411.528880037
412.315346801
413.083550816
413.833550608
414.565389325
415.279095049
415.974681083
416.652146238
417.311475093
417.952638254
418.575592603
419.180281527
419.766635153
420.334570561
420.883992001
421.414791095
421.926847041
422.420026803
422.894185305
423.349165617
423.784799136
424.200905768
424.597294106
424.973761607
425.330094763
425.666069283
425.981450258
426.275992339
426.549439914
426.801527274
427.031978798
427.240509121
427.426823319
427.59061708
427.731576894
427.849380228
427.943695712
428.014183327
428.06049459
428.082272741
428.079152938
428.050762443
427.996720816
427.916640111
427.810125059
427.676773273
427.516175429
427.327915462
427.111570753
426.866712316
426.592904979
426.289707566
425.956673071
425.593348828
425.199276675
424.773993109
424.317029442
423.827911937
423.306161942
422.751296018
422.162826049
421.540259346
420.883098741
420.190842666
419.462985225
418.699016255
417.898421369
417.060681996
416.185275409
415.271674744
414.319349006
413.327763082
412.29637773
411.224649586
410.112031158
408.957970827
407.76191286
406.523297422
405.241560617
403.916134542
402.546447362
401.131923425
399.671983409
398.166044513
396.613520702
395.013823006
393.366359892
391.670537702
389.925761184
388.131434108
386.286959988
384.391742908
382.445188477
380.446704903
378.39570421
376.291603602
374.133826975
371.921806599
369.654984964
367.332816808
364.954771323
362.520334546
360.029011949
357.480331216
354.873845213
352.209135164
349.485814005
346.703529942
343.862005484
340.960903027
338.00003224
334.979221522
331.898354926
328.757376688
325.556295877
322.295191144
318.974215549
315.593601451
312.153665431
308.654813226
305.097544645
301.482458437
297.81025709
294.081751512
290.297865574
286.459640469
282.568238862
278.624948774
274.631187164
270.588503178
266.498580988
262.363242203
