1589.78791789
2068.88122309
2066.68100702
2064.45717609
2062.21085898
2059.94303395
2057.6544951
2055.3459349
2053.01798872
2050.67125653
2048.30631346
2045.92371497
2043.52399951
2041.10768985
2038.67529394
2036.2273054
2033.76420391
2031.28645552
2028.79451297
2026.28881593
2023.7697913
2021.23785342
2018.69340439
2016.13683426
2013.56852133
2010.98879718
2008.39808633
2005.79669936
2003.18496992
2000.56322109
1997.93176563
1995.29090617
1992.64093549
1989.98213666
1987.31478333
1984.63913992
1981.95546179
1979.26399551
1976.564979
1973.85864176
1971.14520508
1968.42488218
1965.69787843
1962.96439154
1960.2246117
1957.4787218
1954.72689757
1951.96930777
1949.20611432
1946.43747252
1943.66353114
1940.88443261
1938.1003132
1935.31130311
1932.51752663
1929.71910232
1926.91614312
1924.10875646
1921.29704445
1918.48110396
1915.66102678
1912.83689974
1910.0088048
1907.17681921
1904.3410156
1901.5014621
1898.65822248
1895.8113562
1892.96091856
1890.10696081
1887.24953021
1884.38867018
1881.52442034
1878.65681667
1875.78589155
1872.91167389
1870.03418917
1867.15345958
1864.26950409
1861.3823385
1858.49197556
1855.59842505
1852.70169381
1849.80178588
1846.89870254
1843.99244237
1841.08300136
1838.17037294
1835.25454807
1832.33551532
1829.41326088
1826.48776871
1823.55902051
1820.62699586
1817.69167221
1814.75302499
1811.81102766
1808.86565175
1805.9168669
1802.96464097
1800.00894003
1797.04972846
1794.08696895
1791.12062262
1788.150649
1785.1770061
1782.19965105
1779.2185378
1776.23362075
1773.2448523
1770.2521836
1767.25556453
1764.25494378
1761.25026887
1758.24148621
1755.22854113
1752.21137789
1749.18993977
1746.16416908
1743.1340072
1740.09939463
1737.06027098
1734.01657509
1730.96824498
1727.91521793
1724.85743052
1721.79481864
1718.72731755
1715.65486186
1712.57738566
1709.49482244
1706.40710521
1703.31416649
1700.21593836
1697.11235247
1694.00334011
1690.88883219
1687.76875931
1684.64305178
1681.51163967
1678.37445279
1675.23142077
1672.08247307
1668.92753902
1665.76654784
1662.59942869
1659.42611065
1656.24652282
1653.06059432
1649.86825428
1646.66943196
1643.46405668
1640.25205794
1637.03336538
1633.80790885
1630.57574154
1627.3364248
1624.09025791
1620.83704917
1617.57672984
1614.30923164
1611.03448668
1607.75242757
1604.46298736
1601.16609964
1597.86169855
1594.54971878
1591.23009568
1587.90276521
1584.56766402
1581.22472947
1577.87389967
1574.5151135
1571.14831068
1567.77343173
1564.3904181
1560.99921213
1557.5997571
1554.1919973
1550.77587804
1547.35134566
1543.91834761
1540.47683246
1537.02674995
1533.56805102
1530.10068782
1526.6246138
1523.1397837
1519.64615361
1516.14368099
1512.63232474
1509.1120452
1505.58280418
1502.04456505
1498.49729273
1494.94095375
1491.37551626
1487.8009501
1484.21722683
1480.62431975
1589.78791789
2068.88122309
2066.68100702
2064.45717609
2062.21085898
2059.94303395
2057.6544951
2055.3459349
2053.01798872
2050.67125653
2048.30631346
2045.92371497
2043.52399951
2041.10768985
2038.67529394
2036.2273054
2033.76420391
2031.28645552
2028.79451297
2026.28881593
2023.7697913
2021.23785342
2018.69340439
2016.13683426
2013.56852133
2010.98879718
2008.39808633
2005.79669936
2003.18496992
2000.56322109
1997.93176563
1995.29090617
1992.64093549
1989.98213666
1987.31478333
1984.63913992
1981.95546179
1979.26399551
1976.564979
1973.85864176
1971.14520508
1968.42488218
1965.69787843
1962.96439154
1960.2246117
1957.4787218
1954.72689757
1951.96930777
1949.20611432
1946.43747252
1943.66353114
1940.88443261
1938.1003132
1935.31130311
1932.51752663
1929.71910232
1926.91614312
1924.10875646
1921.29704445
1918.48110396
1915.66102678
1912.83689974
1910.0088048
1907.17681921
1904.3410156
1901.5014621
1898.65822248
1895.8113562
1892.96091856
1890.10696081
1887.24953021
1884.38867018
1881.52442034
1878.65681667
1875.78589155
1872.91167389
1870.03418917
1867.15345958
1864.26950409
1861.3823385
1858.49197556
1855.59842505
1852.70169381
1849.80178588
1846.89870254
1843.99244237
1841.08300136
1838.17037294
1835.25454807
1832.33551532
1829.41326088
1826.48776871
1823.55902051
1820.62699586
1817.69167221
1814.75302499
1811.81102766
1808.86565175
1805.9168669
1802.96464097
1800.00894003
1797.04972846
1794.08696895
1791.12062262
1788.150649
1785.1770061
1782.19965105
1779.2185378
1776.23362075
1773.2448523
1770.2521836
1767.25556453
1764.25494378
1761.25026887
1758.24148621
1755.22854113
1752.21137789
1749.18993977
1746.16416908
1743.1340072
1740.09939463
1737.06027098
1734.01657509
1730.96824498
1727.91521793
1724.85743052
1721.79481864
1718.72731755
1715.65486186
1712.57738566
1709.49482244
1706.40710521
1703.31416649
1700.21593836
1697.11235247
1694.00334011
1690.88883219
1687.76875931
1684.64305178
1681.51163967
1678.37445279
1675.23142077
1672.08247307
1668.92753902
1665.76654784
1662.59942869
1659.42611065
1656.24652282
1653.06059432
1649.86825428
1646.66943196
1643.46405668
1640.25205794
1637.03336538
1633.80790885
1630.57574154
1627.3364248
1624.09025791
1620.83704917
1617.57672984
1614.30923164
1611.03448668
1607.75242757
1604.46298736
1601.16609964
1597.86169855
1594.54971878
1591.23009568
1587.90276521
1584.56766402
1581.22472947
1577.87389967
1574.5151135
1571.14831068
1567.77343173
1564.3904181
1560.99921213
1557.5997571
1554.1919973
1550.77587804
1547.35134566
1543.91834761
1540.47683246
1537.02674995
1533.56805102
1530.10068782
1526.6246138
1523.1397837
1519.64615361
1516.14368099
1512.63232474
1509.1120452
1505.58280418
1502.04456505
1498.49729273
1494.94095375
1491.37551626
1487.8009501
1484.21722683
1480.62431975
