5.0
3.34773354684
3.23912812884
3.14106598489
3.05286053169
2.97379367663
2.9031514951
2.84024589681
2.7844272415
2.73509120504
2.69168103867
2.65368783774
2.62064879647
2.5921446218
2.56779623856
2.54726153451
2.53023184503
2.51642866153
2.50560050201
2.49752000954
2.49198129742
2.48879754408
2.48779883101
2.48883021068
2.49174998861
2.49642820192
2.50274527657
2.51059084594
2.51986271418
2.53046594902
2.5423120899
2.55531845835
2.56940755915
2.58450656138
2.60054685
2.61746363932
2.63519564061
2.65368477689
2.67287593877
2.69271677569
2.71315751759
2.73415082259
2.75565164667
2.77761713184
2.8000065097
2.8227810176
2.84590382507
2.86933996831
2.89305629104
2.91702139018
2.94120556489
2.96558076814
2.99012055968
3.01480005987
3.03959590374
3.06448619486
3.08945045877
3.11446959578
3.13952640569
3.16460267212
3.18968357352
3.21475832483
3.23981005134
3.26482818732
3.28980187629
3.3147212368
3.33957731174
3.36436201792
3.38906809643
3.41368906374
3.43821916383
3.46265332145
3.48698709666
3.51121664085
3.53533865422
3.55935034492
3.58324938987
3.60703389732
3.63070237122
3.65425367737
3.67768701143
3.70100186866
3.72419801559
3.74727546335
3.77023444274
3.7930753811
3.81579888067
3.83840569861
3.86089672855
3.88327298357
3.90553558052
3.92768572573
3.94972470192
3.97165385629
3.99347458967
4.01518834678
4.03679660738
4.05830087833
4.0797026865
4.1010035724
4.12220508459
4.14330877464
4.16431619278
4.185228884
4.20604838474
4.22677621995
4.24741390059
4.26796292151
4.28842475962
4.30880087239
4.32909269661
4.34930164736
4.36942911722
4.38947647568
4.40944506864
4.42933621813
4.44915122211
4.46889135441
4.48855786474
4.5081519788
4.52767489841
4.5471278018
4.56651184383
4.58582815633
4.60507784844
4.62426200701
4.64338169697
4.66243796175
4.68143182373
4.70036428464
4.71923632602
4.73804890967
4.75680297806
4.77549945482
4.79413924511
4.81272323613
4.83125229747
4.84972728159
4.86814902419
4.88651834464
4.90483604635
4.92310291717
4.94131972976
4.95948724198
4.97760619719
4.99567732467
5.01370133991
5.03167894494
5.04961082867
5.06749766721
5.08534012413
5.1031388508
5.12089448664
5.13860765944
5.15627898557
5.1739090703
5.19149850802
5.2090478825
5.22655776713
5.24402872516
5.26146130992
5.27885606501
5.2962135246
5.31353421354
5.33081864764
5.34806733381
5.3652807703
5.38245944686
5.39960384493
5.41671443782
5.43379169087
5.45083606163
5.46784800004
5.48482794856
5.50177634232
5.51869360932
5.53558017053
5.55243644005
5.56926282527
5.58605972697
5.60282753948
5.6195666508
5.63627744274
5.65296029102
5.66961556542
5.68624362988
5.7028448426
5.7194195562
5.73596811779
5.75249086908
5.76898814651
5.78546028132
5.80190759967
5.81833042275
5.83472906684
5.85110384342
5.86745505928
5.88378301658
5.90008801295
5.91637034158
