2.48762632679
2.37394834803
2.36935339455
2.3695535484
2.3704580768
2.37181265557
2.37352462618
2.37552096468
2.37774094589
2.38013416576
2.38265898937
2.38528121289
2.38797290869
2.39071143142
2.39347856529
2.39625981217
2.39904393484
2.40182155481
2.40458615462
2.40733267595
2.410057455
2.41275796301
2.41543258263
2.41808042131
2.42070115643
2.42329490745
2.42586213065
2.4284035332
2.4309200032
2.43341255322
2.43588227511
2.43833030411
2.44075779068
2.44316587874
2.44555568912
2.44792830723
2.45028477426
2.45262608111
2.45495316459
2.45726690536
2.45956812726
2.46185759773
2.46413602901
2.46640407994
2.46866235824
2.47091142303
2.47315178758
2.47538392211
2.4776082567
2.47982518406
2.48203506239
2.48423821803
2.48643494804
2.48862552268
2.49081018773
2.49298916665
2.49516266266
2.49733086063
2.49949392882
2.50165202057
2.50380527575
2.50595382218
2.50809777688
2.51023724722
2.512372332
2.51450312241
2.51662970285
2.5187521518
2.52087054247
2.52298494345
2.5250954193
2.52720203108
2.52930483678
2.53140389173
2.53349924901
2.53559095974
2.53767907335
2.53976363789
2.54184470021
2.54392230614
2.5459965007
2.54806732825
2.55013483255
2.55219905695
2.55426004444
2.55631783771
2.55837247926
2.56042401143
2.56247247643
2.56451791641
2.56656037346
2.56859988964
2.57063650697
2.5726702675
2.57470121325
2.57672938625
2.57875482853
2.58077758212
2.58279768901
2.58481519121
2.58683013069
2.58884254937
2.59085248912
2.59285999178
2.59486509909
2.59686785273
2.59886829425
2.60086646514
2.60286240674
2.60485616027
2.6068477668
2.60883726728
2.61082470248
2.61281011298
2.61479353922
2.61677502144
2.61875459967
2.62073231375
2.62270820331
2.62468230778
2.62665466635
2.62862531799
2.63059430144
2.6325616552
2.63452741756
2.63649162653
2.6384543199
2.64041553522
2.64237530976
2.64433368058
2.64629068447
2.64824635796
2.65020073733
2.65215385863
2.65410575764
2.65605646988
2.65800603062
2.6599544749
2.66190183748
2.66384815288
2.66579345537
2.66773777899
2.6696811575
2.67162362444
2.6735652131
2.67550595651
2.67744588749
2.67938503859
2.68132344215
2.68326113026
2.68519813477
2.68713448732
2.6890702193
2.69100536188
2.69293994601
2.69487400241
2.69680756157
2.69874065379
2.70067330912
2.7026055574
2.70453742829
2.7064689512
2.70840015534
2.71033106973
2.71226172317
2.71419214426
2.7161223614
2.71805240279
2.71998229644
2.72191207015
2.72384175154
2.72577136804
2.72770094689
2.72963051513
2.73156009962
2.73348972706
2.73541942393
2.73734921655
2.73927913108
2.74120919346
2.74313942949
2.74506986479
2.7470005248
2.7489314348
2.75086261989
2.75279410503
2.75472591498
2.75665807435
2.75859060761
2.76052353905
2.76245689279
2.76439069281
2.76632496295
2.76825972685
2.77019500805
2.77213082989
2.77406721561
2.77600418825
2.77794177074
2.77987998586
