0.9
1.38485179048
1.38296632787
1.38108076293
1.379195177
1.37730968502
1.37542440825
1.37353944433
1.37165491283
1.36977093741
1.36788752573
1.36600476726
1.36412271461
1.36224141215
1.36036089748
1.3584812027
1.35660235542
1.35472437962
1.35284729641
1.35097112448
1.34909588059
1.34722157994
1.34534823643
1.34347586292
1.34160447136
1.33973407297
1.33786467837
1.33599629553
1.33412804685
1.3322617099
1.33039641897
1.32853218118
1.32666900365
1.32480689381
1.32294585918
1.32108590719
1.31922704662
1.31736928187
1.31551262148
1.31365707243
1.31180264157
1.30994933563
1.30809806563
1.30624703916
1.30442551243
1.30254855359
1.30070091073
1.29885445577
1.29700918384
1.29518113698
1.29332248029
1.29148064031
1.2896400474
1.28780068318
1.28596253956
1.28412561418
1.28228990792
1.2804554235
1.2786221646
1.27679013545
1.27495934056
1.27312978456
1.27130147214
1.26947440797
1.26764859669
1.26582404291
1.26400075117
1.26217872596
1.26035797173
1.25853849285
1.25672029364
1.25490337837
1.25308775126
1.25127341645
1.24946037804
1.2476486401
1.24583820661
1.24402908153
1.24222126875
1.24041477214
1.23860959548
1.23680574255
1.23500321706
1.23320202267
1.23140216301
1.22960364166
1.22780646217
1.22601062804
1.22421614273
1.22242300967
1.22063123223
1.21884081377
1.21705175759
1.21526406697
1.21347774515
1.21169279534
1.2099092207
1.20812702437
1.20634620946
1.20456677904
1.20278873615
1.2010120838
1.19923682498
1.19746296264
1.1956904997
1.19391943904
1.19214978355
1.19038153606
1.18861469937
1.18684927628
1.18508526954
1.18332268188
1.18156151603
1.17980177465
1.17804346042
1.17628657596
1.17453112388
1.17277710679
1.17102452724
1.16927338778
1.16752369094
1.1657754392
1.16402863506
1.16228328098
1.16053937938
1.15879693269
1.15705594331
1.15531641362
1.15357834597
1.15184174271
1.15010660615
1.1483729386
1.14664074235
1.14491001965
1.14318077276
1.14145300391
1.13972671532
1.13800190916
1.13627858764
1.13455675291
1.13283640711
1.13111755237
1.12940019082
1.12768432454
1.12596995562
1.12425708612
1.1225457181
1.12083585358
1.1191274946
1.11742064315
1.11571530122
1.1140114708
1.11230915384
1.11060835229
1.108908266
1.10721049289
1.10551424514
1.10381952281
1.10212632678
1.1004346583
1.09874451892
1.09705591027
1.09536883408
1.09368329209
1.09199928607
1.09031681778
1.08863588898
1.08695650143
1.08527865687
1.08360235702
1.0819276036
1.08025439833
1.0785827429
1.07691263898
1.07524408826
1.07357709239
1.07191165301
1.07024777176
1.06858545027
1.06692469014
1.06526549297
1.06360786035
1.06195179385
1.06029729504
1.05864436548
1.05699300669
1.05534322022
1.05369500757
1.05204837025
1.05040401828
1.0487605784
1.04711867945
1.0454783594
1.04383962071
1.0422024654
1.04056689523
1.03893291178
1.03730051658
1.03566971107
1.03404049667
