161.81020353
123.390001997
123.002921654
122.641633531
122.296597892
121.959813129
121.626163484
121.292396292
120.956453247
120.617041581
120.273358822
119.924915992
119.571423995
119.212720579
118.848723381
118.479399733
118.104747204
117.724781248
117.339526895
116.949013788
116.553272734
116.15233353
115.746223545
115.334966764
114.918583153
114.497088207
114.070492622
113.638802034
113.202016811
112.760131852
112.313190898
111.861191153
111.403854102
110.941354305
110.47365883
110.000719304
109.522482777
109.038890619
108.549877704
108.05537176
107.555292814
107.049552693
106.538054534
106.020692311
105.497350338
104.967902747
104.43221294
103.890133002
103.341503068
102.78615064
102.223889861
101.654520715
101.077828174
100.493581273
99.9015265641
99.3014082277
98.6929369703
98.075807073
97.4496910322
96.8142380571
96.1690724502
95.5137918594
94.8479653904
94.1711315657
93.4827961188
92.7824297857
92.0694649002
91.3432941727
90.6032662279
89.8486830587
89.0787964248
88.2928041157
87.4898459576
86.6689995428
85.8292756861
84.9696136096
84.0888201926
83.1857809454
82.259197457
81.3075644546
80.3294292053
79.3231887904
78.2871301844
77.2194252877
76.1181266457
74.9811642193
73.8063436825
72.5913468539
71.3337350303
70.0309561877
68.6803572478
67.2792028849
65.824702661
64.3140486231
62.7444658617
61.1132788768
59.4179968883
57.6564213792
55.826779057
53.9278829181
51.9593229892
49.9216863643
47.8168111043
45.6480182684
43.4204280602
41.1411806119
38.8196520062
36.4675831442
34.0990897299
31.7305142595
29.3800887508
27.067393862
24.8126257914
22.6357054568
20.5553559485
18.5881127002
16.747551904
15.0436939139
13.4826787921
12.0667744757
10.7946269618
9.66174171671
8.66109995402
7.78383129538
7.01987205927
6.35855696672
5.78911298122
5.30104295289
4.88440126245
4.5299730859
4.22937374237
3.9750858906
3.76045129753
3.57963160803
3.42754978773
3.29982117618
3.19268064873
3.10291036394
3.0277709879
2.96493809967
2.91244461539
2.86862958808
2.83209300269
2.80165661899
2.77633000305
2.75528140942
2.73781290317
2.72333919719
2.71136971057
2.70149339929
2.69336595941
2.68669905123
2.68125123852
2.67682037883
2.67323723868
2.67036014025
2.66807047586
2.666268951
2.66487243892
2.66381134757
2.66302741613
2.66247187096
2.66210388252
2.66188927416
2.66179944154
2.6618104483
2.66190226913
2.66205815614
2.66226410832
2.66250842733
2.66278134537
2.66307471351
2.66338174045
2.66369677366
2.66401511581
2.6643328709
161.81020353
123.390001997
123.002921654
122.641633531
122.296597892
121.959813129
121.626163484
121.292396292
120.956453247
120.617041581
120.273358822
119.924915992
119.571423995
119.212720579
118.848723381
118.479399733
118.104747204
117.724781248
117.339526895
116.949013788
116.553272734
116.15233353
115.746223545
115.334966764
114.918583153
114.497088207
114.070492622
113.638802034
113.202016811
112.760131852
112.313190898
111.861191153
111.403854102
110.941354305
110.47365883
110.000719304
109.522482777
109.038890619
108.549877704
108.05537176
107.555292814
107.049552693
106.538054534
106.020692311
105.497350338
104.967902747
104.43221294
103.890133002
103.341503068
102.78615064
102.223889861
101.654520715
101.077828174
100.493581273
99.9015265641
99.3014082277
98.6929369703
98.075807073
97.4496910322
96.8142380571
96.1690724502
95.5137918594
94.8479653904
94.1711315657
93.4827961188
92.7824297857
92.0694649002
91.3432941727
90.6032662279
89.8486830587
89.0787964248
88.2928041157
87.4898459576
86.6689995428
85.8292756861
84.9696136096
84.0888201926
83.1857809454
82.259197457
81.3075644546
80.3294292053
79.3231887904
78.2871301844
77.2194252877
76.1181266457
74.9811642193
73.8063436825
72.5913468539
71.3337350303
70.0309561877
68.6803572478
67.2792028849
65.824702661
64.3140486231
62.7444658617
61.1132788768
59.4179968883
57.6564213792
55.826779057
53.9278829181
51.9593229892
49.9216863643
47.8168111043
45.6480182684
43.4204280602
41.1411806119
38.8196520062
36.4675831442
34.0990897299
31.7305142595
29.3800887508
27.067393862
24.8126257914
22.6357054568
20.5553559485
18.5881127002
16.747551904
15.0436939139
13.4826787921
12.0667744757
10.7946269618
9.66174171671
8.66109995402
7.78383129538
7.01987205927
6.35855696672
5.78911298122
5.30104295289
4.88440126245
4.5299730859
4.22937374237
3.9750858906
3.76045129753
3.57963160803
3.42754978773
3.29982117618
3.19268064873
3.10291036394
3.0277709879
2.96493809967
2.91244461539
2.86862958808
2.83209300269
2.80165661899
2.77633000305
2.75528140942
2.73781290317
2.72333919719
2.71136971057
2.70149339929
2.69336595941
2.68669905123
2.68125123852
2.67682037883
2.67323723868
2.67036014025
2.66807047586
2.666268951
2.66487243892
2.66381134757
2.66302741613
2.66247187096
2.66210388252
2.66188927416
2.66179944154
2.6618104483
2.66190226913
2.66205815614
2.66226410832
2.66250842733
2.66278134537
2.66307471351
2.66338174045
2.66369677366
2.66401511581
2.6643328709
