720.802851578
672.428516592
671.776033622
671.123650316
670.471335614
669.818942417
669.166267065
668.513065955
667.859062571
667.203952304
666.547406686
665.889077392
665.228600079
664.565598066
663.899685851
663.230472438
662.557564496
661.880569312
661.199097559
660.512765852
659.821199114
659.124032732
658.420914513
657.711506444
656.995486249
656.272548756
655.542407078
654.804793603
654.059460816
653.306181948
652.544751453
651.774985343
650.996721366
650.209819045
649.414159585
648.609645664
647.796201095
646.973770393
646.142318244
645.301828872
644.452305343
643.593768777
642.726257511
641.849826194
640.964544833
640.070497806
639.167782823
638.256509876
637.336800152
636.408784941
635.472604527
634.528407081
633.576347547
632.616586546
631.649289277
630.674624446
629.692763207
628.703878134
627.708142207
626.705727847
625.696805964
624.68154506
623.660110359
622.632662975
621.599359135
620.560349436
619.515778146
618.465782558
617.410492385
616.350029209
615.284505967
614.214026495
613.138685116
612.058566274
610.973744215
609.884282714
608.790234853
607.691642831
606.588537832
605.480939919
604.368857983
603.252289149
602.1312211
601.005628659
599.875476204
598.740717209
597.601300912
596.457146111
595.308181415
594.154318476
592.995459077
591.831495407
590.662310368
589.487777887
588.307763257
587.122119298
585.930703849
584.73335389
583.529903807
582.320181232
581.104007444
579.88119778
578.651562056
577.414904991
576.171026629
574.919722772
573.660785412
572.394003161
571.119161682
569.836044127
568.544431564
567.244103407
565.934837847
564.616412272
563.288603697
561.951189176
560.603946224
559.246653226
557.879089845
556.501037431
555.112279415
553.712601708
552.301793091
550.879645603
549.445954922
548.000520742
546.543147144
545.073642965
543.59182216
542.09750416
540.590514222
539.070683779
537.537850781
535.99186003
534.432563513
532.859820725
531.273498994
529.673473789
528.05962903
526.431857393
524.7900606
523.134149708
521.464045395
519.779678228
518.080988934
516.367928653
514.640459194
512.898553272
511.14219474
509.371378813
507.586112278
505.786414347
503.972314245
502.143855296
500.301092483
498.44409325
496.572937648
494.68771846
492.788541312
490.875524775
488.948800443
487.008513001
485.054820276
483.08789327
481.107916172
479.115086359
477.109614373
475.091723881
473.061651615
471.019647296
468.96597353
466.900905692
464.824731784
462.737752277
460.640279925
458.532639566
456.415167897
454.288213231
452.152135226
450.007304607
447.854102853
445.692921872
443.524163654
441.348239907
439.165571667
436.976588901
434.781730079
432.581441742
430.376178041
428.166400275
425.952576398
423.735180528
421.514688769
419.291593336
417.066380135
414.839542647
412.611577911
410.382985927
408.154269081
405.925931578
720.802851578
672.428516592
671.776033622
671.123650316
670.471335614
669.818942417
669.166267065
668.513065955
667.859062571
667.203952304
666.547406686
665.889077392
665.228600079
664.565598066
663.899685851
663.230472438
662.557564496
661.880569312
661.199097559
660.512765852
659.821199114
659.124032732
658.420914513
657.711506444
656.995486249
656.272548756
655.542407078
654.804793603
654.059460816
653.306181948
652.544751453
651.774985343
650.996721366
650.209819045
649.414159585
648.609645664
647.796201095
646.973770393
646.142318244
645.301828872
644.452305343
643.593768777
642.726257511
641.849826194
640.964544833
640.070497806
639.167782823
638.256509876
637.336800152
636.408784941
635.472604527
634.528407081
633.576347547
632.616586546
631.649289277
630.674624446
629.692763207
628.703878134
627.708142207
626.705727847
625.696805964
624.68154506
623.660110359
622.632662975
621.599359135
620.560349436
619.515778146
618.465782558
617.410492385
616.350029209
615.284505967
614.214026495
613.138685116
612.058566274
610.973744215
609.884282714
608.790234853
607.691642831
606.588537832
605.480939919
604.368857983
603.252289149
602.1312211
601.005628659
599.875476204
598.740717209
597.601300912
596.457146111
595.308181415
594.154318476
592.995459077
591.831495407
590.662310368
589.487777887
588.307763257
587.122119298
585.930703849
584.73335389
583.529903807
582.320181232
581.104007444
579.88119778
578.651562056
577.414904991
576.171026629
574.919722772
573.660785412
572.394003161
571.119161682
569.836044127
568.544431564
567.244103407
565.934837847
564.616412272
563.288603697
561.951189176
560.603946224
559.246653226
557.879089845
556.501037431
555.112279415
553.712601708
552.301793091
550.879645603
549.445954922
548.000520742
546.543147144
545.073642965
543.59182216
542.09750416
540.590514222
539.070683779
537.537850781
535.99186003
534.432563513
532.859820725
531.273498994
529.673473789
528.05962903
526.431857393
524.7900606
523.134149708
521.464045395
519.779678228
518.080988934
516.367928653
514.640459194
512.898553272
511.14219474
509.371378813
507.586112278
505.786414347
503.972314245
502.143855296
500.301092483
498.44409325
496.572937648
494.68771846
492.788541312
490.875524775
488.948800443
487.008513001
485.054820276
483.08789327
481.107916172
479.115086359
477.109614373
475.091723881
473.061651615
471.019647296
468.96597353
466.900905692
464.824731784
462.737752277
460.640279925
458.532639566
456.415167897
454.288213231
452.152135226
450.007304607
447.854102853
445.692921872
443.524163654
441.348239907
439.165571667
436.976588901
434.781730079
432.581441742
430.376178041
428.166400275
425.952576398
423.735180528
421.514688769
419.291593336
417.066380135
414.839542647
412.611577911
410.382985927
408.154269081
405.925931578
