3.58722505088
4.17397375635
4.72285351466
5.1849374381
5.55451923875
5.83414970104
6.0351718914
6.17532732916
6.27189699506
6.33876536999
6.38600333286
6.42049451994
6.44678338708
6.46780920091
6.4854508664
6.50090196325
6.51491860346
6.52797953297
6.54153014238
6.55421932053
6.56631544818
6.57798981809
6.58935212709
6.60047295219
6.61139797833
6.62215701377
6.63276971161
6.64324920843
6.65360444359
6.66384164152
6.67396526177
6.68397860989
6.69388423174
6.70368416883
6.71338012458
6.72297357313
6.73246583083
6.74185810371
6.75115151915
6.76034714716
6.76944601498
6.77844911704
6.78735742194
6.7961718774
6.80489341381
6.8135229468
6.82206137918
6.83050960238
6.83886849753
6.84713893638
6.85532178191
6.86341788889
6.87142810433
6.8793532678
6.88719421173
6.89495176165
6.90262673637
6.91021994814
6.91773220281
6.92516429991
6.93251703275
6.93979118852
6.94698754834
6.95410688731
6.96114997458
6.96811757338
6.97501044103
6.98182932902
6.98857498301
6.99524814283
7.00184954255
7.00837991046
7.01483996912
7.02123043533
7.0275520202
7.03380542911
7.03999136178
7.04611051221
7.05216356879
7.05815121423
7.06407412559
7.06993297434
7.07572842632
7.08146114178
7.08713177539
7.09274097626
7.09828938792
7.10377764841
7.10920639021
7.11457624033
7.11988782028
7.12514174611
7.1303386284
7.13547907234
7.14056367767
7.14559303876
7.15056774462
7.15548837888
7.16035551988
7.16516974063
7.16993160886
7.17464168705
7.17930053243
7.18390869703
7.1884667277
7.1929751661
7.19743454878
7.20184540717
7.20620826759
7.21052365134
7.21479207467
7.21901404882
7.22319008006
7.22732066971
7.23140631416
7.23544750493
7.23944472865
7.24339846714
7.2473091974
7.25117739165
7.2550035174
7.2587880374
7.26253140975
7.26623408788
7.26989652061
7.27351915217
7.27710242221
7.28064676589
7.28415261383
7.28762039222
7.29105052281
7.29444342294
7.29779950561
7.30111917945
7.30440284881
7.30765091377
7.31086377017
7.31404180965
7.31718541966
7.32029498355
7.32337088052
7.32641348574
7.32942317031
7.33240030135
7.33534524198
7.3382583514
7.3411399849
7.3439904939
7.34681022596
7.34959952487
7.35235873061
7.35508817943
7.35778820388
7.36045913283
7.3631012915
7.36571500152
7.36830058091
7.37085834419
7.37338860232
7.37589166281
7.37836783147
7.38081740517
7.38324068322
7.38563795953
7.38800952468
7.39035566597
7.39267666744
7.39497280989
7.39724437096
7.3994916251
7.40171484366
7.40391429485
7.40609024384
7.40824295277
7.41037268074
7.4124796839
7.41456421544
7.41662652563
7.41866686186
7.42068546866
7.42268258773
7.42465845797
7.4266133155
7.42854739373
7.43046092332
7.43235413226
7.43422724589
7.43608048691
7.43791407543
7.43972822899
7.44152316256
7.44329908863
7.44505621716
7.44679475569
7.44851490928
7.45021688061
7.45190086996
7.45356707525
7.45521569209
7.45684691376
