0.018628579428
0.0235367578345
0.0283756064577
0.0325378151101
0.0358138158159
0.0381859738919
0.0397949381551
0.0408470859495
0.0415290752202
0.0419795230037
0.0422911383542
0.0425222222712
0.042708007788
0.0428794613937
0.0430342491507
0.0431804195407
0.0433223112115
0.0434621122523
0.0436007886622
0.0437386317462
0.0438755773839
0.0440113897438
0.0441457649604
0.0442783878785
0.0444089615212
0.0445372209167
0.0446629381372
0.0447859225645
0.0449060187133
0.0450231029437
0.0451370798102
0.0452478784465
0.0453554491892
0.0454597605282
0.0455607964081
0.0456585538719
0.0457530410213
0.0458442752611
0.0459322817939
0.046017092332
0.046098743998
0.0461772783854
0.0462527407584
0.046325179368
0.0463946448697
0.0464611898214
0.0465248682737
0.0465857353891
0.0466438471418
0.0466992600518
0.046752030959
0.0468022168304
0.0468498745951
0.0468950610044
0.0469378325119
0.0469782451715
0.0470163545515
0.0470522156608
0.0470858828877
0.0471174099474
0.0471468498392
0.0471742548101
0.0471996763255
0.0472231650453
0.0472447708044
0.0472645425981
0.047282528571
0.0472987760087
0.0473133313326
0.0473262400974
0.0473375469902
0.047347295832
0.0473555295804
0.0473622903335
0.0473676193365
0.047371556987
0.0473741428434
0.0473754156332
0.0473754132617
0.0473741728217
0.0473717306041
0.047368122108
0.0473633820522
0.047357544386
0.0473506423012
0.0473427082436
0.0473337739251
0.0473238703825
0.0473130278063
0.0473012758131
0.0472886433156
0.0472751585321
0.0472608490266
0.0472457417145
0.0472298628751
0.0472132381632
0.0471958926218
0.0471778506931
0.0471591362315
0.0471397725141
0.0471197822535
0.0470991876081
0.0470780101943
0.0470562710973
0.0470339908821
0.0470111896045
0.046987886822
0.0469641016038
0.0469398525419
0.0469151577609
0.046890034928
0.0468645012635
0.0468385735497
0.0468122681413
0.0467856009743
0.0467585875752
0.0467312430704
0.0467035821951
0.0466756193016
0.0466473683685
0.0466188430086
0.0465900564774
0.0465610216812
0.0465317511849
0.04650225722
0.046472551692
0.0464426461881
0.0464125519842
0.0463822800524
0.0463518410679
0.0463212454158
0.0462905031979
0.0462596242394
0.0462286180953
0.0461974940564
0.046166261156
0.0461349281758
0.0461035036515
0.046071995879
0.0460404129201
0.0460087626074
0.0459770525507
0.0459452901415
0.0459134825587
0.0458816367735
0.0458497595541
0.0458178574711
0.0457859369019
0.0457540040355
0.0457220648768
0.0456901252514
0.0456581908096
0.045626267031
0.0455943592283
0.0455624725515
0.045530611992
0.0454987823863
0.0454669884199
0.0454352346308
0.0454035254136
0.0453718650223
0.0453402575746
0.0453087070544
0.0452772173159
0.0452457920863
0.0452144349692
0.0451831494477
0.045151938887
0.045120806538
0.0450897555397
0.0450587889222
0.0450279096091
0.0449971204208
0.0449664240767
0.0449358231977
0.0449053203089
0.0448749178419
0.0448446181374
0.0448144234473
0.0447843359369
0.0447543576874
0.044724490698
0.0446947368878
0.044665098098
0.0446355760942
0.0446061725677
0.0445768891383
0.0445477273552
0.0445186886998
0.0444897745867
0.044460986366
0.0444323253248
0.0444037926888
0.0443753896239
0.044347117238
0.0443189765826
0.0442909686538
0.0442630943945
0.0442353546952
0.044207750396
