103.278187555
117.082140275
117.032631777
116.983376155
116.934430014
116.885794871
116.83746443
116.789431482
116.741688885
116.6942297
116.647047207
116.600134894
116.553486452
116.50709577
116.460956927
116.415064184
116.36941198
116.323994924
116.278807788
116.233845505
116.189103162
116.144575992
116.100259372
116.056148818
116.012239977
115.968528629
115.925010674
115.881682135
115.838539149
115.795577969
115.752794951
115.71018656
115.667749361
115.625480016
115.583375281
115.541432005
115.499647124
115.45801766
115.416540716
115.375213477
115.334033201
115.292997226
115.252102956
115.211347869
115.170729507
115.130245479
115.089893457
115.049671171
115.009576412
114.969607028
114.92976092
114.890036044
114.850430405
114.81094206
114.771569112
114.732309712
114.693162054
114.654124377
114.615194961
114.576372126
114.537654234
114.49903968
114.4605269
114.422114364
114.383800575
114.345584071
114.307463422
114.269437228
114.231504119
114.193662754
114.15591182
114.118250033
114.080676133
114.043188886
114.005787082
113.968469536
113.931235086
113.89408259
113.857010929
113.820019005
113.78310574
113.746270075
113.70951097
113.672827402
113.636218368
113.599682879
113.563219965
113.52682867
113.490508055
113.454257193
113.418075175
113.381961103
113.345914094
113.309933277
113.274017794
113.238166798
113.202379455
113.166654942
113.130992446
113.095391166
113.059850309
113.024369094
112.988946747
112.953582507
112.918275618
112.883025333
112.847830915
112.812691634
112.777606767
112.742575599
112.707597422
112.672671534
112.637797241
112.602973854
112.568200691
112.533477074
112.498802334
112.464175804
112.429596824
112.395064739
112.360578896
112.326138651
112.29174336
112.257392388
112.223085098
112.188820863
112.154599054
112.12041905
112.086280231
112.05218198
112.018123683
111.984104731
111.950124515
111.050907494
111.025035926
104.2802758
94.1949898897
86.1692458816
79.5612073639
73.9752170272
69.1622066076
64.9540249053
61.2286985516
57.8968385238
54.8911283251
52.1596963531
49.6617800191
47.364798409
45.2423214325
43.2726271238
41.4376551656
39.7222336502
38.1134982161
36.600449171
35.1736092543
33.8247559205
32.5467095653
31.3331642797
30.1785513064
29.0779279095
28.0268861893
27.0214776867
26.0581505971
25.1336971267
24.2452090682
23.390040079
22.5657734563
21.770194447
21.0012663133
20.2571095214
19.5359835364
18.8362707937
18.1564624909
17.4951458985
16.8509929321
16.2227497649
15.6092272826
15.0092922041
14.4218587038
13.8458803773
13.2803423926
12.7242536647
12.1766388752
11.6365301365
11.1029580662
10.5749419829
10.0514788641
9.5315306017
9.01400893934
8.49775726277
7.98152809624
7.46395468877
6.94351435895
6.41848015567
5.8868556169
5.34628448323
4.79392222961
4.22624739434
3.63877408821
