-46.4620416077
-165.572607311
-165.81188657
-166.050999693
-166.290072383
-166.529176725
-166.768350374
-167.007614777
-167.246983793
-167.486467601
-167.726074459
-167.965811502
-168.205685083
-168.445700933
-168.685864227
-168.926179604
-169.166651177
-169.407282537
-169.648076749
-169.889036348
-170.13016334
-170.371459197
-170.612924858
-170.854560729
-171.096366681
-171.338342053
-171.580485652
-171.822795756
-172.065270118
-172.307905966
-172.55070001
-172.793648444
-173.036746952
-173.279990713
-173.523374405
-173.766892213
-174.010537831
-174.254304473
-174.498184878
-174.742171315
-174.986255592
-175.230429062
-175.474682631
-175.719006766
-175.963391503
-176.207826452
-176.452300809
-176.696803359
-176.941322491
-177.185846198
-177.430362093
-177.674857154
-177.919318754
-178.163733159
-178.408086526
-178.652364674
-178.896553085
-179.140636917
-179.384601012
-179.6284299
-179.872107814
-180.115618692
-180.358946189
-180.602073681
-180.84498428
-181.087660835
-181.330085944
-181.57224196
-181.814111001
-182.055674954
-182.296915489
-182.537814059
-182.778351914
-183.018510104
-183.258269492
-183.497610753
-183.73651439
-183.974960737
-184.212929965
-184.450402093
-184.687356991
-184.92377439
-185.159633889
-185.394914958
-185.629596949
-185.863659103
-186.097080551
-186.329840328
-186.561917375
-186.793290545
-187.023938613
-187.25384028
-187.482974178
-187.71131888
-187.938852903
-188.165554714
-188.391402739
-188.616375367
-188.840450954
-189.063607835
-189.285824322
-189.507078716
-189.727349311
-189.946614397
-190.16485227
-190.382041235
-190.598159612
-190.813185742
-191.027097992
-191.239874761
-191.451494485
-191.661935643
-191.871176762
-192.079196421
-192.285973261
-192.491485983
-192.695713361
-192.898634239
-193.100227546
-193.300472291
-193.499347575
-193.696832596
-193.89290665
-194.087549137
-194.280739572
-194.47245758
-194.66268291
-194.851395436
-195.038575162
-195.224202226
-195.408256909
-195.590719636
-195.771570981
-195.950791675
-196.128362607
-196.304264834
-196.478479579
-196.650988241
-196.8217724
-196.990813816
-197.158094442
-197.323596423
-197.487302102
-197.649194025
-197.809254946
-197.967467832
-198.123815868
-198.278282458
-198.430851235
-198.581506063
-198.730231039
-198.877010505
-199.021829042
-199.164671485
-199.305522921
-199.444368696
-199.581194417
-199.71598596
-199.848729472
-199.979411377
-200.108018376
-200.234537458
-200.3589559
-200.481261271
-200.601441438
-200.719484569
-200.835379137
-200.949113927
-201.060678034
-201.170060873
-201.27725218
-201.382242014
-201.485020767
-201.58557916
-201.683908254
-201.779999446
-201.87384448
-201.965435447
-202.054764785
-202.14182529
-202.226610113
-202.309112766
-202.389327124
-202.467247428
-202.54286829
-202.616184692
-202.687191992
-202.755885926
-202.82226261
-202.886318541
-202.948050602
-203.007456064
-203.064532586
-203.119278216
-203.1716914
-203.221770975
-203.269516175
-203.314926632
-203.358002378
-203.398743844
-46.4620416077
-165.572607311
-165.81188657
-166.050999693
-166.290072383
-166.529176725
-166.768350374
-167.007614777
-167.246983793
-167.486467601
-167.726074459
-167.965811502
-168.205685083
-168.445700933
-168.685864227
-168.926179604
-169.166651177
-169.407282537
-169.648076749
-169.889036348
-170.13016334
-170.371459197
-170.612924858
-170.854560729
-171.096366681
-171.338342053
-171.580485652
-171.822795756
-172.065270118
-172.307905966
-172.55070001
-172.793648444
-173.036746952
-173.279990713
-173.523374405
-173.766892213
-174.010537831
-174.254304473
-174.498184878
-174.742171315
-174.986255592
-175.230429062
-175.474682631
-175.719006766
-175.963391503
-176.207826452
-176.452300809
-176.696803359
-176.941322491
-177.185846198
-177.430362093
-177.674857154
-177.919318754
-178.163733159
-178.408086526
-178.652364674
-178.896553085
-179.140636917
-179.384601012
-179.6284299
-179.872107814
-180.115618692
-180.358946189
-180.602073681
-180.84498428
-181.087660835
-181.330085944
-181.57224196
-181.814111001
-182.055674954
-182.296915489
-182.537814059
-182.778351914
-183.018510104
-183.258269492
-183.497610753
-183.73651439
-183.974960737
-184.212929965
-184.450402093
-184.687356991
-184.92377439
-185.159633889
-185.394914958
-185.629596949
-185.863659103
-186.097080551
-186.329840328
-186.561917375
-186.793290545
-187.023938613
-187.25384028
-187.482974178
-187.71131888
-187.938852903
-188.165554714
-188.391402739
-188.616375367
-188.840450954
-189.063607835
-189.285824322
-189.507078716
-189.727349311
-189.946614397
-190.16485227
-190.382041235
-190.598159612
-190.813185742
-191.027097992
-191.239874761
-191.451494485
-191.661935643
-191.871176762
-192.079196421
-192.285973261
-192.491485983
-192.695713361
-192.898634239
-193.100227546
-193.300472291
-193.499347575
-193.696832596
-193.89290665
-194.087549137
-194.280739572
-194.47245758
-194.66268291
-194.851395436
-195.038575162
-195.224202226
-195.408256909
-195.590719636
-195.771570981
-195.950791675
-196.128362607
-196.304264834
-196.478479579
-196.650988241
-196.8217724
-196.990813816
-197.158094442
-197.323596423
-197.487302102
-197.649194025
-197.809254946
-197.967467832
-198.123815868
-198.278282458
-198.430851235
-198.581506063
-198.730231039
-198.877010505
-199.021829042
-199.164671485
-199.305522921
-199.444368696
-199.581194417
-199.71598596
-199.848729472
-199.979411377
-200.108018376
-200.234537458
-200.3589559
-200.481261271
-200.601441438
-200.719484569
-200.835379137
-200.949113927
-201.060678034
-201.170060873
-201.27725218
-201.382242014
-201.485020767
-201.58557916
-201.683908254
-201.779999446
-201.87384448
-201.965435447
-202.054764785
-202.14182529
-202.226610113
-202.309112766
-202.389327124
-202.467247428
-202.54286829
-202.616184692
-202.687191992
-202.755885926
-202.82226261
-202.886318541
-202.948050602
-203.007456064
-203.064532586
-203.119278216
-203.1716914
-203.221770975
-203.269516175
-203.314926632
-203.358002378
-203.398743844
