0.0287946
1.58644846493
1.64921738968
1.69065584922
1.71786236695
1.73602791836
1.74860434276
1.75779433048
1.76496523061
1.77081595092
1.77625621238
1.78118239019
1.78590729158
1.79053569494
1.79512807995
1.79971860436
1.80432585149
1.8089592889
1.81362312847
1.81831862165
1.823045415
1.82780230612
1.83258787666
1.8374003778
1.84223830273
1.84710016667
1.85198462914
1.85689049885
1.86181672861
1.8667624047
1.87172673425
1.87670903213
1.88170870822
1.88672525572
1.89175824051
1.89680729169
1.90183732556
1.90691717509
1.91201244239
1.91712282487
1.92224815016
1.92738827459
1.93254307999
1.9377124702
1.94289636793
1.94809471195
1.95330745476
1.95853456062
1.96377600389
1.96903176758
1.97430184222
1.97958622477
1.98488491779
1.99019792867
1.995525269
2.000866954
2.00622681537
2.01159346467
2.01697829971
2.02237756589
2.02779129364
2.03321951258
2.03866225289
2.04411954579
2.04959142356
2.05507791949
2.06057906777
2.06609490336
2.07162546194
2.07717077973
2.08273089351
2.0883058405
2.09389565836
2.09950038508
2.10512005901
2.11075471879
2.11640440333
2.1220691518
2.12774900361
2.13344399837
2.13915417587
2.14487957614
2.15062023935
2.15637620586
2.16214751616
2.16793421093
2.17373633098
2.17955391727
2.18538701088
2.19123565304
2.19709988512
2.2029797486
2.20887528511
2.21478653638
2.22071354427
2.22665635078
2.23261499801
2.23858952819
2.24457998366
2.2505864069
2.23046407276
2.24238540942
2.25345762691
2.26367297537
2.27311047075
2.28187673505
2.29007976524
2.29781825918
2.30517814013
2.31223229919
2.3190416588
2.32565668181
2.33211892688
2.33846248508
2.3447152405
2.3508999451
2.35703512636
2.36313583833
2.36921428758
2.37528034847
2.3813419876
2.38740561283
2.3934763598
2.39955832702
2.40565476852
2.41176825169
2.41790078651
2.42405393121
2.43022887873
2.4364265273
2.44264753814
2.44889238245
2.45516137976
2.46145472914
2.4677725346
2.47411482567
2.48048157416
2.48687270763
2.49328812036
2.49972768214
2.5061912453
2.51267865041
2.51918973072
2.52572431579
2.53228223424
2.53886331594
2.54546739374
2.5520943047
2.55874389107
2.56541600097
2.57211048893
2.57882721612
2.58556605061
2.59232686742
2.59910954852
2.60591398278
2.61274006584
2.61958769998
2.62645679394
2.63334726269
2.6402590273
2.64719201464
2.65414615722
2.66112139296
2.66811766492
2.67513492118
2.68217311451
2.68923220229
2.6963121462
2.70341291255
2.71053447025
2.71767679338
2.72483985918
2.73202364834
2.73922814484
2.74645333584
2.75369921148
2.76096576478
2.76825299151
2.77556089006
2.78288946131
2.79023870854
2.79760863733
2.8049992554
2.81241057262
2.8198426008
2.8272953537
2.83476884689
2.84226309771
2.84977812515
2.85731394982
2.86487059388
2.87244808094
2.88004643606
2.88766568562
2.89530585732
2.90296698012
2.91064908417
2.91835220076
2.92607636232
