-14.4941349969
-9.96327093875
-10.001475963
-10.0343783351
-10.0623636489
-10.0856919848
-10.1045796323
-10.1192208916
-10.1297950043
-10.1364688187
-10.1393981762
-10.1387288748
-10.1345974605
-10.1271319231
-10.1164523238
-10.1026713653
-10.085894912
-10.066222466
-10.0437476028
-10.018558371
-9.99073765829
-9.96036352938
-9.92750953547
-9.89224500001
-9.85463528196
-9.81474201877
-9.77262335074
-9.72833412856
-9.68192610528
-9.63344811414
-9.58294623338
-9.5304639391
-9.47604224722
-9.41971984524
-9.3615332148
-9.30151674564
-9.23970284165
-9.1761220196
-9.11080300117
-9.04377279864
-8.97505679486
-8.90467881775
-8.8326612099
-8.75902489344
-8.68378943063
-8.60697308038
-8.52859285105
-8.44866454971
-8.36720282808
-8.2842212255
-8.19973220889
-8.1137472101
-8.02627666067
-7.93733002424
-7.84691582666
-7.75504168402
-7.66171432866
-7.56693963332
-7.4707226334
-7.37306754768
-7.27397779726
-7.17345602311
-7.07150410202
-6.96812316131
-6.86331359207
-6.75707506124
-6.64940652239
-6.54030622539
-6.4297717249
-6.31779988785
-6.20438689982
-6.08952827045
-5.97321883783
-5.85545277205
-5.73622357772
-5.61552409566
-5.49334650378
-5.36968231704
-5.24452238665
-5.11785689846
-4.98967537059
-4.85996665034
-4.72871891028
-4.59591964373
-4.46155565949
-4.32561307591
-4.18807731433
-4.04893309184
-3.90816441345
-3.7657545637
-3.62168609765
-3.47594083136
-3.32849983186
-3.17934340661
-3.0284510925
-2.87580164451
-2.72137302385
-2.56514238589
-2.40708606772
-2.24717957552
-2.08539757167
-1.9217138618
-1.75610138178
-1.58853218465
-1.41897742771
-1.2474073598
-1.07379130879
-0.898097669511
-0.720293892177
-0.540346471395
-0.358220935966
-0.173881839572
0.0127072474678
0.201583745212
0.39278606969
0.586353636874
0.782326864829
0.98074717379
1.18165698395
1.38509971065
1.59111975679
1.79976250201
2.01107428849
2.22510240296
2.44189505458
2.66150134827
2.8839712533
3.10935556652
3.33770586992
3.56907448212
3.80351440335
4.04107925339
4.28182320213
4.5258008922
4.77306735326
5.02367790751
5.27768806583
5.53515341435
5.79612949072
6.06067164995
6.32883491923
6.60067384147
6.8762423073
7.1555933751
7.4387790791
7.72585022511
8.01685617415
8.31184461366
8.6108613167
8.91394988914
9.22115150523
9.53250463208
9.84804474348
10.1678040238
10.4918110632
10.820090544
11.1526629213
11.4895440972
11.8307450915
12.1762717092
12.5261242088
12.8802969703
13.2387781674
13.601549446
13.9685856089
14.3398543129
14.7153157771
15.0949225082
15.4786190424
15.8663417092
16.258018418
16.6535684699
17.0529023317
17.4559217712
17.8625193704
18.2725787194
18.6859743275
19.1025716351
19.5222270635
19.9447881044
20.3700934492
20.7979731573
21.228248864
21.6607340273
22.0952342101
22.5315473998
22.9694643602
23.4087690138
23.8492388529
24.2906453751
24.7327545393
25.1753272396
25.6181197919
26.0608844286
26.5033697981
26.9453214629
27.3864823924
27.826593445
28.2653938348
28.7026215787
-14.4941349969
-9.96327093875
-10.001475963
-10.0343783351
-10.0623636489
-10.0856919848
-10.1045796323
-10.1192208916
-10.1297950043
-10.1364688187
-10.1393981762
-10.1387288748
-10.1345974605
-10.1271319231
-10.1164523238
-10.1026713653
-10.085894912
-10.066222466
-10.0437476028
-10.018558371
-9.99073765829
-9.96036352938
-9.92750953547
-9.89224500001
-9.85463528196
-9.81474201877
-9.77262335074
-9.72833412856
-9.68192610528
-9.63344811414
-9.58294623338
-9.5304639391
-9.47604224722
-9.41971984524
-9.3615332148
-9.30151674564
-9.23970284165
-9.1761220196
-9.11080300117
-9.04377279864
-8.97505679486
-8.90467881775
-8.8326612099
-8.75902489344
-8.68378943063
-8.60697308038
-8.52859285105
-8.44866454971
-8.36720282808
-8.2842212255
-8.19973220889
-8.1137472101
-8.02627666067
-7.93733002424
-7.84691582666
-7.75504168402
-7.66171432866
-7.56693963332
-7.4707226334
-7.37306754768
-7.27397779726
-7.17345602311
-7.07150410202
-6.96812316131
-6.86331359207
-6.75707506124
-6.64940652239
-6.54030622539
-6.4297717249
-6.31779988785
-6.20438689982
-6.08952827045
-5.97321883783
-5.85545277205
-5.73622357772
-5.61552409566
-5.49334650378
-5.36968231704
-5.24452238665
-5.11785689846
-4.98967537059
-4.85996665034
-4.72871891028
-4.59591964373
-4.46155565949
-4.32561307591
-4.18807731433
-4.04893309184
-3.90816441345
-3.7657545637
-3.62168609765
-3.47594083136
-3.32849983186
-3.17934340661
-3.0284510925
-2.87580164451
-2.72137302385
-2.56514238589
-2.40708606772
-2.24717957552
-2.08539757167
-1.9217138618
-1.75610138178
-1.58853218465
-1.41897742771
-1.2474073598
-1.07379130879
-0.898097669511
-0.720293892177
-0.540346471395
-0.358220935966
-0.173881839572
0.0127072474678
0.201583745212
0.39278606969
0.586353636874
0.782326864829
0.98074717379
1.18165698395
1.38509971065
1.59111975679
1.79976250201
2.01107428849
2.22510240296
2.44189505458
2.66150134827
2.8839712533
3.10935556652
3.33770586992
3.56907448212
3.80351440335
4.04107925339
4.28182320213
4.5258008922
4.77306735326
5.02367790751
5.27768806583
5.53515341435
5.79612949072
6.06067164995
6.32883491923
6.60067384147
6.8762423073
7.1555933751
7.4387790791
7.72585022511
8.01685617415
8.31184461366
8.6108613167
8.91394988914
9.22115150523
9.53250463208
9.84804474348
10.1678040238
10.4918110632
10.820090544
11.1526629213
11.4895440972
11.8307450915
12.1762717092
12.5261242088
12.8802969703
13.2387781674
13.601549446
13.9685856089
14.3398543129
14.7153157771
15.0949225082
15.4786190424
15.8663417092
16.258018418
16.6535684699
17.0529023317
17.4559217712
17.8625193704
18.2725787194
18.6859743275
19.1025716351
19.5222270635
19.9447881044
20.3700934492
20.7979731573
21.228248864
21.6607340273
22.0952342101
22.5315473998
22.9694643602
23.4087690138
23.8492388529
24.2906453751
24.7327545393
25.1753272396
25.6181197919
26.0608844286
26.5033697981
26.9453214629
27.3864823924
27.826593445
28.2653938348
28.7026215787
