23.2964934754
23.1058598432
23.0895212276
23.0731655747
23.0568091701
23.040452048
23.0240937689
23.0077340009
22.9913725245
22.9750092187
22.958644047
22.9422770464
22.925908316
22.9095380089
22.8931663232
22.8767934006
22.8604185223
22.8440455088
22.827670955
22.8112964678
22.7949223873
22.7785490651
22.7621768583
22.745806127
22.7294372315
22.7130705308
22.6967063804
22.6803451307
22.6639871261
22.6476327035
22.6312821916
22.61493591
22.5985941687
22.5822572678
22.5659254968
22.5495991347
22.5332784497
22.5169636992
22.5006551296
22.4843529767
22.4680574658
22.4517688116
22.4354872184
22.4192128808
22.4029459836
22.3866867019
22.3704352021
22.3541916413
22.3379561685
22.3217289243
22.3055100415
22.2892996454
22.2730978542
22.2569047791
22.2407205249
22.2245451901
22.2083788673
22.1922216435
22.1760736006
22.159934815
22.1438053588
22.1276852994
22.1115746999
22.0954736194
22.0793821133
22.0633002336
22.0472280285
22.0311655435
22.015112821
21.9990699005
21.9830368191
21.9670136112
21.9510003093
21.9349969433
21.9190035415
21.9030201301
21.8870467337
21.871083375
21.8551300754
21.8391868548
21.8232537318
21.8073307238
21.7914178469
21.7755151162
21.7596225458
21.7437401487
21.7278679374
21.7120059231
21.6961541166
21.6803125279
21.6644811662
21.6486600403
21.6328491582
21.6170485274
21.6012581552
21.5854780481
21.5697082121
21.5539486532
21.5381993766
21.5224603873
21.5067316901
21.4910132893
21.4753051889
21.4596073928
21.4439199045
21.4282427273
21.4125758642
21.3969193181
21.3812730916
21.3656371872
21.3500116072
21.3343963535
21.3187914283
21.3031968332
21.2876125698
21.2720386397
21.2564750443
21.2409217846
21.2253788619
21.2098462772
21.1943240312
21.1788121248
21.1633105586
21.1478193332
21.132338449
21.1168679065
21.1014077058
21.0859578472
21.0705183308
21.0550891566
21.0396703246
21.0242618346
21.0088636864
20.9934758796
20.9780984141
20.9627312893
20.9473745046
20.9320280597
20.9166919537
20.9013661861
20.886050756
20.8707456626
20.855450905
20.8401664824
20.8248923935
20.8096286375
20.7943752132
20.7791321193
20.7638993547
20.748676918
20.7334648079
20.718263023
20.7030715618
20.6878904229
20.6727196046
20.6575591054
20.6424089236
20.6272690575
20.6121395053
20.5970202652
20.5819113354
20.566812714
20.551724399
20.5366463884
20.5215786802
20.5065212723
20.4914741626
20.476437349
20.4614108291
20.4463946008
20.4313886617
20.4163930095
20.4014076419
20.3864325564
20.3714677506
20.3565132219
20.3415689678
20.3266349858
20.3117112732
20.2967978274
20.2818946456
20.2670017253
20.2521190635
20.2372466575
20.2223845045
20.2075326016
20.1926909459
20.1778595345
20.1630383643
20.1482274324
20.1334267357
20.1186362712
20.1038560358
20.0890860263
20.0743262395
20.0595766724
20.0448373215
20.0301081837
20.0153892556
20.0006805341
