28.7921245795
29.1620003035
29.5248238806
29.8803974151
30.2287144528
30.5697759387
30.9035871296
31.2301563938
31.5494945123
31.8616142763
32.1665302576
32.464258682
32.75481736
33.0382256528
33.3145044547
33.5836761857
33.8457647889
34.1007957291
34.3487959916
34.5897940812
34.8238200189
35.0509053388
35.2710830826
35.4843877941
35.6908555112
35.890523758
36.0834315352
36.2696193092
36.4491290007
36.622003972
36.7882890133
36.9480303282
37.1012755181
37.2480735657
37.3884748176
37.5225309663
37.6502950307
37.7718213363
37.8871654946
37.9963843813
38.0995361143
38.1966800301
38.2878766607
38.3731877089
38.4526760232
38.5264055724
38.594441419
38.6568496932
38.7136975652
38.7650532177
38.8109858183
38.8515654906
38.8868632866
38.9169511572
38.9419019235
38.9617892481
38.9766876101
38.9866722557
38.9918192005
38.9922051855
38.9879076488
38.9790046983
38.9655750841
38.9476981717
38.9254539162
38.8989228367
38.8681859915
38.8333249553
38.794421796
38.7515590544
38.7048197236
38.6542872316
38.600045424
38.5421785499
38.4807712487
38.4159085399
38.3476758143
38.2761588288
38.2014437025
38.1236169162
38.0427718721
37.9589889923
37.8723558919
37.7829540312
37.69087858
37.5962183243
37.4990624935
37.39950078
37.2976233599
37.1935209146
37.0872846516
36.9790063233
36.8687782401
36.7566932759
36.6428448622
36.5273269652
36.4102340405
36.2916609592
36.1717028941
36.0504551577
35.9280129793
35.8044712065
35.6799239169
35.5544639228
35.4281821545
35.3011669066
35.1735029392
35.0452704312
34.9165437935
34.7873903694
34.6578690632
34.5280289654
34.3979080655
34.2675321594
34.1369140776
34.006053351
33.8749364173
33.7435374294
33.611819672
33.4797375286
33.347238878
33.214267751
33.0807670522
32.9466811548
32.811958208
32.6765520268
32.5404235194
32.4035416224
32.265883783
32.1274360461
31.9881928225
31.848156418
31.7073363994
31.5657488618
31.4234156515
31.2803635856
31.1366236981
30.9922305314
30.8472214851
30.7016362284
30.5555161761
30.4089040276
30.2618433649
30.1143783052
29.9665532021
29.8184123917
29.6699999772
29.5213596469
29.3725345232
29.2235670359
29.0744988185
28.9253706229
28.776222251
28.6270924994
28.4780191172
28.329038781
28.1801870581
28.0314983856
27.8830060697
27.7347422804
27.5867380504
27.4390232775
27.2916267316
27.1445760631
26.9978978148
26.8516174354
26.7057592944
26.5603466989
26.4154019116
26.270946169
26.1269997019
25.9835817549
25.8407106077
25.6984035964
25.5566771351
25.4155467376
