13.3381625292
33.6762529739
33.7459627443
33.8135782784
33.880268247
33.9460050371
34.0107281179
34.0743871369
34.1369423983
34.1983638427
34.25863007
34.3177274509
34.3756493143
34.4323952009
34.4879701765
34.5423933065
34.5957743384
34.647790268
34.6988212141
34.7487691741
34.7976602826
34.8455229708
34.8923872888
34.9382845768
34.9832471654
35.0273081035
35.0705009072
35.1128593619
35.1544172908
35.1952084026
35.2352661315
35.2746235014
35.3133130089
35.3513665218
35.3888151938
35.4256893926
35.4620186409
35.497831569
35.5331558779
35.5680183122
35.6024446406
35.6364596455
35.6700871176
35.7033498577
35.7362696829
35.7688674379
35.80116301
35.8331753468
35.8649224776
35.8964215365
35.9276887878
35.9587396523
35.9895887353
36.0202498557
36.0507360742
36.0810597241
36.1112324401
36.1412651883
36.1711682956
36.2009514789
36.2306238733
36.2601940605
36.2896700962
36.3190595362
36.3483694631
36.3776065105
36.4067768878
36.4358864034
36.4649404869
36.4939442108
36.5229023111
36.5518192074
36.580699021
36.6095455934
36.6383625037
36.667153084
36.6959204358
36.724667444
36.7533967912
36.7821109705
36.8108122983
36.8395029259
36.8681848502
36.8968599249
36.9255298695
36.9541962791
36.9828606326
37.0115243014
37.0401885566
37.0688545761
37.0975234518
37.1261961951
37.1548737436
37.1835569659
37.212246667
37.2409435928
37.269648435
37.2983618347
37.3270843866
37.3558166424
37.384559114
37.4133122768
37.4420765726
37.4708524118
37.4996401763
37.5284402216
37.5572528788
37.5860784568
37.6149172439
37.6437695091
37.6726355045
37.7015154658
37.7304096143
37.7593181575
37.7882412906
37.8171791973
37.846132051
37.8751000152
37.9040832447
37.9330818862
37.9620960787
37.9911259546
38.0201716397
38.0492332542
38.0783109127
38.1074047252
38.1365147968
38.1656412287
38.1947841181
38.2239435587
38.2531196408
38.2823124518
38.3115220761
38.3407485956
38.3699920899
38.3992526362
38.4285303095
38.4578251831
38.4871373284
38.516466815
38.5458137111
38.5751780832
38.6045599966
38.6339595152
38.6633767017
38.6928116176
38.7222643233
38.7517348782
38.7812233407
38.8107297683
38.8402542176
38.8697967443
38.8993574034
38.928936249
38.9585333345
38.9881487127
39.0177824356
39.0474345545
39.0771051203
39.1067941831
39.1365017925
39.1662279974
39.1959728464
39.2257363873
39.2555186677
39.2853197343
39.3151396336
39.3449784117
39.374836114
39.4047127856
39.4346084712
39.4645232149
39.4944570605
39.5244100515
39.5543822309
39.5843736413
39.614384325
39.6444143239
39.6744636795
39.704532433
39.7346206252
39.7647282967
39.7948554877
39.825002238
39.8551685872
39.8853545745
39.9155602389
39.9457856191
39.9760307534
40.0062956799
40.0365804364
40.0668850605
40.0972095894
40.12755406
40.1579185093
40.1883029736
40.2187074892
40.2491320922
40.2795768182
40.3100417029
