240.057821015
240.102089627
240.145930983
240.189345098
240.232331973
240.274891605
240.317023994
240.358729144
240.400007061
240.440857758
240.481281248
240.521277549
240.560846683
240.599988676
240.638703556
240.676991355
240.714852107
240.752285849
240.789292622
240.825872468
240.862025431
240.89775156
240.933050904
240.967923513
241.002369441
241.036388744
241.069981477
241.103147699
241.135887471
241.168200852
241.200087907
241.231548699
241.262583294
241.293191757
241.323374157
241.353130562
241.382461042
241.411365667
241.439844509
241.46789764
241.495525134
241.522727065
241.549503508
241.575854537
241.601780231
241.627280664
241.652355916
241.677006065
241.701231189
241.725031368
241.748406682
241.771357212
241.793883038
241.815984243
241.837660908
241.858913116
241.87974095
241.900144494
241.920123831
241.939679046
241.958810224
241.977517449
241.995800808
242.013660385
242.031096268
242.048108543
242.064697297
242.080862617
242.096604591
242.111923307
242.126818852
242.141291317
242.155340788
242.168967356
242.18217111
242.19495214
242.207310535
242.219246386
242.230759784
242.241850819
242.252519582
242.262766165
242.272590658
242.281993155
242.290973746
242.299532524
242.307669582
242.315385012
242.322678908
242.329551362
242.336002467
242.342032318
242.347641008
242.352828631
242.357595282
242.361941054
242.365866043
242.369370343
242.37245405
242.375117258
242.377360063
242.37918256
242.380584847
242.381567017
242.382129168
242.382271397
242.381993799
242.381296471
242.38017951
242.378643014
242.376687079
242.374311804
242.371517285
242.368303621
242.364670909
242.360619248
242.356148736
242.351259472
242.345951553
242.34022508
242.33408015
242.327516863
242.320535319
242.313135616
242.305317855
242.297082135
242.288428556
242.279357218
242.269868222
242.259961667
242.249637655
242.238896286
242.22773766
242.216161879
242.204169044
242.191759257
242.178932617
242.165689228
242.15202919
242.137952606
242.123459577
242.108550205
242.093224594
242.077482844
242.061325058
242.044751339
242.02776179
242.010356514
241.992535613
241.97429919
241.955647348
241.936580192
241.917097824
241.897200347
241.876887865
241.856160483
241.835018303
241.81346143
241.791489967
241.769104019
241.74630369
241.723089084
241.699460306
241.675417459
241.650960649
241.62608998
241.600805556
241.575107484
241.548995866
241.522470809
241.495532417
241.468180795
241.440416048
241.412238282
241.383647601
241.354644112
241.325227919
241.295399127
241.265157843
241.234504171
241.203438218
241.171960088
241.140069887
241.107767721
241.075053696
241.041927917
241.00839049
240.97444152
240.940081115
240.905309378
240.870126417
240.834532336
240.798527243
240.762111241
240.725284439
240.68804694
240.650398852
240.61234028
240.57387133
240.534992108
