3262.91089367
1956.61910113
1954.1737033
1951.76706078
1949.47743639
1947.3234969
1945.30655965
1943.42309723
1941.66836742
1940.03745834
1938.52558167
1937.12814731
1935.84077511
1934.65928895
1933.57970626
1932.59822693
1931.71122256
1930.91522622
1930.20692308
1929.58314145
1929.04084459
1928.57712293
1928.18918691
1927.87436017
1927.63007327
1927.45385777
1927.34334063
1927.29623903
1927.31035546
1927.38357313
1927.5138516
1927.69922273
1927.93778683
1928.22770902
1928.56721581
1928.95459186
1929.38817694
1929.86636302
1930.38759152
1930.95035075
1931.55317341
1932.19463426
1932.87334792
1933.58796674
1934.33717881
1935.11970602
1935.93430225
1936.77975167
1937.65486701
1938.55848806
1939.48948007
1940.44673238
1941.42915698
1942.43568721
1943.46527648
1944.51689705
1945.58953883
1946.68220829
1947.79392737
1948.9237324
1950.07067315
1951.23381179
1952.41222203
1953.60498815
1954.81120418
1956.02997302
1957.26040563
1958.50162026
1959.75274168
1961.0129004
1962.28123202
1963.55687645
1964.83897732
1966.12668126
1967.41913728
1968.71549618
1970.01490988
1971.31653091
1972.6195118
1973.92300454
1975.22616002
1976.52812757
1977.82805437
1979.12508502
1980.41836104
1981.70702041
1982.99019714
1984.26702078
1985.53661607
1986.79810249
1988.05059389
1989.29319808
1990.52501652
1991.74514392
1992.95266794
1994.14666888
1995.32621932
1996.49038392
1997.63821908
1998.76877271
1999.88108401
2000.97418324
2002.0470915
2003.0988206
2004.12837284
2005.13474089
2006.11690769
2007.07384631
2008.0045199
2008.90788163
2009.78287464
2010.62843202
2011.44347687
2012.22692229
2012.97767147
2013.69461776
2014.37664483
2015.02262677
2015.63142826
2016.20190483
2016.73290303
2017.22326076
2017.67180748
2018.07736463
2018.43874593
2018.7547578
2019.02419979
2019.24586506
2019.41854082
2019.54100897
2019.6120466
2019.63042661
2019.59491842
2019.50428861
2019.35730168
2019.15272083
2018.88930876
2018.56582858
2018.18104467
2017.73372365
2017.22263541
2016.64655411
2016.00425931
2015.29453709
2014.51618127
2013.66799465
2012.74879028
2011.75739285
2010.69264004
2009.55338406
2008.33849305
2007.04685277
2005.6773681
2004.22896482
2002.70059129
2001.09122024
1999.39985066
1997.62550964
1995.76725435
1993.82417406
1991.79539218
1989.68006834
1987.47740057
1985.18662745
1982.80703035
1980.33793564
1977.778717
1975.12879766
1972.38765271
1969.55481134
1966.62985914
1963.61244033
1960.50225991
1957.29908584
1954.00275107
1950.61315552
1947.13026794
1943.5541276
1939.88484229
1936.12260403
1932.26766908
1928.32037285
1924.28112724
1920.15042109
1915.92882037
1911.61696808
1907.21558374
1902.7254626
1898.14747443
1893.48256188
1888.73173853
1883.89608639
1878.97675304
1873.97494833
1868.89194056
1863.72905232
1858.48765579
1853.16916769
1847.77504376
1842.30677288
3262.91089367
1956.61910113
1954.1737033
1951.76706078
1949.47743639
1947.3234969
1945.30655965
1943.42309723
1941.66836742
1940.03745834
1938.52558167
1937.12814731
1935.84077511
1934.65928895
1933.57970626
1932.59822693
1931.71122256
1930.91522622
1930.20692308
1929.58314145
1929.04084459
1928.57712293
1928.18918691
1927.87436017
1927.63007327
1927.45385777
1927.34334063
1927.29623903
1927.31035546
1927.38357313
1927.5138516
1927.69922273
1927.93778683
1928.22770902
1928.56721581
1928.95459186
1929.38817694
1929.86636302
1930.38759152
1930.95035075
1931.55317341
1932.19463426
1932.87334792
1933.58796674
1934.33717881
1935.11970602
1935.93430225
1936.77975167
1937.65486701
1938.55848806
1939.48948007
1940.44673238
1941.42915698
1942.43568721
1943.46527648
1944.51689705
1945.58953883
1946.68220829
1947.79392737
1948.9237324
1950.07067315
1951.23381179
1952.41222203
1953.60498815
1954.81120418
1956.02997302
1957.26040563
1958.50162026
1959.75274168
1961.0129004
1962.28123202
1963.55687645
1964.83897732
1966.12668126
1967.41913728
1968.71549618
1970.01490988
1971.31653091
1972.6195118
1973.92300454
1975.22616002
1976.52812757
1977.82805437
1979.12508502
1980.41836104
1981.70702041
1982.99019714
1984.26702078
1985.53661607
1986.79810249
1988.05059389
1989.29319808
1990.52501652
1991.74514392
1992.95266794
1994.14666888
1995.32621932
1996.49038392
1997.63821908
1998.76877271
1999.88108401
2000.97418324
2002.0470915
2003.0988206
2004.12837284
2005.13474089
2006.11690769
2007.07384631
2008.0045199
2008.90788163
2009.78287464
2010.62843202
2011.44347687
2012.22692229
2012.97767147
2013.69461776
2014.37664483
2015.02262677
2015.63142826
2016.20190483
2016.73290303
2017.22326076
2017.67180748
2018.07736463
2018.43874593
2018.7547578
2019.02419979
2019.24586506
2019.41854082
2019.54100897
2019.6120466
2019.63042661
2019.59491842
2019.50428861
2019.35730168
2019.15272083
2018.88930876
2018.56582858
2018.18104467
2017.73372365
2017.22263541
2016.64655411
2016.00425931
2015.29453709
2014.51618127
2013.66799465
2012.74879028
2011.75739285
2010.69264004
2009.55338406
2008.33849305
2007.04685277
2005.6773681
2004.22896482
2002.70059129
2001.09122024
1999.39985066
1997.62550964
1995.76725435
1993.82417406
1991.79539218
1989.68006834
1987.47740057
1985.18662745
1982.80703035
1980.33793564
1977.778717
1975.12879766
1972.38765271
1969.55481134
1966.62985914
1963.61244033
1960.50225991
1957.29908584
1954.00275107
1950.61315552
1947.13026794
1943.5541276
1939.88484229
1936.12260403
1932.26766908
1928.32037285
1924.28112724
1920.15042109
1915.92882037
1911.61696808
1907.21558374
1902.7254626
1898.14747443
1893.48256188
1888.73173853
1883.89608639
1878.97675304
1873.97494833
1868.89194056
1863.72905232
1858.48765579
1853.16916769
1847.77504376
1842.30677288
