0.01257682674
0.0126164500538
0.0126540222681
0.012689430725
0.0127226461041
0.0127536779911
0.0127825567825
0.0128093241031
0.0128340276735
0.0128567184865
0.0128774492226
0.0128962733305
0.0129132444702
0.0129284161617
0.0129418415506
0.0129535732452
0.0129636631974
0.0129721626136
0.0129791182731
0.0129845849382
0.0129886104667
0.0129912420995
0.0129925263063
0.0129925086645
0.0129912337922
0.0129887453098
0.012985085818
0.0129803007231
0.0129744249421
0.0129674988082
0.0129595612377
0.0129506498947
0.0129408013057
0.0129301043403
0.0129184616817
0.0129059968166
0.0128927368182
0.0128787100257
0.0128639453504
0.0128484715513
0.0128323168715
0.0128155088607
0.0127980742932
0.0127800391358
0.0127614285404
0.0127422668496
0.0127225776096
0.0127023835856
0.0126817067797
0.0126605684495
0.0126389891273
0.0126169886385
0.0125945861216
0.0125718000466
0.0125486482339
0.0125251478734
0.0125013155423
0.0124771672238
0.0124527183247
0.0124279836926
0.012402977634
0.0123777139305
0.0123522058555
0.0123264661908
0.0123005072418
0.0122743408537
0.0122479784262
0.0122214309283
0.0121947089129
0.0121678225307
0.0121407815438
0.0121135953391
0.0120862729412
0.0120588230248
0.0120312539273
0.0120035736602
0.011975789921
0.011947910104
0.0119199413115
0.0118918903638
0.0118637638099
0.011835567937
0.0118073087802
0.0117789921315
0.0117506235492
0.0117222083659
0.0116937516973
0.0116652584502
0.0116367333301
0.011608180849
0.0115796053325
0.011551010927
0.0115224016063
0.0114937811781
0.0114651532906
0.0114365214385
0.0114078889687
0.0113792590862
0.0113506348593
0.0113220192254
0.0112934149954
0.011264824859
0.0112362513896
0.0112076970482
0.0111791641885
0.0111506550606
0.0111221718155
0.0110937165086
0.0110652911037
0.0110368974764
0.0110085374181
0.0109802126387
0.0109519247703
0.0109236753701
0.0108954659235
0.0108672978468
0.0108391724903
0.0108110911405
0.0107830550231
0.0107550653052
0.0107271230976
0.0106992294574
0.0106713853899
0.0106435918508
0.0106158497481
0.0105881599444
0.0105605232583
0.0105329404664
0.0105054123052
0.0104779394724
0.0104505226287
0.0104231623993
0.0103958593754
0.0103686141156
0.010341427147
0.0103142989669
0.0102872300439
0.0102602208189
0.0102332717064
0.0102063830957
0.0101795553518
0.0101527888166
0.0101260838096
0.0100994406291
0.0100728595528
0.0100463408392
0.0100198847277
0.00999349143994
0.00996716118047
0.00994089413731
0.00991469048276
0.00988855037406
0.00986247395404
0.00983646135175
0.00981051268302
0.00978462805104
0.00975880754695
0.00973305125029
0.00970735922956
0.0096817315427
0.0096561682375
0.00963066935211
0.00960523491543
0.00957986494752
0.00955455945997
0.00952931845635
0.00950413880593
0.0094790251165
0.00945397665911
0.00942899302513
0.00940407398795
0.00937921941072
0.00935442919941
0.00932970327912
0.00930504158221
0.0092804440423
0.00925591059142
0.00923144115862
0.00920703566939
0.00918269404543
0.00915841620467
0.00913420206135
0.00911005152614
0.00908596450628
0.00906194090573
0.00903798062536
0.00901408356306
0.00899024961389
0.00896647867023
0.00894277062192
0.00891912535638
0.00889554275872
0.00887202271186
0.00884856781814
0.00882517406078
0.00880184174191
0.00877857110526
0.00875536221105
0.00873221502597
0.00870912946852
