0.0043482
0.00438486816145
0.00438480245937
0.00438475037178
0.00438470930537
0.00438467721771
0.00438465248546
0.00438463380582
0.0043846201187
0.00438461055472
0.00438460442864
0.00438460115994
0.00438460026834
0.00438460135504
0.00438460408783
0.00438460818925
0.00438461342692
0.00438461960581
0.00438462656189
0.00438463415686
0.00438464227403
0.00438465081448
0.00438465969453
0.0043846688431
0.00438467819971
0.00438468771287
0.00438469733865
0.00438470703954
0.00438471678346
0.00438472654296
0.00438473645126
0.00438474617804
0.00438475585847
0.00438476547808
0.00438477502441
0.00438478448671
0.00438479385581
0.00438480312385
0.00438481228416
0.00438482133108
0.00438483025987
0.00438483906654
0.00438484774781
0.00438485630099
0.00438486472394
0.00438487301497
0.00438488117281
0.00438488919656
0.00438489708563
0.00438490483973
0.00438491245882
0.00438491994308
0.00438492729289
0.0043849345088
0.00438494138335
0.00438494416517
0.00438495093035
0.00438495758467
0.00438496412235
0.00438497054019
0.00438497683957
0.00438498301434
0.00438498906762
0.00438499500018
0.00438500081303
0.00438500666096
0.00438501208706
0.00438501754847
0.00438502289624
0.00438502813191
0.00438503325708
0.00438503827338
0.00438504318247
0.00438514222102
0.00438505431786
0.00438505832608
0.00438506244716
0.00438506660516
0.00438507075282
0.00438507486052
0.00438507890994
0.00438508288994
0.00438508679399
0.0043850906185
0.00438509435877
0.00438509802021
0.00438510160006
0.00438510509903
0.00438510851811
0.00438511185847
0.00438511512139
0.00438511830821
0.00438512142033
0.00438512445913
0.004385127426
0.00438513032234
0.00438513314951
0.0043851359089
0.00438513860183
0.00438514122963
0.00438514379361
0.00438514629507
0.00438514873526
0.00438515111543
0.00438515343681
0.0043851557006
0.004385157908
0.00438516006016
0.00438516215823
0.00438516420334
0.0043851661966
0.00438516813908
0.00438517003186
0.00438517187598
0.00438517367247
0.00438517542233
0.00438517712657
0.00438517878615
0.00438518040202
0.00438518197511
0.00438518350636
0.00438518499665
0.00438518644686
0.00438518785787
0.00438518923052
0.00438519056564
0.00438519186405
0.00438519312655
0.00438519435392
0.00438519554692
0.00438519670631
0.00438519783282
0.00438519892718
0.0043851999901
0.00438520102225
0.00438520202434
0.00438520299701
0.00438520394092
0.0043852048567
0.00438520574498
0.00438520660637
0.00438520744147
0.00438520825086
0.00438520903511
0.00438520979479
0.00438521053045
0.00438521124261
0.00438521193181
0.00438521259856
0.00438521324336
0.00438521386671
0.00438521446909
0.00438521505096
0.00438521561279
0.00438521615504
0.00438521667813
0.00438521718251
0.00438521766859
0.00438521813679
0.00438521858751
0.00438521902115
0.00438521943809
0.00438521983871
0.00438522022338
0.00438522059245
0.00438522094629
0.00438522128524
0.00438522160963
0.00438522191979
0.00438522221605
0.00438522249873
0.00438522276812
0.00438522302453
0.00438522326826
0.00438522349958
0.0043852237188
0.00438522392617
0.00438522412196
0.00438522823015
0.00438522845009
0.00438522492401
0.00438522895684
0.0043852291272
0.00438522927542
0.00438522940612
0.00438522952229
0.00438522962591
0.00438522971832
0.00438522980044
0.00438522987293
0.00438522993628
0.00438522999085
0.00438523003696
0.00438523007487
0.0043852301048
0.00438523012696
0.00438523014155
0.00438523014873
0.00438523014869
0.00438523014159
