18.5664
1590.5079651
1590.48317321
1590.41219163
1590.29767508
1590.14212482
1589.94789286
1589.71719056
1589.45209684
1589.154566
1588.8264351
1588.46943088
1588.08517633
1587.67519687
1587.24092621
1586.78371179
1586.30482003
1585.80544113
1585.28669373
1584.74962918
1584.19519467
1583.62454723
1583.03836454
1582.43746767
1581.82262842
1581.19457235
1580.55398157
1579.9014974
1579.23772283
1578.56322488
1577.87853676
1577.18415993
1576.48056607
1575.76819884
1575.0474756
1574.31878902
1573.58250859
1572.83898199
1572.08853644
1571.33147994
1570.56810242
1569.79867686
1569.02346029
1568.24269474
1567.4566082
1566.66541541
1565.86931869
1565.06850866
1564.26316497
1563.45345694
1562.63954419
1561.8215772
1560.99969787
1560.17404003
1559.34472992
1558.51188662
1557.6756225
1556.8360436
1555.99325003
1555.14733626
1554.29839151
1553.44650003
1552.59174139
1551.73419077
1550.87391918
1550.01099496
1549.14547905
1548.27743268
1547.40691253
1546.53397222
1545.65866243
1544.78103112
1543.90112365
1543.01898296
1542.13464965
1541.24816218
1540.35955694
1539.46886839
1538.57612916
1537.68137013
1536.78462058
1535.88590822
1534.98525931
1534.08269874
1533.17825007
1532.27193565
1531.36377665
1530.45379313
1529.54200413
1528.62842767
1527.71308084
1526.79597984
1525.87714005
1524.95657603
1524.03430157
1523.11032979
1522.18467308
1521.25734321
1520.32835134
1519.39770804
1518.46542333
1517.53150671
1516.59596718
1515.6913241
1514.72019475
1513.77981263
1512.837843
1511.89429195
1510.94916546
1510.00246925
1509.05420877
1508.10438923
1507.15301555
1506.20009245
1505.24562436
1504.28961551
1503.3320699
1502.37299131
1501.4123833
1500.45024924
1499.48659231
1498.52141549
1497.5547216
1496.58651326
1495.61679296
1494.64556299
1493.67282553
1492.69858259
1491.72283604
1490.74558762
1489.76683895
1488.78659152
1487.8048467
1486.82160575
1485.83686982
1484.85063996
1483.86291712
1482.87370215
1481.88299581
1480.89079877
1479.89711163
1478.9019349
1477.90526901
1476.90711431
1475.90747109
1474.90633958
1473.90371993
1472.89961222
1471.89401649
1470.88693272
1469.87836081
1468.86830064
1467.85675201
1466.8437147
1465.82918841
1464.81317282
1463.79566756
1462.77667222
1461.75618633
1460.73420941
1459.71074092
1458.68578031
1457.65932697
1456.63138027
1455.60193953
1454.57100408
1453.53857319
1452.50464609
1451.46922201
1450.43230015
1449.39387968
1448.35395973
1447.31253943
1446.26961788
1445.22519415
1444.17926731
1443.13183638
1442.08290039
1441.03245833
1439.98050919
1438.92705192
1437.87208548
1436.81560879
1435.75762078
1434.69812034
1433.63710635
1432.5745777
1431.51053323
1430.44497181
1429.37789225
1428.30929339
1427.23917403
1426.16753298
1425.09436902
1424.01968094
1422.9434675
1421.86572746
1420.78645957
1419.70566258
1418.62333521
