3.0661713553
3.07678060306
3.08012309301
3.07965167766
3.07740375773
3.07453890609
3.07169008537
3.06918175103
3.06716141876
3.06567733706
3.06472543104
3.06427343152
3.06427753617
3.06469024068
3.06546479785
3.06655744915
3.06792839403
3.06954206068
3.0713670058
3.07337563128
3.07554382389
3.07785057681
3.08027762715
3.08280910212
3.08543122843
3.0881320548
3.09090121239
3.09372970545
3.09660972904
3.09953451078
3.1024981735
3.10549561627
3.10852241133
3.1115747147
3.11464918892
3.1177429359
3.12085336606
3.12397838871
3.12711610168
3.13026484893
3.13342319362
3.13658988864
3.13976385126
3.14294414127
3.1461299421
3.14932054447
3.15251533225
3.1557137702
3.15891539336
3.16211979779
3.16532663259
3.16853559293
3.17174641402
3.17495886585
3.17817274867
3.18138788898
3.18460416089
3.18782137489
3.19103945472
3.19425830064
3.19747782628
3.20069795692
3.20391862782
3.20713978298
3.21036137386
3.21358335847
3.21680570044
3.22002836832
3.2232513349
3.22647457667
3.22969807332
3.23292180733
3.23614576361
3.23936992916
3.24259429281
3.24581884499
3.2490435775
3.25226848334
3.25549355655
3.25871879207
3.26194418564
3.26516973367
3.26839543317
3.27162128165
3.27484727708
3.27807341783
3.28129970256
3.28452613028
3.2877527002
3.29097941179
3.29420626469
3.2974332587
3.30066039376
3.30388766997
3.30711508747
3.31034264656
3.31357034757
3.31679819092
3.32002617708
3.32325430658
3.32324281757
3.32322891651
3.3232138716
3.32319828752
3.32318246824
3.32316657026
3.32315067716
3.32313483613
3.32311907589
3.32310341558
3.32308786919
3.32307244774
3.3230571604
3.32304201507
3.32302701867
3.32301217732
3.32299749642
3.32298298075
3.32296863445
3.32295446115
3.32294046391
3.3229266453
3.32291300742
3.32289955191
3.32288628001
3.32287319252
3.32286028991
3.32284757225
3.3228350393
3.32282269053
3.32281052508
3.32279854185
3.32278673949
3.3227751164
3.32276367081
3.32275240071
3.32274130395
3.32273037819
3.32271962099
3.32270902974
3.32269860173
3.32268833416
3.32267822412
3.32266826865
3.3226584647
3.32264880919
3.32263929897
3.32262993089
3.32262070173
3.32261160829
3.32260264734
3.32259381566
3.32258511003
3.32257652723
3.32256806406
3.32255971734
3.32255148392
3.32254336068
3.32253534451
3.32252743237
3.32251962123
3.32251190812
3.32250429011
3.3224967643
3.32248932785
3.32248197798
3.32247471195
3.32246752706
3.32246042068
3.32245339024
3.32244643319
3.32243954706
3.32243272943
3.32242597795
3.32241929029
3.32241266419
3.32240609746
3.32239958794
3.32239313353
3.3223867322
3.32238038195
3.32237408083
3.32236782696
3.32236161849
3.32235545364
3.32234933066
3.32234324785
3.32233720357
3.32233119621
3.32232522422
3.32231928608
3.32231338032
3.32230750551
3.32230166026
3.32229584322
3.32229005308
3.32228428858
3.32227854847
3.32227283157
3.32226713671
