5.0
4.95302117928
4.90611980158
4.8592762509
4.81247545587
4.76570675215
4.71896235664
4.67223637701
4.62552417462
4.57882195427
4.53212649983
4.48543500352
4.43874495575
4.39205407369
4.3453602551
4.29866154831
4.25195613215
4.20524230545
4.15851847552
4.11178315507
4.06503495824
4.01827259862
3.97149488805
3.92470073618
3.87788915046
3.83105923652
3.78421019889
3.73734134194
3.69045207116
3.64354189458
3.59661046986
3.54965752006
3.50268264607
3.45568599011
3.4086675934
3.36162761718
3.31456634471
3.26748418394
3.22038167085
3.17325947323
3.12611839499
3.07895938088
3.03178352166
2.9845920597
2.93738639506
2.89016809205
2.84293888625
2.79570069216
2.74845561133
2.70120594119
2.65395418444
2.60670305927
2.55945551022
2.51221471991
2.4649841236
2.41776741767
2.37056857829
2.32339187618
2.27624189348
2.22912354185
2.18204208198
2.13500314461
2.08801275315
2.04107734813
1.99420381344
1.9473995103
1.90067228537
1.85403053741
1.80748323038
1.76103993741
1.71471088217
1.66850698354
1.62243990374
1.57652210025
1.53076688177
1.48518846848
1.43980208902
1.3946239583
1.34967140572
1.30496302238
1.26051865987
1.21635954723
1.17250838786
1.12898946193
1.0858287339
1.04305396456
1.00069482689
0.958783024196
0.917352408795
0.876439098667
0.836081588561
0.796320851065
0.757200421694
0.718766460485
0.681067780614
0.644155832322
0.608084627899
0.572910590794
0.538692309119
0.505490171369
0.473365860348
0.442381680757
0.412599690398
0.384080652928
0.356882730134
0.331059992133
0.306660734103
0.283725658231
0.26228600239
0.242361728048
0.223959906373
0.20707345672
0.191680388599
0.177743674944
0.165211815721
0.154020129193
0.144092664894
0.13534460978
0.127685001752
0.121019510386
0.115253102977
0.110292417007
0.10604772665
0.10243444717
0.0993741734881
0.0967952894964
0.0946332103639
0.0928303319454
0.0913357623813
0.0901049047005
0.0890989489146
0.0882843201007
0.0876321172637
0.0871175675237
0.0867195117393
0.0864199310594
0.0862035189757
0.0860572999525
0.0859702933747
0.085933220097
0.0859382480404
0.0859787730597
0.0860492308277
0.0861449363455
0.0862619471969
0.0863969474465
0.0865471492606
0.0867102096912
0.0868841603872
0.0870673482912
0.0872583856522
0.0874561079208
0.087659538304
0.0878678579399
0.0880803808083
0.0882965326306
0.088515833128
0.088737881103
0.0889623418972
0.0891889368454
0.0894174344079
0.0896476427138
0.0898794032899
0.0901125857848
0.0903470835313
0.090582809812
0.0908196947163
0.0910576824947
0.0912967293312
0.0915368014674
0.0917778736219
0.0920199276591
0.0922629514669
0.0925069380108
0.0927518845363
0.0929977918965
