1.51141721765
1.51144594965
1.51119916986
1.51075607713
1.51018007498
1.50952060954
1.50881578889
1.50809455413
1.50737848654
1.50668329987
1.50602006558
1.50539623313
1.50481636012
1.50428290115
1.50379664017
1.50335713986
1.50296307549
1.5026124989
1.50230304503
1.50203209188
1.50179688315
1.50159462082
1.50142253395
1.50127792851
1.50115822237
1.50106096871
1.50098387035
1.50092478732
1.50088173916
1.50085290337
1.50083661118
1.50083134116
1.50083571175
1.50084847279
1.50086849676
1.50089476983
1.50092638298
1.5009625234
1.50100246622
1.50104556665
1.50109125259
1.50113901774
1.50118841521
1.5012390516
1.50129058158
1.50134270293
1.501395152
1.50144769961
1.50150014728
1.50155232393
1.50160408274
1.50165529848
1.50170586503
1.50175569314
1.50180470846
1.5018528498
1.5019000675
1.50194632125
1.50199158238
1.50203582697
1.50207903885
1.50212193174
1.5021628976
1.50220287299
1.50224181993
1.50227974067
1.50231664203
1.50235253355
1.50238742712
1.50242133649
1.50245427702
1.50248626533
1.50251731911
1.50254745686
1.50257669771
1.50260506125
1.50263256743
1.50265923638
1.50268508835
1.50271014358
1.50273442228
1.50275794452
1.50278073017
1.50280279889
1.50282417008
1.50284486281
1.50286489587
1.50288428765
1.50290305623
1.50292121928
1.50293879408
1.50295579755
1.50297224619
1.5029881561
1.50300354299
1.50301842217
1.50303280855
1.50304671665
1.5030601606
1.50307314721
1.50109878794
1.49938851618
1.4979665946
1.49678673666
1.49580814991
1.49499689588
1.49432479609
1.49376844856
1.49330841201
1.49292853095
1.49261537682
1.49235778505
1.49214647131
1.49197371323
1.49183308636
1.49171924501
1.49162774024
1.49155486875
1.49149754734
1.49145320858
1.49141971408
1.49139528246
1.49137842938
1.49136791773
1.49136271622
1.49136196483
1.49136494621
1.49137106177
1.49137981185
1.49139077918
1.49140361513
1.49141802826
1.49143377483
1.49145065078
1.49146848517
1.49148713468
1.49150647906
1.49152641717
1.49154686399
1.49156774786
1.49158900826
1.49161059402
1.49163246177
1.49165457465
1.49167690123
1.49169941468
1.49172209194
1.49174491319
1.49176786128
1.49179092131
1.49181408026
1.49183732674
1.49186065068
1.49188404313
1.49190749612
1.49193100249
1.49195455577
1.49197815007
1.49200178001
1.49202544063
1.49204912736
1.49207283592
1.49209656234
1.49212030288
1.49214405399
1.49216781235
1.49219157476
1.49221533821
1.49223909979
1.49226285673
1.49228660635
1.49231034608
1.49233407346
1.49235778607
1.49238148161
1.49240515783
1.49242881256
1.49245244369
1.49247604917
1.49249962701
1.49252317528
1.49254669211
1.49257017565
1.49259362414
1.49261703585
1.49264040908
1.49266374221
1.49268703363
1.49271028179
1.49273348519
1.49275664234
1.49277975182
1.49280281222
1.4928258222
1.49284878042
1.49287168561
1.49289453651
1.4929173319
1.49294007059
1.49296275144
