39761.28
29111.9679834
29122.4165745
29132.7442319
29142.9242705
29152.9574356
29162.8481507
29172.6012146
29182.2213472
29191.7131315
29201.0810094
29210.3292853
29219.4621304
29228.4835872
29237.3975732
29246.2078856
29254.9182046
29263.5320976
29272.0530225
29280.4843315
29288.8292742
29297.0910012
29305.272567
29313.3769331
29321.4069709
29329.3654648
29337.2551147
29345.0785386
29352.8382754
29360.5367874
29368.1764624
29375.7596164
29383.2884956
29390.7652786
29398.1920785
29405.5709452
29412.9038671
29420.192773
29427.4395341
29434.6459656
29441.8138288
29448.9448323
29456.0406341
29463.1028426
29470.1330189
29477.1326774
29484.1032881
29491.0462773
29497.9630292
29504.8548874
29511.7231559
29518.5691004
29525.3939494
29532.1988957
29538.985097
29545.7536774
29552.5057283
29559.2423092
29565.9644492
29572.6731475
29579.3693745
29586.0540726
29592.7281572
29599.3925176
29606.0480176
29612.6954964
29619.3357694
29625.9696289
29632.597845
29639.2211659
29645.8403191
29652.4560115
29659.0689305
29665.6797445
29672.2891034
29678.8976391
29685.5059665
29692.1146835
29698.7243718
29705.3355976
29711.9489118
29718.5648504
29725.1839354
29731.806675
29738.433564
29745.0650841
29751.7017049
29758.3438836
29764.9920657
29771.6466856
29778.3081665
29784.9769212
29791.653352
29798.3378515
29805.0308026
29811.7325789
29818.4435452
29825.1640574
29831.894463
29838.6351015
29845.3863046
29852.1483962
29858.9216931
29865.7065048
29872.5031342
29879.3118772
29886.1330237
29892.9668572
29899.8136552
29906.6736895
29913.5472264
29920.4345267
29927.335846
29934.251435
29941.1815393
29948.1264002
29955.0862541
29962.0613334
29969.0518659
29976.0580757
29983.0801829
29990.1184036
29997.1729506
30004.244033
30011.3318565
30018.4366236
30025.5585336
30032.697783
30039.854565
30047.0290704
30054.2214871
30061.4320003
30068.6607929
30108.1259944
30114.9155908
30185.9581579
30121.561536
30048.9949867
29972.9050255
29896.0140058
29819.9485041
29745.6833844
29673.793724
29604.6036041
29538.2768796
29474.8740664
29414.3888094
29359.5400191
29308.1912879
29259.6120879
29213.6954873
29170.3303708
29129.405653
29090.8117767
29054.4423532
29020.1951108
28987.972487
28957.6819728
28929.2362844
28902.5534165
28877.5566157
28854.1743026
28832.3399614
28811.9920133
28793.0736841
28775.5328743
28759.3220377
28744.398075
28730.7222448
28718.2600969
28706.9814316
28696.860287
28687.8749607
28680.0080673
28673.2466399
28667.582279
28663.0113579
28659.5352936
28657.160895
28655.9008019
28655.7740353
28656.8066809
28659.0327374
28662.4951687
28667.247212
28673.3540107
28680.8946629
28689.964811
28700.6799416
28713.1796337
28727.6330902
28744.2464367
28763.2724988
28785.0241272
28809.892722
28838.3745823
28871.1093945
28908.9382444
28952.9943791
29004.8517813
