212.99
217.980950105
217.851236573
217.721914422
217.592951135
217.464325169
217.336020435
217.208023444
217.080321985
216.952904745
216.825760162
216.698877603
216.572246452
216.445856302
216.319696947
216.193758381
216.0680308
215.942504606
215.817170407
215.692019021
215.567041479
215.442229026
215.317573125
215.193065454
215.068697913
214.94446262
214.820351913
214.696358353
214.57247472
214.448694015
214.325009459
214.201414493
214.077902774
213.954468181
213.831104804
213.707806953
213.584569146
213.461386117
213.338252807
213.215164364
213.092116143
212.969103702
212.846122799
212.723169392
212.600239632
212.477329865
212.35443663
212.23155665
212.108686836
211.98582428
211.862966255
211.740110208
211.617253764
211.494394715
211.371531023
211.248660814
211.125782378
211.002894163
210.879994771
210.757082961
210.634157639
210.511217742
210.388262706
210.265291753
210.14230436
210.019300144
209.896278851
209.773240358
209.650184669
209.527111915
209.404022343
209.280916325
209.157794345
209.034657001
208.911505004
208.788339172
208.665160426
208.541969796
208.418768407
208.295557486
208.172338353
208.049112424
207.925881204
207.802646287
207.679409355
207.556172173
207.432936587
207.309704525
207.186477991
207.063259066
206.940049903
206.816852727
206.693669834
206.570503585
206.447356409
206.324230797
206.201129303
206.078054541
205.955009183
205.831995958
205.709017649
205.586076742
205.463177177
205.340320842
205.217511072
205.094750901
204.972043408
204.849391715
204.726798985
204.604268424
204.481803277
204.359406825
204.237082389
204.114833323
203.992663014
203.870574885
203.748572388
203.626659005
203.504838248
203.383113657
203.261488797
203.139967262
203.018552665
202.897248648
202.776058871
202.654987016
202.534036787
202.413211906
202.292516111
202.17195316
202.051526826
201.931240898
201.811099176
201.691105478
201.571263631
201.451577476
201.332050862
201.21268765
201.093491709
200.974466917
200.855617159
200.736946325
200.618458315
200.500157029
200.382046376
200.264130264
200.146412607
200.028897321
199.911588322
199.794489528
199.677604857
199.560938224
199.444493546
199.328274737
199.212285708
199.096530366
198.981012616
198.865736357
198.750705484
198.635923887
198.521395447
198.407124042
198.293113538
198.179367797
198.065890671
197.952686003
197.839757626
197.727109364
197.614745027
197.502668419
197.390883327
197.27939353
197.16820279
197.05731486
196.946733476
196.83646236
196.726505221
196.616865751
196.507547626
196.398554508
196.289890038
196.181557844
196.073561533
195.965904696
195.858590905
195.75162371
195.645006646
195.538743224
195.432836936
195.327291253
195.222109624
195.117295477
195.012852215
194.908783222
194.805091856
194.701781452
194.598855321
194.496316748
194.394168995
194.292415297
