13.3902523134
13.3148367586
13.2406461379
13.1676495454
13.0958169998
13.0251193237
12.9555280648
12.8870154557
12.8195543909
12.7531184119
12.687681695
12.6232190412
12.5597058661
12.4971181904
12.43543263
12.3746263862
12.3146772357
12.2555635207
12.1972641387
12.1397585325
12.08302668
12.0270490839
11.9718067615
11.9172812345
11.8634545189
11.8103091147
11.7578279956
11.7059945995
11.6547928175
11.6042069851
11.5542218714
11.5048226698
11.4559949879
11.4077248384
11.3599986295
11.3128031551
11.266125586
11.2199534608
11.1742746765
11.12907748
11.0843504595
11.0400825351
10.9962629517
10.9528812695
10.9099273565
10.8673913804
10.8252638004
10.7835353601
10.7421970793
10.7012402474
10.6606564152
10.6204373887
10.5805752216
10.5410622086
10.5018908792
10.4630539905
10.4245445213
10.3863556659
10.3484808281
10.3109136148
10.2736478309
10.2366774733
10.1999967257
10.1635999526
10.1274816951
10.0916366648
10.0560597396
10.0207459585
9.98569051712
9.95088876291
9.91633619087
9.88202843919
9.847961285
9.81413064033
9.78053254811
9.7471631783
9.71401882411
9.68109589839
9.64839093004
9.61590056057
9.58362154077
9.55155072742
9.51968508015
9.48802165838
9.45655761832
9.4252902101
9.39421677495
9.36333474248
9.33264162804
9.30213503016
9.27181262809
9.24167217931
9.2117115173
9.18192854918
9.15232125357
9.12288767844
9.09362593902
9.06453421586
9.03561075282
9.00685385522
8.97826188802
8.94983327404
8.92156649225
8.89346007613
8.86551261201
8.83772273757
8.81008914028
8.78261055597
8.75528576739
8.72811360285
8.70109293485
8.67422267885
8.64750179195
8.62092927173
8.59450415504
8.56822551687
8.54209246925
8.51610416015
8.49025977248
8.46455852306
8.43899966163
8.41358246991
8.38830626069
8.36317037692
8.33817419086
8.31331710321
8.28859854231
8.26401796336
8.23957484761
8.21526870165
8.19109905665
8.16706546767
8.14316751296
8.11940479331
8.09577693135
8.07228357099
8.04892437673
8.02569903311
8.00260724408
7.97964873246
7.95682323938
7.93413052372
7.9115703616
7.88914254584
7.86684688547
7.84468320524
7.82265134513
7.80075115985
7.77898251843
7.75734530376
7.73583941208
7.71446475264
7.69322124722
7.67210882971
7.65112744575
7.63027705224
7.60955761706
7.58896911859
7.56851154535
7.54818489568
7.52798917729
7.50792440695
7.48799061012
7.4681878206
7.44851608019
7.4289754383
7.40956595171
7.39028768412
7.37114070591
7.35212509378
7.33324093043
7.31448830424
7.29586730897
7.27737804343
7.25902061119
7.24079512026
7.2227016828
7.20474041483
7.18691143589
7.16921486882
7.15165083939
7.13421947606
7.11692090971
7.09975527328
7.08272270157
7.06582333093
7.04905729896
7.03242474427
7.0159258062
6.99956062453
6.98332933921
6.96723209012
6.9512690168
6.93544025815
6.91974595222
6.9041862359
6.8887612447
6.87347111248
6.8583159712
6.84329595065
