96000.0
9321267.98641
9326334.87718
9329579.59817
9331298.3375
9331738.57096
9331106.96828
9329576.08685
9327290.44346
9324371.13434
9320917.17378
9317012.59808
9312727.6894
9308121.2728
9303242.62837
9298133.08201
9292827.32823
9287354.53001
9281739.23315
9276002.12647
9270160.67968
9264229.64615
9258221.5365
9252146.95855
9246014.92701
9239833.11775
9233608.07806
9227345.4039
9221049.88764
9214725.64142
9208364.0892
9201992.43721
9195601.27545
9189192.87472
9182769.2061
9176331.98129
9169882.6896
9163422.62923
9156952.93393
9150474.59552
9143988.48316
9137495.35974
9130995.89596
9124490.6823
9117980.23938
9111465.02681
9104945.45086
9098421.87105
9091894.60589
9085363.93781
9078830.1175
9072293.36765
9065753.88621
9059211.84927
9052667.42806
9046121.53129
9039572.68673
9033021.82299
9026469.03713
9019914.41599
9013358.03153
9006799.96455
9000240.27142
8993679.00745
8987116.2216
8980551.96461
8973986.25771
8967419.15223
8960850.67395
8954280.85026
8947709.70541
8941137.26086
8934563.53557
8928006.88744
8921412.69497
8914835.07363
8908256.28085
8901676.30668
8895095.1471
8888512.80143
8881929.27082
8875344.55731
8868758.66327
8862171.59105
8855583.34831
8848993.92572
8842403.33034
8835811.56325
8829218.62516
8822624.51641
8816029.23703
8809432.78676
8802835.16504
8796236.37107
8789636.40382
8783035.26206
8776432.94439
8769829.44922
8763224.77482
8756618.91936
8750011.88086
8743403.65725
8736794.24636
8730183.64596
8723571.85372
8716958.86726
8710344.68415
8703729.30191
8697112.718
8690494.92986
8683875.93489
8677255.73047
8670634.31394
8664011.68263
8657387.83385
8650762.7649
8644136.47305
8637508.95559
8630880.20978
8624250.23286
8617619.02211
8610986.57476
8604352.88806
8597717.95926
8591081.78561
8584444.36434
8577805.69272
8571165.76798
8564524.58738
8557882.14818
8551238.44763
8544593.483
8537947.25155
8531299.75055
8524650.97729
8518000.92903
8511349.60308
8504696.99671
8498043.10722
8491387.93191
8484731.46809
8478073.71307
8471414.66417
8464754.31871
8458092.67401
8451429.7274
8444765.47623
8438099.91783
8431433.04956
8424764.86876
8418095.37278
8411424.559
8404752.42477
8398078.96747
8391404.18447
8384728.07315
8378050.63088
8371371.85507
8364691.74309
8358010.29235
8351327.50023
8344643.36415
8337957.88151
8331271.04971
8324582.86617
8317893.3283
8311202.43352
8304510.17925
8297816.56292
8291121.58194
8284425.23375
8277727.51578
8271028.42546
8264327.96022
8257626.11751
8250922.89476
8244218.28942
8237512.29893
8230804.20752
8224095.45316
8217385.99882
8210673.72607
8203960.78118
8197246.4328
8190530.67947
8183813.51933
8177094.95028
8170374.97006
8163653.5763
8156930.76658
8150206.53844
8143480.88938
8136753.81689
8130025.31845
8123295.39153
8116564.03361
8109831.24214
8103097.01459
8096361.34842
8089624.24109
