18.2527697765
18.1181829482
17.9716622989
17.8227971097
17.673908692
17.5256505889
17.3781994551
17.2315938523
17.085832722
16.9409040459
16.7967931735
16.6534852242
16.5109657628
16.3692209721
16.2282376805
16.0880033483
15.9485060436
15.8097344161
15.6716776717
15.534325548
15.3976682915
15.2616966358
15.1264017811
14.9917753754
14.8578094957
14.7244966312
14.5918296669
14.4598018683
14.3284068669
14.1976386462
14.0674915288
13.9379601642
13.8090395165
13.6807248539
13.5530117373
13.4258960112
13.299373793
13.1734414649
13.0480956643
12.9233332762
12.7991514247
12.6755474659
12.5525189806
12.4300637669
12.3081798345
12.1868653976
12.0661188692
11.9459388552
11.8263241492
11.7072737266
11.5887867398
11.4708625135
11.3535005394
11.2367004723
11.1204621253
11.0047854657
10.8896706109
10.7751178247
10.661127513
10.5477002208
10.4348366281
10.3225375468
10.2108039173
10.099636805
9.98903739755
9.87900700174
9.76954704031
9.66065904926
9.55234467497
9.4446056715
9.3374438979
9.23086131556
9.12485998572
9.01944206693
8.9146098126
8.81036556861
8.70671177095
8.60365094341
8.50118569527
8.39931871909
8.29805278852
8.19739075607
8.09733555101
7.99789017723
7.89905771116
7.80084129966
7.70324415803
7.60626956795
7.50992087543
7.4142014889
7.31911487712
7.22466456731
7.1308541431
7.03768724264
6.94516755663
6.85329882639
6.76208484188
6.67152943984
6.58163650177
6.49240995206
6.40385375598
6.31597191778
6.22876847868
6.14224751493
6.05641313579
5.97126948152
5.88682072135
5.8030710514
5.72002469262
5.63768588861
5.55605890349
5.47514801965
5.39495753555
5.31549176331
5.2367550264
5.15875165715
5.08148599425
5.0049623801
4.92918515815
4.8541586701
4.77988725296
4.70637523605
4.63362693784
4.56164666265
4.49043869726
4.42000730725
4.35035673327
4.2814911871
4.2134148475
4.14613185585
4.07964631162
4.01396226755
3.94908372461
3.88501462675
3.82175885531
3.75932022319
3.69770246876
3.6369092494
3.57694413483
3.51781060002
3.45951201787
3.4020516515
3.34543264628
3.28965802142
3.23473066136
3.18065330677
3.12742854519
3.07505880147
3.02354632781
2.97289319359
2.92310127492
2.87417224395
2.82610755799
2.77890844845
2.73257590968
2.68711068765
2.64251326868
2.59878386811
2.55592241905
2.51392856131
2.47280163045
2.43254064715
2.39314430684
2.35461096986
2.31693865197
2.28012501551
2.24416736119
2.20906262057
2.17480734939
2.14139772173
2.10882952517
2.07709815695
2.04619862116
2.01612552724
1.9868730893
1.9584351277
1.93080507015
1.90397595578
1.87794043975
1.85269079935
1.82821894138
1.80451641091
1.78157440127
1.75938376528
1.73793502773
1.71721839897
1.69722378952
1.67794082574
1.65935886637
1.64146701985
1.62425416239
1.60770895659
1.59181987063
1.57657519768
1.56196307579
1.54797150769
1.53458838083
1.52180148721
1.50959854308
1.49796720836
