292.920862892
291.892322294
290.865946154
289.841676095
288.819422024
287.799087645
286.780577834
285.763800621
284.748667619
283.735094004
282.72299839
281.712302663
280.702931828
279.694813856
278.687879539
277.682062363
276.677298374
275.673526066
274.670686269
273.668722045
272.66757859
271.667203142
270.667544894
269.668554913
268.670186064
267.672392936
266.675131773
265.678360413
264.682038221
263.686126039
262.690586123
261.6953821
260.700478912
259.705842775
258.711441133
257.717242619
256.723217013
255.729335206
254.735569167
253.741891908
252.748277455
251.754700814
250.761137947
249.767565745
248.773962001
247.780305389
246.786575437
245.792752513
244.798817798
243.80475327
242.81054169
241.816166577
240.8216122
239.826863558
238.83190637
237.836727059
236.841312741
235.845651215
234.849730948
233.85354107
232.857071363
231.86031225
230.863254793
229.86589068
228.86821222
227.870212338
226.871884571
225.873223059
224.874222543
223.874878364
222.875186452
221.875143333
220.874746117
219.873992503
218.872880776
217.871409801
216.869579032
215.867388501
214.864838826
213.861931208
212.858667433
211.855049871
210.851081482
209.846765813
208.842107003
207.837109785
206.831779488
205.826122041
204.820143975
203.813852428
202.807255149
201.800360497
200.793177454
199.785715621
198.777985228
197.769997136
196.761762843
195.753294487
194.744604854
193.735707381
192.726616163
191.717345957
190.707912186
189.698330948
188.688619018
187.678793857
186.668873612
185.658877128
184.648823945
183.638734312
182.628629185
181.618530234
180.60845985
179.598441145
178.588497961
177.578654867
176.568937172
175.559370918
174.549982893
173.540800623
172.531852385
171.523167197
170.514774831
169.506705804
168.498991382
167.49166358
166.484755159
165.478299626
164.472331228
163.466884953
162.461996522
161.457702386
160.454039718
159.451046409
158.448761058
157.447222964
156.446472116
155.446549181
154.447495492
153.449353038
152.452164444
151.455972958
150.460822437
149.466757322
148.473822624
147.482063901
146.491527233
145.502259205
144.514306872
143.527717741
142.54253974
141.558821185
140.576610754
139.595957453
138.616910579
137.639519688
136.663834561
135.689905158
134.717781588
133.747514061
132.779152852
131.812748257
130.848350549
129.886009933
128.925776504
127.9677002
127.011830755
126.058217656
125.106910094
124.157956918
123.211406592
122.267307148
121.325706139
120.3866506
119.450187001
118.516361209
117.585218447
116.656803254
115.731159449
114.808330103
113.8883575
112.971283113
112.057147577
111.145990664
110.237851268
109.332767382
108.430776091
107.531913559
106.636215026
105.743714804
104.854446278
103.968441916
103.085733274
102.206351011
101.330324907
100.457683882
99.5884560221
98.7226686046
97.860348132
97.0015203647
