600.0
30209.4893972
30237.066441
30261.6675278
30283.6275254
30303.2433801
30320.7782977
30336.4655101
30350.5116471
30363.0997481
30374.3919469
30384.5312492
30393.6508537
30401.8576341
30409.2515311
30415.9211274
30421.9449605
30427.392684
30432.3260951
30436.8000428
30440.8632304
30444.558925
30447.9255834
30450.997406
30453.804825
30456.3749364
30458.7318806
30460.8971798
30462.8900346
30465.0645072
30466.4247883
30467.9960905
30469.453369
30470.8075994
30472.0685785
30473.2451532
30474.3452476
30475.375983
30476.3437645
30477.2543591
30478.1129634
30478.9242644
30479.692494
30480.4214761
30481.1146697
30481.7752065
30482.4059244
30483.0093978
30483.5879639
30484.1437468
30484.6786787
30485.1945185
30485.6928691
30486.1751925
30486.6428231
30487.0969801
30487.5387784
30487.9692381
30488.3892934
30488.7998007
30489.2015453
30489.595248
30489.981571
30490.3611227
30490.734463
30491.1021068
30491.4645283
30491.8221645
30492.1754182
30492.5246608
30492.8702351
30493.2124576
30493.5516205
30493.8879938
30494.2218271
30494.5533511
30494.8827792
30495.210309
30495.5361232
30495.8603909
30496.1832688
30496.5049019
30496.8254246
30497.1449614
30497.4636275
30497.7815299
30498.0987675
30498.4154323
30498.7316091
30499.0473769
30499.3628087
30499.6779723
30499.9929303
30500.3077411
30500.6224583
30500.937132
30501.2518083
30501.5665301
30501.881337
30502.1962658
30502.5113502
30502.8266219
30503.1421097
30503.4578405
30503.7738392
30504.0901285
30504.4067298
30504.7236624
30505.0409443
30505.3586074
30505.6766223
30505.9950459
30506.3138776
30506.6331291
30506.9528114
30507.2729342
30507.5935067
30507.9145372
30508.2360331
30508.5580013
30508.8804481
30509.2033791
30509.5267995
30509.8507138
30510.1751262
30510.5684094
30510.8267251
30511.1522925
30511.4784707
30511.8052341
30512.1325648
30512.46045
30512.7888805
30513.11785
30513.447354
30513.7773893
30514.1079535
30514.439045
30514.7706626
30515.1028054
30515.4354725
30515.7686633
30516.1023772
30516.4366136
30516.7713717
30517.1066511
30517.442451
30517.7787707
30518.1156095
30518.4529665
30518.7908409
30519.1292318
30519.4681384
30519.8075596
30520.1474946
30520.4879423
30520.8289016
30521.1703716
30521.5123512
30521.8548392
30522.1978347
30522.5413365
30522.8853434
30523.2298545
30523.5748685
30523.9203844
30524.266401
30524.6129172
30524.9599318
30525.3074439
30525.6554522
30526.0039556
30526.352953
30526.7024435
30527.0524257
30527.4028988
30527.7538616
30528.1053131
30528.4572522
30528.8096779
30529.1625892
30529.5159851
30529.8698645
30530.2242266
30530.5790702
30530.9343946
30531.2901987
30531.6464816
30532.0032423
30532.3604801
30532.718194
30533.0763832
30533.4350468
30533.7941839
30534.1537937
30534.5138755
30534.8744284
30535.2354517
30535.5969445
30535.9589062
