-336.559595806
-193.001162723
-192.595023957
-192.196472479
-191.81415842
-191.449987252
-191.103922422
-190.775395681
-190.463714723
-190.168179625
-189.888114781
-189.622876414
-189.371853098
-189.134464388
-188.910159008
-188.698413024
-188.498728106
-188.310629909
-188.133666575
-187.967407333
-187.811441214
-187.665375846
-187.528836339
-187.401464251
-187.282916618
-187.172865054
-187.070994911
-186.977004498
-186.890604341
-186.811516502
-186.739473936
-186.674219889
-186.615507332
-186.563098435
-186.516764064
-186.476283321
-186.441443095
-186.412037654
-186.387868253
-186.368742764
-186.354475329
-186.344886035
-186.339800597
-186.339050072
-186.342470573
-186.349903015
-186.361192855
-186.376189865
-186.394747899
-186.416724686
-186.441981622
-186.470383577
-186.501798716
-186.536098316
-186.573156605
-186.612850598
-186.655059949
-186.699666802
-186.74655565
-186.795613208
-186.84672828
-186.899791639
-186.95469591
-187.011335455
-187.06960627
-187.129405876
-187.190633225
-187.253188597
-187.316973517
-187.381890659
-187.447843763
-187.514737556
-187.582477668
-187.650970558
-187.720123441
-187.789844217
-187.860041402
-187.930624061
-188.001501747
-188.072584438
-188.143782478
-188.215006521
-188.286167475
-188.357176449
-188.427944702
-188.498383596
-188.568404546
-188.637918976
-188.706838279
-188.775073767
-188.84253664
-188.909137945
-188.974788536
-189.039399047
-189.102879854
-189.165141046
-189.226092397
-189.285643337
-189.343702931
-189.40017985
-189.454982356
-189.508018277
-189.559194996
-189.608419429
-189.655598019
-189.700636717
-189.743440981
-189.783915766
-189.821965518
-189.857494175
-189.890405166
-189.920601414
-189.947985342
-189.97245888
-189.993923474
-190.012280103
-190.027429291
-190.039271129
-190.047705292
-190.052631069
-190.053947383
-190.051552828
-190.045345699
-190.035224028
-190.021085624
-190.002828116
-189.980349
-189.953545684
-189.922315546
-189.886555985
-189.846164483
-189.801038668
-189.751076377
-189.69617573
-189.6362352
-189.571153688
-189.500830609
-189.42516597
-189.344060462
-189.257415545
-189.165133547
-189.067117763
-188.96327255
-188.853503439
-188.737717239
-188.615822149
-188.487727875
-188.353345748
-188.212588845
-188.065372111
-187.911612494
-187.751229067
-187.584143167
-187.410278529
-187.229561426
-187.041920806
-186.847288438
-186.645599054
-186.436790496
-186.22080386
-185.997583646
-185.767077905
-185.529238381
-185.284020666
-185.031384337
-184.771293103
-184.503714943
-184.228622243
-183.945991929
-183.655805591
-183.358049607
-183.052715252
-182.739798806
-182.419301647
-182.091230334
-181.755596678
-181.412417801
-181.061716176
-180.703519323
-180.337861111
-179.96477983
-179.58431941
-179.196529055
-178.801463156
-178.399181181
-177.989747534
-177.573231389
-177.149706488
-176.719250912
-176.281946818
-175.837880144
-175.38714028
-174.929819706
-174.466013602
-173.995819425
-173.519336452
-173.036665301
-172.547907428
-172.053164595
-171.552538319
-336.559595806
-193.001162723
-192.595023957
-192.196472479
-191.81415842
-191.449987252
-191.103922422
-190.775395681
-190.463714723
-190.168179625
-189.888114781
-189.622876414
-189.371853098
-189.134464388
-188.910159008
-188.698413024
-188.498728106
-188.310629909
-188.133666575
-187.967407333
-187.811441214
-187.665375846
-187.528836339
-187.401464251
-187.282916618
-187.172865054
-187.070994911
-186.977004498
-186.890604341
-186.811516502
-186.739473936
-186.674219889
-186.615507332
-186.563098435
-186.516764064
-186.476283321
-186.441443095
-186.412037654
-186.387868253
-186.368742764
-186.354475329
-186.344886035
-186.339800597
-186.339050072
-186.342470573
-186.349903015
-186.361192855
-186.376189865
-186.394747899
-186.416724686
-186.441981622
-186.470383577
-186.501798716
-186.536098316
-186.573156605
-186.612850598
-186.655059949
-186.699666802
-186.74655565
-186.795613208
-186.84672828
-186.899791639
-186.95469591
-187.011335455
-187.06960627
-187.129405876
-187.190633225
-187.253188597
-187.316973517
-187.381890659
-187.447843763
-187.514737556
-187.582477668
-187.650970558
-187.720123441
-187.789844217
-187.860041402
-187.930624061
-188.001501747
-188.072584438
-188.143782478
-188.215006521
-188.286167475
-188.357176449
-188.427944702
-188.498383596
-188.568404546
-188.637918976
-188.706838279
-188.775073767
-188.84253664
-188.909137945
-188.974788536
-189.039399047
-189.102879854
-189.165141046
-189.226092397
-189.285643337
-189.343702931
-189.40017985
-189.454982356
-189.508018277
-189.559194996
-189.608419429
-189.655598019
-189.700636717
-189.743440981
-189.783915766
-189.821965518
-189.857494175
-189.890405166
-189.920601414
-189.947985342
-189.97245888
-189.993923474
-190.012280103
-190.027429291
-190.039271129
-190.047705292
-190.052631069
-190.053947383
-190.051552828
-190.045345699
-190.035224028
-190.021085624
-190.002828116
-189.980349
-189.953545684
-189.922315546
-189.886555985
-189.846164483
-189.801038668
-189.751076377
-189.69617573
-189.6362352
-189.571153688
-189.500830609
-189.42516597
-189.344060462
-189.257415545
-189.165133547
-189.067117763
-188.96327255
-188.853503439
-188.737717239
-188.615822149
-188.487727875
-188.353345748
-188.212588845
-188.065372111
-187.911612494
-187.751229067
-187.584143167
-187.410278529
-187.229561426
-187.041920806
-186.847288438
-186.645599054
-186.436790496
-186.22080386
-185.997583646
-185.767077905
-185.529238381
-185.284020666
-185.031384337
-184.771293103
-184.503714943
-184.228622243
-183.945991929
-183.655805591
-183.358049607
-183.052715252
-182.739798806
-182.419301647
-182.091230334
-181.755596678
-181.412417801
-181.061716176
-180.703519323
-180.337861111
-179.96477983
-179.58431941
-179.196529055
-178.801463156
-178.399181181
-177.989747534
-177.573231389
-177.149706488
-176.719250912
-176.281946818
-175.837880144
-175.38714028
-174.929819706
-174.466013602
-173.995819425
-173.519336452
-173.036665301
-172.547907428
-172.053164595
-171.552538319
