0.00251320876794
0.0025005989826
0.00248807598882
0.00247562286265
0.00246324517601
0.00245094597051
0.00243872656169
0.00242658743367
0.00241452867473
0.0024025501798
0.00239065174441
0.00237883310837
0.00236709397635
0.00235543402772
0.00234385292147
0.00233235029883
0.00232092578485
0.00230957898944
0.00229830950828
0.00228711692721
0.00227600080784
0.00226496071104
0.00225399618213
0.00224310675536
0.0022322919545
0.0022215512934
0.0022108842765
0.00220029039941
0.00218976914937
0.00217932000581
0.00216894244081
0.00215863591957
0.00214839990089
0.00213823383766
0.0021281371772
0.00211810936182
0.00210814982911
0.00209825801244
0.0020884333413
0.0020786752417
0.00206898313655
0.00205935644599
0.00204979458776
0.00204029697754
0.00203086302926
0.00202149215543
0.00201218376745
0.00200293727587
0.00199375209074
0.00198462762184
0.00197556327894
0.00196655847212
0.00195761261192
0.0019487251097
0.00193989537777
0.00193112282968
0.00192240688038
0.0019137469465
0.00190514244649
0.00189659280081
0.00188809743217
0.00187965576567
0.00187126722897
0.00186293125245
0.00185464726939
0.00184641471612
0.00183823303213
0.00183010166024
0.00182202004675
0.0018139876415
0.00180600389806
0.00179806827382
0.00179018023008
0.0017823392322
0.00177454474922
0.0017667962554
0.0017590932287
0.00175143515153
0.0017438215108
0.00173625179798
0.0017287255092
0.00172124214528
0.00171380121182
0.00170640221925
0.00169904468287
0.00169172812296
0.00168445206475
0.00167721603854
0.00167001957969
0.00166286222869
0.0016557435312
0.00164866303805
0.00164162030531
0.0016346148943
0.0016276463716
0.00162071430913
0.00161381828408
0.00160695787902
0.00160013268186
0.00159334228588
0.00158658628973
0.00157986429745
0.00157317591849
0.00156652076769
0.00155989846528
0.00155330863691
0.00154675091363
0.00154022493188
0.0015337303335
0.00152726676573
0.00152083388117
0.0015144313378
0.00150805879898
0.00150171593339
0.00149540241507
0.00148911792336
0.00148286214293
0.00147663476371
0.00147043548091
0.001464263995
0.00145812001165
0.00145200324176
0.00144591340141
0.00143985021182
0.00143381339935
0.00142780269547
0.00142181783673
0.00141585856471
0.00140992462604
0.00140401577232
0.00139813176012
0.00139227235093
0.00138643731114
0.001380626412
0.00137483942958
0.00136907614477
0.00136333634319
0.00135761981519
0.0013519263558
0.00134625576472
0.00134060784622
0.00133498240916
0.00132937926694
0.00132379823743
0.00131823914297
0.00131270181028
0.00130718607048
0.00130169175897
0.00129621871548
0.00129076678394
0.00128533581247
0.00127992565338
0.00127453616304
0.00126916720189
0.00126381863439
0.00125849032895
0.00125318215792
0.00124789399749
0.0012426257277
0.00123737723234
0.00123214839894
0.00122693911871
0.00122174928646
0.0012165788006
0.00121142756305
0.00120629547922
0.00120118245792
0.00119608841135
0.00119101325501
0.00118595690768
0.00118091929134
0.00117590033113
0.00117089995531
0.00116591809517
0.00116095468501
0.00115600966205
0.00115108296643
0.00114617454107
0.00114128433172
0.0011364122868
0.00113155835741
0.00112672249726
0.00112190466259
0.00111710481213
0.00111232290705
0.00110755891089
0.00110281278949
0.00109808451095
0.00109337404558
0.00108868136579
0.0010840064461
0.00107934926303
0.00107470979505
0.00107008802254
0.0010654839277
0.0010608974945
0.00105632870864
0.00105177755745
0.00104724402986
0.00104272811634
