814.448355463
417.618684111
417.16328767
416.701649299
416.234025065
415.760629615
415.281664143
414.797321543
414.307787306
413.813239634
413.313849395
412.809780009
412.301187296
411.788219295
411.271016067
410.74970948
410.224422994
409.695271444
409.162360823
408.625788086
408.085640955
407.541997747
406.994927222
406.444488246
405.890730481
405.333693093
404.77340549
404.209887069
403.643147201
403.073185222
402.499990456
401.923542243
401.34381
400.760753278
400.174321851
399.5844558
398.991085619
398.39413232
397.793507553
397.189113719
396.580844098
395.968582971
395.352205746
394.731579084
394.106561016
393.477001073
392.842740397
392.203611858
391.559440168
390.910041988
390.25522603
389.594793164
388.928536513
388.256241553
387.577686205
386.892640933
386.20086884
385.502125762
384.796160367
384.082714259
383.361522089
382.632311662
381.894804066
381.148713799
380.393748913
379.62961117
378.855977622
378.072581129
377.279081278
376.475156507
375.660479963
374.834719771
373.997539306
373.148569589
372.287513802
371.414002344
370.52768289
369.628200132
368.715196214
367.78831119
366.847183509
365.891450528
364.920749383
363.934716234
362.932988842
361.915205866
360.881007832
359.830037809
358.76194209
357.676370909
356.572979166
355.451427178
354.311381442
353.152515414
351.974510295
350.777055836
349.559851142
348.322605484
347.065039119
345.786884099
344.487885092
343.167800188
341.826401701
340.463473489
339.078825637
337.672274408
336.243656803
334.792827904
333.319661562
331.82405109
330.305909924
328.765172266
327.20179369
325.615751727
324.007046413
322.375704408
320.721765056
319.045302446
317.346411459
315.62521168
313.881847743
312.116489624
310.329332883
308.520598873
306.690534897
304.839414321
302.967536646
301.075227524
299.162838739
297.230748127
295.279359454
293.309102243
291.320431548
289.313827678
287.289795868
285.248865899
283.191591663
281.118550672
279.030343521
276.927593288
274.810944885
272.681064353
270.538638103
268.384372228
266.218991041
264.043237346
261.857870292
259.663664943
257.461411107
255.251912219
253.035984198
250.814454252
248.588159652
246.357946463
244.124668255
241.889184775
239.652360598
237.415063764
235.178164388
232.942533267
230.709040477
228.478553963
226.251938139
224.030052491
221.81375019
219.603876724
217.401268551
215.206751781
213.02114088
210.845237423
208.679828871
206.525687407
204.383568807
202.25421137
200.138334901
198.036639749
195.949805908
193.878492182
191.82333541
189.784949764
187.763926108
185.760831432
183.776208354
181.810574688
179.864423084
177.938220743
176.03240919
174.147404121
172.283595318
170.441346623
168.620995975
166.822855517
165.047211747
163.294325736
161.564433392
159.857745783
158.174449496
156.514707047
154.878657337
153.266416134
814.448355463
417.618684111
417.16328767
416.701649299
416.234025065
415.760629615
415.281664143
414.797321543
414.307787306
413.813239634
413.313849395
412.809780009
412.301187296
411.788219295
411.271016067
410.74970948
410.224422994
409.695271444
409.162360823
408.625788086
408.085640955
407.541997747
406.994927222
406.444488246
405.890730481
405.333693093
404.77340549
404.209887069
403.643147201
403.073185222
402.499990456
401.923542243
401.34381
400.760753278
400.174321851
399.5844558
398.991085619
398.39413232
397.793507553
397.189113719
396.580844098
395.968582971
395.352205746
394.731579084
394.106561016
393.477001073
392.842740397
392.203611858
391.559440168
390.910041988
390.25522603
389.594793164
388.928536513
388.256241553
387.577686205
386.892640933
386.20086884
385.502125762
384.796160367
384.082714259
383.361522089
382.632311662
381.894804066
381.148713799
380.393748913
379.62961117
378.855977622
378.072581129
377.279081278
376.475156507
375.660479963
374.834719771
373.997539306
373.148569589
372.287513802
371.414002344
370.52768289
369.628200132
368.715196214
367.78831119
366.847183509
365.891450528
364.920749383
363.934716234
362.932988842
361.915205866
360.881007832
359.830037809
358.76194209
357.676370909
356.572979166
355.451427178
354.311381442
353.152515414
351.974510295
350.777055836
349.559851142
348.322605484
347.065039119
345.786884099
344.487885092
343.167800188
341.826401701
340.463473489
339.078825637
337.672274408
336.243656803
334.792827904
333.319661562
331.82405109
330.305909924
328.765172266
327.20179369
325.615751727
324.007046413
322.375704408
320.721765056
319.045302446
317.346411459
315.62521168
313.881847743
312.116489624
310.329332883
308.520598873
306.690534897
304.839414321
302.967536646
301.075227524
299.162838739
297.230748127
295.279359454
293.309102243
291.320431548
289.313827678
287.289795868
285.248865899
283.191591663
281.118550672
279.030343521
276.927593288
274.810944885
272.681064353
270.538638103
268.384372228
266.218991041
264.043237346
261.857870292
259.663664943
257.461411107
255.251912219
253.035984198
250.814454252
248.588159652
246.357946463
244.124668255
241.889184775
239.652360598
237.415063764
235.178164388
232.942533267
230.709040477
228.478553963
226.251938139
224.030052491
221.81375019
219.603876724
217.401268551
215.206751781
213.02114088
210.845237423
208.679828871
206.525687407
204.383568807
202.25421137
200.138334901
198.036639749
195.949805908
193.878492182
191.82333541
189.784949764
187.763926108
185.760831432
183.776208354
181.810574688
179.864423084
177.938220743
176.03240919
174.147404121
172.283595318
170.441346623
168.620995975
166.822855517
165.047211747
163.294325736
161.564433392
159.857745783
158.174449496
156.514707047
154.878657337
153.266416134
