6.09460381533
6.08821537865
6.08304134143
6.0785598961
6.07446092683
6.07056195885
6.0667558068
6.06298458406
6.05921782351
6.05543961716
6.05164161836
6.04781937133
6.04397041779
6.04009332658
6.03618719689
6.03225140353
6.02828546578
6.02428897961
6.02026158222
6.01620293356
6.01211270631
6.00799058053
6.00383624066
5.99964937372
5.9954296683
5.99117681384
5.98689050016
5.98257041709
5.97821625422
5.97382770066
5.96940444484
5.96494617437
5.96045257584
5.95592333476
5.9513581354
5.94675666067
5.94211859207
5.93744360956
5.9327313915
5.92798161454
5.9231939536
5.91836808177
5.91350367026
5.90860038832
5.90365790324
5.89867588022
5.89365398238
5.88859187071
5.88348920399
5.87834563877
5.87316082932
5.86793442762
5.86266608325
5.85735544344
5.85200215297
5.84660585415
5.84116618679
5.83568278818
5.83015529302
5.82458333341
5.81896653882
5.81330453604
5.80759694916
5.80184339954
5.79604350576
5.79019688362
5.78430314606
5.7783619032
5.77237276223
5.76633532744
5.76024920014
5.75411397868
5.74792925838
5.74169463151
5.73540968727
5.72907401175
5.72268718787
5.71624879543
5.70975841099
5.70321560787
5.69661995616
5.68997102262
5.6832683707
5.67651156049
5.66970014868
5.66283368854
5.65591172989
5.64893381906
5.64189949887
5.63480830857
5.62765978384
5.62045345676
5.61318885572
5.60586550547
5.59848292703
5.59104063766
5.58353815086
5.57597497631
5.56835061983
5.56066458336
5.55291636495
5.54510545867
5.53723135461
5.52929353885
5.52129149341
5.51322469622
5.50509262108
5.49689473764
5.48863051134
5.4802994034
5.47190087076
5.46343436605
5.45489933758
5.44629522926
5.43762148059
5.42887752661
5.42006279788
5.4111767204
5.40221871565
5.39318820045
5.38408458701
5.37490728284
5.36565569073
5.3563292087
5.34692722997
5.33744914291
5.32789433101
5.31826217282
5.30855204195
5.29876330698
5.28889533145
5.27894747378
5.26891908729
5.25880952011
5.24861811514
5.23834421003
5.2279871371
5.21754622335
5.20702079036
5.19641015428
5.18571362576
5.17493050993
5.16406010635
5.15310170895
5.14205460598
5.13091807999
5.11969140777
5.10837386028
5.09696470263
5.08546319404
5.07386858775
5.06218013101
5.05039706502
5.03851862488
5.02654403951
5.01447253166
5.00230331781
4.99003560813
4.97766860646
4.96520151019
4.95263351028
4.93996379118
4.92719153074
4.91431590021
4.90133606417
4.88825118047
4.87506040015
4.86176286745
4.84835771968
4.83484408721
4.82122109342
4.80748785458
4.79364347989
4.77968707132
4.76561772364
4.7514345243
4.73713655338
4.72272288357
4.70819258006
4.69354470052
4.678778295
4.66389240589
4.64888606786
4.6337583078
4.61850814473
4.60313458977
4.58763664606
4.57201330868
4.55626356462
4.54038639268
4.52438076343
4.50824563913
4.49197997364
4.47558271241
4.45905279236
4.44238914182
4.42559068048
4.40865631931
4.39158496047
4.37437549728
