1.2795922165
1.28512548584
1.29064889878
1.29616268147
1.30166704156
1.30716218218
1.31264830385
1.31812560485
1.32359428134
1.32905452746
1.33450653545
1.33995049571
1.34538659691
1.35081502603
1.35623596847
1.36164960805
1.36705612716
1.37245570673
1.37784852631
1.38323476414
1.38861459718
1.39398820113
1.39935575049
1.40471741861
1.4100733777
1.41542379887
1.42076885217
1.42610870662
1.43144353023
1.43677349002
1.44209875207
1.44741948155
1.45273584269
1.45804799889
1.46335611265
1.46866034569
1.47396085887
1.47925781232
1.48455136536
1.48984167659
1.49512890389
1.50041320444
1.50569473475
1.51097365065
1.51625010736
1.52152425947
1.52679626103
1.53206626543
1.53733442556
1.54260089378
1.54786582192
1.55312936135
1.55839166296
1.56365287722
1.56891315416
1.57417264344
1.57943149432
1.58468985574
1.58994787629
1.5952057043
1.60046348778
1.60572137453
1.61097951211
1.61623804788
1.62149712904
1.62675690265
1.63201751565
1.63727911489
1.64254184716
1.64780585923
1.65307129788
1.6583383099
1.66360704216
1.6688776416
1.67415025533
1.67942503057
1.68470211476
1.68998165556
1.69526380089
1.70054869898
1.70583649836
1.71112734795
1.71642139707
1.7217187955
1.72701969347
1.73232424176
1.73763259169
1.74294489519
1.74826130485
1.75358197392
1.75890705639
1.76423670702
1.76957108139
1.77491033594
1.78025462801
1.7856041159
1.79095895891
1.7963193174
1.80168535281
1.80705722773
1.81243510595
1.81781915252
1.82320953377
1.82860641739
1.83400997247
1.83942036957
1.84483778074
1.8502623796
1.85569434141
1.86113384307
1.86658106325
1.87203618236
1.87749938268
1.88297084839
1.8884507656
1.89393932246
1.89943670916
1.90494311803
1.91045874356
1.91598378247
1.92151843379
1.92706289887
1.93261738146
1.93818208775
1.94375722642
1.94934300872
1.95493964846
1.96054736211
1.96616636881
1.97179689042
1.97743915158
1.98309337971
1.98875980508
1.99532836202
2.00190975977
2.00955191861
2.01855609176
2.02887390391
2.04045891384
2.05326524716
2.06724765906
2.08236189141
2.09856500477
2.11581561457
2.1340740335
2.15330234022
2.17346439458
2.19452581617
2.2164539385
2.23921774796
2.26278781372
2.2871362131
2.31223645519
2.33806340492
2.36459320888
2.39180322364
2.41967194717
2.44817895371
2.47730483207
2.50703112755
2.53734028728
2.56821560911
2.59964119364
2.63160189954
2.66408330185
2.69707165315
2.73055384757
2.76451738731
2.79895035179
2.83384136911
2.86917958994
2.90495466351
2.94115671592
2.97777633054
3.01480453048
3.05224822596
3.09010354282
3.12836370264
3.167022347
3.20607353546
3.24551174844
3.28533189412
3.32552932036
3.36609983233
3.40703971703
3.4483457763
3.49001537012
3.53204647309
3.57443774745
3.61718863774
3.66029949392
3.70377173267
3.74760805089
3.79181271247
3.83639193982
3.88135446033
3.92671228912
3.97248188739
4.01868594783
4.06535629405
