0.140829217455
0.140825029549
0.140817339424
0.140802299995
0.140727677064
0.140816466643
0.140947360664
0.141104710801
0.141276406469
0.141455132789
0.141636879112
0.1418195376
0.142002021461
0.142183775349
0.142364517009
0.142544103921
0.14272246508
0.142899566184
0.143075391871
0.143249936629
0.143423200124
0.143595184801
0.143765894634
0.143935334473
0.144103509703
0.144270426058
0.144436089523
0.14460050627
0.144763682629
0.144925625061
0.145086340145
0.145245834564
0.145404115094
0.145561188598
0.145717062015
0.145871742353
0.146025236684
0.146177552136
0.146328695888
0.146478675162
0.146627497221
0.146775169361
0.146921698908
0.147067093212
0.147211359645
0.147354505596
0.147496538465
0.147637465662
0.147777294605
0.147916032713
0.148053687406
0.148190266101
0.14832577621
0.148460225137
0.148593620277
0.14872596901
0.148857278707
0.148987556718
0.149116810377
0.149245047
0.14937227388
0.149498498288
0.149623727471
0.149747968652
0.149871229027
0.149993515763
0.150114836
0.150235196849
0.15035460539
0.150473068669
0.150590593704
0.150707187477
0.150822856939
0.150937609005
0.151051450554
0.151164388432
0.151276429447
0.151387580373
0.151497847945
0.15160723886
0.151715759781
0.151823417328
0.151930218087
0.152036168602
0.152141275381
0.15224554489
0.152348983558
0.152451597774
0.152553393887
0.152654378204
0.152754556997
0.152853936492
0.15295252288
0.153050322309
0.153147340888
0.153243584683
0.153339059724
0.153433771998
0.15352772745
0.153620931989
0.153713391481
0.153805111751
0.153896098587
0.153986357733
0.154075894895
0.15416471574
0.154252825893
0.154340230941
0.154426936429
0.154512947865
0.154598270716
0.15468291041
0.154766872337
0.154850161846
0.154932784248
0.155014744815
0.155096048782
0.155176701342
0.155256707654
0.155336072835
0.155414801968
0.155492900094
0.155570372221
0.155647223315
0.155723458308
0.155799082094
0.15587409953
0.155948515436
0.156022334598
0.156095561762
0.156168201641
0.15624025891
0.156311738211
0.156382644148
0.156452981291
0.156522754175
0.156591967301
0.156660625133
0.156728732103
0.156796292608
0.15686331101
0.15692979164
0.156995738794
0.157061156733
0.157126049688
0.157190421855
0.157254277398
0.157317620449
0.157380455107
0.15744278544
0.157504615483
0.157565949241
0.157626790686
0.15768714376
0.157747012373
0.157806400407
0.15786531171
0.157923750101
0.157981719371
0.158039223278
0.158096265552
0.158152849894
0.158208979975
0.158264659437
0.158319891893
0.158374680929
0.158429030101
0.158482942937
0.158536422938
0.158589473576
0.158642098296
0.158694300517
0.158746083628
0.158797450994
0.158848405952
0.158898951812
0.158949091858
0.158998829348
0.159048167514
0.159097109563
0.159145658675
0.159193818007
0.159241590687
0.159288979821
0.159335988491
0.159382619751
0.159428876634
0.159474762147
0.159520279273
0.159565430971
0.159610220178
0.159654649806
0.159698722744
0.159742441857
0.159785809989
0.15982882996
0.159871504569
0.159913836589
0.159955828774
0.159997483856
