0.000629393213209
0.000620487590221
0.000617240367152
0.000614148738296
0.000611203467347
0.000608396553751
0.00060572061274
0.000603168728744
0.000600734403074
0.000598411521695
0.000596194328492
0.000594077401091
0.000592055628541
0.000590124190637
0.000588278538751
0.000586514376708
0.000584827649846
0.000583214521098
0.000581671362761
0.000580194741778
0.000578781407508
0.000577428280552
0.000576132441668
0.000574891122351
0.000573701696031
0.000572561669072
0.00057146867305
0.000570420457399
0.000569414882547
0.000568449913526
0.000567523613998
0.000566634140688
0.000565779738168
0.000564958733995
0.000564169534154
0.000563410618791
0.000562680538227
0.000561977909208
0.000561301411401
0.000560649784098
0.000560021823129
0.00055941637795
0.000558832348926
0.000558268684752
0.000557724380048
0.000557198473081
0.000556690043624
0.000556198210939
0.000555722131875
0.00055526099907
0.00055481403926
0.000554380511676
0.000553959706534
0.000553550943605
0.000553153570862
0.000552766963202
0.000552390521235
0.000552023670136
0.000551665858559
0.000551316557604
0.000550975259842
0.000550641478385
0.000550314746006
0.000549994614303
0.000549680652901
0.000549372448699
0.000549069605151
0.000548771741578
0.000548478492522
0.000548189507119
0.000547904448516
0.0005476229933
0.000547344830965
0.000547069663399
0.000546797204394
0.000546527179181
0.000546259323981
0.00054599338558
0.000545729120925
0.000545466296729
0.000545204689104
0.000544944083202
0.000544684272872
0.000544425060338
0.000544166255883
0.00054390767755
0.000543649150856
0.000543390508515
0.000543131590174
0.000542872242162
0.000542612317244
0.000542351674388
0.000542090178545
0.000541827700428
0.000541564116309
0.00054129930782
0.000541033161761
0.000540765569917
0.000540496428882
0.000540225639889
0.000539953108648
0.000539678745183
0.000539402463691
0.000539124182386
0.000538843823366
0.000538561312474
0.00053827657917
0.000537989556405
0.000537700180499
0.000537408391026
0.000537114130703
0.000536817345278
0.000536517983429
0.000536215996662
0.000535911339215
0.000535603967961
0.000535293842322
0.000534980924179
0.00053466517779
0.000534346569703
0.000534025068688
0.000533700648233
0.000533373276175
0.000533042930036
0.000532709586714
0.000532373224966
0.000532033825349
0.000531691370155
0.000531345843353
0.000530997230531
0.000530645518841
0.000530290696944
0.000529932754959
0.000529571684412
0.000529207478188
0.000528840130485
0.000528469636764
0.000528095993711
0.000527719199191
0.000527339252207
0.000526956149301
0.000526569898703
0.000526180499088
0.000525787953627
0.000525392266441
0.000524993442571
0.000524591487943
0.000524186409335
0.000523778214347
0.000523366911375
0.000522952509576
0.000522535018844
0.000522114449782
0.000521690813683
0.000521264122481
0.000520834388759
0.000520401625704
0.000519965847089
0.000519527067251
0.000519085301073
0.000518640563954
0.0005181928718
0.000517742240994
0.000517288688385
0.000516832231265
0.000516372887352
0.000515910674773
0.000515445612047
0.000514977718071
0.000514507012099
0.000514033513732
0.000513557242899
0.000513078219847
0.000512596465123
0.000512111999561
0.000511624844273
0.00051113502063
0.000510642550254
0.000510147455007
0.000509649756973
0.000509149478455
0.000508646641958
0.000508141270181
0.000507633386006
0.000507123012488
0.000506610172847
0.000506094890455
0.00050557718883
0.000505057091627
0.000504534622628
0.000504009805734
0.000503482664958
0.000502953224417
0.000502421508321
0.000501887540971
0.00050135134675
0.000500812950113
0.000500272375583
0.000499729647747
0.000499184791242
