888.339171286
985.510894358
839.088581816
672.717671677
523.667425126
403.675458141
322.844067243
273.319900742
244.549985636
228.072561322
218.470048635
212.617021085
208.79849877
206.09475867
204.016686726
202.304103494
200.817680915
199.481825452
198.25465227
197.112210987
196.040183523
195.029494417
194.073979289
193.169135903
192.311448168
191.498014914
190.726341859
189.994221742
189.299662632
188.640842991
188.016081937
187.423818365
186.86259547
186.331048691
185.827895946
185.351929504
184.902009059
184.477055747
184.076046927
183.698011584
183.342026268
183.007211484
182.692728471
182.397776322
182.121589402
181.863435025
181.622611357
181.398445524
181.190291894
180.997530519
180.819565714
180.655824757
180.505756706
180.368831306
180.244537983
180.132384921
180.031898203
179.942621018
179.864112917
179.795949127
179.737719906
179.689029934
179.649497754
179.618755228
179.596447039
179.582230212
179.575773664
179.576757771
179.584873964
179.599824338
179.621321283
179.64908713
179.682853808
179.722362523
179.767363446
179.817615412
179.872885634
179.932949423
179.997589926
180.066597866
180.139771293
180.216915348
180.297842032
180.382369979
180.470324243
180.561536092
180.6558428
180.753087458
180.853118784
180.955790935
181.060963337
181.168500511
181.278271905
181.390151735
181.50401883
181.619756481
181.737252292
181.856398042
181.977089547
182.099226524
182.222712465
182.347454514
182.47336334
182.600353026
182.72834157
182.857248322
182.986997527
183.117515813
183.248732686
183.380580432
183.512994024
183.645911033
183.779271537
183.913018035
184.047095371
184.181450646
184.316033144
184.450794261
184.585687425
184.720668031
184.855693371
184.99072257
185.125716521
185.260637823
185.395450722
185.530121055
185.66461619
185.798904976
185.932957691
186.066745987
186.200242847
186.333422533
186.466260543
186.598733566
186.730819439
186.862497106
186.99374658
187.124548899
187.254886096
187.384741157
187.514097989
187.642941386
187.771256995
187.899031286
188.026251522
188.152905729
188.278982666
188.4044718
188.52936328
188.653647907
188.777317114
188.900362941
189.02277801
189.144555505
189.265689149
189.386173185
189.506002353
189.625171874
189.743677428
189.861515139
189.978681556
190.095173637
190.210988731
190.326124565
190.440579225
190.554351147
190.667439097
190.779842161
190.891559734
191.002591499
191.112937424
191.222597746
191.33157296
191.439863806
191.547471264
191.654396539
191.760641051
191.86620643
191.971094501
192.075307282
192.178846967
192.281715926
192.383916693
192.485451958
192.586324562
192.686537488
192.786093854
192.88499691
192.983250027
193.080856692
193.177820505
193.274145172
193.369834496
193.464892378
193.559322808
193.653129859
193.746317687
193.838890522
193.930852666
194.022208489
888.339171286
985.510894358
839.088581816
672.717671677
523.667425126
403.675458141
322.844067243
273.319900742
244.549985636
228.072561322
218.470048635
212.617021085
208.79849877
206.09475867
204.016686726
202.304103494
200.817680915
199.481825452
198.25465227
197.112210987
196.040183523
195.029494417
194.073979289
193.169135903
192.311448168
191.498014914
190.726341859
189.994221742
189.299662632
188.640842991
188.016081937
187.423818365
186.86259547
186.331048691
185.827895946
185.351929504
184.902009059
184.477055747
184.076046927
183.698011584
183.342026268
183.007211484
182.692728471
182.397776322
182.121589402
181.863435025
181.622611357
181.398445524
181.190291894
180.997530519
180.819565714
180.655824757
180.505756706
180.368831306
180.244537983
180.132384921
180.031898203
179.942621018
179.864112917
179.795949127
179.737719906
179.689029934
179.649497754
179.618755228
179.596447039
179.582230212
179.575773664
179.576757771
179.584873964
179.599824338
179.621321283
179.64908713
179.682853808
179.722362523
179.767363446
179.817615412
179.872885634
179.932949423
179.997589926
180.066597866
180.139771293
180.216915348
180.297842032
180.382369979
180.470324243
180.561536092
180.6558428
180.753087458
180.853118784
180.955790935
181.060963337
181.168500511
181.278271905
181.390151735
181.50401883
181.619756481
181.737252292
181.856398042
181.977089547
182.099226524
182.222712465
182.347454514
182.47336334
182.600353026
182.72834157
182.857248322
182.986997527
183.117515813
183.248732686
183.380580432
183.512994024
183.645911033
183.779271537
183.913018035
184.047095371
184.181450646
184.316033144
184.450794261
184.585687425
184.720668031
184.855693371
184.99072257
185.125716521
185.260637823
185.395450722
185.530121055
185.66461619
185.798904976
185.932957691
186.066745987
186.200242847
186.333422533
186.466260543
186.598733566
186.730819439
186.862497106
186.99374658
187.124548899
187.254886096
187.384741157
187.514097989
187.642941386
187.771256995
187.899031286
188.026251522
188.152905729
188.278982666
188.4044718
188.52936328
188.653647907
188.777317114
188.900362941
189.02277801
189.144555505
189.265689149
189.386173185
189.506002353
189.625171874
189.743677428
189.861515139
189.978681556
190.095173637
190.210988731
190.326124565
190.440579225
190.554351147
190.667439097
190.779842161
190.891559734
191.002591499
191.112937424
191.222597746
191.33157296
191.439863806
191.547471264
191.654396539
191.760641051
191.86620643
191.971094501
192.075307282
192.178846967
192.281715926
192.383916693
192.485451958
192.586324562
192.686537488
192.786093854
192.88499691
192.983250027
193.080856692
193.177820505
193.274145172
193.369834496
193.464892378
193.559322808
193.653129859
193.746317687
193.838890522
193.930852666
194.022208489
