0.00438506738387
0.0043863814327
0.00438626659757
0.00438610861163
0.00438597391456
0.00438586199667
0.00438576880864
0.0043856909742
0.00438562573418
0.00438557083493
0.00438552443552
0.00438548503202
0.00438545141387
0.00438542254076
0.00438539761147
0.00438537595615
0.00438535702742
0.00438534037779
0.00438532564123
0.00438531251804
0.00438530447541
0.0043852901758
0.00438528058649
0.00438527186081
0.00438526388563
0.00438525656704
0.00438524982676
0.00438524359921
0.00438523782917
0.00438523246982
0.00438522748123
0.00438522282908
0.00438521848368
0.00438521441911
0.00438521061259
0.00438520704394
0.00438520369515
0.00438520055004
0.00438519759395
0.00438519481358
0.00438519219674
0.00438518973221
0.00438518740968
0.00438518521956
0.00438518315297
0.00438518120163
0.00438517935783
0.00438517761436
0.00438517596449
0.00438517440189
0.00438517292069
0.00438517151533
0.00438517018064
0.00438516891178
0.0043851677042
0.00438516655365
0.00438516545614
0.00438516440796
0.00438516340563
0.0043851624459
0.00438516152573
0.00438516064228
0.00438515979292
0.00438515897519
0.00438515818678
0.00438515742557
0.00438515668958
0.00438515597695
0.00438515528597
0.00438515461505
0.00438515396272
0.0043851533276
0.00438515270844
0.00438515210406
0.00438515151337
0.00438515093537
0.00438515036913
0.0043851498138
0.00438514926859
0.00438514873277
0.00438514820566
0.00438514768665
0.00438514717517
0.0043851466707
0.00438514617274
0.00438514568086
0.00438514519465
0.00438514471374
0.00438514423778
0.00438514376645
0.00438514329947
0.00438514283657
0.00438514237751
0.00438514192206
0.00438514147002
0.00438514102121
0.00438514057545
0.00438514013258
0.00438513969246
0.00438513925496
0.00438513881996
0.00438513838735
0.00438513795702
0.00438513752889
0.00438513710287
0.00438513667889
0.00438513625686
0.00438513583673
0.00438513541844
0.00438513500193
0.00438513458715
0.00438513417406
0.00438513376261
0.00438513335277
0.00438513294449
0.00438513253775
0.00438513213252
0.00438513172876
0.00438513132646
0.00438513092558
0.0043851305261
0.00438513012801
0.00438512973129
0.00438512933591
0.00438512894186
0.00438512854913
0.00438512815769
0.00438512776754
0.00438512737867
0.00438512699105
0.00438512660469
0.00438512621956
0.00438512583567
0.00438512545299
0.00438512507152
0.00438512469125
0.00438512431218
0.00438512393429
0.00438512355758
0.00438512318203
0.00438512280765
0.00438512243443
0.00438512206236
0.00438512169143
0.00438512132164
0.00438512095298
0.00438512058545
0.00438512021903
0.00438511985374
0.00438511948955
0.00438511912647
0.00438511876449
0.00438511840361
0.00438511804382
0.00438511768512
0.0043851173275
0.00438511697096
0.00438511661549
0.0043851162611
0.00438511590777
0.0043851155555
0.0043851152043
0.00438511485415
0.00438511450506
0.00438511415701
0.00438511381001
0.00438511346405
0.00438511311913
0.00438511277525
0.0043851124324
0.00438511209059
0.00438511174979
0.00438511141003
0.00438511107128
0.00438511073356
0.00438511039685
0.00438511006115
0.00438510972647
0.00438510939279
0.00438510906012
0.00438510872846
0.00438510839779
0.00438510806812
0.00438510773945
0.00438510741178
0.0043851070851
0.0043851067594
0.0043851064347
0.00438510611098
0.00438510578824
0.00438510546649
0.00438510514572
0.00438510482592
0.00438510450711
0.00438510418926
0.00438510387239
0.00438510355649
0.00438510324156
0.00438510292759
0.00438510261459
