19.2202292881
19.2215288928
19.2227599129
19.2239274561
19.2250360604
19.2260898197
19.227092444
19.228047305
19.228957474
19.229825756
19.2306547178
19.2314467136
19.232203907
19.2329282901
19.2336217003
19.234285836
19.234922269
19.2355324567
19.2361177525
19.2366794152
19.2372186169
19.2377364509
19.2382339384
19.2387120339
19.2391716315
19.239613569
19.2400386327
19.2404475613
19.2408410496
19.2412197519
19.2415842845
19.241935229
19.2422731346
19.2425985202
19.2429118768
19.2432136692
19.2435043378
19.2437843003
19.244053953
19.2443136723
19.2445638161
19.2448047246
19.2450367218
19.2452601162
19.2454752018
19.2456822589
19.2458815551
19.2460733458
19.2462578751
19.2464353764
19.2466060723
19.2467701766
19.2469278936
19.247079419
19.2472249403
19.2473646373
19.2474986825
19.2476272413
19.2477504725
19.2478685286
19.247981556
19.2480896955
19.2481930824
19.2482918468
19.2483861137
19.2484760035
19.248561632
19.2486431108
19.2487205471
19.2487940444
19.2488637021
19.2489296161
19.2489918789
19.2490505794
19.2491058034
19.2491576336
19.2492061495
19.2492514283
19.2492935437
19.2493325672
19.2493685674
19.2494016106
19.2494317608
19.2494590793
19.2494836255
19.2495054565
19.2495246272
19.2495411906
19.2495551975
19.249566697
19.2495757363
19.2495823605
19.2495866133
19.2495885363
19.2495881699
19.2495855523
19.2495807205
19.2495737098
19.2495645539
19.2495532851
19.2495399342
19.2495245307
19.2495071024
19.249487676
19.2494662768
19.2494429285
19.2494176538
19.2493904742
19.2493614095
19.2493304786
19.2492976991
19.2492630874
19.2492266586
19.2491884269
19.2491484048
19.2491066043
19.2490630358
19.2490177087
19.2489706314
19.2489218109
19.2488712535
19.2488189642
19.2487649467
19.2487092041
19.2486517381
19.2485925495
19.2485316378
19.2484690018
19.248404639
19.2483385461
19.2482707184
19.2482011506
19.2481298362
19.2480562473
19.2479809357
19.2480541487
19.2481077534
19.2481436405
19.2481632115
19.2481675761
19.2481576498
19.2481342104
19.2480979322
19.2480494093
19.2479891714
19.2479176952
19.2478354124
19.2477427168
19.2476399685
19.2475274987
19.247405612
19.2472745901
19.247134693
19.2469861616
19.2468292186
19.2466640707
19.2464909087
19.2463099092
19.2461212352
19.2459250368
19.2457214515
19.2455106051
19.2452926117
19.2450675743
19.2448355846
19.2445967233
19.24435106
19.2440986531
19.2438395497
19.243573785
19.2433013821
19.2430223512
19.2427366889
19.2424443775
19.2421453836
19.2418396567
19.241527128
19.2412077082
19.2408812848
19.2405477204
19.2402068481
19.2398584686
19.2395023449
19.2391382456
19.2387660967
19.2383854961
19.2379959727
19.2375969732
19.2371878452
19.2367678168
19.2363359685
19.2358911991
19.2354321779
19.2349572826
19.2344645119
19.2339513629
19.2334146524
19.2328502468
19.2322526338
19.2316142045
