169116.0
26249.4594523
23845.4137908
17896.5777582
-19715.230406
105563.849151
156117.727029
195136.4091
220911.281457
236752.757629
246308.115109
252211.767467
256085.060155
258852.231441
261020.388617
262862.876245
264525.774409
266087.057179
267588.38307
269052.051513
270490.142073
271909.129686
273312.557699
274702.366697
276079.623994
277444.916647
278798.56454
280140.736865
281471.516478
282790.935967
284098.998243
285395.688604
286680.982018
287954.847698
289217.252102
290468.160992
291707.5409
292935.360226
294151.590058
295356.20482
296549.182769
297730.506387
298900.162671
300058.143365
301204.44511
302339.069553
303462.023403
304573.318447
305672.971533
306761.00452
307837.444206
308902.322229
309955.674954
310997.543341
312027.9728
313047.013041
314054.717902
315051.145186
316036.356481
317010.416985
317973.395319
318925.36335
319866.396004
320796.571088
321715.969107
322624.673087
323522.768401
324410.342597
325287.485232
326154.287704
327010.843101
327857.246038
328693.592517
329519.979776
330336.506158
331143.270968
331940.374354
332727.917182
333506.000916
334274.727509
335034.199297
335784.518895
336525.789102
337258.112812
337981.592923
338696.332258
339402.433489
340099.999062
340789.13113
341469.931487
342142.50151
342806.942105
343463.353647
344111.83594
344752.488166
345385.408844
346010.695792
346628.446093
347238.756055
347841.721192
348437.436184
349025.994863
349607.490182
350182.014199
350749.699642
351310.553465
351864.706594
352412.247353
352953.263085
353487.840152
354016.063936
354538.018822
355053.788203
355563.454471
356067.099014
356564.802218
357056.643463
357542.701127
358023.052584
358497.774212
358966.941388
359430.628501
359888.908947
360341.855144
360789.538531
361232.029576
361669.397783
362101.711701
362529.038928
362951.446124
363368.999013
363781.762398
364189.800165
364593.175297
364991.949879
365386.185108
365775.941308
366161.277933
366542.253582
366918.926006
367291.352122
367659.588018
368023.688968
368383.709443
368739.703117
369091.722879
369439.820848
369784.048377
370124.456068
370461.093779
370794.010639
371123.255054
371448.874719
371770.916629
372089.427089
372404.451721
372716.03548
373024.222659
373329.056901
373630.581207
373928.837949
374223.868877
374515.715129
374804.41724
375090.015152
375372.548225
375652.055242
375928.574421
376202.143423
376472.799361
376740.578807
377005.517804
377267.651871
377527.016013
377783.64473
378037.572021
378288.831399
378537.455892
378783.478053
379026.92997
379267.843271
379506.249131
379742.178282
379975.661017
380206.727199
380435.406268
380661.727246
380885.718748
381107.408982
381326.825761
381543.996509
381758.948264
381971.707686
382182.301066
382390.754327
382597.093033
382801.342395
383003.527274
383203.67219
383401.801326
