3.2204
61.789266711
61.7907418709
61.7898603391
61.7866548053
61.7811604412
61.7734130135
61.7634481651
61.7513011135
61.7370065214
61.7205984417
61.7021102936
61.6815748524
61.6590242462
61.634489955
61.6080028118
61.5795930049
61.5492900811
61.5171229487
61.4831198827
61.4473085289
61.4097159095
61.3703684289
61.3292918798
61.2865114498
61.2420517283
61.1959367137
61.1481898211
61.09883389
61.0478911924
60.995383441
60.9413317978
60.8857568825
60.8286787818
60.7701170578
60.7100907573
60.6486184211
60.5857180927
60.5214073285
60.4557032061
60.3886223346
60.3201808635
60.2503944924
60.1792784802
60.1068476548
60.0331164223
59.9580987766
59.8818083088
59.8042582161
59.7254613117
59.6454300337
59.5641764542
59.4817122886
59.3980489047
59.3131973314
59.227168268
59.1399720926
59.0516188711
58.9621183661
58.8714800447
58.7797130879
58.6868263985
58.5928286093
58.4977280918
58.4015329639
58.3042510981
58.2058901294
58.1064574632
58.005960283
57.9044055581
57.8018000512
57.6981503256
57.5934627531
57.4877435208
57.3809986385
57.2732339458
57.1644551193
57.0546676791
56.9438769961
56.8320882983
56.7193066781
56.6055370982
56.4907843987
56.3750533029
56.2583484664
56.1406743147
56.0220353021
55.902435749
55.7818798905
55.6603718822
55.5379158061
55.4145156765
55.2901754456
55.1648990095
55.0386902135
54.9115528577
54.7834907027
54.6545074749
54.5246068717
54.3937925672
54.2620688227
54.1294380913
53.9959045774
53.8614719208
53.7261437586
53.589923733
53.4528154968
53.3148227196
53.1759490918
53.0361983303
52.8955741825
52.7540804312
52.6117208991
52.4684994531
52.3244200091
52.179486536
52.0337030601
51.8870736693
51.7396025173
51.5912938277
51.4421518981
51.2921811039
51.1413859025
50.9897702144
50.8373398917
50.684099079
50.530052589
50.3752053404
50.2195623581
50.0631287754
49.9059098366
49.7479109001
49.5891374415
49.4295950567
49.2692894649
49.1082265115
48.946412171
48.7838525496
48.6205538882
48.4565225647
48.2917650968
48.1262881439
47.9600985099
47.7932031452
47.6256091487
47.4573237699
47.2883544109
47.1187086277
46.9483941325
46.7774187946
46.6057906425
46.4335178646
46.2606088105
46.0870719924
45.9129160857
45.7381499298
45.5627825291
45.3868230529
45.2102808367
45.0331653814
44.8554863544
44.677253589
44.4984770843
44.3191670053
44.1393336818
43.9589876083
43.7781394431
43.5968000075
43.4149802845
43.2326914179
43.0499447107
42.8667516239
42.6831237745
42.499072934
42.3146110261
42.1297501251
41.9445024529
41.7588803775
41.5728964094
41.3865631997
41.1998935368
41.0129003437
40.8255966742
40.6379957104
40.4501107585
40.2619552457
40.073542716
39.8848868268
39.6960013446
39.5069001406
39.3175971868
39.1281065514
38.9384423943
38.7486189624
38.5586505848
38.3685516677
38.1783366898
37.9880201969
37.7976167968
37.6071411537
