243.680251078
365.520376617
111.163573969
166.745360954
110.923438779
166.385158169
110.687365025
166.031047538
110.45522522
165.68283783
110.226895332
165.340342998
110.002254115
165.003381173
109.781182555
164.671773833
109.563563632
164.345345448
109.349282233
164.023923349
109.13822512
163.707337681
108.93028092
163.39542138
108.725340116
163.088010174
108.523295051
162.784942577
108.324039924
162.486059887
108.127470783
162.191206175
107.93348552
161.90022828
107.741983864
161.612975797
107.552867371
161.329301057
107.366039409
161.049059114
107.181405149
160.772107723
106.998871547
160.49830732
106.818347329
160.227520994
106.639742975
159.959614463
106.462970697
159.694456046
106.287944422
159.431916634
106.114579772
159.171869658
105.94279404
158.914191059
105.772506169
158.658759254
105.603636733
158.405455099
105.436107906
158.15416186
105.269843448
157.904765172
105.104768672
157.657153008
104.940810424
157.411215636
104.777897059
157.166845589
104.615958414
156.923937621
104.454925783
156.682388674
104.294731893
156.44209784
104.135310955
156.202966433
103.976598333
155.964897499
103.818530977
155.727796466
103.661047094
155.491570642
103.504086197
155.256129296
103.347589082
155.021383623
103.191497802
154.787246704
103.035755646
154.553633469
102.880307111
154.320460666
102.725097881
154.087646821
102.570074802
153.855112202
102.415185861
153.622778791
102.260380162
153.390570243
102.105607903
153.158411855
101.950820356
152.926230535
101.795969845
152.693954767
101.641009722
152.461514583
101.485894352
152.228841527
101.330579087
151.99586863
101.175020251
151.762530377
101.019175119
151.528762678
100.863001896
151.294502844
100.706459703
151.059689554
100.549508555
150.824262832
100.392109347
150.588164021
100.234223836
150.351335754
100.075814623
150.113721935
99.9168451401
149.87526771
99.7572796327
149.635919449
99.597083146
149.395624719
99.4362215101
149.154332265
99.2746613263
148.911991989
99.1123699536
148.66855493
98.9493154957
148.423973244
98.7854667889
148.178200183
98.6207933895
147.931190084
98.4552655631
147.682898345
98.288854273
147.433281409
98.1215311698
147.182296755
97.9532685814
146.929902872
97.7840395032
146.676059255
97.613817589
146.420726384
97.4425771422
146.163865713
97.2702931073
145.905439661
97.0969410623
145.645411594
96.922497211
145.383745817
96.7469383759
145.120407564
96.5702419916
144.855362987
96.3923860984
144.588579148
96.2133493365
144.320024005
96.0331109405
144.049666411
95.8516507341
143.777476101
95.6689491255
143.503423688
95.4849871026
143.227480654
95.2997462294
142.949619344
95.1132086418
142.669812963
94.9253570443
142.388035567
94.7361738739
142.104260811
94.545644672
141.818467008
94.3537529415
141.530629412
94.1604836404
141.240725461
93.9658222784
140.948733418
93.7697549174
140.654632376
93.5722681715
140.358402257
93.3733492059
140.060023809
93.1729857361
139.759478604
92.9711660273
139.456749041
92.7678788942
139.151818341
92.5631136998
138.84467055
92.3568603563
138.535290534
92.1491093243
138.223663986
91.9398516135
137.90977742
91.7290787829
137.593618174
91.5167829409
137.275174411
91.3029567468
136.95443512
91.0875934106
136.631390116
90.8706866946
136.306030042
90.6522309138
135.978346371
90.4322209373
135.648331406
90.2106521893
135.315978284
89.9875206504
134.981280976
89.7628228585
134.644234288
89.5365559107
134.304833866
89.3087174638
133.963076196
89.0793057364
133.618958605
88.8483195098
133.272479265
88.6157581293
132.923637194
88.3816215058
132.572432259
88.1459101168
132.218865175
87.9086250079
131.862937512
87.6697677937
131.504651691
87.4293415151
131.144012273
87.187347169
130.781020753
86.943789001
130.415683501
86.6986709059
130.048006359
86.4519973564
129.677996035
86.2037734011
129.305660102
85.9540046647
128.931006997
85.7026973476
128.554046021
85.4498582259
128.174787339
85.1954946515
127.793241977
84.9396145517
127.409421828
84.6822264294
127.023339644
84.4233393619
126.635009043
84.1629630009
126.244444501
83.901107571
125.851661357
83.6377838691
125.456675804
83.3730032626
125.059504894
83.106777688
124.660166532
82.8391196491
124.258679474
82.5700422149
123.855063322
82.2995590171
123.449338526
82.0276842479
123.041526372
81.7544326564
122.631648985
81.4798195463
122.21972932
81.2038607718
121.805791158
80.926572734
121.389859101
80.6479723772
120.971958566
80.368077184
120.552115776
80.0869051713
120.130357757
79.8044748849
119.706712327
79.5208053944
119.281208092
79.2359162876
118.853874431
78.9498276647
118.424741497
78.6625601321
117.993840198
78.3741347957
117.561202194
78.0845732544
117.126859882
77.7938975926
116.690846389
77.5021303732
116.25319556
77.2092946292
115.813941944
76.9154138561
115.373120784
76.6205120035
114.930768005
76.3246134659
114.486920199
76.0277430742
114.041614611
75.7299260862
113.594889129
75.4311881768
113.146782265
75.1315554284
112.697333143
74.8310543205
112.246581481
74.5297117191
111.794567579
74.2275548663
111.341332299
73.9246113688
110.886917053
73.6209091871
110.431363781
73.3164766234
109.974714935
73.0113423102
109.517013465
72.7055351983
109.058302797
72.3990845441
108.598626816
72.0920198975
108.138029846
71.784371089
107.676556634
71.4761682171
107.214252326
71.1674416347
106.751162452
70.8582219361
106.287332904
70.5485399439
105.822809916
70.2384266946
105.357640042
69.9279134257
104.891870139
69.6170315613
104.425547342
69.3058126983
103.958719047
68.9942885921
103.491432888
68.6824911428
103.023736714
68.3704523805
102.555678571
68.0582044512
102.087306677
67.7457796024
101.618669404
67.4332101684
101.149815253
243.680251078
365.520376617
111.163573969
166.745360954
110.923438779
166.385158169
110.687365025
166.031047538
110.45522522
165.68283783
110.226895332
165.340342998
110.002254115
165.003381173
109.781182555
164.671773833
109.563563632
164.345345448
109.349282233
164.023923349
109.13822512
163.707337681
108.93028092
163.39542138
108.725340116
163.088010174
108.523295051
162.784942577
108.324039924
162.486059887
108.127470783
162.191206175
107.93348552
161.90022828
107.741983864
161.612975797
107.552867371
161.329301057
107.366039409
161.049059114
107.181405149
160.772107723
106.998871547
160.49830732
106.818347329
160.227520994
106.639742975
159.959614463
106.462970697
159.694456046
106.287944422
159.431916634
106.114579772
159.171869658
105.94279404
158.914191059
105.772506169
158.658759254
105.603636733
158.405455099
105.436107906
158.15416186
105.269843448
157.904765172
105.104768672
157.657153008
104.940810424
157.411215636
104.777897059
157.166845589
104.615958414
156.923937621
104.454925783
156.682388674
104.294731893
156.44209784
104.135310955
156.202966433
103.976598333
155.964897499
103.818530977
155.727796466
103.661047094
155.491570642
103.504086197
155.256129296
103.347589082
155.021383623
103.191497802
154.787246704
103.035755646
154.553633469
102.880307111
154.320460666
102.725097881
154.087646821
102.570074802
153.855112202
102.415185861
153.622778791
102.260380162
153.390570243
102.105607903
153.158411855
101.950820356
152.926230535
101.795969845
152.693954767
101.641009722
152.461514583
101.485894352
152.228841527
101.330579087
151.99586863
101.175020251
151.762530377
101.019175119
151.528762678
100.863001896
151.294502844
100.706459703
151.059689554
100.549508555
150.824262832
100.392109347
150.588164021
100.234223836
150.351335754
100.075814623
150.113721935
99.9168451401
149.87526771
99.7572796327
149.635919449
99.597083146
149.395624719
99.4362215101
149.154332265
99.2746613263
148.911991989
99.1123699536
148.66855493
98.9493154957
148.423973244
98.7854667889
148.178200183
98.6207933895
147.931190084
98.4552655631
147.682898345
98.288854273
147.433281409
98.1215311698
147.182296755
97.9532685814
146.929902872
97.7840395032
146.676059255
97.613817589
146.420726384
97.4425771422
146.163865713
97.2702931073
145.905439661
97.0969410623
145.645411594
96.922497211
145.383745817
96.7469383759
145.120407564
96.5702419916
144.855362987
96.3923860984
144.588579148
96.2133493365
144.320024005
96.0331109405
144.049666411
95.8516507341
143.777476101
95.6689491255
143.503423688
95.4849871026
143.227480654
95.2997462294
142.949619344
95.1132086418
142.669812963
94.9253570443
142.388035567
94.7361738739
142.104260811
94.545644672
141.818467008
94.3537529415
141.530629412
94.1604836404
141.240725461
93.9658222784
140.948733418
93.7697549174
140.654632376
93.5722681715
140.358402257
93.3733492059
140.060023809
93.1729857361
139.759478604
92.9711660273
139.456749041
92.7678788942
139.151818341
92.5631136998
138.84467055
92.3568603563
138.535290534
92.1491093243
138.223663986
91.9398516135
137.90977742
91.7290787829
137.593618174
91.5167829409
137.275174411
91.3029567468
136.95443512
91.0875934106
136.631390116
90.8706866946
136.306030042
90.6522309138
135.978346371
90.4322209373
135.648331406
90.2106521893
135.315978284
89.9875206504
134.981280976
89.7628228585
134.644234288
89.5365559107
134.304833866
89.3087174638
133.963076196
89.0793057364
133.618958605
88.8483195098
133.272479265
88.6157581293
132.923637194
88.3816215058
132.572432259
88.1459101168
132.218865175
87.9086250079
131.862937512
87.6697677937
131.504651691
87.4293415151
131.144012273
87.187347169
130.781020753
86.943789001
130.415683501
86.6986709059
130.048006359
86.4519973564
129.677996035
86.2037734011
129.305660102
85.9540046647
128.931006997
85.7026973476
128.554046021
85.4498582259
128.174787339
85.1954946515
127.793241977
84.9396145517
127.409421828
84.6822264294
127.023339644
84.4233393619
126.635009043
84.1629630009
126.244444501
83.901107571
125.851661357
83.6377838691
125.456675804
83.3730032626
125.059504894
83.106777688
124.660166532
82.8391196491
124.258679474
82.5700422149
123.855063322
82.2995590171
123.449338526
82.0276842479
123.041526372
81.7544326564
122.631648985
81.4798195463
122.21972932
81.2038607718
121.805791158
80.926572734
121.389859101
80.6479723772
120.971958566
80.368077184
120.552115776
80.0869051713
120.130357757
79.8044748849
119.706712327
79.5208053944
119.281208092
79.2359162876
118.853874431
78.9498276647
118.424741497
78.6625601321
117.993840198
78.3741347957
117.561202194
78.0845732544
117.126859882
77.7938975926
116.690846389
77.5021303732
116.25319556
77.2092946292
115.813941944
76.9154138561
115.373120784
76.6205120035
114.930768005
76.3246134659
114.486920199
76.0277430742
114.041614611
75.7299260862
113.594889129
75.4311881768
113.146782265
75.1315554284
112.697333143
74.8310543205
112.246581481
74.5297117191
111.794567579
74.2275548663
111.341332299
73.9246113688
110.886917053
73.6209091871
110.431363781
73.3164766234
109.974714935
73.0113423102
109.517013465
72.7055351983
109.058302797
72.3990845441
108.598626816
72.0920198975
108.138029846
71.784371089
107.676556634
71.4761682171
107.214252326
71.1674416347
106.751162452
70.8582219361
106.287332904
70.5485399439
105.822809916
70.2384266946
105.357640042
69.9279134257
104.891870139
69.6170315613
104.425547342
69.3058126983
103.958719047
68.9942885921
103.491432888
68.6824911428
103.023736714
68.3704523805
102.555678571
68.0582044512
102.087306677
67.7457796024
101.618669404
67.4332101684
101.149815253
