1.50253141381
1.51080537115
1.51207622095
1.51198005746
1.51162885481
1.51124114883
1.51085937677
1.51049133793
1.51013804176
1.50979918168
1.50947420997
1.50916254873
1.50886363149
1.50857691127
1.50830186218
1.50803797931
1.50778477912
1.50754179806
1.50730859262
1.50708473869
1.50686983093
1.50666348475
1.50646532544
1.50627499933
1.50609217438
1.50591652747
1.50574775151
1.50558555379
1.50542965513
1.50527978917
1.50513570184
1.50499715075
1.5048639046
1.50473574271
1.50461245448
1.50449383889
1.50437970404
1.50426986671
1.50416415196
1.50406239267
1.50396442919
1.50387010899
1.50377928627
1.50369182168
1.50360758196
1.50352643966
1.50344827287
1.50337296496
1.50330040428
1.50323048397
1.50316310172
1.50309815951
1.50303556348
1.50297522369
1.50291705393
1.50286097156
1.50280689736
1.50275475534
1.50270447262
1.50265597926
1.50260920816
1.5025640949
1.50252057765
1.50247859702
1.502438096
1.50239901979
1.50236131578
1.50232493338
1.50228982398
1.50225594085
1.50222323909
1.50219167547
1.50216120846
1.5021317981
1.50210340593
1.50207599497
1.50204952961
1.5020239756
1.50199929996
1.50197547094
1.50195245797
1.50193023162
1.50190876354
1.50188802644
1.50186799401
1.50184864091
1.50182994275
1.50181187601
1.50179441801
1.50177754693
1.50176124172
1.50174548207
1.50173024845
1.50171552199
1.50170128451
1.5016875185
1.50167420705
1.50166133386
1.50164888323
1.50163683999
1.50162518954
1.50161391776
1.50160301107
1.50159245635
1.50158224093
1.50157235261
1.50156277962
1.50155351059
1.50154453456
1.50153584095
1.50152741954
1.5015192605
1.50151135431
1.5015036918
1.50149626413
1.50148906274
1.5014820794
1.50147530614
1.50146873529
1.50146235943
1.50145617141
1.50145016435
1.50144433154
1.50143866656
1.5014331632
1.50142781547
1.50142261759
1.50141756395
1.50141264918
1.50140786807
1.50140321559
1.50139868688
1.50139427728
1.50138998224
1.50138579742
1.50138171859
1.50137774169
1.50137386278
1.50137007809
1.50136638394
1.50136277678
1.50135925324
1.50135581001
1.5013524439
1.50134915184
1.50134593087
1.50134277814
1.50133969086
1.50133666638
1.50133370213
1.5013307956
1.50132794441
1.50132514624
1.50132239884
1.50131970007
1.50131704782
1.5013144401
1.50131187495
1.5013093505
1.50130686494
1.50130441651
1.50130200354
1.50129962438
1.50129727748
1.5012949613
1.50129267438
1.50129041531
1.50128818273
1.5012859753
1.50128379177
1.50128163089
1.5012794915
1.50127737243
1.50127527259
1.50127319091
1.50127112636
1.50126907795
1.50126704472
1.50126502575
1.50126302014
1.50126102703
1.5012590456
1.50125707504
1.50125511457
1.50125316346
1.50125122097
1.50124928643
1.50124735915
1.5012454385
1.50124352384
1.50124161459
1.50123971015
1.50123780997
1.50123591351
1.50123402026
1.50123212971
1.50123024137
1.50122835479
1.50122646952
1.50122458511
