-17.8107904771
-11.7274066289
-11.7780971926
-11.4456663706
-11.7040832197
-11.8097905367
-11.911571342
-11.9833412803
-12.0385161591
-12.0839509606
-12.1231789865
-12.1580798569
-12.1897066302
-12.2186842662
-12.2454280527
-12.2702273193
-12.2933045743
-12.3148401173
-12.33498587
-12.3538730595
-12.3716167515
-12.388318744
-12.4040695784
-12.4189500511
-12.433032423
-12.4463814286
-12.4590551428
-12.4711057353
-12.4825801348
-12.4935206153
-12.5039653153
-12.5139486969
-12.5235019533
-12.5326533693
-12.5414286401
-12.5498511537
-12.5579422404
-12.565721394
-12.5732064663
-12.5804138402
-12.587358582
-12.5940545766
-12.6005146467
-12.6067506588
-12.6127736168
-12.6185937451
-12.6242205625
-12.6296629474
-12.6349291964
-12.6400270762
-12.6449638696
-12.6497464171
-12.6543811538
-12.6588741426
-12.6632311036
-12.6674574414
-12.6715582685
-12.6755384274
-12.6794025101
-12.6831548759
-12.6867996674
-12.6903408253
-12.6937821016
-12.6971270719
-12.7003791466
-12.7035415807
-12.7066174838
-12.709609828
-12.7125214565
-12.7153550906
-12.7181133365
-12.7207986914
-12.72341355
-12.7259602089
-12.7284408727
-12.7308576579
-12.7332125977
-12.735507646
-12.7377446814
-12.7399255105
-12.7420518715
-12.7441254373
-12.7461478189
-12.7481205674
-12.7500451774
-12.7519230892
-12.7537556914
-12.7555443227
-12.7572902746
-12.7589947929
-12.7606590801
-12.7622842967
-12.7638715634
-12.7654219624
-12.7669365391
-12.7684163036
-12.7698622321
-12.7712752682
-12.7726563242
-12.7740062822
-12.7753259956
-12.7766162899
-12.7778779638
-12.7791117902
-12.7803185176
-12.7814988703
-12.782653546
-12.7837832316
-12.7848885815
-12.7859702332
-12.7870288045
-12.7880648942
-12.7890790825
-12.7900719323
-12.791043989
-12.7919957817
-12.7929278235
-12.7938406123
-12.7947346309
-12.7956103482
-12.7964682187
-12.7973086842
-12.798132173
-12.7989391013
-12.7997298733
-12.8005048812
-12.8012645062
-12.8020091186
-12.8027390783
-12.8034547346
-12.8041564273
-12.8048444867
-12.8055192337
-12.8061809803
-12.8068300299
-12.8074666776
-12.8080912103
-12.808703907
-12.8093050394
-12.8098948715
-12.8104736604
-12.811041656
-12.811599102
-12.8121462351
-12.812683286
-12.8132104792
-12.8137280334
-12.8142361614
-12.8147350705
-12.8152249627
-12.8157060346
-12.816178478
-12.8166424793
-12.8170982207
-12.8175458792
-12.8179856277
-12.8184176345
-12.8188420638
-12.8192590756
-12.8196688259
-12.8200714667
-12.8204671465
-12.8208560097
-12.8212381977
-12.8216138479
-12.8219830945
-12.8223460687
-12.8227028981
-12.8230537075
-12.8233986185
-12.8237377499
-12.8240712176
-12.8243991347
-12.8247216116
-12.8250387563
-12.825350674
-12.8256574675
-12.8259592371
-12.8262560809
-12.8265480947
-12.826835372
-12.8271180042
-12.8273960805
-12.8276696881
-12.8279389122
-12.8282038361
-12.8284645411
-12.8287211069
-12.828973611
-12.8292221294
-12.8294667365
-12.8297075047
-12.8299445052
-12.8301778072
-12.8304074787
-12.8306335859
-12.8308561939
-12.831075366
-12.8312911644
-12.8315036497
-17.8107904771
-11.7274066289
-11.7780971926
-11.4456663706
-11.7040832197
-11.8097905367
-11.911571342
-11.9833412803
-12.0385161591
-12.0839509606
-12.1231789865
-12.1580798569
-12.1897066302
-12.2186842662
-12.2454280527
-12.2702273193
-12.2933045743
-12.3148401173
-12.33498587
-12.3538730595
-12.3716167515
-12.388318744
-12.4040695784
-12.4189500511
-12.433032423
-12.4463814286
-12.4590551428
-12.4711057353
-12.4825801348
-12.4935206153
-12.5039653153
-12.5139486969
-12.5235019533
-12.5326533693
-12.5414286401
-12.5498511537
-12.5579422404
-12.565721394
-12.5732064663
-12.5804138402
-12.587358582
-12.5940545766
-12.6005146467
-12.6067506588
-12.6127736168
-12.6185937451
-12.6242205625
-12.6296629474
-12.6349291964
-12.6400270762
-12.6449638696
-12.6497464171
-12.6543811538
-12.6588741426
-12.6632311036
-12.6674574414
-12.6715582685
-12.6755384274
-12.6794025101
-12.6831548759
-12.6867996674
-12.6903408253
-12.6937821016
-12.6971270719
-12.7003791466
-12.7035415807
-12.7066174838
-12.709609828
-12.7125214565
-12.7153550906
-12.7181133365
-12.7207986914
-12.72341355
-12.7259602089
-12.7284408727
-12.7308576579
-12.7332125977
-12.735507646
-12.7377446814
-12.7399255105
-12.7420518715
-12.7441254373
-12.7461478189
-12.7481205674
-12.7500451774
-12.7519230892
-12.7537556914
-12.7555443227
-12.7572902746
-12.7589947929
-12.7606590801
-12.7622842967
-12.7638715634
-12.7654219624
-12.7669365391
-12.7684163036
-12.7698622321
-12.7712752682
-12.7726563242
-12.7740062822
-12.7753259956
-12.7766162899
-12.7778779638
-12.7791117902
-12.7803185176
-12.7814988703
-12.782653546
-12.7837832316
-12.7848885815
-12.7859702332
-12.7870288045
-12.7880648942
-12.7890790825
-12.7900719323
-12.791043989
-12.7919957817
-12.7929278235
-12.7938406123
-12.7947346309
-12.7956103482
-12.7964682187
-12.7973086842
-12.798132173
-12.7989391013
-12.7997298733
-12.8005048812
-12.8012645062
-12.8020091186
-12.8027390783
-12.8034547346
-12.8041564273
-12.8048444867
-12.8055192337
-12.8061809803
-12.8068300299
-12.8074666776
-12.8080912103
-12.808703907
-12.8093050394
-12.8098948715
-12.8104736604
-12.811041656
-12.811599102
-12.8121462351
-12.812683286
-12.8132104792
-12.8137280334
-12.8142361614
-12.8147350705
-12.8152249627
-12.8157060346
-12.816178478
-12.8166424793
-12.8170982207
-12.8175458792
-12.8179856277
-12.8184176345
-12.8188420638
-12.8192590756
-12.8196688259
-12.8200714667
-12.8204671465
-12.8208560097
-12.8212381977
-12.8216138479
-12.8219830945
-12.8223460687
-12.8227028981
-12.8230537075
-12.8233986185
-12.8237377499
-12.8240712176
-12.8243991347
-12.8247216116
-12.8250387563
-12.825350674
-12.8256574675
-12.8259592371
-12.8262560809
-12.8265480947
-12.826835372
-12.8271180042
-12.8273960805
-12.8276696881
-12.8279389122
-12.8282038361
-12.8284645411
-12.8287211069
-12.828973611
-12.8292221294
-12.8294667365
-12.8297075047
-12.8299445052
-12.8301778072
-12.8304074787
-12.8306335859
-12.8308561939
-12.831075366
-12.8312911644
-12.8315036497
