8.06686337544
8.06462753441
8.06240768834
8.06020325912
8.05801369217
8.05583845633
8.05367704345
8.0515289681
8.04939376702
8.04727099865
8.04516024251
8.04306109858
8.04097318668
8.03889614573
8.03682963312
8.03477332393
8.03272691025
8.03069010044
8.02866261845
8.02664420305
8.02463460722
8.02263359735
8.02064095267
8.01865646454
8.01667993584
8.01471118033
8.01275002209
8.01079629491
8.00884984178
8.00691051435
8.00497817238
8.00305268335
8.00113392191
7.99922176951
7.99731611394
7.99541684895
7.99352387391
7.99163709338
7.98975641686
7.98788175843
7.98601303645
7.98415017331
7.98229309513
7.98044173155
7.97859601546
7.97675588282
7.97492127243
7.97309212574
7.9712683867
7.96945000154
7.96763691869
7.96582908856
7.96402646343
7.96222899735
7.960436646
7.95864936657
7.95686711767
7.95508985924
7.95331755246
7.95155015967
7.94978764427
7.9480299707
7.94627710432
7.94452901138
7.94278565896
7.94104701492
7.93931304784
7.93758372699
7.93585902229
7.93413890424
7.93242334395
7.93071231303
7.92900578362
7.92730372832
7.92560612021
7.92391293278
7.92222413994
7.92053971598
7.91885963558
7.91718387373
7.91551240581
7.91384520748
7.91218225473
7.91052352384
7.90886899137
7.90721863417
7.90557242933
7.90393035421
7.9022923864
7.90065850375
7.89902868431
7.89740290639
7.89578114847
7.89416338929
7.89254960776
7.890939783
7.88933389432
7.88773192123
7.88613384342
7.88453964075
7.88294929328
7.88136278121
7.87978008496
7.87820118507
7.87662606227
7.87505469744
7.87348707162
7.87192316601
7.87036296195
7.86880644096
7.86725358468
7.8657043749
7.86415879356
7.86261682275
7.86107844468
7.8595436417
7.85801239633
7.85648469117
7.854960509
7.8534398327
7.8519226453
7.85040892994
7.84889866989
7.84739184856
7.84588844946
7.84438845623
7.84289185265
7.84139862258
7.83990875004
7.83842221912
7.83693901406
7.83545911921
7.83398251901
7.83250919804
7.83103914096
7.82957233257
7.82810875774
7.82664840148
7.82519124889
7.82373728518
7.82228649566
7.82083886573
7.81939438091
7.8179530268
7.81651478913
7.81507965369
7.8136476064
7.81221863325
7.81079272033
7.80936985385
7.80795002007
7.80653320538
7.80511939623
7.80370857919
7.8023007409
7.80089586809
7.79949394758
7.79809496628
7.79669891119
7.79530576939
7.79391552803
7.79252817436
7.79114369572
7.78976207951
7.78838331323
7.78700738445
7.78563428083
7.78426399009
7.78289650005
7.78153179859
7.78016987368
7.77881071335
7.77745430573
7.77610063901
7.77474970144
7.77340148137
7.77205596721
7.77071314744
7.76937301061
7.76803554536
7.76670074037
7.76536858441
7.76403906631
7.76271217498
7.76138789938
7.76006622856
7.75874715161
7.75743065771
7.75611673609
7.75480537605
7.75349656695
7.75219029822
7.75088655936
7.74958533991
7.7482866295
7.74699041779
7.74569669454
7.74440544953
7.74311667263
7.74183035375
