162350.536798
36111.7972751
36324.0009196
36529.2480943
36725.533835
36912.0230732
37087.4811692
37251.1064295
37402.6014908
37542.0626313
37669.8545862
37786.5096563
37892.65522
37988.9637601
38076.119235
38154.7954812
38225.6420606
38289.275954
38346.2771217
38397.1862102
38442.5042371
38482.6934924
38518.1788894
38549.3500268
38576.5632141
38600.1438923
38620.3888017
38637.5684049
38651.9289382
38663.6944772
38673.068977
38680.2379047
38685.3700275
38688.6189186
38690.1243929
38690.0136992
38688.4028573
38685.3976211
38681.0944857
38675.5815506
38668.9394222
38661.2417891
38652.5561902
38642.9445835
38632.4639115
38621.1664835
38609.1005825
38596.3107479
38582.8381664
38568.7209964
38553.9946625
38538.69212
38522.8440947
38506.4792993
38489.6246283
38472.3053353
38454.5451916
38436.3666309
38417.7908519
38398.8380452
38379.5273369
38359.8769931
38339.9044797
38319.6265419
38299.0592748
38278.2181887
38257.1182671
38235.7740201
38214.1995322
38192.4085061
38170.414302
38148.2299737
38125.868301
38103.3418195
38080.6628472
38057.8435093
38034.8957873
38011.8314304
37988.6621381
37965.3994671
37942.0548745
37918.6397315
37895.1653366
37871.642927
37848.0836897
37824.4987713
37800.8992872
37777.2963297
37753.7009764
37730.1242965
37706.5773583
37683.0712348
37659.61701
37636.2257837
37612.9086771
37589.6768373
37566.5414416
37543.5137024
37520.6048706
37497.8262399
37475.1891501
37452.7049912
37430.3852064
37408.2412956
37386.2847914
37364.5273728
37342.9807007
37321.6565337
37300.5667029
37279.7231148
37259.1377542
37238.8226874
37218.790065
37199.0521248
37179.621195
37160.509697
37141.7301488
37123.2951675
37105.2174727
37087.50989
37070.1853532
37053.2569085
37036.7377172
37020.6410592
37004.9803362
36989.7690754
36975.0209328
36960.7496966
36946.9692912
36933.6937806
36920.9373721
36908.7144204
36897.0394312
132177.188926
130170.855259
128244.518884
126395.010114
124619.182455
122913.953089
121276.328575
119703.4207
118192.455531
116740.777777
115345.851914
114005.261123
112715.803666
111477.098739
110287.052924
109141.901066
108040.664927
106981.563317
105962.905167
104983.084991
104040.578472
103133.938227
102261.789739
101422.82749
100615.811268
99839.562683
99092.9618498
98374.9442651
97684.4978515
97020.660171
96382.5157967
95769.1938359
95179.8655978
94613.7423956
94070.0734784
93548.1440844
93047.2736081
92566.8138767
92106.147528
91664.6864851
91241.8705223
90837.1659179
90450.0641882
90080.0809009
89726.754562
89389.6455753
89068.3352709
88762.4250019
88471.535308
88195.3051462
87933.3911896
87685.4671986
87451.223468
87230.3663583
87022.6179241
86827.7156559
86645.4123614
86475.4762241
86317.691096
86171.8571077
86037.7917293
85915.3314875
85804.3346769
85704.6856376
85616.3016031
85539.1439872
85473.2377899
