1066172.41064
2683368.22149
2686030.5804
2688448.87871
2690659.17871
2692664.02744
2694465.96943
2696068.47523
2697475.85627
2698693.14974
2699726.00569
2700580.5417
2701263.39037
2701781.37633
2702141.58184
2702352.30327
2702418.95708
2702347.99471
2702153.4193
2701832.49629
2701399.64251
2700855.90978
2700209.16311
2699470.79322
2698643.76196
2697733.95539
2696746.99357
2695688.22706
2694562.73508
2693375.3265
2692130.54288
2690832.66347
2689485.71167
2688093.4627
2686659.45221
2685186.98562
2683679.14793
2682138.81389
2680568.65828
2678971.16635
2677348.64412
2675703.22856
2674036.89756
2672351.47965
2670648.66338
2668930.00637
2667196.94398
2665450.79759
2663692.7825
2661924.01541
2660145.52151
2658358.24117
2656563.03624
2654760.69596
2652951.94252
2651137.43629
2649317.78059
2647493.5263
2645665.17606
2643833.18816
2641997.98019
2640159.93246
2638319.39107
2636476.67085
2634632.05799
2632785.81255
2630938.17068
2629089.34677
2627239.53536
2625388.91287
2623537.63926
2621685.85954
2619833.70507
2617981.29489
2616128.73678
2614276.12836
2612423.55805
2610571.10588
2608718.84433
2606866.83906
2605015.14952
2603163.8296
2601312.92811
2599462.48934
2597612.55347
2595763.15695
2593914.33291
2592066.11149
2590218.52011
2588371.58374
2586525.32518
2584679.76525
2606257.55137
2604148.32103
2602049.88982
2599960.21827
2597877.76757
2595801.37529
2593730.16235
2591663.46318
2589600.77324
2587541.70947
2585485.98051
2583433.36424
2581383.69082
2579336.82994
2577292.68114
2575251.16651
2573212.22521
2571175.80931
2569141.88063
2567110.40837
2565081.36733
2563054.73655
2561030.49828
2559008.63722
2556989.13991
2554971.99433
2552957.18952
2550944.71536
2548934.56237
2546926.72154
2544921.18428
2542917.94227
2540916.98747
2538918.31198
2536921.90811
2534927.76826
2532935.88495
2530946.25081
2528958.85853
2526973.70089
2524990.77073
2523010.06093
2521031.56446
2519055.27432
2517081.18357
2515109.28532
2513139.57272
2511172.03897
2509206.67731
2507243.48104
2505282.44348
2503323.55801
2501366.81805
2499412.21705
2497459.74851
2495509.40598
2493561.18303
2491615.07329
2489671.07042
2487729.16812
2485789.36012
2483851.64021
2481916.0022
2479982.43995
2478050.94736
2476121.51834
2474194.14688
2472268.82697
2470345.55266
2468424.31803
2466505.1172
2464587.94431
2462672.79355
2460759.65915
2458848.53536
2456939.41649
2455032.29684
2453127.1708
2451224.03275
2449322.87713
2447423.6984
2445526.49106
2443631.24964
2441737.96871
2439846.64286
2437957.26672
2436069.83496
2434184.34227
2432300.78338
2430419.15304
2428539.44605
2426661.65723
2424785.78142
2422911.81351
2421039.74841
2419169.58107
2417301.30646
2415434.91959
2413570.41547
2411707.78919
2409847.03583
2407988.15051
2406131.12838
2404275.96461
2402422.65443
2400571.19305
2398721.57574
2396873.7978
