309019.240392
377155.254002
319080.74114
256888.727591
210254.301906
184831.588761
169003.71107
160382.49147
155856.972336
153546.673324
152403.830673
151871.744422
151661.602067
151624.994079
151685.666357
151804.098646
151959.50561
152140.669374
152341.29487
152557.648896
152787.354829
153028.773342
153280.681297
153542.103024
153812.219972
154090.32095
154375.773632
154668.007369
154966.502136
155270.780909
155580.404054
155894.964948
156214.08641
156537.417692
156864.631899
157195.423742
157529.507554
157866.615539
158206.496215
158548.913026
158893.6431
159240.476139
159589.213424
159939.66692
160291.658471
160645.019078
160999.588246
161355.213393
161711.749319
162069.057719
162427.006751
162785.470633
163144.329284
163503.467993
163862.777113
164222.151793
164581.491717
164940.700878
165299.687357
165658.363131
166016.643889
166374.44886
166731.700659
167088.325141
167444.251262
167799.410954
168153.739005
168507.172946
168859.652947
169211.121721
169561.524422
169910.808565
170258.923937
170605.822522
170951.458419
171295.787775
171638.768712
171980.361268
172320.527324
172659.230554
172996.436359
173332.111815
173666.22562
173998.748041
174329.650863
174658.907346
174986.492171
175312.381403
175636.552441
175958.983983
176279.655977
176598.54959
176915.647163
177230.932177
177544.389218
177856.003941
178165.763033
178473.654187
178779.666061
179083.788256
179386.011278
179686.326513
179984.726196
180281.203386
180575.751934
180868.366461
181159.061177
181447.794352
181734.581726
182019.420741
182302.309486
182583.246677
182862.231628
183139.264235
183414.344955
183687.474784
183958.655236
184227.888329
184495.176562
184760.522898
185023.930747
185285.403949
185544.946755
185802.563816
186058.260161
186312.041186
186563.912638
186813.880599
187061.951477
187308.131984
187552.42913
187794.850208
188035.402781
188274.094668
188510.933937
188745.92889
188979.088051
189210.42016
189439.934157
189667.639176
189893.544533
190117.659717
190339.994382
190560.558336
190779.361533
190996.414067
191211.726161
191425.308158
191637.170518
191847.323807
192055.778692
192262.545932
192467.636373
192671.060941
192872.830636
193072.956524
193271.449736
193468.321458
193663.582927
193857.245425
194049.320276
194239.818839
194428.752506
194616.132692
194801.970839
194986.278404
195169.066859
195350.347685
195530.132372
195708.432411
195885.259293
196060.624505
196234.539527
196407.015828
196578.064866
196747.69808
196915.926893
197082.762706
197248.216895
197412.300812
197575.025778
197736.403085
197896.443993
198055.159725
198212.56147
198368.660377
198523.467555
198676.994072
198829.25095
198980.24917
199129.999664
199278.513318
199425.800967
199571.873397
199716.741344
199860.41549
200002.906463
200144.224839
200284.381138
200423.385821
