9.8529e-05
0.000206510250718
0.000204306626842
0.000202216214031
0.000200231987336
0.000198347317461
0.000196556119877
0.000194852818796
0.000193232296267
0.000191689845334
0.000190221128653
0.000188822142032
0.000187489182237
0.000186218818501
0.00018500786723
0.000183853369509
0.000182752571036
0.000181702904186
0.000180701971946
0.000179747533492
0.000178837491212
0.000177969879011
0.000177142851755
0.000176354675708
0.00017560371988
0.00017488844816
0.000174207412172
0.000173559244756
0.000172942654036
0.000172356417987
0.000171799379475
0.000171270441702
0.000170768564036
0.000170292758178
0.00016984208463
0.000169415649451
0.00016901260126
0.000168632128469
0.000168273456728
0.000167935846562
0.000167618592435
0.000167321015684
0.00016704247019
0.000166782335583
0.000166540016881
0.000166314942965
0.000166106565173
0.000165914355974
0.000165737807745
0.00016557643162
0.000165429756415
0.000165297327623
0.000165178706479
0.000165073469072
0.000164981205526
0.000164901519222
0.000164834026073
0.000164778353842
0.000164734141503
0.000164701038638
0.000164678704872
0.000164666809342
0.000164665030198
0.000164673054133
0.000164690575942
0.000164717298104
0.000164752930397
0.000164797189528
0.000164849798787
0.000164910487731
0.000164978991871
0.000165055052397
0.000165138415907
0.000165228834161
0.000165326063847
0.000165429866368
0.00016554000764
0.000165656257906
0.000165778391565
0.000165906187014
0.000166039426503
0.000166177896007
0.000166321385102
0.000166469686862
0.000166622597761
0.000166779917595
0.000166941449406
0.000167106999424
0.000167276377016
0.000167449394648
0.00016762586786
0.000167805615244
0.000167988458441
0.000168174222143
0.000168362734105
0.000168553825168
0.000168747329296
0.000168943083614
0.000169140928462
0.000169340707455
0.000169542267555
0.000169745459151
0.000169950136143
0.000170156156043
0.000170363380077
0.000170571673299
0.000170780904709
0.000170990947385
0.000171201678614
0.000171412980033
0.000171624737781
0.000171836842646
0.000172049190227
0.000172261681098
0.000172474220973
0.000172686720876
0.000172899097316
0.000173111272464
0.000173323174325
0.000173534736921
0.000173745900463
0.000173956611531
0.000174166823242
0.000174376495429
0.000174585594795
0.000174794095087
0.000175001977237
0.00017520922952
0.000175415847683
0.000175621835078
0.000175827202773
0.000176031969662
0.000176236162547
0.000177697174957
0.00017790490808
0.000193263226985
0.000198870712625
0.00020405723502
0.000208941992915
0.000213598769448
0.000218076609412
0.000222409964219
0.000226624113594
0.000230738268717
0.000234767451119
0.000238723684896
0.000242616783627
0.000246454887483
0.000250244840479
0.000253992462097
0.000257702747088
0.000261380015252
0.000264905098347
0.000268342541801
0.000271739838039
0.000275099736577
0.000278424707092
0.000281716964656
0.000284978496535
0.000288211083937
0.000291416319859
0.000294595623816
0.000297750254042
0.000300881317631
0.000303989778944
0.000307076466554
0.000310142078911
0.000313187188851
0.000316212247033
0.000319217584346
0.000322203413265
0.000325169828129
0.000328116804235
0.000331044195635
0.000333951731435
0.000336839010357
0.000339705493251
0.000342550493128
0.0003453731622
0.00034817247523
0.000350947208326
0.00035369591202
0.000356416877152
0.000359108091591
0.000361767185166
0.000364391359335
0.000366977296791
0.00036952104451
0.000372017861122
0.000374462015763
0.000376846519972
0.000379162765673
0.000381400029068
0.000383544779126
0.000385579694772
0.000387482236171
0.00038922251228
0.000390759997082
0.000392038279316
0.000392976272176
