501005.603098
266680.606676
266147.977816
265609.083568
265063.892987
264512.410772
263954.645021
263390.605776
262820.29479
262243.720495
261660.888219
261071.802823
260476.468855
259874.890694
259267.072689
258653.019298
258032.735223
257406.225537
256773.495818
256134.552271
255489.401855
254838.052405
254180.512751
253516.792837
252846.903844
252170.858301
251488.6702
250800.355117
250105.930318
249405.414874
248698.829775
247986.198036
247267.54481
246542.897492
245812.285834
245075.742042
244333.300889
243584.999815
242830.879028
242070.981611
241305.353616
240534.044164
239757.105543
238974.593297
238186.566325
237393.086963
236594.221078
235790.038146
234980.611339
234166.017599
233346.337718
232521.656403
231692.062348
230857.648296
230018.5111
229174.751774
228326.475545
227473.7919
226616.81462
225755.661821
224890.455974
224021.323934
223148.396951
222271.810683
221391.705194
220508.224952
219621.518817
218731.740019
217839.046135
216943.599049
216045.564911
215145.114086
214242.421093
213337.664537
212431.027032
211522.695112
210612.859141
209701.713206
208789.455003
207876.285718
206962.409894
206048.035291
205133.372737
204218.635974
203304.041482
202389.808314
201476.157905
200563.313882
199651.501866
198740.949257
197831.885025
196924.539483
196019.144057
195115.931047
194215.133388
193316.984396
192421.717514
191529.566053
190640.767534
189755.545058
188874.134472
187996.76587
187123.667858
186255.067269
185391.188885
184532.255154
183678.485911
182830.098097
181987.305478
181150.318373
180319.343375
179494.583085
178676.235844
177864.495474
177059.551022
176261.586513
175470.780709
174687.306877
173911.332562
173143.019377
172382.522799
171629.991969
170885.569517
170149.391392
169421.586698
168702.277559
167991.578981
167289.598741
166596.437283
165912.18763
165236.935317
164570.758328
163913.727062
164069.153662
163415.829858
172070.968894
176946.110079
181304.06149
185269.9034
188926.517393
192331.665176
195527.242249
198544.630237
201407.964133
204136.218087
206744.588122
209245.438665
211648.968658
213963.691728
216196.78968
218354.377629
220441.706143
222463.317652
224423.169073
226324.72907
228171.056028
229964.86115
231708.559946
233404.314573
234995.850461
236513.346068
237984.562044
239411.138179
240794.597244
242136.322249
243437.596329
244699.605609
245923.447365
247110.13692
248260.613254
249375.743482
250456.32625
251503.094133
252516.715048
253497.792671
254446.86584
255364.406847
256250.818524
257106.429949
257931.49055
258726.162311
259490.509664
260224.487671
260927.921146
261600.490181
262241.699195
262850.843813
263426.966921
263968.801714
264474.697217
264942.519892
265369.52207
265752.16366
266085.866829
266364.672531
266580.750082
266723.680811
266779.383905
266728.455197
266543.501676
