-94.3936287647
-150.319298728
-150.464546559
-150.606995535
-150.746833083
-150.884134358
-151.018957707
-151.151356661
-151.281381646
-151.40908041
-151.534498267
-151.657678299
-151.778661536
-151.897487116
-152.014192433
-152.128813262
-152.241383879
-152.35193717
-152.460504724
-152.567116922
-152.671803015
-152.774591195
-152.875508666
-152.974581693
-153.071835665
-153.167295142
-153.260983895
-153.352924955
-153.443140641
-153.5316526
-153.618481838
-153.703648743
-153.787173115
-153.869074189
-153.949370653
-154.028080672
-154.105221901
-154.180811503
-154.254866164
-154.327402105
-154.398435094
-154.467980457
-154.536053088
-154.602667044
-154.667837224
-154.731576837
-154.793899123
-154.854816924
-154.914342689
-154.972488478
-155.029265966
-155.084686446
-155.13876083
-155.191499653
-155.242913074
-155.293010879
-155.341802478
-155.389296911
-155.435502845
-155.480428573
-155.524082018
-155.56647073
-155.607601887
-155.647482291
-155.686118371
-155.72351618
-155.759681396
-155.794619317
-155.828334863
-155.860832633
-155.892116602
-155.922190725
-155.951058329
-155.978722416
-156.005185598
-156.030450097
-156.054517744
-156.077389978
-156.099067841
-156.119551981
-156.138842648
-156.156939695
-156.173842574
-156.189550339
-156.204061641
-156.217374732
-156.229487462
-156.24039728
-156.250101234
-156.258595971
-156.265877741
-156.271942394
-156.276785387
-156.280401781
-156.282786247
-156.283933069
-156.283836147
-156.282489002
-156.279884779
-156.276016257
-156.270875853
-156.264455628
-156.256747297
-156.247742238
-156.2374315
-156.225805818
-156.212855619
-156.198571042
-156.182941945
-156.165957926
-156.147608337
-156.127882304
-156.106768743
-156.084256384
-156.060333794
-156.034989396
-156.008211502
-155.979988332
-155.950308051
-155.919158792
-155.886528697
-155.852405944
-155.816778786
-155.779635592
-155.740964883
-155.700755377
-155.658996032
-155.615676094
-155.570785142
-155.524313141
-155.476250494
-155.426588095
-155.375317384
-153.366474885
-153.313576252
-171.810204968
-194.380437064
-213.587406135
-230.250005599
-244.916719161
-257.973345399
-269.701977027
-280.315447459
-289.978539121
-298.821623129
-306.94975787
-314.448949709
-321.390577453
-327.834592469
-333.831880819
-339.426038502
-344.654727188
-349.550724589
-354.142748879
-358.456113445
-362.513252496
-366.334147166
-369.936674083
-373.336892888
-376.549285213
-379.586954738
-382.461795749
-385.18463604
-387.759652967
-390.16308693
-392.443207346
-394.607748405
-396.663819135
-398.617971872
-400.47625188
-402.244243647
-403.927111358
-405.5296345
-407.056239202
-408.511025802
-409.897793011
-411.22005902
-412.481079765
-413.683864527
-414.831188975
-415.925605665
-416.969451955
-417.964855168
-418.913734744
-419.817800948
-420.678549513
-421.497251299
-422.274935673
-423.012365731
-423.710002672
-424.367955356
-424.98590919
-425.563025413
-426.097796977
-426.587838944
-427.029577091
-427.417772543
-427.744771262
-427.999268448
-428.164164342
-94.3936287647
-150.319298728
-150.464546559
-150.606995535
-150.746833083
-150.884134358
-151.018957707
-151.151356661
-151.281381646
-151.40908041
-151.534498267
-151.657678299
-151.778661536
-151.897487116
-152.014192433
-152.128813262
-152.241383879
-152.35193717
-152.460504724
-152.567116922
-152.671803015
-152.774591195
-152.875508666
-152.974581693
-153.071835665
-153.167295142
-153.260983895
-153.352924955
-153.443140641
-153.5316526
-153.618481838
-153.703648743
-153.787173115
-153.869074189
-153.949370653
-154.028080672
-154.105221901
-154.180811503
-154.254866164
-154.327402105
-154.398435094
-154.467980457
-154.536053088
-154.602667044
-154.667837224
-154.731576837
-154.793899123
-154.854816924
-154.914342689
-154.972488478
-155.029265966
-155.084686446
-155.13876083
-155.191499653
-155.242913074
-155.293010879
-155.341802478
-155.389296911
-155.435502845
-155.480428573
-155.524082018
-155.56647073
-155.607601887
-155.647482291
-155.686118371
-155.72351618
-155.759681396
-155.794619317
-155.828334863
-155.860832633
-155.892116602
-155.922190725
-155.951058329
-155.978722416
-156.005185598
-156.030450097
-156.054517744
-156.077389978
-156.099067841
-156.119551981
-156.138842648
-156.156939695
-156.173842574
-156.189550339
-156.204061641
-156.217374732
-156.229487462
-156.24039728
-156.250101234
-156.258595971
-156.265877741
-156.271942394
-156.276785387
-156.280401781
-156.282786247
-156.283933069
-156.283836147
-156.282489002
-156.279884779
-156.276016257
-156.270875853
-156.264455628
-156.256747297
-156.247742238
-156.2374315
-156.225805818
-156.212855619
-156.198571042
-156.182941945
-156.165957926
-156.147608337
-156.127882304
-156.106768743
-156.084256384
-156.060333794
-156.034989396
-156.008211502
-155.979988332
-155.950308051
-155.919158792
-155.886528697
-155.852405944
-155.816778786
-155.779635592
-155.740964883
-155.700755377
-155.658996032
-155.615676094
-155.570785142
-155.524313141
-155.476250494
-155.426588095
-155.375317384
-153.366474885
-153.313576252
-171.810204968
-194.380437064
-213.587406135
-230.250005599
-244.916719161
-257.973345399
-269.701977027
-280.315447459
-289.978539121
-298.821623129
-306.94975787
-314.448949709
-321.390577453
-327.834592469
-333.831880819
-339.426038502
-344.654727188
-349.550724589
-354.142748879
-358.456113445
-362.513252496
-366.334147166
-369.936674083
-373.336892888
-376.549285213
-379.586954738
-382.461795749
-385.18463604
-387.759652967
-390.16308693
-392.443207346
-394.607748405
-396.663819135
-398.617971872
-400.47625188
-402.244243647
-403.927111358
-405.5296345
-407.056239202
-408.511025802
-409.897793011
-411.22005902
-412.481079765
-413.683864527
-414.831188975
-415.925605665
-416.969451955
-417.964855168
-418.913734744
-419.817800948
-420.678549513
-421.497251299
-422.274935673
-423.012365731
-423.710002672
-424.367955356
-424.98590919
-425.563025413
-426.097796977
-426.587838944
-427.029577091
-427.417772543
-427.744771262
-427.999268448
-428.164164342
