11.1704963107
11.0338026163
10.9022639269
10.7756090765
10.6536986945
10.5364362269
10.4237311499
10.3154928059
10.2116295769
10.1120489416
10.0166576724
9.92536204707
9.8380680549
9.75468159357
9.6751086559
9.59925550623
9.52702884638
9.45833597111
9.39308491311
9.33118457755
9.27254486631
9.21707679209
9.16469258248
9.11530577263
9.06883129393
9.02518554885
8.98428647561
8.94605360749
8.91040812332
8.87727288994
8.84657249736
8.81823328692
8.79218337286
8.76835265774
8.74667284207
8.7270774286
8.70950172157
8.69388282142
8.68015961525
8.66827276345
8.65816468273
8.64977952611
8.64306315992
8.63796313832
8.63442867558
8.63241061634
8.63186140412
8.63273504844
8.63498709061
8.63857456846
8.64345598036
8.64959124838
8.65694168116
8.66546993624
8.6751399824
8.68591706172
8.69776765184
8.71065942832
8.72456122718
8.73944300792
8.75527581673
8.7720317504
8.78968392056
8.80820641862
8.82757428126
8.84776345663
8.86875077047
8.89051389602
8.91303131947
8.93628231047
8.96024689168
8.98490580929
9.01024050441
9.03623308654
9.06286630149
9.09012351117
9.11798866472
9.14644627422
9.17548139054
9.20507957995
9.23522690145
9.26590988473
9.29711551117
9.32883118862
9.36104473197
9.39374434717
9.42691861133
9.46055645433
9.49464714135
9.52918025599
9.56414568389
9.59953359701
9.63533443836
9.67153890731
9.70813794538
9.74512272251
9.78248462385
9.82021523699
9.85830633964
9.89674988776
9.93553800413
9.97466296731
10.014117201
10.0538935093
10.0939840864
10.1343819347
10.175079996
10.2160712798
10.2573488803
10.2989059723
10.3407358044
10.3828316911
10.4251870067
10.4677951775
10.5106496764
10.5537437503
10.5970714731
10.640626204
10.6844015035
10.7283909827
10.7725882721
10.8169870122
10.8615808491
10.9063634304
10.9513284015
10.9964694026
11.0417800651
11.0872540095
11.1328848424
11.1786661541
11.2245915171
11.270654484
11.3168485856
11.3631673304
11.4096042026
11.4561526621
11.5028061432
11.5495580547
11.5964017794
11.6433306743
11.6903380707
11.7374172749
11.7845615685
11.8317642096
11.8790184337
11.9263174547
11.9736544666
12.021022645
12.0684151487
12.1158251219
12.1632456957
12.2106699908
12.2580911196
12.3055021888
12.3528963017
12.4002665612
12.4476060723
12.4949079455
12.5421652991
12.5893712627
12.6365189805
12.6836016139
12.7306123454
12.7775443817
12.8243909567
12.8711453354
12.9178008172
12.9643507388
13.0107884785
13.0571074588
13.1033011503
13.1493630748
13.1952868091
13.2410659877
13.2866943067
13.3321655264
13.3774734752
13.4226120522
13.4675752303
13.5123570593
13.556951669
13.6013532715
13.6455561642
13.6895547327
13.7333434527
13.7769168929
13.8202697173
13.8633966869
13.9062926626
13.9489526065
13.991371584
14.0335447656
14.0754674285
14.1171349579
14.1585428487
14.1996867067
14.2405622493
14.2811653071
14.3214918246
14.3615378609
