7.9686e-05
0.000592232043289
0.000592075214548
0.00059165383133
0.000591182313851
0.000590730468247
0.00059032469754
0.000589974443609
0.000589681984937
0.000589446353986
0.000589265051653
0.000589134873975
0.000589052341747
0.00058901393654
0.000589016233465
0.000589055972734
0.000589130098143
0.000589235772561
0.000589370379779
0.000589531520024
0.00058971699973
0.000589924818447
0.000590153155676
0.000590400356343
0.000590664917616
0.000590945475179
0.000591240791317
0.000591549742664
0.000591871309969
0.000592204568242
0.000592548677345
0.000592902874494
0.000593266466349
0.000593638822414
0.000594019368854
0.000594407583386
0.000594802989677
0.000595205153307
0.000595613677596
0.000596028200059
0.00059644838871
0.000596873939727
0.000597304574335
0.000597740036511
0.000598180090706
0.000598624520319
0.000599073125247
0.000599525720765
0.000599982135963
0.000600442212441
0.000600905803136
0.000601372771266
0.000601842989366
0.000602316338424
0.0006027927071
0.000603271991012
0.000603754092097
0.000604238918034
0.000604726381829
0.000605216400878
0.000605708897227
0.00060620379672
0.000606701028758
0.000607200525979
0.00060770222396
0.000608206060958
0.000608711977664
0.000609219916981
0.000609729823831
0.000610241644967
0.00061075532881
0.000611270825298
0.000611788085748
0.000612307062731
0.000612827709958
0.000613349982175
0.00061387383495
0.000614399225059
0.000614926109695
0.000615454446871
0.000615984195234
0.000616515314004
0.000617047762917
0.000617581502177
0.000618116492404
0.000618652694596
0.000619190070086
0.000619728580506
0.000620268187753
0.000620808853961
0.000621350541467
0.000621893212791
0.000622436830607
0.00062298135772
0.000623526757051
0.000624072991609
0.00062462002448
0.000625167818808
0.000625716337778
0.000626265544603
0.000626815402511
0.000627365874729
0.000627916924474
0.000628468514942
0.000629020609416
0.00062957317077
0.000630126162198
0.000630679546707
0.000631233287234
0.00063178734664
0.000632341687699
0.000632896273093
0.000633451065405
0.000634006027111
0.000634561120573
0.000635116308035
0.000635671551616
0.000636226813303
0.000636782054947
0.000637337238255
0.000637892324789
0.000638447275955
0.000639002053003
0.000639556617021
0.000640110928927
0.000640664949466
0.000641218639209
0.000641771958543
0.000642324867668
0.000642877326596
0.000643429295141
0.000643980732919
0.000644531599345
0.000533653364152
0.000534992799893
0.000536322334207
0.00053764215155
0.000538952318341
0.000540252825063
0.00054154361549
0.000542824606913
0.000544095704046
0.000545356808474
0.000546607824992
0.000547848665727
0.000549082748149
0.000550303053917
0.000551509416881
0.00055270889191
0.000553897921174
0.00055507648711
0.000556244583669
0.000557402215721
0.000558549398425
0.000559686156559
0.000560812523863
0.00056192854238
0.000563034261821
0.00056412973896
0.000565215037044
0.000566290225248
0.000567355378144
0.000568410575216
0.000569455900395
0.000570491441621
0.000571517290436
0.000572533541605
0.000573540292753
0.00057453764403
0.000575525697795
0.000576504558321
0.000577474331515
0.000578435124655
0.000579387046142
0.000580330205266
0.000581264711979
0.000582190676683
0.000583108210022
0.000584017422681
0.00058491842519
0.000585811327726
0.000586696239917
0.00058757327064
0.000588442527807
0.000589304118142
0.000590158146932
0.000591004717751
0.000591843932146
0.000592675889258
0.000593500685373
0.000594318413359
0.000595129161947
0.0005959330148
0.000596730049244
0.00059752033453
0.000598303929344
0.00059908087814
0.000599851205521
0.000600614907245
0.000601371935025
