1252.32644
304.687319719
304.662495878
304.637030105
304.610952253
304.584273219
304.557001023
304.52914292
304.500705487
304.471694979
304.442117167
304.411977414
304.381280695
304.350031623
304.31823447
304.285893186
304.253011422
304.219592541
304.185639642
304.151155572
304.116142942
304.080604145
304.044541366
304.007956597
303.970851651
303.933228175
303.895087659
303.856431451
303.817260769
303.77757671
303.73738026
303.69667231
303.65545366
303.613725035
303.57148709
303.528740426
303.485485596
303.441723114
303.397453469
303.352677133
303.307394567
303.26160624
303.215312627
303.16851423
303.121211579
303.073405248
303.02509586
302.976284103
302.926970731
302.877156584
302.82684259
302.77602978
302.724719295
302.672912398
302.620610484
302.567815088
302.514527898
302.460750765
302.406485711
302.35173494
302.296500849
302.24078604
302.184593326
302.127925741
302.070786557
302.013179285
301.95510769
301.896575799
301.837587912
301.778148609
301.71826276
301.657935537
301.597172416
301.535979193
301.474361987
301.412327249
301.349881771
301.287032689
301.223787496
301.160154042
301.096140544
301.031755587
300.967008132
300.901907522
300.836463477
300.770686106
300.704585904
300.638173754
300.571460931
300.504459094
300.437180295
300.36963697
300.301841937
300.233808397
300.165549924
300.097080464
300.028414324
299.959566169
299.890551088
299.821384281
299.7520815
299.68265874
299.613132301
299.543518771
299.473835016
299.404098162
299.334325579
299.264534862
299.194743817
299.124970435
299.055232878
298.985549454
298.915938597
298.846418842
298.777008805
298.707727154
298.638592592
298.569623822
298.50083953
298.432258354
298.363898858
298.295779509
298.227918646
298.160334454
298.09304494
298.026067903
297.959420912
297.893121273
297.827186011
297.76163184
297.696475138
297.631731927
297.567417848
297.544708846
297.480446936
297.755673678
297.654586936
297.554757927
297.457311175
297.362651765
297.270867807
297.181904067
297.095642688
297.011942146
296.930656258
296.851643302
296.774770087
296.699913452
296.626960444
296.555807854
296.486361458
296.418535159
296.352250118
296.287433945
296.224019937
296.161946405
296.101156062
296.041595486
295.983214642
295.930795067
295.881697717
295.833696395
295.786750885
295.740821215
295.695870493
295.65186236
295.608761435
295.566533145
295.525143569
295.484559276
295.444747163
295.40567429
295.367307709
295.329614276
295.292560448
295.256112057
295.220234053
295.184890207
295.150042771
295.11565207
295.081676021
295.048069555
295.014783808
294.981765677
294.948956121
294.916289259
294.883690588
294.851074849
294.818343292
294.785380114
294.752047777
294.718180768
294.683577155
294.647986984
294.611096055
294.572502746
294.531684155
294.487945289
294.440340392
294.387546473
