146.65646
141.56193547
141.597819724
141.631861934
141.66413421
141.69470618
141.723643532
141.75100818
141.77685857
141.801249973
141.824234745
141.845862569
141.866180665
141.885233982
141.903065373
141.91971575
141.935224227
141.94962825
141.962963713
141.975265066
141.986565415
141.996896609
142.006289325
142.014773139
142.0223766
142.029127294
142.035051898
142.040176241
142.04452535
142.048123495
142.050994239
142.053160472
142.05464445
142.055467831
142.055651705
142.055216625
142.054182637
142.052569303
142.050395728
142.047680582
142.044442119
142.040698203
142.036466322
142.031763499
142.026606739
142.021012404
142.014996649
142.008575337
142.001764047
141.994578087
141.987032507
141.979142109
141.970921457
141.962384889
141.953546524
141.94442027
141.935019835
141.925358732
141.91545029
141.905307655
141.894943802
141.884371538
141.873603511
141.862652209
141.851529973
141.840248994
141.828821325
141.817258879
141.805573434
141.79377677
141.781880018
141.769894964
141.757832754
141.745704542
141.733521367
141.72129415
141.7090337
141.696750711
141.684455767
141.672159338
141.659871787
141.647603363
141.635364206
141.623164345
141.611013696
141.598922065
141.58689914
141.574954497
141.563097594
141.551337771
141.539684243
141.528146104
141.516732319
141.505451725
141.494313023
141.483324776
141.472495406
141.461833187
141.451346245
141.441042545
141.430929893
141.421015927
141.411308111
141.401813729
141.392539876
141.383493457
141.374681173
141.366109517
141.357784764
141.349712967
141.341899941
141.334351262
141.327072254
141.320067979
141.31334323
141.306902519
141.300750069
141.294889801
141.289325327
141.284059937
141.27909659
141.274437903
141.270086137
141.266043192
141.262310594
141.258889479
141.255780592
141.252984267
141.250500424
141.248328553
141.246467709
141.244916497
141.243673068
141.104114796
141.103862425
139.696599462
139.251019444
138.840403691
138.457281348
138.096960121
137.756230891
137.432751478
137.124725104
136.830719121
136.54955601
136.280244217
136.021932277
135.773877206
135.535422045
135.305979473
135.085019576
134.872060546
134.666661479
134.468416722
134.276951379
134.091917687
133.91299207
133.739872717
133.572277572
133.409942652
133.252620628
133.100079622
132.952102175
132.81095401
132.691464911
132.576860244
132.466938643
132.361514038
132.260411757
132.163469334
132.07053634
131.981474325
131.89615686
131.814469654
131.736310787
131.661591062
131.590234494
131.522178973
131.457377125
131.395797418
131.337425579
131.282266374
131.230345865
131.181714262
131.136449533
131.094661994
131.056500176
131.022158397
130.991886575
130.966003135
130.944912133
130.929126323
130.919298715
130.916266535
130.921113795
130.93526255
130.960610002
130.999741792
131.056278369
131.135468226
