1780.02
75735.3979823
78280.1558433
79950.7934272
81009.4739226
81658.6561046
82040.5107578
82251.1452565
82353.7402574
82389.0892753
82383.2094545
82352.5385142
82307.3739425
82254.1071991
82196.6595299
82137.3984344
82077.7177363
82018.4081299
81959.8887838
81902.353516
81845.8622311
81790.3978439
81735.961971
81682.3577661
81629.5547079
81577.4653248
81526.0061264
81475.0996724
81424.6754285
81374.6699315
81325.0265505
81275.6950403
81226.6309998
81177.7087694
81129.0664071
81080.5874709
81032.2456919
80984.0179415
80935.883844
80887.8255723
80839.8274882
80791.8808932
80743.9588849
80696.065768
80648.1874671
80600.315944
80552.4441643
80504.5659735
80456.6759887
80408.7695022
80360.8423983
80312.8910797
80264.9124032
80216.9036233
80168.8623428
80120.7864701
80072.6741808
80024.523885
79976.3341981
79928.1039153
79879.8319897
79831.5175124
79783.1596958
79734.7578584
79686.3114116
79637.8198486
79589.2827339
79540.6996948
79492.0704136
79443.3946208
79394.672089
79345.9026282
79297.0860806
79248.2223172
79199.3112338
79150.3527484
79101.3467982
79052.2933373
79003.1923348
78954.0437727
78904.8476447
78855.6039544
78806.3127144
78756.9739452
78707.587674
78658.1539342
78608.6727646
78559.1442085
78509.5683135
78459.9451311
78410.2747157
78360.5571249
78310.7924187
78260.9806593
78211.1219113
78161.2162407
78111.2637154
78061.2644047
78011.2183792
77961.1257105
77562.4873025
77624.8897562
77668.739429
77695.3972495
77706.8685969
77705.2869382
77692.6744163
77670.8441291
77641.372976
77605.6077319
77564.6856501
77519.5599145
77471.0253171
77419.7420542
77366.2569545
77311.0215932
77254.4082273
77196.7228257
77138.2162994
77079.093826
77019.5226561
76959.6386256
76899.5515817
76839.3498988
76779.1042336
76718.8706449
76658.6931844
76598.606046
76538.6353478
76478.8006093
76419.1159727
76359.591215
76300.2325827
76241.0434812
76182.025044
76123.1765999
76064.4960579
76005.9802225
75947.6250523
75889.4258703
75831.3775364
75773.4745859
75715.7113426
75658.082009
75600.5807389
75543.2016947
75485.9390926
75428.7872378
75371.7405511
75314.7935896
75257.9410609
75201.1778338
75144.4989451
75087.8996032
75031.3751902
74974.9212613
74918.5335436
74862.2079329
74805.940491
74749.7274407
74693.565162
74637.4501865
74581.3791927
74525.3490007
74469.356567
74413.3989791
74357.4734504
74301.5773151
74245.7080232
74189.8631357
74134.0403199
74078.2373445
74022.452076
73966.6824736
73910.9265859
73855.1825463
73799.4485868
73743.7229663
73688.0040695
73632.2903353
73576.5802703
73520.8724467
73465.1654988
73409.4581205
73353.7490627
73298.0371312
73242.3211837
73186.600128
73130.8729198
73075.1385606
73019.3960958
72963.6446127
72907.8832391
72852.1111411
72796.327522
72740.5316203
72684.7227085
72628.9000918
72573.0631064
72517.2111185
