75.771661495
100.097936542
125.079310768
144.928361991
158.547268529
166.86011186
171.365268533
173.682703602
174.843047109
175.41412599
175.688985447
175.814588516
175.863882444
175.873072657
175.860256944
175.834611167
175.800896705
175.761672915
175.718386605
175.671911467
175.622817332
175.571506126
175.518281685
175.463386495
175.407021707
175.349358589
175.290545475
175.230712294
175.169973731
175.108431575
175.046176554
174.983289819
174.919844181
174.855905152
174.791531834
174.726777685
174.661691183
174.596316397
174.530693485
174.464859137
174.398846946
174.332687746
174.266409902
174.200039564
174.133600896
174.067116268
174.000606434
173.934090685
173.867586984
173.801112088
173.734681655
173.668310335
173.602011861
173.535799119
173.46968422
173.403678555
173.337792856
173.27203724
173.206421253
173.140953914
173.075643745
173.01049881
172.945526739
172.88073476
172.81612972
172.751718109
172.687506082
172.623499476
172.559703828
172.496124392
172.432766156
172.36963385
172.306731965
172.24406476
172.181636278
172.119450352
172.057510618
171.995820523
171.934383331
171.873202135
171.812279863
171.751619284
171.691223015
171.63109353
171.571233161
171.511644108
171.452328442
171.393288111
171.334524945
171.276040657
171.217836855
171.159915037
171.102276603
171.044922853
170.987854993
170.931074138
170.874581315
170.818377467
170.762463456
170.706840064
170.651507996
170.596467887
170.541720297
170.487265721
170.433104585
170.379237253
170.325664026
170.272385146
170.219400797
170.166711107
170.11431615
170.062215948
170.010410471
169.958899644
169.90768334
169.856761389
169.806133577
169.755799646
169.705759297
169.656012191
169.606557952
169.557396163
169.508526373
169.459948097
169.411660814
169.363663972
169.315956985
169.268539239
169.22141009
169.174568863
169.128014857
169.081747346
169.035765575
168.990068767
168.944656119
168.899526805
168.854679978
168.810114767
168.765830282
168.721825612
168.678099828
168.63465198
168.591481102
168.54858621
168.505966302
168.463620363
168.421547359
168.379746244
168.338215956
168.296955419
168.255963546
168.215239236
168.174781375
168.134588839
168.094660492
168.054995189
168.015591771
167.976449074
167.937565922
167.898941131
167.860573507
167.822461852
167.784604956
167.747001604
167.709650575
167.67255064
167.635700564
167.599099107
167.562745024
167.526637064
167.490773972
167.455154488
167.419777348
167.384641284
167.349745027
167.315087301
167.280666829
167.246482332
167.212532527
167.17881613
167.145331855
167.112078415
167.079054519
167.046258877
167.013690198
166.981347191
166.949228561
166.917333017
166.885659265
166.854206013
166.822971967
166.791955835
166.761156326
166.730572148
166.700202013
166.67004463
166.640098714
166.610362976
166.580836135
166.551516905
