73.5586578036
73.3596586095
73.1657806231
72.9768454435
72.7926936131
72.6131755111
72.4381496601
72.2674819801
72.101045209
71.9387183912
71.7803864166
71.6259396025
71.4752733143
71.3282876203
71.1848869774
71.0449799433
70.9084789146
70.7752998853
70.6453622267
70.5185884842
70.3949041909
70.2742376954
70.1565200037
70.0416846322
69.9296674725
69.8204066661
69.7138424881
69.6099172393
69.5085751466
69.4097622693
69.3134264131
69.2195170493
69.1279852396
69.0387835664
68.9518660671
68.8671881731
68.7847066528
68.7043795581
68.6261661746
68.5500269744
68.4759235721
68.403818685
68.3336760926
68.2654606013
68.1991380102
68.134675079
68.0720394976
68.0111998581
67.9521256278
67.894787124
67.8391554906
67.785202675
67.7329014074
67.6822251809
67.633148232
67.5856455234
67.5396927265
67.4952662056
67.4523430025
67.4109008222
67.3709180191
67.3323735836
67.2952471302
67.2595188851
67.2251696749
67.1921809161
67.1605346042
67.130213304
67.1012001399
67.0734787865
67.04703346
67.021848909
66.9979104066
66.975203742
66.9537152123
66.9334316151
66.9143402407
66.8964288645
66.8796857394
66.8640995889
66.8496595992
66.8363554126
66.8241771194
66.8131152513
66.8031607737
66.7943050784
66.786539976
66.7798576883
66.7742508408
66.7697124543
66.7662359376
66.7638150784
66.7624440354
66.7621173295
66.7628298347
66.7645767689
66.7673536846
66.7711564586
66.7759812824
66.781824651
66.7886833528
66.7965544575
66.8054353049
66.8153234927
66.8262168638
66.8381134936
66.851011676
66.8649099099
66.8798068844
66.8957014643
66.912592674
66.930479682
66.9493617841
66.9692383863
66.9901089875
67.0119731611
67.0348305361
67.0586807784
67.0835235708
67.1093585926
67.1361854991
67.1640039
67.1928133381
67.2226132669
67.2534030278
67.2851818275
67.3179487145
67.3517025551
67.3864420098
67.4221655091
67.458871229
67.4965570662
67.5352206139
67.5752542087
67.6162451789
67.629373163
67.6472145643
67.6692867513
67.6952343676
67.7247730721
67.757662575
67.7936919981
67.8326713033
67.8744259826
67.9187936126
67.9656215309
68.0147652135
68.0660871097
68.1194557836
68.1747452674
68.2318345657
68.2906072692
68.3508671142
68.4124799344
68.4753486653
68.5393795392
68.6044819877
68.6705685555
68.7375548308
68.8053593908
68.8739037599
68.9431123789
69.0129125832
69.0832345907
69.1540114959
69.225179273
69.2966767844
69.3684457979
69.4404310101
69.5125800776
69.5848436575
69.6571754561
69.7295322895
69.8018741557
69.8741643225
69.9463694316
70.0184596242
70.0904086921
70.1621942581
70.2337979944
70.3052058863
70.3764085519
70.4474016309
70.5181862609
70.5887696618
70.6591658579
70.7293965765
70.7994923718
70.8694940429
70.9394544392
71.0094407795
71.0795376667
71.1498510555
71.2205135507
71.2916916007
71.3635954565
71.4364932725
71.5107316194
71.5867663094
71.665210608
