2.09281212252
2.45941489635
2.47129769479
2.48095341364
2.48910351111
2.49629273194
2.50286671968
2.50904467201
2.51496554638
2.52071741543
2.52635609452
2.53191695326
2.53742240111
2.54288662966
2.54831861608
2.55372402485
2.55910641172
2.56446798581
2.5698100919
2.57513351566
2.5804386768
2.58572575119
2.5909947482
2.59624555949
2.60147798989
2.60669177686
2.61188660267
2.61706210203
2.62221786679
2.62735344871
2.6324683611
2.63756207954
2.64263404216
2.64768364952
2.65271026412
2.65771320985
2.66269176594
2.66764519217
2.6725726742
2.6774733771
2.68234641551
2.68719085786
2.69200572439
2.69679022146
2.70154286272
2.70626264958
2.7109483975
2.71559887527
2.72021272839
2.72478858269
2.72932497383
2.73382035861
2.73827310969
2.74268150975
2.74704374492
2.7513578975
2.75562193796
2.75983371599
2.76399095078
2.76809121985
2.7721319475
2.77611039149
2.78002362828
2.7838685372
2.78764178289
2.79134185371
2.79495921969
2.79849485372
2.80194299055
2.80529885488
2.80855734245
2.81171295629
2.81475977726
2.81769142752
2.820501033
2.82318118541
2.82572390475
2.82812060366
2.83036205556
2.83243836944
2.83433869822
2.83605226546
2.83756700132
2.83887039157
2.83994942314
2.84079073739
2.84138085885
2.84170652059
2.84175511052
2.84151530222
2.84097767575
2.84013589828
2.83898775127
2.83753653233
2.83579257504
2.83377482909
2.83151234625
2.82904544815
2.8264262911
2.8237185163
2.82099570918
2.81833851726
2.81583049436
2.81355301852
2.81157989816
2.80997244025
2.80877570717
2.8080166359
2.80770384123
2.80782937086
2.80837159062
2.80929873605
2.8105725421
2.81215152317
2.81399365222
2.81605835037
2.81830781695
2.82070779843
2.82322792109
2.82584171121
2.82852641055
2.83126267172
2.83403419542
2.83682735198
2.83963081424
2.8424352175
2.8452328543
2.84801740646
2.85078371399
2.85352757803
2.85624559465
2.85893501557
2.86159363221
2.86421967954
2.86681175675
2.86936876174
2.87188983745
2.87437432768
2.87682174091
2.87923172072
2.88160402147
2.88393848847
2.88623504172
2.88849366257
2.89071438288
2.892897276
2.89504244949
2.89715003908
2.89922020372
2.90125312149
2.90324898626
2.90520800488
2.90713039489
2.90901638264
2.91086620166
2.91268009135
2.91445829589
2.91620106329
2.91790864463
2.91958129337
2.92121926485
2.92282281576
2.92439220376
2.92592768718
2.92742952467
2.92889797497
2.93033329673
2.9317357483
2.93310558755
2.93444307181
2.93574845771
2.93702200108
2.9382639569
2.93947457923
2.94065412114
2.94180283468
