-25.99058897
-26.4197960697
-26.3337742135
-26.247042247
-26.1596430086
-26.0715977596
-25.9829236406
-25.8936359934
-25.8037487799
-25.7132747464
-25.6222255433
-25.5306118277
-25.4384433544
-25.3457290573
-25.252477122
-25.1586950504
-25.0643897196
-24.9695674343
-24.8742339741
-24.7783946367
-24.6820542765
-24.5852173402
-24.4878878982
-24.3900696744
-24.2917660726
-24.1929802007
-24.0937148931
-23.9939727309
-23.8937560609
-23.7930670124
-23.6919075135
-23.590279305
-23.4881839547
-23.3856228691
-23.2825973054
-23.1791083817
-23.0751570874
-22.9707442919
-22.8658707537
-22.7605371276
-22.6547439731
-22.5484917603
-22.4417808771
-22.3346116353
-22.2269842756
-22.1188989739
-22.0103558456
-21.9013549508
-21.7918962985
-21.6819798757
-21.5716055552
-21.4607732402
-21.3494827762
-21.2377339772
-21.1255266288
-21.0128604915
-20.8997353035
-20.7861507838
-20.6721066353
-20.5576025473
-20.442638198
-20.3272132577
-20.2113273907
-20.0949802582
-19.9781715206
-19.8609008401
-19.7431678828
-19.6249723211
-19.5063138362
-19.3871921205
-19.2676068795
-19.1475578346
-19.0270447252
-18.9060673108
-18.7846253739
-18.662718722
-18.5403463113
-18.4175106603
-18.2942089758
-18.1704421237
-18.0462100545
-17.9215127775
-17.7963503443
-17.6707228522
-17.544630446
-17.4180733214
-17.291051728
-17.1635659716
-17.0356164176
-16.9072034942
-16.7783276952
-16.6489895833
-16.5191897935
-16.3889290365
-16.258208102
-16.1270278625
-15.9953892767
-15.8632933932
-15.7307413549
-15.597734402
-15.4642738769
-15.3303612277
-15.1959980129
-15.0611859054
-14.9259266971
-14.7902223034
-14.6540747677
-14.5174862665
-14.3804591138
-14.2429957664
-14.105098829
-13.9667710588
-13.8280153717
-13.6888348466
-13.5492327318
-13.40921245
-13.2687776041
-13.1279319827
-12.9866795667
-12.845024534
-12.7029712665
-12.5605243557
-12.4176886088
-12.2744690549
-12.1308709511
-11.9868997891
-11.842561301
-11.6978614658
-11.5528065157
-11.4074029425
-11.2616575035
-11.115577228
-10.9691694236
-10.8860795161
-10.7381149105
-11.8343968705
-11.9309823733
-11.9926815166
-12.0272975583
-12.0397996469
-12.0336078551
-12.0112201702
-11.9745470083
-11.9251030888
-11.8641242635
-11.7926422912
-11.7115347531
-11.6215595873
-11.5233797304
-11.4175811727
-11.3046865004
-11.1851652628
-11.059442054
-10.9279029175
-10.7909004946
-10.6487582204
-10.5017737826
-10.3502220056
-10.1943572791
-10.0344156215
-9.8706164487
-9.7031641011
-9.53224917235
-9.35804967222
-9.18073205098
-9.00045210682
-8.81735579366
-8.63157994408
-8.44325291908
-8.25249519484
-8.05941989472
-7.86413327394
-7.66673516279
-7.46731937408
-7.26597407927
-7.06278215771
-6.85782152285
-6.65116542889
-6.44288276142
-6.23303831533
-6.0216930634
-5.80890441892
-5.59472649625
-5.37851529153
-5.15737813581
-4.93513653341
-4.71184493438
-4.48755551644
-4.26231899988
-4.0361849814
-3.80920243232
-3.58142026822
-3.35288799598
-3.12365643507
-2.8937784823
-2.66330982338
-2.43230933741
-2.20083855807
-1.9689585832
-1.73672016827
-25.99058897
-26.4197960697
-26.3337742135
-26.247042247
-26.1596430086
-26.0715977596
-25.9829236406
-25.8936359934
-25.8037487799
-25.7132747464
-25.6222255433
-25.5306118277
-25.4384433544
-25.3457290573
-25.252477122
-25.1586950504
-25.0643897196
-24.9695674343
-24.8742339741
-24.7783946367
-24.6820542765
-24.5852173402
-24.4878878982
-24.3900696744
-24.2917660726
-24.1929802007
-24.0937148931
-23.9939727309
-23.8937560609
-23.7930670124
-23.6919075135
-23.590279305
-23.4881839547
-23.3856228691
-23.2825973054
-23.1791083817
-23.0751570874
-22.9707442919
-22.8658707537
-22.7605371276
-22.6547439731
-22.5484917603
-22.4417808771
-22.3346116353
-22.2269842756
-22.1188989739
-22.0103558456
-21.9013549508
-21.7918962985
-21.6819798757
-21.5716055552
-21.4607732402
-21.3494827762
-21.2377339772
-21.1255266288
-21.0128604915
-20.8997353035
-20.7861507838
-20.6721066353
-20.5576025473
-20.442638198
-20.3272132577
-20.2113273907
-20.0949802582
-19.9781715206
-19.8609008401
-19.7431678828
-19.6249723211
-19.5063138362
-19.3871921205
-19.2676068795
-19.1475578346
-19.0270447252
-18.9060673108
-18.7846253739
-18.662718722
-18.5403463113
-18.4175106603
-18.2942089758
-18.1704421237
-18.0462100545
-17.9215127775
-17.7963503443
-17.6707228522
-17.544630446
-17.4180733214
-17.291051728
-17.1635659716
-17.0356164176
-16.9072034942
-16.7783276952
-16.6489895833
-16.5191897935
-16.3889290365
-16.258208102
-16.1270278625
-15.9953892767
-15.8632933932
-15.7307413549
-15.597734402
-15.4642738769
-15.3303612277
-15.1959980129
-15.0611859054
-14.9259266971
-14.7902223034
-14.6540747677
-14.5174862665
-14.3804591138
-14.2429957664
-14.105098829
-13.9667710588
-13.8280153717
-13.6888348466
-13.5492327318
-13.40921245
-13.2687776041
-13.1279319827
-12.9866795667
-12.845024534
-12.7029712665
-12.5605243557
-12.4176886088
-12.2744690549
-12.1308709511
-11.9868997891
-11.842561301
-11.6978614658
-11.5528065157
-11.4074029425
-11.2616575035
-11.115577228
-10.9691694236
-10.8860795161
-10.7381149105
-11.8343968705
-11.9309823733
-11.9926815166
-12.0272975583
-12.0397996469
-12.0336078551
-12.0112201702
-11.9745470083
-11.9251030888
-11.8641242635
-11.7926422912
-11.7115347531
-11.6215595873
-11.5233797304
-11.4175811727
-11.3046865004
-11.1851652628
-11.059442054
-10.9279029175
-10.7909004946
-10.6487582204
-10.5017737826
-10.3502220056
-10.1943572791
-10.0344156215
-9.8706164487
-9.7031641011
-9.53224917235
-9.35804967222
-9.18073205098
-9.00045210682
-8.81735579366
-8.63157994408
-8.44325291908
-8.25249519484
-8.05941989472
-7.86413327394
-7.66673516279
-7.46731937408
-7.26597407927
-7.06278215771
-6.85782152285
-6.65116542889
-6.44288276142
-6.23303831533
-6.0216930634
-5.80890441892
-5.59472649625
-5.37851529153
-5.15737813581
-4.93513653341
-4.71184493438
-4.48755551644
-4.26231899988
-4.0361849814
-3.80920243232
-3.58142026822
-3.35288799598
-3.12365643507
-2.8937784823
-2.66330982338
-2.43230933741
-2.20083855807
-1.9689585832
-1.73672016827
