0.28872
0.206849669792
0.217282241979
0.227746881268
0.238261648175
0.248821977329
0.259428773782
0.270081736138
0.280779843833
0.29152165722
0.302305501607
0.313129579624
0.323992039403
0.334891015543
0.345824653347
0.356791122789
0.367788626195
0.378815402083
0.389869726661
0.40094991391
0.412054314812
0.423181316063
0.434329338495
0.445496835312
0.456682290226
0.467884215535
0.479101150169
0.4903316577
0.501574324346
0.512827756942
0.524090580894
0.535361438092
0.546638984798
0.557921889474
0.569208830564
0.580498494198
0.591789568711
0.603080757606
0.614370746497
0.625658230567
0.63694189687
0.648220424308
0.659492480495
0.670756727123
0.682011781667
0.693256261712
0.704488765448
0.715707839969
0.726912009077
0.738099755348
0.749269515386
0.760419674601
0.771548560852
0.782654437553
0.793735496154
0.804789847963
0.815815515209
0.826810421276
0.837772380012
0.848699084093
0.859588092125
0.870436814586
0.881242498483
0.892002210367
0.902712817777
0.913371241074
0.923973078029
0.934515264426
0.944993396963
0.955402989486
0.965739217391
0.975996864433
0.986170289492
0.996253387059
1.00623954535
1.01612160245
1.02589180116
1.03554174359
1.04506234694
1.05444380278
1.0636755289
1.07274620172
1.08164366537
1.09035500447
1.09886658145
1.10716413433
1.1152329374
1.12305804416
1.13062463586
1.1379185471
1.14492672538
1.15163831909
1.15804552784
1.16414487318
1.16993860355
1.17543620923
1.1806559248
1.18562603227
1.19038571672
1.19498518955
1.1994848077
1.20395300858
1.20846305651
1.21308883691
1.21790018015
1.22295836499
1.22831246383
1.23399708539
1.24003165168
1.24642124544
1.25315859344
1.26022674439
1.26760195884
1.27525642982
1.28316059163
1.29128490911
1.29960114376
1.30808315795
1.31670734756
1.32545279835
1.33430125213
1.34323695294
1.35224642647
1.36131823004
1.3704426983
1.37961170007
1.38881841495
1.39805713374
1.40732308365
1.41661227746
1.42592138489
1.43524762374
1.44458866842
1.45394257347
1.46330770989
1.47268271226
1.48206643488
1.49145791553
1.50085634549
1.51026104481
1.51967144182
1.52908705625
1.53850748527
1.54793239189
1.55736149542
1.56679456349
1.57623140546
1.58567186686
1.59511582483
1.60456318423
1.61401387436
1.62346784626
1.63292507032
1.64238553434
1.65184924179
1.66131621032
1.67078647054
1.68026006485
1.6897370465
1.69921747869
1.70870143384
1.71818899287
1.72768024462
1.73717528524
1.74667421773
1.75617715143
1.76568420164
1.77519548919
1.78471114008
1.79423128515
1.80375605977
1.81328560353
1.82282005995
1.83235957628
1.84190430316
1.8514543945
