27.67
24.9843422091
26.5671126144
26.8960590278
29.0405073837
30.6087127345
31.7345691286
32.4615553892
32.9286513624
33.2426106937
33.4708730308
33.6517303038
33.8057828082
33.9439194633
34.0718030238
34.1924737772
34.3075872198
34.41808985
34.524559121
34.6273770196
34.7268190955
34.8231004745
34.916399931
35.0068727173
35.094657595
35.1798808468
35.262658696
35.3430988681
35.4213016773
35.4973608393
35.5713641174
35.6433938603
35.7135274644
35.7818377801
35.8483934735
35.9132593508
35.9764966528
36.0381633203
36.0983142366
36.1570014483
36.2142743665
36.2701799507
36.3247628773
36.3780656938
36.4301289597
36.4809913767
36.5306899072
36.5792598845
36.626735113
36.6731479615
36.7185294487
36.7629093222
36.8063161321
36.848777298
36.8903191727
36.9309670993
36.9707454663
37.009677757
37.0477865968
37.0850937968
37.1216203939
37.1573866897
37.1924122851
37.2267161144
37.2603164756
37.2932310603
37.325476981
37.3570707966
37.3880285368
37.4183657253
37.4480974008
37.4772381376
37.5058020651
37.5338028851
37.5612538899
37.588167978
37.6145576696
37.6404351212
37.6658121396
37.6907001948
37.7151104327
37.739053687
37.7625404904
37.7855810854
37.8081854347
37.8303632308
37.8521239055
37.8734766388
37.8944303673
37.9149937925
37.9351753886
37.9549834099
37.9744258976
37.9935106875
38.0122454156
38.030637525
38.0486942717
38.0664227305
38.0838298003
38.1009222098
38.1177065225
38.1341891413
38.1503763139
38.1662741368
38.1818885598
38.1972253906
38.2122902536
38.2270887739
38.2416263105
38.2559081412
38.2699394199
38.2837251811
38.2972703421
38.3105797072
38.3236579699
38.3365097164
38.3491394286
38.3615514862
38.3737501701
38.3857396644
38.3975240596
38.4091073543
38.4204934581
38.4316861938
38.4426892992
38.4535064299
38.4641411608
38.4745969885
38.4848773331
38.4949855401
38.5049248824
38.5146985619
38.5243097111
38.5337613953
38.5430566138
38.5521983017
38.5611893312
38.5700325135
38.5787305999
38.5872862834
38.5957022002
38.6039809305
38.6121250007
38.6201368839
38.6280190014
38.635773724
38.643403373
38.6509102217
38.6582964959
38.6655643756
38.6727159955
38.6797534467
38.686678777
38.6934939923
38.7002010574
38.7068018971
38.7132983967
38.7196924035
38.7259857269
38.73218014
38.7382773799
38.7442791485
38.7501871138
38.7560029098
38.7617281382
38.7673643683
38.7729131382
38.7783759552
38.7837542967
38.7890496106
38.7942633164
38.799396805
38.8044514404
38.8094285591
38.8143294717
38.819155463
38.8239077923
38.8285876945
38.8331963803
38.8377350367
38.8422048276
38.8466068944
38.8509423561
38.8552123101
38.8594178326
38.863559979
38.8676397842
38.8716582634
38.8756164121
38.8795152067
38.8833556051
38.8871385465
38.8908649524
38.8945357267
38.8981517561
38.9017139104
38.9052230428
38.9086799904
38.9120855745
38.9154406009
