13.278
28.8197305205
28.9044238889
29.0113764618
29.1383942737
29.2835785064
29.4452788646
29.6220535721
29.8126358198
30.0159059354
30.2308683972
30.4566328669
30.6923985242
30.9374411032
31.1911021408
31.4527800354
31.721922593
31.998020798
32.2806035944
32.5692335035
32.8635029368
33.1630310858
33.4674612929
33.7764588242
34.0897089753
34.4069154586
34.7277990209
35.0520962568
35.3795585816
35.7099513378
36.0430530117
36.3786545402
36.7165586916
37.0565795056
37.3985417832
37.7422806142
38.0876409365
38.4344771201
38.7826525702
39.132039346
39.4825177917
39.8339761774
40.1863103481
40.539423379
40.8932252379
41.2476324823
41.602567815
41.9579599385
42.3137431238
42.6698569308
43.0262459066
43.3828592913
43.739650732
44.0965780048
44.4536027464
44.8106901947
45.1678089396
45.5249306835
45.8820300129
46.23908418
46.5960728834
46.9529781314
47.309783936
47.6664762582
48.0230427825
48.3794702111
48.7357569635
49.0918873041
49.4478570077
49.8036603206
50.1592924433
50.5147494323
50.8700281092
51.225125977
51.5800411438
51.9347722535
52.2893184222
52.6436791805
52.9978544218
53.3518443552
53.7056494628
54.0592704621
54.4127082718
54.7659639812
55.1190388236
55.4719341517
55.8246514167
56.1771921497
56.5295579447
56.8817504445
57.2337713283
57.5856223002
57.9373050803
58.2888213963
58.6401729764
58.9913615436
59.3423888107
59.6932564757
60.043966219
60.3945196996
60.7449185538
61.0951643923
61.4452587997
61.7952033327
62.1449995195
62.4946488597
62.8441528231
63.1935128503
63.5427303525
63.8918067115
64.2407432802
64.5895413826
64.9382023147
65.2867273444
65.6351177124
65.9833746328
66.3314992932
66.6794928557
67.0273564575
67.3750912112
67.7226982055
68.0701785061
68.4175331557
68.7647631752
69.1118695638
69.4588532998
69.8057153408
70.1524566249
70.4990780705
70.8455805772
71.1919650261
71.5382322803
71.8843831855
72.2304185702
72.5763392464
72.9221460098
73.26783964
73.6134209015
73.9588905434
74.3042493003
74.6494978922
74.9946370251
75.3396673912
75.6845896694
76.0294045253
76.3741126118
76.7187145692
77.0632110254
77.4076025964
77.7518898864
78.0960734881
78.4401539828
78.7841319409
79.128007922
79.471782475
79.8154561383
80.1590294404
80.5025028997
80.8458770247
81.1891523144
81.5323292584
81.875408337
82.2183900216
82.5612747744
82.9040630492
83.246755291
83.5893519365
83.9318534142
84.2742601442
84.6165725389
84.9587910028
85.3009159327
85.6429477178
85.9848867398
86.3267333733
86.6684879855
87.0101509367
87.35172258
87.6932032621
88.0345933225
88.3758930943
88.7171029043
89.0582230724
89.3992539126
89.7401957326
90.0810488339
90.4218135121
90.7624900568
91.1030787517
91.443579875
91.783993699
92.1243204906
92.4645605111
92.8047140163
93.144781257
93.4847624784
93.8246579206
94.1644678189
94.5041924032
94.8438318986
