5.93417587878
5.93162347193
5.92907301695
5.92652451589
5.9239779708
5.92143338369
5.91889075659
5.9163500915
5.91381139042
5.91127465533
5.9087398882
5.90620709099
5.90367626567
5.90114741417
5.89862053843
5.89609564038
5.89357272193
5.891051785
5.88853283148
5.88601586327
5.88350088225
5.8809878903
5.87847688929
5.87596788108
5.87346086751
5.87095585045
5.86845283172
5.86595181315
5.86345279657
5.86095578379
5.85846077662
5.85596777685
5.85347678629
5.85098780671
5.84850083989
5.84601588761
5.84353295162
5.84105203367
5.83857313552
5.8360962589
5.83362140554
5.83114857716
5.82867777548
5.82620900221
5.82374225904
5.82127754766
5.81881486976
5.81635422701
5.81389562107
5.8114390536
5.80898452624
5.80653204064
5.80408159841
5.80163320119
5.79918685059
5.79674254819
5.7943002956
5.79186009439
5.78942194614
5.78698585241
5.78455181475
5.78211983469
5.77968991378
5.77726205352
5.77483625542
5.77241252099
5.7699908517
5.76757124904
5.76515371445
5.76273824939
5.76032485531
5.75791353361
5.75550428572
5.75309711302
5.75069201692
5.74828899878
5.74588805995
5.74348920178
5.74109242561
5.73869773274
5.73630512448
5.73391460211
5.7315261669
5.72913982011
5.72675556298
5.72437339672
5.72199332255
5.71961534165
5.7172394552
5.71486566435
5.71249397023
5.71012437397
5.70775687667
5.70539147941
5.70302818325
5.70066698924
5.69830789839
5.69595091173
5.69359603022
5.69124325484
5.68889258653
5.6865440262
5.68419757477
5.6818532331
5.67951100206
5.67717088248
5.67483287517
5.67249698091
5.67016320048
5.66783153461
5.66550198402
5.66317454941
5.66084923143
5.65852603074
5.65620494795
5.65388598365
5.65156913841
5.64925441276
5.64694180723
5.64463132229
5.64232295841
5.64001671602
5.63771259552
5.63541059729
5.63311072168
5.63081296901
5.62851733956
5.62622383361
5.62393245139
5.62164319311
5.61935605893
5.61707104901
5.61478816347
5.61250740268
5.61022876669
5.60795226326
5.60567789194
5.60340565226
5.60113554373
5.59886756584
5.59660171806
5.59433799981
5.59207641052
5.58981694955
5.58755961626
5.58530440997
5.58305132997
5.58080037553
5.57855154586
5.57630484018
5.57406025766
5.57181779742
5.56957745864
5.56733924044
5.56510314195
5.56286916225
5.56063730043
5.55840755553
5.55617992658
5.55395441259
5.55173101254
5.54950972541
5.54729055013
5.54507348564
5.54285853085
5.54064568465
5.53843494591
5.5362263135
5.53401978625
5.53181536298
5.52961304252
5.52741282363
5.52521470512
5.52301868572
5.52082476419
5.51863293926
5.51644320964
5.51425557403
5.51207003111
5.50988657954
5.50770521799
5.50552594507
5.50334875941
5.5011736596
5.49900064421
5.49682971182
5.49466086094
5.4924940901
5.49032939777
5.48816678241
5.48600624245
5.48384777627
5.48169138222
5.4795370586
5.47738480364
5.47523461552
5.47308649235
5.47094043211
5.46879643268
5.46665449177
