0.100890210806
0.100976897352
0.101105378793
0.101272567194
0.101475674619
0.101712164908
0.101979717719
0.102276200509
0.10259964598
0.102948233484
0.103320273439
0.103714194096
0.104128530225
0.104561913354
0.105013063315
0.105480780878
0.105963941319
0.106461488763
0.106972431205
0.107495836093
0.108030826415
0.108576577185
0.109132312305
0.109697301721
0.110270858852
0.110852338229
0.111441133347
0.112036674658
0.112638427725
0.113245891482
0.113858596606
0.114476103972
0.115098003196
0.115723911229
0.116353471024
0.11698635025
0.117622240056
0.118260853871
0.118901926252
0.119545211768
0.120190483916
0.120837534073
0.121486170485
0.122136217285
0.122787513547
0.123439912368
0.124093279995
0.124747494968
0.12540244731
0.126058037748
0.12671417696
0.127370784868
0.128027789952
0.128685128607
0.129342744528
0.130000588129
0.130658615996
0.131316790369
0.131975078655
0.132633452974
0.133291889734
0.133950369228
0.13460887527
0.135267394845
0.135925917796
0.136584436558
0.137242945743
0.13790144212
0.138559924224
0.139218392189
0.139876847555
0.140535293095
0.141193732653
0.141852171007
0.14251061373
0.143169067083
0.143827537902
0.144486033509
0.145144561624
0.145803130294
0.146461747827
0.147120422728
0.147779163653
0.148437979364
0.149096878686
0.149755870473
0.150414963582
0.151074166844
0.151733489047
0.15239293891
0.153052525075
0.153712256092
0.154372140404
0.155032186348
0.155692402138
0.156352795868
0.157013375503
0.157674148881
0.158335123706
0.158996307553
0.159657707864
0.160319331948
0.160981186989
0.161643280037
0.16230561802
0.162968207739
0.163631055876
0.164294168991
0.164957553529
0.165621215822
0.16628516209
0.166949398447
0.167613930901
0.168278765359
0.168943907628
0.169609363421
0.170275138355
0.17094123796
0.171607667675
0.172274432856
0.172941538777
0.17360899063
0.174276793532
0.174944952523
0.175613472572
0.176282358575
0.176951615362
0.177621247694
0.178291260271
0.178961657727
0.179632444639
0.180303625522
0.180975204835
0.181647186982
0.182319576313
0.182992377127
0.18366559367
0.18433923014
0.185013290686
0.185687779413
0.186362700379
0.187038057596
0.187713855038
0.188390096633
0.18906678627
0.189743927801
0.190421525035
0.191099581747
0.191778101676
0.192457088523
0.193136545955
0.193816477609
0.194496887084
0.195177777951
0.195859153748
0.196541017983
0.197223374134
0.197906225652
0.198589575959
0.199273428447
0.199957786484
0.200642653412
0.201328032545
0.202013927175
0.202700340567
0.203387275964
0.204074736585
0.204762725626
0.205451246261
0.206140301643
0.206829894903
0.207520029152
0.208210707479
0.208901932955
0.20959370863
0.210286037536
0.210978922687
0.211672367077
0.212366373684
0.213060945467
0.213756085368
0.214451796314
0.215148081214
0.215844942962
0.216542384434
0.217240408493
0.217939017986
0.218638215745
0.219338004588
0.220038387318
0.220739366724
0.221440945583
0.222143126657
0.222845912693
0.223549306429
0.224253310588
0.224957927881
0.225663161006
0.226369012649
0.227075485486
