60.6323367975
60.5587592068
60.4861777807
60.4161920706
60.3486835607
60.2835513623
60.2207006857
60.1600405392
60.1014832355
60.0449442457
59.9903421142
59.9375983816
59.8866375046
59.8373867727
59.7897762233
59.7437385555
59.6992090385
59.6561254293
59.6144278841
59.5740588727
59.5349630945
59.4970874001
59.4603806993
59.4247938908
59.3902797942
59.3567930642
59.3242901232
59.2927290929
59.2620697269
59.2322733473
59.2033027822
59.1751223062
59.1476975831
59.1209956108
59.0949846678
59.0696342625
59.0449150843
59.0207989561
58.9972587895
58.9742685413
58.9518031719
58.9298386055
58.9083516915
58.8873201682
58.8667226271
58.8465384796
58.8267479245
58.8073319169
58.7882721382
58.7695509682
58.7511514573
58.7330573002
58.7152528112
58.6977228998
58.6804530477
58.6634292867
58.6466381771
58.6300667881
58.6137026774
58.5975338731
58.5815488555
58.5657365398
58.5500862597
58.5345877515
58.5192311387
58.5040069177
58.4889059435
58.4739194164
58.459038869
58.4442561539
58.4295634315
58.4149531589
58.4004180786
58.3859512081
58.3715458299
58.3571954814
58.3428939456
58.3286352423
58.3144136195
58.3002235445
58.2860596965
58.2719169586
58.2577904107
58.2436753217
58.2295671435
58.2154615037
58.2013541997
58.1872411924
58.1731186004
58.1589826942
58.144829891
58.130656749
58.116459963
58.1022363591
58.0879828899
58.0736966306
58.0593747739
58.0450146264
58.0306136041
58.0161692291
58.0016791252
57.9871410147
57.972552715
57.9579121348
57.9432172714
57.9284662072
57.9136571069
57.8987882146
57.8838578508
57.86886441
57.8538063579
57.8386822292
57.8234906246
57.8082302092
57.7928997097
57.7774979125
57.7620236615
57.7464758563
57.7308534499
57.7151554472
57.699380903
57.6835289197
57.6675986474
57.6515892804
57.6355000561
57.6193302543
57.6030791945
57.5867462357
57.5703307741
57.5538322425
57.5372501084
57.5205838734
57.5038330715
57.4869972683
57.4700760598
57.4530690713
57.4359759563
57.418796396
57.4015300976
57.3841767939
57.3667362426
57.3492082244
57.3315925434
57.3138890258
57.2960975189
57.2782178908
57.2602500294
57.2421938418
57.2240492537
57.2058162084
57.1874946667
57.169084606
57.1505860197
57.131998917
57.1133233215
57.0945592716
57.0757068197
57.0567660317
57.0377369861
57.0186197744
56.9994144999
56.9801212776
56.960740234
56.9412715061
56.9217152418
56.9020715988
56.8823407447
56.8625228564
56.8426181203
56.822626731
56.802548892
56.7823848147
56.7621347187
56.741798831
56.7213773858
56.7008706246
56.6802787957
56.6596021539
56.6388409605
56.6179954828
56.597065994
56.5760527732
56.5549561046
56.5337762781
56.5125135887
56.4911683359
56.4697408245
56.4482313636
56.4266402667
56.4049678516
56.3832144403
56.3613803586
56.3394659363
56.3174715068
56.2953974068
56.2732439768
56.2510115604
56.2287005044
56.2063111586
56.1838438757
