290.808373481
289.677705713
288.546836151
287.415833869
286.284762125
285.153681027
284.02264806
282.891718333
281.760944771
280.630378287
279.500067928
278.370061022
277.240403302
276.11113902
274.982311057
273.853961015
272.726129312
271.598855259
270.472177139
269.346132275
268.220757096
267.096087195
265.972157388
264.849001761
263.726653723
262.605146045
261.484510909
260.364779941
259.24598425
258.128154462
257.011320754
255.89551288
254.780760206
253.667091729
252.554536109
251.443121689
250.332876522
249.223828386
248.116004811
247.009433093
245.904140317
244.800153372
243.697498968
242.596203651
241.496293823
240.39779575
239.300735581
238.20513936
237.111033039
236.018442488
234.927393514
233.837911865
232.750023246
231.663753328
230.579127759
229.496172174
228.414912205
227.335373492
226.25758169
225.18156248
224.107341579
223.034944745
221.964397791
220.895726587
219.828957075
218.764115271
217.701227279
216.640319294
215.581417611
214.524548633
213.46973888
212.417014995
211.366403751
210.317932057
209.271626969
208.227515694
207.18562561
206.145984226
205.108619258
204.07355859
203.040830293
202.01046263
200.982484065
199.956923269
198.933809123
197.913170729
196.895037417
195.879438746
194.866404515
193.855964768
192.848149799
191.842990162
190.840516672
189.840760414
188.843752748
187.849525317
186.858110049
185.869539167
184.883845191
183.901060945
182.921219564
181.944354498
180.970499514
179.999688709
179.031956507
178.067337668
177.105867292
176.147580823
175.192514055
174.240703132
173.292184557
172.346995195
171.405172272
170.466753384
169.531776496
168.600279947
167.672302453
166.747883106
165.82706138
164.909877129
163.996370592
163.086582389
162.180553526
161.278325393
160.379939763
159.485438792
158.594865019
157.70826136
156.825671111
155.947137942
155.072705891
154.202419367
153.336323137
152.468725325
151.605424502
150.613186056
149.628902916
148.652107238
147.682448784
146.719680497
145.763635704
144.814208038
143.871335732
142.934989817
142.005165359
141.081874963
140.165143959
139.255006819
138.351504493
137.454682409
136.564588997
135.681274577
134.804790553
133.935188815
133.072521322
132.21683981
131.368195612
130.526639553
129.692221917
128.864992466
128.045000506
127.232294992
126.426924669
125.628938241
124.838384578
124.055312947
123.279773274
122.511816449
121.751494655
120.99886174
120.253973642
119.516888854
118.787668955
118.066379207
117.353089228
116.647873767
115.950813581
115.261996444
114.581518318
113.9094847
113.246012209
112.591230431
111.945284116
111.3083359
110.680570823
110.062198094
109.453456256
108.854618769
108.266000948
107.687968656
107.120949346
106.565446276
106.022057119
105.491498761
104.974641071
104.472554075
103.986575854
103.518413998
103.070304298
102.645274233
