2065.13890348
2068.52528731
2071.00517525
2072.75902375
2073.93174082
2074.63966562
2074.97618001
2075.01621995
2074.81990036
2074.43543426
2073.90147354
2073.24899208
2072.50279917
2071.68275551
2070.80475023
2069.88148579
2068.92304216
2067.93766109
2066.93171374
2065.91031659
2064.87759618
2063.83676324
2062.79037893
2061.7404637
2060.68860589
2059.63604875
2058.58376021
2057.53248875
2056.48280815
2055.43515327
2054.38984878
2053.34713199
2052.30717121
2051.27008037
2050.23593064
2049.20475916
2048.17657845
2047.15138006
2046.12914007
2045.10982284
2044.09338392
2043.07977235
2042.06893254
2041.06080564
2040.05533071
2039.05244559
2038.05208756
2037.05419388
2036.05870219
2035.06555079
2034.07467891
2033.08602684
2032.09953604
2031.11514927
2030.13281061
2029.15246546
2028.17406063
2027.19754427
2026.22285072
2025.24996254
2024.27881546
2023.30936282
2022.34155927
2021.37536138
2020.41072554
2019.44761012
2018.48597467
2017.52577982
2016.56698727
2015.60955975
2014.65346103
2013.69865584
2012.74510987
2011.79278973
2010.84166295
2009.89169791
2008.94286387
2007.99513089
2007.04846985
2006.10285241
2005.15825098
2004.21463872
2003.2719895
2002.33027788
2001.3894791
2000.44956909
1999.51052437
1998.57232212
1997.63494011
1996.69835672
1995.76255086
1994.82750205
1993.89319033
1992.95959625
1992.0267009
1991.09448586
1990.16293321
1989.23202547
1988.30174566
1987.37207722
1986.44300404
1985.51451043
1984.58658112
1983.65920123
1982.73235628
1981.80603218
1980.88021518
1979.95489194
1979.03004942
1978.10567497
1977.18175622
1976.25828118
1975.33523813
1974.4126157
1973.49040277
1972.56858856
1971.64716254
1970.72611446
1969.80543437
1968.88511254
1967.96513952
1967.0455061
1966.12620331
1965.20722243
1964.28855495
1963.37019258
1962.45212728
1961.53435119
1960.61685666
1959.69963625
1958.78268272
1957.865989
1956.94954821
1956.03335368
1955.11739887
1954.20167745
1953.28618323
1952.3709096
1951.45585145
1950.54100305
1949.6263588
1948.71191326
1947.79766116
1946.88359736
1945.96971683
1945.05601472
1944.14248627
1943.22912688
1942.31593204
1941.40289738
1940.49001864
1939.57729166
1938.66471241
1937.75227695
1936.83998145
1935.92782219
1935.01579552
1934.10389791
1933.19212592
1932.2804762
1931.36894547
1930.45753057
1929.54622839
1928.63503591
1927.72395022
1926.81296844
1925.90208779
1924.99130556
1924.08061912
1923.17002589
1922.25952337
1921.34910913
1920.43878079
1919.52853605
1918.61837265
1917.70828841
1916.79828119
1915.88834891
1914.97848956
1914.06870117
1913.15898182
1912.24932965
1911.33974283
1910.4302196
1909.52075823
1908.61135705
1907.70201443
1906.79272878
1905.88349854
1904.97432222
1904.06519833
1903.15612547
1902.24710222
1901.33812779
1900.42920015
1899.5203181
1898.61148037
1897.70268578
1896.79393315
1895.88522135
