-0.0536859628793
-0.0469052823903
-0.0478383069967
-0.0492087136168
-0.0494409663321
-0.0494273871274
-0.049451693526
-0.0494514427988
-0.0494395282038
-0.0494233286624
-0.0494065881141
-0.0493909995051
-0.0493772046882
-0.049365329656
-0.0493552884687
-0.0493468982592
-0.0493399541544
-0.0493342566503
-0.0493296231648
-0.0493258916286
-0.0493229204521
-0.0493205869951
-0.049318785537
-0.0493174251972
-0.0493164279939
-0.0493157271061
-0.04931526535
-0.0493149938558
-0.0493148709248
-0.0493148610433
-0.0493149340322
-0.0493150643144
-0.0493152302817
-0.0493154137483
-0.0493155994785
-0.0493157747785
-0.0493159291422
-0.0493160539463
-0.0493161421847
-0.0493161882394
-0.0493161876817
-0.0493161371008
-0.0493160339542
-0.0493158764391
-0.0493156633812
-0.0493153941378
-0.0493150685146
-0.049314686694
-0.0493142491723
-0.0493137567066
-0.0493132102683
-0.0493126110036
-0.0493119601988
-0.0493112592518
-0.049310509646
-0.0493097129294
-0.0493088706963
-0.0493079845711
-0.0493070561957
-0.0493060872182
-0.0493050792829
-0.0493040340233
-0.0493029530548
-0.0493018379697
-0.0493006903327
-0.0492995116771
-0.0492983035023
-0.0492970672712
-0.0492958044086
-0.0492945163005
-0.0492932042923
-0.0492918696891
-0.049290513755
-0.0492891377134
-0.0492877427471
-0.0492863299986
-0.0492849005708
-0.0492834555272
-0.0492819958935
-0.0492805226572
-0.0492790367697
-0.0492775391462
-0.0492760306671
-0.0492745121791
-0.0492729844958
-0.0492714483987
-0.0492699046387
-0.0492683539365
-0.0492667969838
-0.0492652344443
-0.0492636669546
-0.0492620951251
-0.0492605195411
-0.0492589407633
-0.049257359329
-0.0492557757531
-0.0492541905284
-0.0492526041269
-0.0492510170002
-0.0492494295805
-0.0492478422814
-0.0492462554984
-0.0492446696097
-0.0492430849766
-0.0492415019446
-0.0492399208438
-0.0492383419897
-0.0492367656827
-0.0492351922104
-0.0492336218468
-0.0492320548536
-0.0492304914799
-0.0492289319636
-0.049227376531
-0.0492258253979
-0.0492242787697
-0.0492227368416
-0.0492211997997
-0.0492196678205
-0.049218141072
-0.0492166197136
-0.0492151038966
-0.0492135937645
-0.0492120894534
-0.0492105910919
-0.0492090988022
-0.0492076126993
-0.0492061328922
-0.0492046594838
-0.0492031925708
-0.0492017322445
-0.0492002785908
-0.0491988316904
-0.0491973916187
-0.0491959584467
-0.0491945322406
-0.0491931130622
-0.0491917009691
-0.0491902960147
-0.0491888982486
-0.0491875077165
-0.0491861244608
-0.04918474852
-0.0491833799296
-0.0491820187218
-0.0491806649257
-0.0491793185676
-0.0491779796707
-0.0491766482557
-0.0491753243408
-0.0491740079413
-0.0491726990705
-0.0491713977393
-0.0491701039562
-0.0491688177279
-0.0491675390587
-0.0491662679514
-0.0491650044064
-0.0491637484228
-0.0491624999976
-0.0491612591264
-0.0491600258032
-0.0491588000204
-0.0491575817689
-0.0491563710383
-0.0491551678169
-0.0491539720916
-0.0491527838482
-0.0491516030713
-0.0491504297443
-0.0491492638497
-0.0491481053687
-0.0491469542818
-0.0491458105685
-0.0491446742071
-0.0491435451756
-0.0491424234506
-0.0491413090084
-0.0491402018243
-0.0491391018728
-0.049138009128
-0.0491369235631
-0.0491358451508
-0.0491347738634
-0.0491337096722
-0.0491326525483
-0.0491316024622
-0.049130559384
-0.0491295232832
-0.0491284941289
-0.04912747189
-0.0491264565347
-0.049125448031
-0.0491244463466
-0.0491234514487
-0.0491224633045
-0.0491214818805
-0.0491205071433
-0.049119539059
-0.0491185775936
-0.0536859628793
-0.0469052823903
-0.0478383069967
-0.0492087136168
-0.0494409663321
-0.0494273871274
-0.049451693526
-0.0494514427988
-0.0494395282038
-0.0494233286624
-0.0494065881141
-0.0493909995051
-0.0493772046882
-0.049365329656
-0.0493552884687
-0.0493468982592
-0.0493399541544
-0.0493342566503
-0.0493296231648
-0.0493258916286
-0.0493229204521
-0.0493205869951
-0.049318785537
-0.0493174251972
-0.0493164279939
-0.0493157271061
-0.04931526535
-0.0493149938558
-0.0493148709248
-0.0493148610433
-0.0493149340322
-0.0493150643144
-0.0493152302817
-0.0493154137483
-0.0493155994785
-0.0493157747785
-0.0493159291422
-0.0493160539463
-0.0493161421847
-0.0493161882394
-0.0493161876817
-0.0493161371008
-0.0493160339542
-0.0493158764391
-0.0493156633812
-0.0493153941378
-0.0493150685146
-0.049314686694
-0.0493142491723
-0.0493137567066
-0.0493132102683
-0.0493126110036
-0.0493119601988
-0.0493112592518
-0.049310509646
-0.0493097129294
-0.0493088706963
-0.0493079845711
-0.0493070561957
-0.0493060872182
-0.0493050792829
-0.0493040340233
-0.0493029530548
-0.0493018379697
-0.0493006903327
-0.0492995116771
-0.0492983035023
-0.0492970672712
-0.0492958044086
-0.0492945163005
-0.0492932042923
-0.0492918696891
-0.049290513755
-0.0492891377134
-0.0492877427471
-0.0492863299986
-0.0492849005708
-0.0492834555272
-0.0492819958935
-0.0492805226572
-0.0492790367697
-0.0492775391462
-0.0492760306671
-0.0492745121791
-0.0492729844958
-0.0492714483987
-0.0492699046387
-0.0492683539365
-0.0492667969838
-0.0492652344443
-0.0492636669546
-0.0492620951251
-0.0492605195411
-0.0492589407633
-0.049257359329
-0.0492557757531
-0.0492541905284
-0.0492526041269
-0.0492510170002
-0.0492494295805
-0.0492478422814
-0.0492462554984
-0.0492446696097
-0.0492430849766
-0.0492415019446
-0.0492399208438
-0.0492383419897
-0.0492367656827
-0.0492351922104
-0.0492336218468
-0.0492320548536
-0.0492304914799
-0.0492289319636
-0.049227376531
-0.0492258253979
-0.0492242787697
-0.0492227368416
-0.0492211997997
-0.0492196678205
-0.049218141072
-0.0492166197136
-0.0492151038966
-0.0492135937645
-0.0492120894534
-0.0492105910919
-0.0492090988022
-0.0492076126993
-0.0492061328922
-0.0492046594838
-0.0492031925708
-0.0492017322445
-0.0492002785908
-0.0491988316904
-0.0491973916187
-0.0491959584467
-0.0491945322406
-0.0491931130622
-0.0491917009691
-0.0491902960147
-0.0491888982486
-0.0491875077165
-0.0491861244608
-0.04918474852
-0.0491833799296
-0.0491820187218
-0.0491806649257
-0.0491793185676
-0.0491779796707
-0.0491766482557
-0.0491753243408
-0.0491740079413
-0.0491726990705
-0.0491713977393
-0.0491701039562
-0.0491688177279
-0.0491675390587
-0.0491662679514
-0.0491650044064
-0.0491637484228
-0.0491624999976
-0.0491612591264
-0.0491600258032
-0.0491588000204
-0.0491575817689
-0.0491563710383
-0.0491551678169
-0.0491539720916
-0.0491527838482
-0.0491516030713
-0.0491504297443
-0.0491492638497
-0.0491481053687
-0.0491469542818
-0.0491458105685
-0.0491446742071
-0.0491435451756
-0.0491424234506
-0.0491413090084
-0.0491402018243
-0.0491391018728
-0.049138009128
-0.0491369235631
-0.0491358451508
-0.0491347738634
-0.0491337096722
-0.0491326525483
-0.0491316024622
-0.049130559384
-0.0491295232832
-0.0491284941289
-0.04912747189
-0.0491264565347
-0.049125448031
-0.0491244463466
-0.0491234514487
-0.0491224633045
-0.0491214818805
-0.0491205071433
-0.049119539059
-0.0491185775936
