1.384e-05
0.000516001730611
0.000514902406972
0.000513807711797
0.000512716993979
0.000511629788458
0.000510547605758
0.000509469314547
0.000508386288942
0.000507310526772
0.000506237260594
0.000505166409709
0.000504097912051
0.000503031719578
0.000501967794869
0.000500906108561
0.00049984663752
0.000498789363284
0.000497734271047
0.000496681348807
0.00049563008371
0.000494581465452
0.000493534994978
0.000492490665493
0.000491448471377
0.000490408407839
0.000489370470685
0.000488334656163
0.000487300960842
0.000486269381538
0.000485239915245
0.000484212559089
0.000483187829462
0.00048216468913
0.00048114364881
0.000480124706732
0.000479107860752
0.000478093108516
0.000477080447548
0.000476069875293
0.00047506807032
0.000474055104101
0.000473050728956
0.000472048455959
0.000471048271415
0.000470050166572
0.00046905413534
0.00046806017307
0.00046706827589
0.000466078440334
0.000465090663144
0.000464104941162
0.00046312127127
0.000462139650356
0.000461160075299
0.000460182542958
0.000459207050169
0.000458233593741
0.000457262170459
0.000456292777078
0.00045532541033
0.000454360066918
0.000453396743523
0.000452435436801
0.000451476143385
0.000450518859885
0.000449563582891
0.00044861030897
0.000447659034673
0.000446709756528
0.000445762471048
0.000444817174728
0.000443873864045
0.000442932535461
0.000441993185425
0.000441055810369
0.000440120406712
0.000439186970863
0.000438255499214
0.000437325988149
0.000436398434041
0.000435472833251
0.00043454918213
0.000433627477023
0.000432707714264
0.000431789794507
0.000430874000996
0.000429959947158
0.000429048012735
0.000428137810688
0.000427229720345
0.000426323355154
0.00042541909399
0.000424516645991
0.000423616103995
0.000422717463421
0.000421820720626
0.000420925871927
0.000420032913614
0.000419141841963
0.000418252653246
0.000417365343726
0.000416479909665
0.000415596347323
0.000414714652959
0.000413834822834
0.000412956853205
0.000412080740333
0.000411206480479
0.000410334069902
0.000409463504867
0.000408594781637
0.000407727896477
0.000406862845656
0.000405999625443
0.00040513823211
0.000404278661932
0.000403420911186
0.000402564976151
0.000401710853112
0.000400858538353
0.000400008028165
0.00039915931884
0.000398312406675
0.000397467287971
0.000396623959032
0.000395782416166
0.000394942655685
0.000394104673907
0.000393268467153
0.000392434031747
0.000391601364021
0.000390770460309
0.000389941316951
0.000389113930292
0.000388288296682
0.000387464412475
0.000386642274031
0.000385821877715
0.000385003219898
0.000384186296956
0.00038337110527
0.000382557641227
0.000381745901219
0.000380935881645
0.000380127578908
0.000379320989418
0.000378516109591
0.000377712935848
0.000376911464615
0.000376111692327
0.000375313615423
0.000374517230348
0.000373722533552
0.000372929521495
0.000372138190639
0.000371348537455
0.000370560558418
0.000369774250012
0.000368989608725
0.000368206631051
0.000367424923778
0.000366645260681
0.000365867252244
0.000365090894294
0.000364316182982
0.000363543114637
0.000362771685688
0.00036200189262
0.000361233731954
0.000360467200231
0.000359702294008
0.000358939009852
0.000358177344339
0.000357417294055
0.000356658855591
0.000355902025544
0.000355146800522
0.000354393177136
0.000353641152005
0.000352890721755
0.000352141883018
0.000351394632432
0.000350648966645
0.000349904882307
0.000349162376077
0.000348421444622
0.000347682084614
0.00034694429273
0.000346208065658
0.000345473400088
0.000344740292721
0.00034400874026
0.000343278739419
0.000342550286917
0.000341823379478
0.000341098013835
0.000340374186727
0.000339652223359
0.000338931154344
