12.8850380058
16.7832898746
20.8907803151
24.335823656
26.8339294318
28.4359614379
29.3462901752
29.8244053729
30.0592640956
30.165290824
30.2058273809
30.2143265617
30.2079645237
30.1953604676
30.1807196667
30.1659998892
30.1520298469
30.1390823572
30.1271662691
30.1161739001
30.1059544059
30.0963493486
30.0872090162
30.0783990895
30.0698025514
30.0613193431
30.0528650399
30.0443691773
30.0357735351
30.0270305193
30.018101697
30.0089564995
29.9995710867
29.9899273621
29.980012119
29.9698163047
29.9593343856
29.9485638001
29.9375044875
29.9261584823
29.914529565
29.9026229618
29.8904450856
29.8780033142
29.865305799
29.8523613014
29.8391790519
29.8257686302
29.8121398625
29.7983027331
29.784267311
29.7700436857
29.7556419145
29.7410719774
29.7263437394
29.7114669199
29.6964510663
29.6813055338
29.6660394683
29.6506617928
29.6351811978
29.6196061332
29.6039448033
29.5882051629
29.572394916
29.5565215151
29.5405921617
29.5246138089
29.508593163
29.4925366878
29.4764506076
29.4603409122
29.4442133615
29.4280734903
29.4119266139
29.3957778335
29.3796320418
29.3634939286
29.3473679868
29.3312585177
29.3151696373
29.2991052817
29.2830692126
29.2670650233
29.2510961442
29.2351658476
29.2192772537
29.2034333357
29.1876369244
29.1718907139
29.1561972657
29.140559014
29.12497827
29.1094572265
29.093997962
29.0786024454
29.0632725393
29.0480100049
29.0328165049
29.0176936079
29.0026427918
28.9876654471
28.9727628802
28.9579363171
28.9431869061
28.9285157209
28.913923764
28.8994119688
28.8849812026
28.8706322694
28.8563659123
28.842182816
28.828083609
28.8140688662
28.8001391107
28.7862948162
28.7725364088
28.7588642694
28.745278735
28.7317801009
28.7183686225
28.7050445167
28.6918079638
28.6786591089
28.6655980635
28.6526249068
28.6397396875
28.6269424245
28.6142331089
28.6016117047
28.5890781502
28.5766323594
28.5642742227
28.552003608
28.5398203623
28.5277243119
28.5157152638
28.5037930067
28.4919573115
28.4802079326
28.4685446082
28.4569670617
28.4454750019
28.4340681239
28.42274611
28.4115086302
28.4003553429
28.3892858952
28.378299924
28.3673970565
28.3565769102
28.3458390941
28.335183209
28.3246088475
28.3141155954
28.3037030313
28.2933707275
28.2831182503
28.2729451602
28.2628510127
28.2528353583
28.242897743
28.2330377086
28.223254793
28.2135485308
28.2039184532
28.1943640882
28.1848849615
28.1754805961
28.1661505131
28.1568942314
28.1477112684
28.1386011399
28.1295633604
28.1205974437
28.1117029022
28.102879248
28.0941259927
28.0854426473
28.0768287229
28.0682837305
28.0598071812
28.0513985866
28.0430574584
28.034783309
28.0265756516
28.018434
28.0103578691
28.0023467747
27.9944002336
27.986517764
27.9786988855
27.9709431188
27.9632499864
27.9556190121
27.9480497214
27.9405416418
27.9330943021
27.9257072333
27.9183799683
