27.8032890672
27.8857442216
27.9801973516
28.0858174418
28.2018558108
28.3276324053
28.4625256284
28.6059644512
28.7574220907
28.91641082
29.0824776385
29.2552006148
29.4341857724
29.6190644201
29.8094908532
30.0051403638
30.2057075147
30.4109046336
30.6204604975
30.8341191778
31.0516390215
31.2727917509
31.4973616611
31.7251449036
31.9559488414
32.1895914652
32.4259008612
32.6647147233
32.9058799013
33.1492519809
33.3946948894
33.6420805237
33.8912883966
34.1422052993
34.3947249764
34.6487478135
34.9041805336
35.1609359034
35.4189324472
35.6780941677
35.9383502747
36.1996349196
36.4618869371
36.7250495932
36.98907034
37.2539005763
37.5194954178
37.7858134713
38.0528166176
38.3204698019
38.5887408321
38.8576001845
39.1270208174
39.3969779932
39.6674491083
39.9384135311
40.2098524483
40.4817487194
40.7540867388
41.026852306
41.300032504
41.5736155839
41.8475908588
42.1219486034
42.3966799608
42.6717768721
42.947231931
43.2230384107
43.4991901265
43.7756813909
44.0525069559
44.3296619611
44.6071418852
44.8849425023
45.1630598429
45.4414901576
45.720229885
45.9992756227
46.278624101
46.5582721599
46.8382167279
47.1184548043
47.398983442
47.6797997336
47.960900799
48.2422837736
48.5239457995
48.8058840166
49.0880955557
49.3705775326
49.6533270424
49.9363411556
50.2196169143
50.5031513292
50.7869413773
51.0709839998
51.3552761012
51.6398145473
51.9245961655
52.2096177434
52.4948760294
52.7803677321
53.0660895208
53.3520380257
53.6382098384
53.9246015125
54.2112095642
54.498030473
54.7850606824
55.072296601
55.359734603
55.6473710292
55.9352021878
56.2232243554
56.511433778
56.7998266713
57.0883992225
57.3771475902
57.6660679059
57.9551562746
58.2444087758
58.5338214639
58.8233903693
59.1131114994
59.4029808388
59.6929943503
59.9831479758
60.2734376365
60.5638592342
60.8544086515
61.1450817526
61.4358743837
61.7267823742
62.0178015365
62.3089276673
62.6001565475
62.8914839433
63.1829056063
63.4744172744
63.7660146719
64.0576935104
64.3494494889
64.6412782944
64.9331756025
65.2251370777
65.5171583736
65.8092351339
66.1013629923
66.393537573
66.6857544912
66.9780093535
67.2702977581
67.5626152954
67.8549575481
68.1473200916
68.4396984946
68.7320883192
69.024485121
69.31688445
69.6092818505
69.9016728615
70.1940530169
70.486417846
70.7787628736
71.0710836205
71.3633756036
71.655634336
71.9478553278
72.2400340859
72.5321661143
72.8242469147
73.1162719862
73.4082368261
73.7001369297
73.991967791
74.2837249024
74.5754037552
74.8669998399
75.1585086464
75.4499256639
75.7412463817
76.0324662888
76.3235808744
76.6145856284
76.9054760409
77.196247603
77.4868958066
77.7774161452
78.0678041131
78.3580552066
78.6481649234
78.9381287635
79.2279422288
79.5176008233
79.8071000537
80.0964354294
80.3856024623
80.6745966675
80.9634135631
81.2520486707
