-22.2634880963
-12.3638506902
-12.3971740825
-12.13870275
-12.3389177731
-12.4543368981
-12.5298714806
-12.5951781651
-12.6429487964
-12.6845166917
-12.7219650506
-12.756344057
-12.7882344389
-12.8179967572
-12.8458827018
-12.8720855644
-12.8967637451
-12.9200522069
-12.942068478
-12.9629161334
-12.9826870671
-13.0014631484
-13.019317533
-13.0363157556
-13.052516668
-13.0679732552
-13.0827333499
-13.0968402582
-13.1103333076
-13.1232483264
-13.1356180614
-13.1474725412
-13.1588393923
-13.1697441128
-13.1802103103
-13.1902599064
-13.1999133154
-13.2091895978
-13.218106594
-13.2266810401
-13.234928669
-13.2428642981
-13.2505019062
-13.2578547014
-13.2649351804
-13.2717551817
-13.2783259316
-13.2846580874
-13.2907617738
-13.2966466178
-13.302321779
-13.3077959777
-13.3130775208
-13.3181743248
-13.323093938
-13.3278435604
-13.3324300623
-13.3368600015
-13.3411396396
-13.3452749574
-13.3492716686
-13.3531352333
-13.3568708706
-13.3604835705
-13.3639781047
-13.3673590374
-13.3706307352
-13.3737973764
-13.37686296
-13.379831314
-13.3827061037
-13.3854908387
-13.388188881
-13.3908034509
-13.3933376341
-13.3957943876
-13.3981765458
-13.4004868257
-13.4027278327
-13.4049020652
-13.4070119194
-13.4090596945
-13.4110475961
-13.412977741
-13.4148521611
-13.4166728068
-13.4184415509
-13.4201601919
-13.421830457
-13.4234540057
-13.4250324324
-13.4265672692
-13.4280599886
-13.4295120057
-13.4309246828
-13.4322993279
-13.4336372001
-13.43493951
-13.4362074228
-13.4374420594
-13.4386444987
-13.4398157794
-13.4409569013
-13.4420688272
-13.4431524842
-13.4442087655
-13.4452385315
-13.4462426112
-13.4472218035
-13.4481768785
-13.4491085785
-13.4500176193
-13.4509046909
-13.4517704591
-13.452615566
-13.453440631
-13.454246252
-13.4550330058
-13.4558014492
-13.4565521199
-13.4572855368
-13.4580022011
-13.458702597
-13.459387192
-13.460056438
-13.4607107715
-13.4613506143
-13.4619763743
-13.4625884457
-13.4631872096
-13.4637730346
-13.4643462771
-13.464907282
-13.4654563827
-13.4659939022
-13.4665201526
-13.4670354363
-13.4675400459
-13.4680342648
-13.4685183671
-13.4689926186
-13.4694572765
-13.4699125902
-13.4703588009
-13.4707961427
-13.4712248424
-13.4716451197
-13.4720571875
-13.4724612525
-13.4728575149
-13.4732461689
-13.4736274028
-13.4740013994
-13.4743683359
-13.4747283842
-13.4750817113
-13.4754284791
-13.4757688449
-13.4761029613
-13.4764309764
-13.4767530343
-13.4770692746
-13.4773798331
-13.4776848417
-13.4779844284
-13.4782787178
-13.4785678307
-13.4788518849
-13.4791309945
-13.4794052707
-13.4796748214
-13.4799397518
-13.4802001639
-13.4804561571
-13.4807078281
-13.4809552709
-13.481198577
-13.4814378353
-13.4816731325
-13.481904553
-13.4821321788
-13.4823560899
-13.4825763639
-13.4827930768
-13.4830063023
-13.4832161123
-13.4834225768
-13.4836257639
-13.4838257402
-13.4840225704
-13.4842163176
-13.4844070433
-13.4845948075
-13.4847796686
-13.4849616836
-13.4851409081
-13.4853173962
-13.4854912009
-13.4856623736
-13.4858309647
