-12.3636068917
-46.7458264686
-46.9065110092
-47.0490081426
-47.1768206074
-47.2932158276
-47.4007715747
-47.501440073
-47.5966917813
-47.6876413108
-47.7751417728
-47.859853215
-47.9422910394
-48.0228617035
-48.1018880517
-48.179628632
-48.2562917358
-48.3320462053
-48.4070294936
-48.4813541586
-48.5551125195
-48.6283806573
-48.7012215487
-48.7736872588
-48.8458210398
-48.9176588171
-48.9892304321
-49.0605606826
-49.131670273
-49.202576391
-49.2732932924
-49.3438326269
-49.4142042223
-49.4844161306
-49.5544747664
-49.6243855964
-49.6941527621
-49.7637796798
-49.8332690699
-49.902622912
-49.9718428276
-50.0409299512
-50.1098848966
-50.1787082378
-50.247399966
-50.3159602057
-50.3843887033
-50.4526851992
-50.5208492894
-50.5888803411
-50.6567781363
-50.7245412483
-50.792169778
-50.8596627766
-50.9270196442
-50.9942396934
-51.0613221169
-51.1282664767
-51.1950718843
-51.2617379775
-51.3282639913
-51.3946494117
-51.460893842
-51.5269966524
-51.5929574461
-51.6587758785
-51.7244514633
-51.7899840237
-51.8553730636
-51.9206184858
-51.9857201152
-52.0506776386
-52.1154909417
-52.1801599832
-52.2446847713
-52.309065056
-52.3733010321
-52.43739272
-52.501339998
-52.5651432235
-52.6288024025
-52.6923177502
-52.7556893619
-52.8189175013
-52.8820024428
-52.9449444013
-53.0077436975
-53.070400599
-53.1329154545
-53.1952885993
-53.2575205234
-53.3196113304
-53.381561709
-53.4433718407
-53.5050423289
-53.5665734079
-53.6279657956
-53.6892196766
-53.7503355903
-53.8113141426
-53.872155656
-53.9328606489
-53.9934296811
-54.0538631449
-54.1141615934
-54.1743255043
-54.2343552858
-54.2942516166
-54.3540148058
-54.4136454715
-54.4731440065
-54.5325109334
-54.5917467399
-54.6508518437
-54.7098267964
-54.7686719744
-54.8273878772
-54.8859748873
-54.9444335463
-55.002764245
-55.0609672511
-55.1190431909
-55.1769922221
-55.2348149556
-55.2925116253
-55.3500825604
-55.4075282215
-55.4648488944
-55.5220447945
-55.579116263
-55.6360636337
-55.69288716
-55.7495870956
-54.3329484652
-54.4175610903
-54.5012868319
-54.584213199
-54.6663995081
-54.7478865185
-54.8287023967
-54.9088669931
-54.988394766
-55.0672963062
-55.1455799581
-55.223252376
-55.3004332014
-55.3769006988
-55.4527724802
-55.5279360814
-55.6026289955
-55.6767398576
-55.7502732769
-55.8232340841
-55.8956270173
-55.9674572554
-56.0387298466
-56.1094499468
-56.1796231265
-56.24925469
-56.3183504515
-56.3869159643
-56.4549570857
-56.5224797622
-56.5894898588
-56.655993418
-56.7219964537
-56.7875051067
-56.8525255093
-56.9170638493
-56.9811261512
-57.0447187539
-57.107847838
-57.1705195373
-57.2327399164
-57.2945153636
-57.3558518893
-57.4167554744
-57.4772323786
-57.5372884057
-57.5969298048
-57.6561622803
-57.7149917853
-57.7734240835
-57.831465007
-57.8891202114
-57.9463951083
-58.0032955077
-58.0598266295
-58.115993724
-58.171802028
-58.227256721
-58.2823625479
-58.3371243831
-58.391546806
-58.445634046
-58.4993903801
-58.5528193835
-58.6059243603
-58.6587078356
-58.7111717423
