2533.60591273
1507.48997753
1507.50829539
1507.47136153
1507.3808564
1507.23816537
1507.04454637
1506.80120981
1506.50934787
1506.17014397
1505.78477501
1505.35441078
1504.88021256
1504.36333136
1503.80490617
1503.20606233
1502.56790995
1501.89154251
1501.17803558
1500.42844564
1499.64380905
1498.82514112
1497.97343537
1497.08966277
1496.1747712
1495.22968499
1494.2553045
1493.25250585
1492.22214074
1491.16503628
1490.08199497
1488.97379474
1487.84118897
1486.68490671
1485.50565281
1484.30410821
1483.0809302
1481.83675276
1480.57218691
1479.28782114
1477.98422178
1476.66193348
1475.32147964
1473.96336295
1472.58806581
1471.1960509
1469.78776164
1468.36362275
1466.92404076
1465.46940453
1464.00008578
1462.51643961
1461.01880503
1459.50750547
1457.98284927
1456.44513024
1454.89462809
1453.33160895
1451.75632588
1450.16901926
1448.56991732
1446.95923657
1445.3371822
1443.70394857
1442.05971957
1440.40466906
1438.73896122
1437.06275098
1435.37618435
1433.67939881
1431.97252361
1430.25568016
1428.52898229
1426.79253663
1425.04644287
1423.29079403
1421.5256768
1419.75117176
1417.96735368
1416.17429172
1414.37204972
1412.56068641
1410.74025564
1408.91080657
1407.07238392
1405.22502813
1403.36877558
1401.50365874
1399.62970639
1397.74694374
1395.85539261
1393.95507163
1392.04599631
1390.12817924
1388.2016302
1386.26635632
1384.32236219
1382.36964995
1380.40821947
1378.4380684
1376.45919235
1374.4715849
1372.47523777
1370.4701409
1368.45628251
1366.43364924
1364.40222618
1362.36199699
1360.31294396
1358.25504808
1356.18828912
1354.11264572
1352.0280954
1349.93461467
1347.83217911
1345.72076334
1343.60034119
1341.47088568
1339.33236908
1337.184763
1335.02803841
1332.86216568
1330.6871146
1328.50285467
1326.30935468
1324.10658311
1321.89450809
1319.67309742
1317.44231861
1315.20213892
1312.95252541
1310.69344495
1308.42486429
1306.14675007
1303.85906887
1301.56178722
1299.25487167
1296.93828879
1294.61200523
1292.27598774
1289.93020318
1287.5746186
1285.20920122
1282.83391851
1280.44873818
1278.05362824
1275.64855701
1273.23349318
1270.80840578
1268.37326431
1265.92803866
1263.47269923
1261.00721692
1258.53156316
1256.04570994
1253.54962988
1251.0432962
1248.52668281
1245.99976431
1243.46251601
1240.91491402
1238.3569352
1235.78855729
1233.20975884
1230.62051933
1228.02081917
1225.41063972
1222.78996334
1220.15877344
1217.51705449
1214.86479207
1212.20197289
1209.52858486
1206.84461708
1204.15005993
1201.44490505
1198.72914544
1196.00277543
1193.26579077
1190.51818867
1187.75996777
1184.99112828
1182.21167193
1179.42160207
1176.62092367
1173.80964338
1170.98776955
1168.15531232
1165.31228357
1162.45869705
1159.59456837
1156.71991505
1153.83475654
1150.93911432
1148.03301186
1145.1164747
1142.1895305
1139.25220904
1136.30454231
1133.34656448
