5.61288784983
4.11952805667
3.23848375469
2.7967664441
2.58152897853
2.48059644429
2.43254645818
2.40747654905
2.39346749282
2.38447684791
2.37785929348
2.37243804806
2.36767841258
2.36332858986
2.35926311465
2.35541421999
2.35174146246
2.34821807434
2.34482468369
2.34154631562
2.33837087912
2.33528834337
2.3322902463
2.3293693725
2.32651952387
2.32373534588
2.32101219018
2.31834600323
2.31573323436
2.31317075928
2.31065581609
2.30818595158
2.305758976
2.30337292514
2.30102602827
2.29871668126
2.29644342381
2.29420492034
2.29199994388
2.28982736233
2.28768612702
2.28557526282
2.28349385989
2.28144106653
2.27941608313
2.27741815696
2.27544657764
2.27350067328
2.27157980705
2.26968337426
2.26781079969
2.26596153535
2.26413505838
2.26233086925
2.26054849012
2.25878746336
2.25704735021
2.2553277296
2.25362819699
2.25194836343
2.25028785457
2.24864630985
2.24702338169
2.2454187348
2.24383204545
2.24226300088
2.24071129874
2.23917664649
2.23765876095
2.2361573678
2.23467220112
2.23320300304
2.2317495233
2.23031151887
2.22888875369
2.22748099825
2.22608802936
2.22470962983
2.22334558823
2.2219956986
2.22065976026
2.21933757753
2.21802895956
2.21673372012
2.2154516774
2.21418265385
2.21292647598
2.21168297424
2.21045198283
2.20923333957
2.20802688578
2.20683246612
2.2056499285
2.20447912394
2.20331990645
2.20217213296
2.2010356632
2.19991035957
2.19879608714
2.19769271345
2.19660010853
2.19551814475
2.19444669677
2.1933856415
2.19233485797
2.19129422731
2.19026363268
2.1892429592
2.18823209389
2.18723092564
2.18623934514
2.18525724483
2.18428451887
2.18332106305
2.18236677481
2.18142155314
2.18048529858
2.17955791316
2.17863930037
2.17772936513
2.17682801373
2.17593515385
2.17505069446
2.17417454584
2.17330661954
2.17244682834
2.17159508623
2.17075130837
2.16991541111
2.16908731191
2.16826692934
2.16745418306
2.16664899381
2.16585128334
2.16506097446
2.16427799095
2.1635022576
2.16273370016
2.1619722453
2.16121782066
2.16047035477
2.15972977705
2.15899601781
2.15826900823
2.15754868031
2.15683496692
2.15612780174
2.15542711923
2.15473285468
2.15404494414
2.15336332441
2.15268793308
2.15201870846
2.15135558959
2.15069851623
2.15004742885
2.14940226861
2.14876297737
2.14812949764
2.14750177263
2.14687974616
2.14626336274
2.14565256748
2.14504730613
2.14444752506
2.14385317125
2.14326419226
2.14268053627
2.14210215202
2.14152898883
2.14096099658
2.14039812573
2.13984032726
2.13928755272
2.13873975419
2.13819688426
2.13765889605
2.13712574321
2.13659737989
2.13607376072
2.13555484085
2.13504057591
2.13453092201
2.13402583573
2.13352527412
2.13302919471
2.13253755546
2.13205031481
2.13156743161
2.13108886519
2.13061457529
2.13014452207
2.12967866614
2.12921696851
2.12875939062
2.12830589429
2.12785644177
2.12741099569
2.12696951909
2.12653197539
