0.00227150248588
0.00235909305723
0.00244689041748
0.00253484976763
0.00262292903544
0.00271108845318
0.00279929042481
0.00288749942459
0.0029756819031
0.00306380619742
0.00315184244516
0.00323976250179
0.00332753986143
0.00341514958063
0.00350256820526
0.00358977370019
0.00367674538174
0.00376346385277
0.00384991094024
0.00393606963527
0.00402192403547
0.00410745928956
0.00419266146172
0.00427751781403
0.00436201625074
0.00444614561308
0.0045298955473
0.0046132564612
0.00469621948231
0.00477877641782
0.00486091971614
0.00494264242996
0.00502393818089
0.00510480112557
0.00518522592311
0.00526520770399
0.00534474204022
0.00542382491674
0.00550245270412
0.00558062213234
0.00565833026581
0.00573557447938
0.00581235243544
0.00588866206205
0.00596450153204
0.006039869243
0.00611476379821
0.00618918398843
0.00626312877449
0.00633659727072
0.00640958872912
0.00648210252421
0.00655413813872
0.00662569514977
0.00669677321588
0.00676737206444
0.00683749147983
0.00690713129218
0.00697629136651
0.00704497159251
0.0071131718748
0.00718089212355
0.00724813224572
0.00731489213654
0.00738117167156
0.00744697069897
0.00751228903236
0.00757712644378
0.00764148265712
0.00770535734192
0.0077687501073
0.00783166049636
0.00789408798067
0.00795603195518
0.00801749173325
0.00807846654196
0.00813895551766
0.00819895770167
0.00825847203623
0.00831749736057
0.00837603240723
0.00843407579848
0.00849162604293
0.00854868153231
0.00860524053831
0.00866130120967
0.00871686156927
0.00877191951146
0.0088264727994
0.00888051906262
0.00893405579457
0.00898708035036
0.00903958994458
0.00909158164917
0.00914305239142
0.0091939989521
0.00924441796359
0.00929430590817
0.00934365911635
0.00939247376534
0.00944074587758
0.00948847131934
0.00953564579941
0.00958226486799
0.00962832391548
0.00967381817155
0.00971874270424
0.00976309241911
0.00980686205864
0.0098500462016
0.00989263926262
0.00993463549191
0.00997602897505
0.010016813633
0.010056983222
0.0100965313343
0.0101354513982
0.0101737366786
0.0102113802784
0.0102483751389
0.0102847140411
0.0103203896075
0.0103553943035
0.0103897204394
0.0104233601725
0.0104563055097
0.0104885483102
0.0105200802886
0.010550893018
0.0105809779343
0.0106103263396
0.0106389294072
0.0106667781859
0.0106938636058
0.0107201764835
0.0108016015287
0.0108797943504
0.0109547141864
0.0110263309196
0.0110946284293
0.0111596023952
0.0112212581302
0.0112796088333
0.0113346741951
0.0113864792757
0.0114350535908
0.0114804303606
0.0115226458861
0.0115617390262
0.0115977507558
0.0116307237893
0.0116607022556
0.0116877314173
0.0117118574239
0.0117331270938
0.0117515877192
0.0117672868908
0.0117802723361
0.0117905917712
0.0117982927602
0.0118034225824
0.0118060281027
0.0118061556454
0.0118038508664
0.0117991586249
0.0117921228502
0.0117827864025
0.0117711909246
0.0117573766834
0.0117413823965
0.0117232450423
0.0117029996487
0.0116806790571
0.0116563136557
0.0116299310769
0.0116015558513
0.0115712090081
0.0115389076141
0.0115046642343
0.0114684863002
0.0114303753637
0.0113903262096
0.011348373203
0.011304526389
0.011258743975
0.0112109719132
0.0111611415164
0.0111091664889
0.0110549391761
0.0109983257671
0.0109391600699
0.010877235307
0.0108122931035
0.0107440083964
0.0106719682446
0.0105956411969
0.0105143314404
0.0104271071369
0.0103326821187
0.0102292060534
