13.5941244527
13.5978885362
13.6070285022
13.6212971509
13.6404252511
13.6641482985
13.692213997
13.7243843492
13.7604358122
13.8001586803
13.8433561618
13.8898433608
13.9394462629
13.9920007733
14.0473518289
14.1053525918
14.1658637252
14.2287527483
14.2938934656
14.361165463
14.4304536671
14.501647959
14.5746428384
14.6493371319
14.7256337412
14.8034394249
14.8826646112
14.9632232375
15.0450326115
15.1280132932
15.2120889927
15.2971864816
15.3832355168
15.4701687721
15.5579217785
15.6464328685
15.7356431255
15.8254963346
15.9159389357
16.0069199762
16.0983910637
16.1903063168
16.2826223148
16.3752980449
16.4682948465
16.5615763539
16.655108435
16.748859128
16.8427985752
16.9368989543
17.0311344075
17.1254809685
17.2199164875
17.3144205554
17.4089744266
17.5035609407
17.5981644449
17.692770715
17.7873668786
17.8819413371
17.9764836903
18.0709846614
18.1654360243
18.259830532
18.3541618479
18.4484244788
18.5426137108
18.6367255475
18.730756651
18.8247042858
18.9185662653
19.0123409014
19.1060269569
19.1996236008
19.2931303662
19.3865471115
19.4798739838
19.5731113851
19.6662599415
19.7593204742
19.852293973
19.9451815726
20.0379845304
20.1307042065
20.223342046
20.3158995621
20.4083783225
20.5007799352
20.5931060381
20.6853582877
20.7775383508
20.8696478963
20.9616885883
21.0536620802
21.1455700098
21.2374139946
21.3291956286
21.4209164791
21.5125780841
21.6041819506
21.6957295529
21.7872223316
21.8786616927
21.9700490072
22.0613856108
22.1526728037
22.2439118511
22.3351039832
22.4262503958
22.5173522509
22.6084106772
22.699426771
22.7904015967
22.8813361881
22.9722315486
23.0630886527
23.1539084463
23.2446918482
23.3354397504
23.4261530195
23.5168324971
23.6074790009
23.6980933257
23.7886762436
23.8792285057
23.9697508419
24.0602439624
24.150708558
24.241145301
24.3315548457
24.4219378292
24.512294872
24.6026265784
24.6929335373
24.7832163227
24.8734754941
24.9637115971
25.053925164
25.1441167141
25.2342867541
25.3244357785
25.4145642705
25.5046727017
25.5947615329
25.6848312142
25.7748821856
25.8649148773
25.9549297097
26.0449270942
26.1349074329
26.2248711196
26.3148185392
26.4047500689
26.4946660776
26.5845669267
26.67445297
26.7643245543
26.854182019
26.9440256969
27.0338559142
27.1236729905
27.2134772391
27.3032689674
27.3930484766
27.4828160624
27.5725720145
27.6623166175
27.7520501505
27.8417728873
27.9314850968
28.0211870429
28.1108789847
28.2005611765
28.2902338682
28.3798973051
28.4695517281
28.5591973738
28.648834475
28.7384632599
28.828083953
28.917696775
29.0073019426
29.0968996689
29.1864901632
29.2760736315
29.3656502761
29.4552202959
29.5447838865
29.6343412403
29.7238925463
29.8134379904
29.9029777556
29.9925120216
30.0820409653
30.1715647605
30.2610835784
30.3505975872
30.4401069522
30.5296118363
30.6191123996
