-38.2875312938
-48.9503428268
-50.298507946
-50.4179836375
-51.6200578536
-52.6934653764
-53.667166585
-54.6214839373
-55.4459594194
-56.2061395468
-56.9102937848
-57.5651219521
-58.1761636108
-58.7480758695
-59.2848239716
-59.7898160484
-60.2660023182
-60.7159509525
-61.1419079793
-61.5458457525
-61.9295028667
-62.2944174393
-62.6419550985
-62.9733326621
-63.2896382534
-63.5918484438
-63.8808428938
-64.1574168788
-64.4222920224
-64.6761255025
-64.919517959
-65.1530202905
-65.3771395057
-65.5923437643
-65.7990667263
-65.9977113103
-66.1886529446
-66.3722423863
-66.5488081693
-66.7186587352
-66.8820842923
-67.0393584417
-67.1907396039
-67.3364722738
-67.4767881281
-67.6119070067
-67.7420377844
-67.8673791485
-67.9881202951
-68.1044415548
-68.2165149574
-68.3245047425
-68.4285678247
-68.528854217
-68.6255074189
-68.7186647728
-68.8084577926
-68.8950124673
-68.9784495428
-69.0588847836
-69.1364292167
-69.2111893601
-69.2832674363
-69.3527615725
-69.4197659895
-69.484371179
-69.5466640708
-69.6067281917
-69.6646438143
-69.7204880994
-69.7743352299
-69.8262565386
-69.876320629
-69.9245934907
-69.9711386091
-70.016017069
-70.0592876546
-70.1010069438
-70.141229399
-70.1800074523
-70.2173915888
-70.2534304243
-70.288170781
-70.3216577586
-70.353934803
-70.3850437721
-70.4150249982
-70.443917348
-70.4717582803
-70.4985839004
-70.5244290133
-70.5493271735
-70.5733107358
-70.5964108922
-70.6186577316
-70.6400802705
-70.6607064978
-70.6805634127
-70.6996770631
-70.7180725809
-70.7357742168
-70.7528053732
-70.7691886357
-70.7849458041
-70.8000979211
-70.8146653005
-70.8286675542
-70.8421236182
-70.8550517769
-70.8674696877
-70.8793944032
-70.8908423937
-70.9018295682
-70.9123712948
-70.9224824201
-70.932177288
-70.941469758
-70.9503732222
-70.9589006223
-70.9670644656
-70.9748768403
-70.9823494304
-70.9894935301
-70.9963200575
-71.0028395679
-71.0090622662
-71.0149980198
-71.0206563696
-71.0260465421
-71.0311774598
-71.036057752
-71.0406957649
-71.0450995714
-71.0492769803
-71.0532355455
-71.0569825748
-71.0605251383
-71.0638700763
-71.0670240074
-71.0699933357
-71.0727842583
-71.0754027723
-71.0778546814
-71.0801456024
-71.0822809716
-71.0842660507
-71.0861059327
-71.0878055476
-71.0893696676
-71.0908029126
-71.092109755
-71.0932945247
-71.0943614137
-71.0953144809
-71.0961576561
-71.0968947444
-71.0975294304
-71.098065282
-71.098505754
-71.0988541922
-71.0991138366
-71.099287825
-71.0993791962
-71.0993908933
-71.0993257665
-71.0991865765
-71.0989759971
-71.098696618
-71.0983509475
-71.0979414153
-71.0974703745
-71.0969401047
-71.0963528136
-71.09571064
-71.0950156555
-71.0942698666
-71.0934752172
-71.0926335899
-71.0917468086
-71.09081664
-71.0898447952
-71.0888329318
-71.0877826555
-71.0866955214
-71.0855730361
-71.0844166586
-71.0832278025
-71.0820078365
-71.0807580866
-71.0794798372
-71.0781743318
-71.0768427753
-71.0754863343
-71.0741061386
-71.0727032825
-71.0712788255
-71.0698337937
-71.0683691807
-71.0668859487
-71.065385029
