-649.617738577
-503.451239016
-375.465621813
-264.840087805
-198.770364018
-159.135126292
-136.78953121
-123.50927799
-115.492198379
-110.006672411
-105.812796405
-102.307250366
-99.1970524374
-96.3381110922
-93.6575741149
-91.1168369641
-88.6939558028
-86.3752617976
-84.1513357908
-82.015054438
-79.9606251195
-77.9830962268
-76.0780984217
-74.2416998936
-72.4703192232
-70.7606683872
-69.1097123295
-67.5146382449
-65.9728310026
-64.481852764
-63.03942567
-61.6434169045
-60.2918256687
-58.9827717353
-57.7144853351
-56.4852981771
-55.2936354436
-54.1380086285
-53.0170091082
-51.9293023511
-50.8736226865
-49.8487685648
-48.8535982502
-47.8870258955
-46.9480179573
-46.0355899103
-45.1488032326
-44.2867626298
-43.4486134757
-42.6335394465
-41.8407603304
-41.0695299955
-40.3191345014
-39.5888903418
-38.8781428062
-38.1862644506
-37.5126536684
-36.8567333529
-36.2179496441
-35.5957707542
-34.9896858641
-34.3992040873
-33.8238534947
-33.2631801983
-32.7167474863
-32.1841350092
-31.6649380118
-31.1587666081
-30.6652450972
-30.1840113158
-29.7147160275
-29.2570223436
-28.8106051765
-28.3751507203
-27.9503559607
-27.5359282092
-27.1315846617
-26.7370519801
-26.3520658947
-25.9763708275
-25.6097195336
-25.2518727609
-24.9025989264
-24.5616738084
-24.2288802541
-23.9040079006
-23.5868529097
-23.2772177156
-22.9749107833
-22.6797463803
-22.3915443568
-22.1101299374
-21.8353346676
-21.5669916411
-21.3049421922
-21.0490311398
-20.7991077668
-20.5550256622
-20.3166425694
-20.0838202415
-19.8564243022
-19.6343241131
-19.4173926469
-19.205506365
-18.9985451009
-18.7963919488
-18.5989331553
-18.4060580172
-18.2176587825
-18.033630555
-17.853871204
-17.6782812763
-17.5067639122
-17.3392247647
-17.1755719216
-17.0157158309
-16.859569229
-16.7070470712
-16.558066465
-16.4125466062
-16.2704087168
-16.1315759856
-15.9959735104
-15.863528243
-15.7341689357
-15.6078260895
-15.4844319046
-15.3639202324
-15.2462265287
-15.1312878097
-15.0190426078
-14.9094309307
-14.8023942201
-14.6978753136
-14.5958184057
-14.4961690125
-14.3988739352
-14.3038812269
-14.2111401584
-14.1206011869
-14.0322159246
-13.9459371086
-13.8617185715
-13.7795152137
-13.6992829753
-13.62097881
-13.544560659
-13.4699874262
-13.3972189538
-13.3262159988
-13.25694021
-13.1893541063
-13.1234210543
-13.0591052483
-12.9963716893
-12.9351861655
-12.8755152332
-12.8173261979
-12.7605870964
-12.7052666791
-12.6513343929
-12.5987603644
-12.547515384
-12.4975708895
-12.4488989517
-12.4014722586
-12.3552641013
-12.3102483599
-12.2663994896
-12.2236925072
-12.1821029783
-12.1416070043
-12.1021812104
-12.0638027333
-12.0264492092
-11.990098763
-11.9547299965
-11.920321978
-11.8868542314
-11.8543067261
-11.8226598667
-11.7918944832
-11.7619918219
-11.7329335352
-11.7047016736
-11.6772786755
-11.6506473599
-11.6247909168
-11.5996928997
-11.5753372174
-11.5517081259
-11.5287902208
-11.5065684301
-11.4850280067
-11.4641545214
-11.4439338554
-11.4243521946
-11.4053960219
-11.3870521112
-11.3693075211
