0.000947690109832
0.000947355439619
0.000947016500123
0.000946673039633
0.000946322543266
0.000945963891225
0.000945596554008
0.000945220230605
0.000944834712276
0.000944439831811
0.000944035444561
0.000943621421242
0.00094319764511
0.000942764010749
0.000942320423458
0.00094186679885
0.000941403062533
0.000940929149811
0.000940445005403
0.000939950583151
0.00093944584574
0.000938930764402
0.000938405318637
0.000937869495919
0.000937323291414
0.000936766707692
0.000936199754442
0.000935622448196
0.000935034812043
0.000934436875363
0.00093382867355
0.000933210247746
0.000932581644582
0.000931942915914
0.00093129411858
0.000930635314142
0.000929966568654
0.000929287952421
0.000928599539769
0.000927901408823
0.000927193641289
0.000926476322241
0.000925749539916
0.000925013385515
0.000924267953008
0.000923513338951
0.000922749642303
0.000921976964252
0.000921195408045
0.000920405078829
0.000919606083493
0.000918798530519
0.000917982529835
0.000917158192679
0.000916325631462
0.000915484959648
0.000914636291621
0.000913779742577
0.000912915428409
0.000912043465597
0.000911163971111
0.000910277062311
0.000909382856853
0.000908481472603
0.000907573027552
0.000906657639734
0.000905735427156
0.00090480650772
0.000903870999156
0.000902929018959
0.000901980684329
0.000901026112111
0.000900065418739
0.00089909872019
0.00089812613193
0.000897147768873
0.000896163745336
0.000895174174999
0.000894179170868
0.000893178845242
0.000892173309675
0.000891162674953
0.000890147051058
0.000889126547149
0.000888101271531
0.000887071331638
0.000886036834009
0.000884997884272
0.000883954587124
0.000882907046315
0.000881855364637
0.000880799643907
0.000879739984961
0.000878676487636
0.000877609250768
0.00087653837218
0.000875463948675
0.000874386076033
0.000873304849005
0.000872220361306
0.000871132705616
0.000870041973575
0.000868948255782
0.000867851641525
0.000866752219676
0.00086565007766
0.000864545301891
0.000863437977757
0.000862328189613
0.000861216020784
0.000860101553566
0.000858984869225
0.000857866048007
0.000856745169136
0.000855622310826
0.000854497550278
0.000853370963691
0.000852242626266
0.000851112612209
0.000849980994742
0.000848847846107
0.000847713237569
0.00084657723943
0.000845439921028
0.00084430135075
0.000843161596036
0.000842020723384
0.000840878798365
0.00083973588562
0.000838592048877
0.000837447350951
0.000836301853757
0.000835155618312
0.00083400870475
0.000832861172321
0.000831713079406
0.00083056448352
0.000829415441321
0.000828266008618
0.000827116240379
0.000825966190737
0.000824815912997
0.000823665459647
0.000822514882361
0.000821364232009
0.000820213558665
0.000819062911612
0.000817912339349
0.000816761889601
0.000815611609324
0.000814461544712
0.000813311741203
0.00081216224349
0.000811013095522
0.000809864340515
0.000808716020956
0.000807568178612
0.000806420854535
0.000805274089067
0.000804127921848
0.000802982391823
0.000801837537245
0.000800693395687
0.000799550004038
0.00079840739852
0.000797265614685
0.000796124687427
0.000794984650983
0.00079384553894
0.000792707384242
0.000791570219195
0.000790434075468
0.000789298984104
0.000788164975524
0.000787032079529
0.000785900325306
0.000784769741436
0.000783640355895
0.000782512196062
0.000781385288719
0.000780259660063
0.000779135335704
0.000778012340672
0.000776890699423
0.000775770435839
0.000774651573239
0.000773534134377
0.000772418141452
0.000771303616106
0.000770190579434
0.000769079051985
0.000767969053768
0.000766860604254
0.000765753722383
0.000764648426564
0.000763544734685
0.000762442664111
0.000761342231692
0.000760243453766
0.000759146346163
