1.65309744298
1.65725800778
1.66161950649
1.66616773604
1.6708896728
1.67577329159
1.68080746034
1.68598185303
1.69128687361
1.69671358884
1.7022536687
1.70789933354
1.71364330689
1.7194787733
1.72539934061
1.73139900598
1.73747212535
1.7436133859
1.74981778104
1.75608058786
1.76239734664
1.76876384193
1.77517608578
1.781630302
1.78812291199
1.79465052159
1.80120990913
1.80779801435
1.81441192824
1.82104888361
1.82770624639
1.83438150763
1.84107227599
1.84777627081
1.85449131566
1.86121533234
1.86794633524
1.87468242615
1.8814217893
1.8881626868
1.89490345432
1.90164249705
1.90837828587
1.91510935377
1.92183429246
1.92855174919
1.9352604237
1.94195906535
1.94864647042
1.95532147955
1.96198297523
1.96862987949
1.97526115171
1.98187578644
1.98847281138
1.99505128547
2.001610297
2.00814896181
2.01466642162
2.02116184233
2.02763441249
2.03408334169
2.04050785917
2.04690721233
2.05328066539
2.05962749802
2.06594700407
2.07223849032
2.07850127521
2.08473468774
2.09093806621
2.0971107572
2.10325211438
2.10936149753
2.11543827139
2.12148180476
2.12749146939
2.13346663906
2.13940668863
2.14531099306
2.15117892653
2.1570098615
2.16280316786
2.16855821204
2.17427435615
2.17995095717
2.18558736607
2.19118292709
2.19673697686
2.20224884365
2.20771784663
2.21314329509
2.21852448771
2.22386071183
2.22915124278
2.23439534314
2.23959226211
2.2447412348
2.24984148165
2.25489220777
2.25989260234
2.26484183803
2.26973907043
2.27458343752
2.27937405915
2.28411003652
2.28879045174
2.29341436738
2.29798082605
2.30248885
2.30693744081
2.31132557903
2.31565222392
2.31991631317
2.32411676275
2.32825246671
2.33232229704
2.33632510364
2.34025971425
2.34412493452
2.34791954803
2.3516423165
2.35529197989
2.35886725676
2.36236684448
2.36578941971
2.36913363878
2.37239813827
2.37558153558
2.37868242962
2.38169940156
2.38463101569
2.38747582032
2.39023234882
2.39289912069
2.39537403357
2.39765466045
2.39975272435
2.4016775868
2.40343650325
2.40503504747
2.40647745755
2.4077669064
2.40890571456
2.4098955193
2.41073741046
2.41143204059
2.41197971501
2.41238059181
2.4126352286
2.41274355742
2.41270537356
2.41252037496
2.41218819477
2.41170842934
2.41108066217
2.41030448468
2.4093795141
2.40830540894
2.4070818824
2.40570871385
2.40418575869
2.40251295674
2.40069033919
2.39871803448
2.3965962728
2.39432538971
2.39190582861
2.38933814228
2.38662299347
2.38376115453
2.3807535062
2.37760103543
2.37430483231
2.37086608612
2.36728608039
2.36356618701
2.35970785928
2.35571262389
2.35158207166
2.34731784698
2.34292163579
2.33839515177
2.33374012063
2.32895826202
2.32405126861
2.31902078176
2.31386836285
2.30859545924
2.30320336334
2.2976931627
2.29206567825
2.28632138665
2.28046032094
2.27448194082
2.26838495972
2.26216710822
2.25582480134
2.24935265418
2.24274274727
