3600.0
256754.577986
257085.279211
257312.20054
257466.967929
257571.362636
257640.429768
257684.575228
257711.030459
257724.842888
257729.565958
257727.677181
257720.964542
257710.699555
257697.798973
257682.928891
257666.577096
257649.103621
257630.776222
257611.781754
257592.299812
257572.431361
257552.264305
257531.866562
257511.587628
257490.583647
257469.760233
257448.858252
257427.895889
257406.887961
257385.846384
257364.78068
257343.698438
257322.605702
257301.50728
257280.407004
257259.307925
257238.212474
257217.122589
257196.039814
257174.965378
257153.900262
257132.845245
257111.800946
257090.767857
257069.746368
257048.736786
257027.739353
257006.754259
256985.781651
256964.821646
256943.874329
256922.939769
256902.018015
256881.109103
256860.213059
256839.329901
256818.459639
256797.602281
256776.757827
256755.926278
256735.10763
256714.301879
256693.50902
256672.729047
256651.961954
256631.207735
256610.466383
256589.737894
256569.022262
256548.319482
256527.629551
256506.952466
256486.288224
256465.636825
256444.998267
256424.372552
256403.75968
256383.159654
256362.572477
256341.998152
256321.436686
256300.888084
256280.352353
256259.8295
256239.319534
256218.822464
256198.338301
256177.867056
256157.40874
256136.963367
256116.530949
256096.111502
256075.705039
256055.311577
256034.931133
256014.563722
255994.209364
255973.868076
255953.539877
255933.224788
255912.922828
255892.634018
255872.35838
255852.095936
255831.846708
255811.610719
255791.387993
255771.178555
255750.982428
255730.799637
255710.630209
255690.474169
255670.331543
255650.202359
255630.086643
255609.984423
255589.895727
255569.820584
255549.759022
255529.71107
255509.676758
255489.656115
255469.649171
255449.655958
255429.676505
255409.710844
255389.759006
255369.821023
255349.896926
255329.986747
255310.09052
255290.208277
255270.34005
255250.485873
255230.64578
255210.819804
255191.007978
255171.210338
255151.426917
255131.657635
255111.902757
255092.162202
255072.436006
255052.724204
255033.026833
255013.343927
254993.675523
254974.021657
254954.382365
254934.757684
254915.163672
254895.568007
254875.987238
254856.421303
254836.870199
254817.333944
254797.812568
254778.306105
254758.814591
254739.338063
254719.876559
254700.430117
254680.998777
254661.582577
254642.181556
254622.795752
254603.425206
254584.069956
254564.730043
254545.405506
254526.096385
254506.80272
254487.524552
254468.26192
254449.014865
254429.783428
254410.56765
254391.367571
254372.183233
254353.01453
254333.861797
254314.724928
254295.603966
254276.498951
254257.409927
254238.336935
254219.280018
254200.239217
254181.214576
254162.206136
254143.214461
254124.222691
254105.263439
254086.320392
254067.393688
254048.483412
254029.589626
254010.712382
253991.851727
