2.73168953621
2.79705777295
2.86361193044
2.93136021794
3.00031013419
3.07046846453
3.14184121426
3.21443352971
3.28824961424
3.36329264144
3.43956466687
3.51706653989
3.59579781697
3.6757566776
3.75693984395
3.83934250529
3.92295824787
4.00777899095
4.09379492947
4.18099448384
4.26936425704
4.35888899922
4.44955158004
4.54133296859
4.63421222099
4.72816647562
4.82317095569
4.91919897929
5.01622197653
5.11420951376
5.21312932459
5.31294734779
5.41362777169
5.5151330851
5.6174241346
5.7204601881
5.82419900453
5.92859690963
6.03360887772
6.13918861925
6.24528867416
6.35186051075
6.45885462993
6.56622067457
6.67390754383
6.78186351199
6.8900363514
6.99837345933
7.10682198812
7.215328978
7.3238414922
7.43230675363
7.54067228248
7.64888603394
7.756896534
7.86465301993
7.97210556964
8.07920523427
8.1859041656
8.29215573913
8.39791467201
8.50313713512
8.60778085867
8.7118052307
8.8151713879
8.91784229823
9.01978283498
9.1209598419
9.22134218906
9.32090081933
9.41960878541
9.51744127714
9.61437563952
9.7103913812
9.80547017385
9.89959584266
9.99275434818
10.0849337601
10.1761242232
10.2663179159
10.3555090026
10.4436935791
10.530869613
10.6170368789
10.7021968888
10.7863528195
10.8695094362
10.9516730131
11.0328512531
11.1130532092
11.1922891838
11.2705706707
11.3479102539
11.4243215283
11.4998190169
11.5744180894
11.6481348825
11.7209862214
11.7929895439
11.86374647
11.933159978
12.0012505131
12.0680391288
12.1335474082
12.1977973899
12.260811496
12.3226124632
12.3832232785
12.442667117
12.5009672849
12.5581471645
12.6142301632
12.6692396666
12.7231989937
12.7761313569
12.8280598233
12.8790072814
12.9289964085
12.9780496427
13.0261891568
13.0734368347
13.119814251
13.1653426523
13.2100429411
13.2539356616
13.2970409875
13.339378712
13.3809682388
13.4218285758
13.4619783289
13.5014356987
13.5402184773
13.5783440471
13.6158293797
13.6526910373
13.6889451734
13.7246075356
13.7596934681
13.7942179159
13.8281954288
13.8616401661
13.8945659023
13.9269860326
13.9589135789
13.9903611966
14.0213411807
14.0518654733
14.0819456702
14.1115930288
14.1408184748
14.1696326102
14.1980457204
14.2260677821
14.2537084711
14.2809771692
14.3078829724
14.3344346981
14.3606408929
14.3865098394
14.4120495643
14.4372678448
14.4621722165
14.48676998
14.5110682076
14.5350737505
14.5587932455
14.5822331208
14.6053996032
14.628298724
14.6509363249
14.6733180644
14.695449423
14.7173357097
14.7389820666
14.7603934749
14.7815747601
14.8025305968
14.8232655137
14.8437838988
14.8640900035
14.8841879477
14.9040817238
14.9237752011
14.9432721299
14.9625761459
14.9816907734
15.0006194297
15.0193654283
15.0379319829
15.0563222104
15.0745391345
15.0925856888
15.1104647197
15.1281789899
15.1457311809
15.1631238958
15.1803596624
15.1974409354
15.214370099
15.2311494696
