46474.92
42442.1930648
42475.1136093
42509.7037331
42544.8061012
42579.7506736
42614.1497597
42647.7832593
42680.5305372
42712.3298921
42743.1544233
42772.9976594
42801.8650035
42829.7686466
42856.7245479
42882.7506482
42907.8658173
42932.0892405
42955.4400649
42977.9372013
42999.5992188
43020.4442939
43040.4901925
43059.7542716
43078.2534923
43096.0044402
43113.023351
43129.3261383
43144.9284253
43159.8455777
43174.0927399
43187.6848743
43200.6368036
43212.9632573
43224.6789247
43235.7985124
43246.3368119
43256.3087753
43265.7296045
43274.614854
43282.9805536
43290.8433523
43298.2206911
43305.1310095
43311.5939949
43317.6308831
43323.2648224
43328.521315
43333.4287491
43338.0190401
43342.3283944
43346.3976657
43350.2754766
43354.0162747
43357.6834674
43361.3498904
43365.098236
43369.0203194
43373.2141308
43377.7770709
43382.7932127
43388.3122982
43394.3193984
43400.6981147
43407.1977542
43413.4237906
43418.873114
43423.0206913
43425.4333039
43425.8616022
43424.2700421
43420.8014975
43415.7061925
43409.2712902
43401.7707332
43393.4395628
43384.4662122
43374.9951168
43365.1337222
43354.9604061
43344.531643
43333.8878456
43323.0578602
43312.0623152
43300.9160522
43289.6298623
43278.2117214
43266.6676572
43255.0023558
43243.2195852
43231.3224896
43219.3137929
43207.199523
43194.9756603
43182.6467672
43170.2114719
43157.6781199
43145.046365
43132.3181214
43119.4953456
43106.5800183
43093.5742826
43080.4799747
43067.2991476
43054.0338568
43040.6861619
43027.2581257
43013.7518132
43000.1692905
42986.5126229
42972.7838728
42958.9850985
42945.1183518
42931.1856767
42917.1891072
42903.1306659
42889.0123625
42874.8361918
42860.6041326
42846.3181464
42831.9801755
42817.5921425
42803.1559485
42788.6734722
42774.1465688
42759.5770693
42744.9667791
42730.3174774
42715.6309165
42700.9088209
42686.1528864
42671.3647801
42656.5461393
42641.698571
42626.8236519
42611.9229272
42596.9979112
42582.0500862
42567.0809023
42552.0917778
42537.0840982
42522.0592167
42507.0184534
42491.9630962
42476.8943997
42461.8135859
42446.721844
42431.6203304
42416.510169
42401.392451
42386.2682355
42371.1385491
42356.0043866
42340.8667109
42325.7264536
42310.5845147
42295.4417634
42280.2990384
42265.1571477
42250.0168695
42234.8789523
42219.7441153
42204.613049
42189.4864151
42174.3648474
42159.2489521
42144.139308
42129.0364672
42113.9409556
42098.8532732
42083.7738944
42068.7032689
42053.641822
42038.6003643
42023.5586486
42008.5272237
