31552879.5072
637974.198892
636453.58354
634937.467876
633432.793468
631941.916315
630466.217622
629006.721862
627564.228379
626139.359573
624732.591053
623344.275134
621974.66027
620623.907393
619292.103771
617979.274812
616685.394165
615410.392375
614154.16432
612916.575601
611697.468036
610496.664374
609313.972342
608149.188108
607002.099236
605872.487205
604760.129537
603664.801599
602586.278109
601524.334396
600478.747443
599449.296731
598435.764935
597437.938471
596455.607928
595488.568393
594536.619694
593599.566571
592677.218775
591769.391127
590875.903528
589996.580933
589131.253301
588279.755514
587441.927287
586617.613052
585806.661847
585008.92718
584224.266899
583452.543055
582693.621765
581947.373073
581213.67081
580492.392464
579783.419044
579086.63495
578401.927852
577729.188564
577068.31093
576419.191711
575781.730476
575155.829501
574541.393665
573938.330364
573346.549415
572765.962971
572196.485442
571638.033416
571090.525586
570553.882678
570028.02739
569512.884323
569008.379924
568514.442432
568031.001819
567557.98974
567095.339489
566642.985949
566200.865546
565768.916213
565347.077348
564935.289773
564533.495704
564141.638711
563759.66369
563387.516829
563025.145579
562672.498627
562329.525864
561996.178367
561672.408365
561358.169221
561053.415408
560758.102485
560472.187076
560195.626853
559928.380511
559670.407751
559421.669265
559182.126711
558951.742704
558730.480793
558518.305447
558315.18204
558121.076835
557935.95697
557759.790443
557592.546098
557434.193611
557284.70348
557144.047005
557012.196284
556889.124196
556774.804388
556669.211267
556572.319985
556484.106431
556404.547219
556333.619675
556271.301831
556217.572411
556172.410822
556135.797146
556107.712128
556088.137168
556077.054311
556074.446241
556080.296266
556094.588315
556117.306927
556148.437243
556187.964999
556235.876516
556292.158694
556356.799001
556429.785472
556511.106694
556600.751804
556698.71048
556804.972521
556919.529122
557042.371502
557173.49149
557312.881266
557460.533662
557616.441953
557780.599907
557953.001659
558133.642152
558322.520467
558519.624651
558724.954463
558938.506485
559160.277749
559390.265732
559628.468351
559874.88396
560129.51134
560392.349702
560663.398675
560942.658308
561230.129061
561525.811803
561829.707809
562141.818752
562462.146705
562790.694132
563127.463886
563472.459208
563825.68372
564187.141423
564556.836695
564934.774288
565320.95932
565715.39728
566118.094018
566529.055749
566948.289044
567375.800831
567811.598392
568255.689361
568708.081722
569168.783803
569637.804283
570115.152178
570600.83685
571094.867998
571597.255661
572108.010212
572627.142362
573154.663153
573690.583959
574234.916488
574787.672775
575348.865184
575918.506408
576496.609466
577083.187704
577678.254792
578281.824726
