27.67
27.15280754
28.2406966739
27.8880494367
29.0278906231
29.7470793876
30.2197918922
30.461017546
30.7343962174
30.9723980787
31.1890853817
31.3912020773
31.5821086666
31.7636080759
31.9367784437
32.102351361
32.2608840851
32.4128386846
32.5586191158
32.6985892096
32.8330819329
32.9624046052
33.0868421962
33.2066596724
33.3221038406
33.4334048973
33.5407777836
33.6444233965
33.7445296847
33.8412726441
33.934817226
34.0253181653
34.1129207374
34.1977614489
34.2799686701
34.3596632126
34.4369588589
34.5119628472
34.5847763167
34.6554947168
34.724208183
34.7910018845
34.8559563438
34.9191477332
34.9806481486
35.0405258636
35.0988455658
35.1556685756
35.2110530507
35.2650541764
35.3177243428
35.3691133104
35.4192683651
35.4682344626
35.5160543642
35.5627687627
35.6084164022
35.6530341882
35.6966572925
35.7393192508
35.7810520542
35.8218862352
35.8618509489
35.900974048
35.9392821547
35.976800727
36.0135541216
36.0495656532
36.0848576494
36.1194515031
36.1533677216
36.1866259723
36.2192451263
36.2512432992
36.2826378893
36.3134456139
36.3436825431
36.373364132
36.4025052507
36.4311202132
36.4592228037
36.4868263019
36.5139435075
36.5405867619
36.5667679701
36.5924986204
36.6177898034
36.6426522302
36.667096249
36.6911318617
36.7147687382
36.7380162315
36.7608833306
36.7833789158
36.8055114065
36.8272890165
36.8487197036
36.8698111801
36.8905709231
36.9110061834
36.931123995
36.950931183
36.9704343723
36.9896399948
37.0085542972
37.0271833475
37.0455330421
37.0636091118
37.0814171283
37.0989625094
37.116250525
37.1332863021
37.1500748302
37.1666209654
37.1829294358
37.1990048455
37.2148516788
37.2304743044
37.245876979
37.2610638514
37.2760389657
37.290806265
37.3053695943
37.3197327038
37.3338992524
37.3478728096
37.3616568591
37.3752548012
37.3886699553
37.4019055624
37.4149647875
37.427850722
37.4405663857
37.4531147289
37.4654986347
37.4777209208
37.4897843413
37.5016915886
37.5134452955
37.5250480361
37.5365023283
37.5478106349
37.5589753653
37.5699988768
37.5808834761
37.5916314209
37.602244921
37.6127261396
37.6230771944
37.6333001594
37.6433970652
37.6533699009
37.6632206146
37.672951115
37.682563272
37.6920589177
37.7014398477
37.7107078217
37.7198645646
37.7289117671
37.7378510869
37.7466841494
37.7554125482
37.7640378465
37.772561577
37.7809852435
37.789310321
37.7975382566
37.8056704701
37.8137083549
37.8216532781
37.8295065817
37.8372695828
37.8449435742
37.8525298253
37.860029582
37.8674440681
37.8747744849
37.8820220123
37.8891878092
37.8962730138
37.9032787441
37.9102060984
37.9170561558
37.9238299765
37.9305286022
37.9371530567
37.9437043461
37.950183459
37.9565913675
37.9629290268
37.9691973761
37.9753973388
37.9815298226
37.9875957201
37.993595909
37.9995312526
38.0054025997
38.0112107853
38.0169566306
