2.152342196
2.12800110989
2.10424858591
2.08107318924
2.05846351741
2.03640819846
2.01489589581
1.99391531592
1.97345521701
1.95350441775
1.9340518059
1.91508634656
1.89659709017
1.87857318002
1.86100385952
1.84387847896
1.82718650195
1.81091751147
1.7950612155
1.77960745226
1.76454619514
1.74986755714
1.73556179498
1.72161931291
1.70803066603
1.69478656336
1.68187787052
1.66929561208
1.65703097357
1.64507530324
1.63342011341
1.62205708163
1.61097805151
1.60017503326
1.58964020403
1.57936590796
1.56934465603
1.55956912563
1.55003216004
1.54072676757
1.53164612061
1.5227835545
1.51413256618
1.50568681278
1.49744010998
1.48938643031
1.48151990131
1.47383480354
1.46632556858
1.45898677686
1.45181315546
1.4447995758
1.43794105131
1.431232735
1.42466991703
1.41824802217
1.41196260735
1.40580935901
1.39978409058
1.39388273987
1.38810136648
1.38243614916
1.37688338324
1.37143947797
1.36610095399
1.36086444069
1.35572667366
1.35068449214
1.34573483647
1.34087474561
1.33610135465
1.33141189234
1.3268036787
1.32227412261
1.31782071947
1.31344104886
1.30913277231
1.30489363098
1.30072144355
1.29661410397
1.2925695794
1.2885859081
1.28466119741
1.28079362172
1.27698142055
1.27322289663
1.26951641402
1.26586039629
1.26225332474
1.25869373663
1.25518022354
1.25171142963
1.24828605008
1.24490282951
1.24156056039
1.23825808163
1.23499427704
1.23176807394
1.22857844181
1.2254243909
1.22230497093
1.21921926987
1.21616641263
1.21314555994
1.21015590708
1.20719668284
1.20426714838
1.20136659619
1.19849434901
1.19564975886
1.19283220605
1.19004109825
1.18727586953
1.18453597953
1.18182091254
1.17913017671
1.1764633032
1.17381984542
1.17119937827
1.16860149737
1.16602581838
1.16347197631
1.1609396248
1.15842843555
1.15593809762
1.15346831684
1.15101881525
1.14858933051
1.14617961532
1.14378943694
1.14141857662
1.13906682914
1.1367340023
1.13441991646
1.13212440408
1.1298473093
1.12758848746
1.12534780478
1.12312513787
1.12092037339
1.11873340769
1.1165641464
1.11441250411
1.11227840406
1.11016177774
1.10806256465
1.10598071192
1.10391617407
1.10186891271
1.09983889622
1.09782609953
1.09583050384
1.09385209634
1.09189087
1.08994682333
1.08801996012
1.08611028923
1.08421782437
1.0823425839
1.08048459062
1.07864387155
1.07682045776
1.07501438418
1.0732256894
1.07145441552
1.06970060794
1.06796431522
1.06624558893
1.06454448344
1.06286105582
1.06119536564
1.05954747487
1.0579174477
1.05630535041
1.05471125126
1.05313522032
1.05157732934
1.05003765167
1.04851626206
1.04701323663
1.04552865267
1.04406258857
1.04261512369
1.04118633825
1.03977631323
1.03838513024
1.03701287146
1.03565961948
1.03432545724
1.03301046793
1.03171473485
1.03043834138
1.02918137084
1.02794390639
1.02672603099
1.02552782725
1.0243493774
1.02319076317
1.02205206568
1.02093336542
