5.0
0.808862744709
0.921468749258
1.398263331
2.74232011155
3.95510137268
4.6620234114
4.33230950871
4.46365044876
4.52661503356
4.55884292084
4.57734831779
4.5896680652
4.5991190094
4.60716039818
4.61443664357
4.62123488557
4.62768555358
4.63385033587
4.63976079595
4.64543532077
4.65088653998
4.6561245512
4.66115830129
4.66599616078
4.67064614941
4.67511601438
4.67941324994
4.683545096
4.68751853194
4.69134027145
4.69501676045
4.69855417818
4.70195844112
4.70523520903
4.70838989256
4.71142766194
4.7143534562
4.71717199284
4.71988777746
4.72250511338
4.72502811095
4.72746069664
4.72980662175
4.73206947073
4.73425266912
4.7363594911
4.73839306666
4.74035638841
4.74225231797
4.74408359215
4.74585282868
4.7475625317
4.74921509699
4.75081281691
4.75235788504
4.75385240069
4.75529837313
4.75669772559
4.75805229911
4.75936385623
4.7606340844
4.76186459937
4.76305694829
4.76421261279
4.76533301181
4.76641950437
4.76747339221
4.76849592226
4.76948828906
4.77045163704
4.77138706272
4.77229561678
4.77317830605
4.77403609543
4.77486990973
4.77568063538
4.77646912209
4.77723618451
4.77798260366
4.77870912846
4.77941647706
4.78010533824
4.7807763726
4.78143021385
4.78206746992
4.78268872411
4.7832945361
4.78388544303
4.78446196043
4.78502458314
4.78557378622
4.78611002598
4.78663374005
4.78714534923
4.78764525755
4.78813385313
4.78861150885
4.789078583
4.78953541993
4.78998235059
4.79041969313
4.79084775344
4.79126682563
4.79167719259
4.79207912639
4.79247288878
4.79285873161
4.79323689723
4.79360761888
4.79397112112
4.79432762011
4.79467732402
4.79502043333
4.79535714115
4.79568763353
4.79601208975
4.79633068256
4.7966435785
4.79695093812
4.79725291623
4.79754966212
4.79784131981
4.79812802823
4.79840992143
4.7986871288
4.79895977523
4.79922798129
4.79949186341
4.79975153404
4.8000071018
4.80025867164
4.80050634498
4.80075021984
4.80099039099
4.80122695004
4.80145998562
4.80168958343
4.80191582639
4.80213879475
4.80235856617
4.80257521582
4.8027888165
4.8029994387
4.8032071507
4.80341201866
4.80361410666
4.80381347685
4.80401018945
4.80420430285
4.80439587369
4.80458495691
4.8047716058
4.80495587208
4.80513780595
4.80531745616
4.80549487002
4.8056700935
4.80584317125
4.80601414665
4.80618306186
4.80634995787
4.80651487453
4.80667785058
4.80683892372
4.80699813063
4.80715550698
4.80731108751
4.80746490604
4.80761699549
4.80776738793
4.80791611462
4.80806320598
4.8082086917
4.8083526007
4.80849496118
4.80863580064
4.80877514593
4.80891302321
4.80904945805
4.80918447539
4.80931809958
4.8094503544
4.80958126309
4.80971084835
4.80983913236
4.80996613682
4.81009188292
4.81021639141
4.81033968256
4.81046177623
4.81058269184
4.81070244841
4.81082106454
4.81093855848
4.81105494808
4.81117025084
4.81128448391
4.81139766411
4.81150980791
