-2.48072229065
-1.457035693
-1.47540774807
-1.5172178255
-1.50641062013
-1.5025488376
-1.50224356227
-1.5015490865
-1.50331931291
-1.50527224871
-1.50719783273
-1.50901523523
-1.51069976482
-1.51225019651
-1.51367444798
-1.51498340291
-1.51618831625
-1.51729978437
-1.51832739281
-1.51927965182
-1.52016404909
-1.52098714497
-1.52175467806
-1.52247166792
-1.52314250935
-1.52377105684
-1.52436069903
-1.52491442376
-1.52543487448
-1.525924399
-1.52638509139
-1.52681882782
-1.52722729728
-1.52761202757
-1.52797440751
-1.5283157057
-1.52863708635
-1.52893962273
-1.52922430851
-1.52949206726
-1.52974376059
-1.52998019495
-1.5302021274
-1.53041027053
-1.53060529664
-1.53078784133
-1.53095850654
-1.53111786322
-1.53126645365
-1.53140479342
-1.5315333732
-1.53165266034
-1.53176310026
-1.53186511769
-1.53195911781
-1.53204548731
-1.53212459533
-1.53219679432
-1.53226242088
-1.53232179649
-1.53237522823
-1.53242300944
-1.53246542037
-1.5325027287
-1.53253519021
-1.53256304919
-1.53258653904
-1.53260588271
-1.53262129314
-1.53263297372
-1.53264111873
-1.53264591368
-1.53264753574
-1.53264615406
-1.53264193018
-1.53263501829
-1.53262556561
-1.53261371265
-1.53259959352
-1.53258333624
-1.53256506294
-1.53254489017
-1.53252292912
-1.53249928589
-1.53247406164
-1.53244735288
-1.53241925166
-1.53238984573
-1.53235921875
-1.53232745049
-1.53229461697
-1.53226079065
-1.53222604058
-1.53219043249
-1.53215402912
-1.53211689011
-1.53207907231
-1.53204062983
-1.53200161418
-1.5319620744
-1.53192205713
-1.53188160676
-1.53184076552
-1.53179957354
-1.531758069
-1.53171628816
-1.53167426552
-1.5316320338
-1.53158962411
-1.53154706597
-1.5315043874
-1.53146161498
-1.53141877392
-1.53137588813
-1.53133298024
-1.53129007172
-1.53124718287
-1.53120433292
-1.53116154005
-1.53111882145
-1.53107619335
-1.53103367109
-1.53099126913
-1.53094900113
-1.53090687994
-1.53086491765
-1.53082312567
-1.53078151468
-1.53074009474
-1.53069887528
-1.53065786513
-1.53061707254
-1.53057650526
-1.53053617047
-1.5304960749
-1.5304562248
-1.53041662596
-1.53037728376
-1.53033820317
-1.53029938877
-1.53026084478
-1.53022257505
-1.53018458311
-1.53014687217
-1.53010944515
-1.53007230465
-1.53003545303
-1.52999889236
-1.52996262448
-1.52992665099
-1.52989097326
-1.52985559247
-1.52982050956
-1.5297857253
-1.52975124029
-1.52971705492
-1.52968316946
-1.52964958399
-1.52961629846
-1.52958331267
-1.5295506263
-1.5295182389
-1.52948614989
-1.52945435859
-1.52942286423
-1.5293916659
-1.52936076263
-1.52933015335
-1.52929983691
-1.52926981207
-1.52924007754
-1.52921063193
-1.52918147381
-1.52915260168
-1.52912401398
-1.52909570911
-1.5290676854
-1.52903994115
-1.52901247461
-1.528985284
-1.52895836749
-1.52893172321
-1.52890534929
-1.5288792438
-1.5288534048
-1.52882783032
-1.52880251837
-1.52877746694
-1.528752674
-1.52872813751
-1.52870385542
-1.52867982566
-1.52865604614
-1.52863251478
-1.52860922948
-1.52858618815
-1.52856338867
-1.52854082894
-1.52851850685
-1.52849642029
