89.514569664
123.729981304
127.388009164
131.032133373
134.661272875
138.274406021
141.870574315
145.448880351
149.008485213
152.548605829
156.068512389
159.5675258
163.045015207
166.500395577
169.933125342
173.342704109
176.728670443
180.090599708
183.428101985
186.740820052
190.028426517
193.290625852
196.527146316
199.737742643
202.922193179
206.080298253
209.211878623
212.316773967
215.39484145
218.445954332
221.470000648
224.466881933
227.436512001
230.378815782
233.293728204
236.181193126
239.041162317
241.873594487
244.678454349
247.455711745
250.205340792
252.927319083
255.621626923
258.288246604
260.927161712
263.538356477
266.121815149
268.677521417
271.205457852
273.705605386
276.177942816
278.622446346
281.039089147
283.427840954
285.788667683
288.121531078
290.426388381
292.703192028
294.951889369
297.172422411
299.364727582
301.528735524
303.664370902
305.771552233
307.850191745
309.900195248
311.921462033
313.913884784
315.877349518
317.811735538
319.716915414
321.592754976
323.439113334
325.255842911
327.042789501
328.799792346
330.526684231
332.223291602
333.889434701
335.524927726
337.129579002
338.703191186
340.24556148
341.756481875
343.235739405
344.683116436
346.098390962
347.48133693
348.831724589
350.149320852
351.433889688
352.685192528
353.9029887
355.087035877
356.237090557
357.352908553
358.434245511
359.48085745
360.492501312
361.468935547
362.409920705
363.315220051
364.184600202
365.017831778
365.814690065
366.574955704
367.298415388
367.984862572
368.634098202
369.245931444
369.820180436
370.356673035
370.855247584
371.31575367
371.738052896
372.122019649
372.467541869
372.774521811
373.04287681
373.272540029
373.463461207
373.615607386
373.72896363
373.803533727
373.839340865
373.836428296
373.794859969
373.714721136
373.596118933
373.439182927
373.244065624
373.010942948
372.740014676
372.431504832
372.085662034
373.857402677
373.370636139
372.823898175
372.217681122
371.552884046
370.830751616
370.052785323
369.220677434
368.336263166
367.401485293
366.418367254
365.388992171
364.315486087
363.208239719
362.107854541
360.975307271
359.81225093
358.620369257
357.401356421
356.156913853
354.888743522
353.59854196
352.287994676
350.958770911
349.612518661
348.250859953
346.875386322
345.487654476
344.089182127
342.681443957
341.265867724
339.843830466
338.416654805
336.98560533
335.551885024
334.11663172
332.680914554
331.24573037
329.812000036
328.3805646
326.952181231
325.527518834
324.10715324
322.691561829
321.281117403
319.876081102
318.476594077
317.082667572
315.694170971
314.310817223
312.932144899
311.557495893
310.185987439
308.816476692
307.447515454
306.077291718
304.703553369
303.323507382
301.933684852
300.529757529
299.106284126
297.656352565
296.17106403
294.638769257
293.0439038
