0.0116645798599
0.0121025079583
0.0125407918994
0.0129791977305
0.0134175055911
0.013855507821
0.0142930082924
0.0147298218736
0.0151657739262
0.0156006998261
0.0160344445027
0.0164668619978
0.016897815041
0.0173271746429
0.0177548197037
0.0181806366367
0.0186045190075
0.0190263671861
0.0194460880134
0.0198635944797
0.0202788054169
0.0206916447725
0.0211020430624
0.0215099344578
0.0219152583047
0.0223179584195
0.0227179828469
0.023115283627
0.0235098165717
0.0239015410504
0.0242904197842
0.0246764186489
0.0250595064856
0.0254396549195
0.0258168381864
0.0261910329662
0.0265622182234
0.0269303750552
0.0272954865449
0.0276575376227
0.0280165149322
0.0283724067026
0.028725202627
0.0290748937454
0.0294214723341
0.0297649317988
0.0301052665737
0.0304424720246
0.0307765443563
0.0311074805252
0.0314352781551
0.0317599354574
0.032081451155
0.0323998244099
0.032715054754
0.0330271420239
0.033336086298
0.0336418878376
0.03394454703
0.0342440643354
0.0345404402355
0.0348336751853
0.0351237695674
0.035410723648
0.035694537536
0.0359752111436
0.0362527441491
0.0365271359618
0.0367983856887
0.0370664921031
0.0373314536145
0.0375932682407
0.0378519335807
0.0381074467904
0.0383598045581
0.0386090030825
0.0388550380519
0.0390979046241
0.0393375974083
0.0395741104473
0.0398074372017
0.0400375705347
0.0402645026978
0.0404882253184
0.0407087293872
0.0409260052475
0.0411400425854
0.0413508304202
0.0415583570967
0.0417626102779
0.0419635769387
0.0421612433605
0.0423555951271
0.0425466171206
0.0427342935197
0.0429186077972
0.0430995427202
0.04327708035
0.0434512020434
0.0436218884554
0.0437891195426
0.0439528745674
0.0441131321042
0.0442698700457
0.0444230656113
0.0445726953561
0.0447187351817
0.0448611603478
0.0449999454857
0.0451350646129
0.0452664911492
0.0453941979348
0.0455181572491
0.0456383408323
0.0457547199079
0.0458672652073
0.0459759469963
0.0460807351033
0.0461815989499
0.0462785075835
0.0463714297112
0.0464603337375
0.0465451878027
0.0466259598245
0.0467026175418
0.046775128561
0.0468434604045
0.0469075805625
0.0469674565464
0.0470230559457
0.0470743464872
0.047121296097
0.0471638729653
0.0472020456141
0.0472357829669
0.0474728554962
0.0476948462883
0.0479016793545
0.048093328802
0.0482698292358
0.0484312659919
0.0485777658489
0.0487094895472
0.0488266257999
0.0489293864534
0.0490180025324
0.049092720976
0.049153801916
0.0492015163875
0.0492361443855
0.0492579731996
0.0492672959758
0.0492644104636
0.0492496179135
0.0492232220988
0.0491855284401
0.0491368432118
0.0490774728175
0.0490077231196
0.0489278988122
0.0488383028276
0.0487392357672
0.0486309953482
0.0485138758604
0.0483881676236
0.0482541564402
0.0481121230351
0.0479623424759
0.0478050835652
0.0476406081972
0.0474691706676
0.0472910169272
0.0471066023031
0.0469163146958
0.0467203311139
0.0465188182638
0.0463119312303
0.0460998119667
0.0458825875765
0.0456603683219
0.045433245298
0.0452012876938
0.0449645395397
0.0447230158078
0.0444766976968
0.0442255268729
0.043969398364
0.0437081516968
0.0434415597123
0.0431693142708
0.0428910077252
0.0426061085374
0.0423139286231
0.0420135787464
0.0417039061904
0.0413834052965
0.0410500849048
0.0407012641347
0.0403332420812
0.0399407289337
