309019.240392
285462.489714
281510.238535
277695.735202
274010.47026
270451.588266
267016.908401
263704.218323
260511.195311
257435.418012
254474.389533
251625.559757
248886.344737
246254.142754
243726.34705
241300.35549
238973.577552
236743.439093
234607.385403
232562.882981
230607.420492
228738.509242
226953.683477
225250.500741
223626.542441
222079.41475
220606.749893
219206.207853
217875.478494
216612.283556
215414.381505
214279.567599
213205.679369
212190.599443
211232.259874
210328.643546
209477.790981
208677.801822
207926.838802
207223.131052
206564.977232
205950.748474
205378.891105
204847.929159
204356.466663
203903.189094
203486.867702
203106.357441
202760.601012
202448.629452
202169.564186
201922.61513
201707.085989
201522.372428
201367.935984
201243.415081
201148.462299
201082.853896
201046.464217
201039.2672
201061.338125
201112.855666
201194.104298
201305.477124
201447.479182
201620.731314
201825.974672
202064.075944
202336.033412
202642.983939
202986.211017
203367.15402
203787.418812
204248.789904
204753.244376
205302.967791
205900.372409
206548.11802
207249.135782
208006.655541
208824.237148
209705.806432
210655.696592
211678.695906
212780.102861
213965.79006
215242.278187
216616.82322
218097.516455
219693.111622
221414.627464
223272.587082
225280.141013
227451.839972
229804.209535
232356.09172
235129.059879
238147.926171
241441.366583
241952.50604
241620.652745
241281.809768
240936.158788
240584.665931
240227.374473
239864.666331
239496.914483
239124.490974
238747.703997
238366.963103
237982.582761
237594.887186
237204.190992
236810.799134
236415.006867
236017.099735
235617.353576
235216.034556
234813.399215
234409.694548
234005.158089
233600.018022
233194.493305
232788.793811
232383.12048
231977.665483
231572.612397
231168.136393
230764.404423
230361.575422
229959.800516
229559.223223
229159.979676
228762.198828
228366.002676
227971.506476
227578.818962
227188.042561
226799.273607
226412.602562
226028.114221
225645.887922
225265.997755
224888.512758
224513.497122
224141.010381
223771.107602
223403.839572
223039.252977
222677.390581
222318.291393
221961.990835
221608.520905
221257.910331
220910.184722
220565.366718
220223.476126
219884.530062
219548.54308
219215.527298
218885.492523
218558.446368
218234.394364
217913.340072
217595.285184
217280.229625
216968.171653
216659.107945
216353.033691
216049.942676
215749.827365
215452.678974
215158.487553
214867.242052
214578.930389
214293.539518
214011.055489
213731.463508
213454.747992
213180.892626
212909.880413
212641.69372
212376.31433
212113.723485
211853.901924
211596.829928
211342.487357
211090.853686
210841.90804
210595.629226
210351.995765
210110.98592
209872.577728
209636.749022
209403.477459
209172.740542
208944.515645
208718.780031
208495.510877
208274.685288
