8.1076783597
5.90501728325
5.90751076978
5.90976559155
5.91186588543
5.91383633843
5.91569081175
5.91744037553
5.91909473933
5.92066259204
5.92215174915
5.92356925601
5.9249214733
5.92621415071
5.92745249131
5.9286412081
5.92978457382
5.93088646512
5.93195040175
5.93297958146
5.93397691122
5.93494503506
5.93588635911
5.93680307404
5.93769717526
5.9385704811
5.9394246492
5.94026119132
5.94108148665
5.94188679397
5.94267826249
5.9434569418
5.94422379083
5.94497968594
5.94572542829
5.94646175059
5.94718932306
5.94790875904
5.94862061995
5.94932541984
5.95002362955
5.95071568048
5.95140196798
5.95208285454
5.95275867255
5.95342972697
5.95409629762
5.9547586414
5.9554169942
5.95607157271
5.95672257606
5.9573701873
5.95801457479
5.95865589339
5.95929428565
5.95992988282
5.96056280581
5.96119316607
5.96182106633
5.9624466014
5.96306985878
5.96369091929
5.96430985762
5.96492674284
5.96554163887
5.96615460489
5.96676569577
5.96737496237
5.96798245193
5.9685882083
5.9691922723
5.96979468189
5.97039547247
5.97099467703
5.9715923264
5.97218844939
5.97278307296
5.97337622239
5.97396792141
5.9745581923
5.97514705603
5.97573453238
5.97632063999
5.97690539651
5.97748881862
5.97807092217
5.97865172218
5.97923123296
5.97980946814
5.98038644075
5.98096216321
5.98153664744
5.98210990488
5.98268194652
5.98325278293
5.98382242431
5.98439088051
5.98495816106
5.98552427517
5.98608923182
5.98665303969
5.98721570727
5.9877772428
5.98833765433
5.98889694974
5.98945513671
5.99001222279
5.99056821537
5.99112312172
5.99167694895
5.99222970409
5.99278139404
5.99333202561
5.99388160552
5.99443014038
5.99497763676
5.9955241011
5.99606953983
5.99661395927
5.9971573657
5.99769976533
5.99824116433
5.99878156881
5.99932098485
5.99985941846
6.00039687562
6.00093336229
6.00146888436
6.00200344771
6.00253705818
6.00306972157
6.00360144368
6.00413223024
6.00466208699
6.00519101962
6.00571903382
6.00624613523
6.00677232949
6.00729762222
6.00782201879
6.0083455252
6.00886814679
6.00938988909
6.00991075763
6.01043075791
6.01094989542
6.01146817563
6.01198560399
6.01250218594
6.01301792711
6.01353283252
6.01404690777
6.01456015823
6.01507258929
6.0155842063
6.01609501461
6.01660501956
6.01711422646
6.01762264062
6.01813026736
6.01863711194
6.01914317965
6.01964847574
6.02015300548
6.02065677409
6.02115978681
6.02166204886
6.02216356544
6.02266434174
6.02316438294
6.02366369423
6.02416228076
6.02466014768
6.02515730013
6.02565374323
6.02614948211
6.02664452186
6.02713886759
6.02763252438
6.02812549729
6.02861779138
6.02910941172
6.02960036333
6.03009065124
6.03058028047
6.03106925602
6.03155758289
6.03204526605
6.03253231047
6.03301872112
6.03350450294
6.03398966087
6.03447419982
6.03495812471
6.03544144045
6.03592415191
6.03640626397
6.0368877815
6.03736870935
6.03784905236
