0.0
29.0435739751
0.0
0.0
29.9431962418
0.0
0.0
31.8981675801
0.0
0.0
33.5970123659
0.0
0.0
34.3372905437
0.0
0.0
34.7197102462
0.0
0.0
34.9226817251
0.0
0.0
35.179185929
0.0
0.0
35.2810546533
0.0
0.0
35.3695831189
0.0
0.0
35.4554653499
0.0
0.0
35.5427527489
0.0
0.0
35.6325881902
0.0
0.0
35.7249160983
0.0
0.0
35.8192406568
0.0
0.0
35.9149512521
0.0
0.0
36.0114548495
0.0
0.0
36.1082237782
0.0
0.0
36.2048075016
0.0
0.0
36.300829873
0.0
0.0
36.3959812734
0.0
0.0
36.4900095934
0.0
0.0
36.5827116206
0.0
0.0
36.6739253963
0.0
0.0
36.7635236208
0.0
0.0
36.8514080591
0.0
0.0
36.9375048222
0.0
0.0
37.0217603942
0.0
0.0
37.1041382876
0.0
0.0
37.1846162381
0.0
0.0
37.2631838291
0.0
0.0
37.339840499
0.0
0.0
37.4145938538
0.0
0.0
37.4874582455
0.0
0.0
37.5584535657
0.0
0.0
37.6276042316
0.0
0.0
37.6949383282
0.0
0.0
37.7604868755
0.0
0.0
37.8242832157
0.0
0.0
37.8863624928
0.0
0.0
37.9467612146
0.0
0.0
38.0055168777
0.0
0.0
38.0626676583
0.0
0.0
38.1182521444
0.0
0.0
38.1723091145
0.0
0.0
38.2248773512
0.0
0.0
38.2759954868
0.0
0.0
38.3257018675
0.0
0.0
38.37403445
0.0
0.0
38.4210307082
0.0
0.0
38.4667275606
0.0
0.0
38.5111613103
0.0
0.0
38.554367597
0.0
0.0
38.5963813589
0.0
0.0
38.6372367962
0.0
0.0
38.6769673613
0.0
0.0
38.7156057296
0.0
0.0
38.7531837954
0.0
0.0
38.7897326644
0.0
0.0
38.8252826493
0.0
0.0
38.8598632762
0.0
0.0
38.893503276
0.0
0.0
38.926230603
0.0
0.0
38.9580724395
0.0
0.0
38.9890551978
0.0
0.0
39.0192045436
0.0
0.0
39.0485453975
0.0
0.0
39.0771019565
0.0
0.0
39.1048977002
0.0
0.0
39.1319554148
0.0
0.0
39.1582971971
0.0
0.0
39.1839444811
0.0
0.0
39.2089180437
0.0
0.0
39.2332380321
0.0
0.0
39.2569239692
0.0
0.0
39.2799947753
0.0
0.0
39.3024687802
0.0
0.0
39.3243637471
0.0
0.0
39.34569688
0.0
0.0
39.3664848431
0.0
0.0
39.3867437771
0.0
0.0
39.4064893131
0.0
0.0
39.4257365862
0.0
0.0
39.4445002545
0.0
0.0
39.4627945124
0.0
0.0
39.4806330988
0.0
0.0
39.4980293201
0.0
0.0
39.5149960567
0.0
0.0
39.5315457817
0.0
0.0
39.5476905709
0.0
0.0
39.563442115
0.0
0.0
39.5788117291
0.0
0.0
39.5938103766
0.0
0.0
39.6084486671
0.0
0.0
39.6227368677
0.0
0.0
39.6366849311
0.0
0.0
39.6503024855
0.0
0.0
39.6635988605
0.0
0.0
39.676583083
0.0
0.0
39.6892639014
0.0
0.0
39.7016497839
0.0
0.0
39.7137489348
0.0
0.0
39.7255692979
0.0
0.0
39.7371185682
0.0
0.0
39.7484042033
0.0
0.0
39.7594334186
0.0
0.0
39.7702132167
0.0
0.0
39.7807503719
0.0
0.0
39.7910514524
0.0
0.0
39.801122823
0.0
0.0
39.8109706517
0.0
0.0
39.8206009124
0.0
0.0
39.8300194043
0.0
0.0
39.8392317391
0.0
0.0
39.8482433619
0.0
0.0
39.8570595497
0.0
0.0
39.8656854229
0.0
0.0
39.8741259398
0.0
0.0
39.8823859154
0.0
0.0
39.8904700177
0.0
0.0
39.8983827715
0.0
0.0
39.906128568
0.0
0.0
39.9137116693
0.0
0.0
39.9211362072
0.0
0.0
39.9284061925
0.0
0.0
39.9355255181
0.0
0.0
39.9424979623
0.0
0.0
39.9493271889
0.0
0.0
39.9560167592
0.0
0.0
39.962570128
0.0
0.0
39.9689906516
0.0
0.0
39.9752815843
0.0
0.0
39.9814460933
0.0
0.0
39.9874872488
0.0
0.0
39.9934080365
0.0
0.0
39.9992113551
0.0
0.0
40.0049000221
0.0
0.0
40.0104767735
0.0
0.0
40.0159442715
0.0
0.0
40.0213050974
0.0
0.0
40.0265617652
0.0
0.0
40.0317167188
0.0
0.0
40.0367723299
0.0
0.0
40.0417309075
0.0
0.0
40.0465946967
0.0
0.0
40.0513658802
0.0
0.0
40.0560465801
0.0
0.0
40.0606388637
0.0
0.0
40.065144739
0.0
0.0
40.0695661599
0.0
0.0
40.0739050276
0.0
0.0
40.0781631944
0.0
0.0
40.0823424592
0.0
0.0
40.0864445768
0.0
0.0
40.0904712534
0.0
0.0
40.0944241485
0.0
0.0
40.0983048816
0.0
0.0
40.102115027
0.0
0.0
40.1058561186
0.0
0.0
40.1095296497
0.0
0.0
40.1131370733
0.0
0.0
40.1166798113
0.0
0.0
40.1201592409
0.0
0.0
40.1235767081
0.0
0.0
40.1269335252
0.0
0.0
40.1302309679
0.0
0.0
40.1334702837
0.0
0.0
40.1366526842
0.0
0.0
40.1397793546
0.0
0.0
40.1428514461
0.0
0.0
40.145870085
0.0
0.0
40.1488363686
0.0
0.0
40.1517513649
0.0
0.0
40.1546161179
0.0
0.0
40.1574316437
0.0
0.0
40.1601989386
0.0
0.0
40.1629189683
0.0
0.0
40.1655926766
0.0
0.0
40.1682209873
0.0
0.0
40.1708047986
0.0
0.0
40.1733449907
0.0
0.0
40.1758424188
0.0
0.0
40.1782979201
0.0
0.0
40.1807123112
0.0
0.0
40.1830863902
0.0
0.0
40.1854209352
0.0
0.0
40.1877167057
0.0
0.0
40.1899744462
0.0
0.0
40.1921948807
0.0
0.0
40.1943787154
0.0
0.0
40.1965266441
0.0
0.0
40.198639344
0.0
0.0
40.2007174751
0.0
0.0
40.2027616793
0.0
0.0
40.2047725919
0.0
0.0
40.2067508259
0.0
0.0
40.2086969842
0.0
0.0
40.2106116562
0.0
0.0
40.2124954152
0.0
0.0
40.2143488275
0.0
