169116.0
48548.2459055
49359.6107701
50190.9242381
51042.6239103
51915.3531615
52809.8143644
53726.7398735
54666.8820406
55631.0066226
56619.8873222
57634.301267
58675.0254822
59742.8343747
60838.4981922
61962.7823706
63116.447656
64300.2508778
65514.9462456
66761.2870565
68040.0277086
69351.9259341
70697.7451783
72078.2570675
73494.2439165
74946.5012405
76435.8402426
77963.0902542
79529.1011127
81134.7453371
82780.9208397
84468.5523094
86198.5937895
87972.0304032
89789.8804986
91653.1967162
93563.0686712
95520.6240071
97527.0301732
99583.4960372
101691.273505
103851.659177
106065.996063
108335.675407
110662.138636
113046.879202
115491.44609
117997.444681
120566.54089
123200.464102
125901.011387
128670.050047
131509.524733
134421.461289
137407.952667
140471.246819
143613.634159
146837.535385
150145.49151
153540.17461
157024.399819
160601.138696
164273.534087
168044.916668
171918.823305
175899.017448
179989.511777
184194.593342
188518.851483
192967.208861
197544.955973
202257.789577
207111.855534
212113.796639
217270.806118
222590.687579
228081.922327
233753.745131
239616.2297
245680.38538
251958.266828
258463.098779
265209.418419
272213.238358
279492.233826
287065.958505
294956.093688
303186.739415
311784.750672
320778.271149
330206.517713
340101.687652
350508.257885
361474.440765
373054.984151
385312.301233
398317.842509
412153.773233
426915.038805
431410.336213
432789.544568
434111.116459
435375.593885
436584.991571
437739.730503
438840.889992
439889.582515
440886.965598
441834.115947
442732.340821
443582.802517
444386.712383
445145.290857
445859.764096
446531.360801
447161.309245
447750.834512
448301.155935
448813.48474
449289.021873
449728.956025
450134.46184
450506.698289
450846.807225
451155.912088
451435.116767
451685.504608
451908.137554
452104.055411
452274.275248
452419.790885
452541.57251
452640.566373
452717.694584
452773.85498
452809.921075
452826.742083
452825.142991
452805.924698
452769.864206
452717.71485
452650.206578
452568.046257
452471.918023
452362.483647
452240.382936
452106.23415
451960.634434
451804.160271
451637.367942
451460.793997
451274.955738
451080.351697
450877.462123
450666.749477
450448.658914
450223.618771
449992.041055
449754.321919
449510.84214
449261.967587
449008.049688
448749.425883
448486.420073
448219.343063
447948.49299
447674.155749
447396.605405
447116.104596
446832.90493
446547.247366
446259.362593
445969.471391
445677.784986
445384.505397
445089.825771
444793.930705
444496.996564
444199.191786
443900.67718
443601.606211
443302.125279
443002.373988
442702.485405
442402.586314
442102.797458
441803.233772
441504.004613
441205.213977
440906.960712
440609.338721
440312.437158
440016.340621
439721.129329
439426.879307
439133.662548
438841.547182
438550.597629
438260.874759
437972.436027
