38.7555200972
38.4577864518
38.1654172412
37.8783773788
37.5966010473
37.3200031689
37.0484875943
36.781952552
36.5202941718
36.2634087219
36.0111939999
35.7635501705
35.5203802386
35.2815902861
35.0470895531
34.8167904201
34.5906083285
34.3684616622
34.1502716097
33.9359620155
33.7254592294
33.518691958
33.3155911218
33.1160897192
32.9201226985
32.7276268391
32.5385406406
32.3528042211
32.1703592228
31.9911487261
31.8151171702
31.6422102807
31.4723750036
31.305559444
31.1417128112
30.9807853679
30.8227283831
30.6674940906
30.5150356489
30.3653071063
30.2182633675
30.0738601633
29.9320540229
29.7928022481
29.6560628892
29.5217947234
29.3899572337
29.2605105901
29.1334156319
29.0086338507
28.8861273744
28.7658589542
28.6477919485
28.5318903109
28.4181185779
28.3064418568
28.1968258147
28.0892366674
27.9836411697
27.880006605
27.7783007763
27.6784919969
27.5805490814
27.4844413377
27.3901385582
27.2976110124
27.2068294385
27.1177650363
27.0303894596
26.944674809
26.860593625
26.778118881
26.6972239764
26.6178827304
26.540069375
26.4637585491
26.3889252917
26.3155450364
26.2435936047
26.1730472006
26.1038824041
26.0360761661
25.9696058023
25.9044489875
25.8405837506
25.7779884685
25.7166418611
25.656522986
25.5976112331
25.5398863198
25.4833282854
25.4279174864
25.3736345917
25.3204605774
25.2683767222
25.2173646026
25.1674060882
25.1184833372
25.0705787917
25.0236751733
24.9777554786
24.932802975
24.8888011964
24.8457339387
24.8035852559
24.7623394558
24.7219810963
24.6824949808
24.6438661548
24.6060799018
24.5691217396
24.5329774162
24.4976329065
24.4630744086
24.4292883397
24.3962613334
24.3639802355
24.3324321008
24.3016041899
24.2714839657
24.2420590899
24.2133174204
24.1852470076
24.1578360912
24.1310730976
24.1049466367
24.0794454987
24.0545586514
24.0302752372
24.0065845703
23.9834761342
23.9609395784
23.9389647162
23.9176665608
23.8968775298
23.8765892648
23.8567935895
23.8374825025
23.8186481676
23.8002829053
23.7823791833
23.7649296081
23.7479269169
23.7313639696
23.7152337424
23.6995293065
23.6842438659
23.6693707082
23.6549032284
23.640834883
23.627159228
23.6138699008
23.6009606175
23.5884251698
23.5762574227
23.5644513119
23.553000842
23.5419000847
23.5311431772
23.5207243204
23.5106377781
23.500877876
23.4914389999
23.482315596
23.4735021689
23.4649932821
23.4567835565
23.4488676703
23.4412403588
23.4338964133
23.4268306813
23.4200380663
23.4135135269
23.4072520772
23.4012487861
23.3954987777
23.3899972304
23.3847393774
23.3797205058
23.3749359575
23.370381128
23.3660514668
23.3619424775
23.358049717
23.354368796
23.3508953783
23.3476251811
23.3445539748
23.3416775826
23.3389918805
23.336492797
23.3341763133
23.3320384626
23.3300753303
23.3282830535
23.326657821
23.3251958731
23.3238935011
23.3227470475
23.3217529052
