16.9125405648
16.216053258
16.0735389753
15.9511485203
15.8349746302
15.7245171636
15.619583478
15.5199609202
15.4254166658
15.3357044834
15.2505704506
15.1697575833
15.0930096054
15.0200739302
14.9507040073
14.8846611305
14.8217157898
14.7616486431
14.7042511705
14.6493260647
14.5966874059
14.5461606607
14.4975825394
14.4508007426
14.4056736211
14.3620697708
14.3198675816
14.2789547538
14.2392277958
14.2005915126
14.1629584942
14.1262486093
14.0903885107
14.0553111563
14.0209553483
13.9872652923
13.9541901791
13.9216837892
13.88970412
13.8582130367
13.8271759461
13.7965614921
13.7663412736
13.7364895829
13.7069831639
13.6778009889
13.6489240539
13.6203351897
13.5920188895
13.5639611506
13.5361493299
13.5085720121
13.4812188899
13.4540806542
13.4271488951
13.4004160119
13.3738751312
13.3475200329
13.3213450837
13.2953451763
13.2695156752
13.243852367
13.218351417
13.1930093287
13.1678229082
13.1427892322
13.117905619
13.0931696029
13.0685789107
13.0441314414
13.0198252472
12.9956585176
12.971629564
12.9477368071
12.9239787647
12.9003540417
12.8768613203
12.8534993524
12.8302669515
12.8071629869
12.7841863774
12.7613360863
12.7386111171
12.7160105092
12.6935333344
12.6711786939
12.6489457151
12.6268335497
12.604841371
12.5829683723
12.5612137651
12.5395767775
12.5246528816
12.5145105664
12.5077338867
12.5033254684
12.5005835938
12.4990145843
12.4982711279
12.4981088853
12.4983559612
12.4988914256
12.499630203
12.500512442
12.5014960367
12.5025513651
12.5036575884
12.5048000463
12.5059684255
12.5071554709
12.5083560789
12.5095666596
12.510784688
12.5120083882
12.5132365114
12.5144681799
12.5157027765
12.5169398678
12.5181791496
12.5194204084
12.5206634946
12.5219083038
12.5231547629
12.5244028215
12.5256524445
12.526903608
12.5281562957
12.529410497
12.5306662049
12.5319234152
12.5331821255
12.5344423351
12.5357040437
12.536967252
12.5382319611
12.5394981725
12.5407658877
12.5420351087
12.5433058372
12.5445780754
12.5458518253
12.5471270889
12.5484038684
12.549682166
12.5509619837
12.5522433238
12.5535261885
12.5548105799
12.5560965001
12.5573839515
12.5586729361
12.5599634561
12.5612555138
12.5625491112
12.5638442507
12.5651409343
12.5664391643
12.5677389429
12.5690402721
12.5703431543
12.5716475916
12.5729535861
12.5742611401
12.5755702558
12.5768809352
12.5781931807
12.5795069944
12.5808223784
12.5821393349
12.5834578662
12.5847779745
12.5860996618
12.5874229303
12.5887477824
12.59007422
12.5914022455
12.592731861
12.5940630686
12.5953958706
12.5967302691
12.5980662663
12.5994038645
12.6007430656
12.6020838721
12.6034262859
12.6047703094
12.6061159446
12.6074631938
12.6088120592
12.6101625428
12.611514647
12.6128683738
12.6142237254
12.615580704
12.6169393119
12.6182995511
12.6196614239
12.6210249323
12.6223900787
12.6237568651
