169.200150912
141.799183465
141.910865873
142.018194556
142.121537073
142.221025668
142.316767039
142.408864229
142.497418578
142.582529679
142.66429519
142.742810659
142.818169394
142.89046237
142.959778151
143.026202847
143.089820085
143.150710988
143.208954182
143.264625799
143.317799498
143.368547753
143.416936812
143.463034364
143.506904477
143.548608918
143.588207199
143.625756623
143.661312334
143.694927366
143.72665269
143.756537272
143.784613194
143.81097071
143.835607056
143.858579882
143.879928409
143.899690606
143.917902782
143.934599635
143.949814301
143.9635784
143.975922082
143.986874075
143.996461727
144.004711048
144.01164676
144.017292334
144.021670031
144.024800948
144.026705054
144.027401232
144.026907316
144.025240129
144.022415527
144.018448425
144.013352844
144.007141942
143.99982805
143.991422708
143.981936701
143.97138009
143.95976225
143.9470919
143.933377141
143.918625487
143.902843896
143.886038808
143.868216174
143.849381492
143.829539837
143.808695896
143.786854002
143.764018163
143.740192102
143.715379284
143.689582953
143.662806169
143.635051835
143.606322738
143.576621581
143.545951022
143.514313703
143.481712296
143.448149529
143.413628234
143.378151376
143.341722097
143.304343753
143.266019952
143.226754596
143.186551922
143.145416539
143.103353477
143.060368219
143.016466753
142.97165561
142.925941907
142.879333393
142.831838491
142.783466345
142.734226861
142.684130753
142.633189588
142.581415829
142.528822881
142.475425133
142.421238002
142.366277975
142.310562653
142.25411079
142.196942333
142.13907846
142.080541621
142.021355568
141.961545392
141.901137554
141.840159912
141.778641749
141.716613798
141.654108259
141.591158817
141.527800657
141.464070472
141.400006469
141.335648368
141.271037401
141.206216299
141.141229282
141.076122036
141.010941689
140.945736779
140.880557216
140.81545424
140.750480368
142.088400507
141.601806603
141.126582064
140.664786704
140.216826072
139.782835019
139.362829284
138.956740276
138.564435089
138.185731756
137.820411283
137.468227149
137.128912795
136.802187511
136.487761059
136.185337287
135.894616951
135.615299902
135.347086786
135.089680339
134.842786373
134.606114516
134.379378754
134.162297826
133.954595484
133.759028538
133.590641231
133.431276576
133.28064527
133.138469567
133.004478975
132.878409301
132.760002827
132.649008176
132.545180176
132.448279738
132.358073731
132.274334878
132.196841645
132.125378156
132.05973411
131.999704714
131.945090631
131.895697947
131.851338158
131.811828189
131.776990445
131.746652917
131.720649347
131.698819498
131.681009541
131.667072641
131.656869815
131.650271186
131.647157854
131.647424686
131.650984541
131.657774794
131.66776758
131.680986311
131.697533027
131.717635331
131.741730265
131.770622136
131.805799243
