12.9282058481
14.0581288633
14.1563314902
14.2454241071
14.3276003027
14.4036795182
14.4742115742
14.539661718
14.6004456167
14.656939236
14.7094840199
14.7583907969
14.8039430575
14.8463997808
14.8859978961
14.9229544394
14.9574684524
14.989722662
15.0198849723
15.0481097942
15.0745392357
15.0993041692
15.1225251923
15.1443134952
15.1647716448
15.1839942957
15.2020688354
15.2190759726
15.2350902721
15.2501806437
15.2644107892
15.2778396107
15.2905215858
15.3025071105
15.3138428149
15.324571853
15.3347341687
15.3443667412
15.3535038102
15.3621770845
15.3704159327
15.3782475605
15.3856971734
15.3927881268
15.3995420653
15.4059790506
15.4121176801
15.4179751959
15.4235675866
15.4289096799
15.4340152298
15.4388969959
15.4435668179
15.4480356831
15.4523137906
15.4564106089
15.4603349308
15.4640949229
15.4676981723
15.4711517292
15.4744621469
15.4776355183
15.4806775102
15.4835933944
15.4863880773
15.4890661263
15.4916317956
15.4940890483
15.4964415789
15.4986928322
15.5008460223
15.5029041491
15.5048700145
15.5067462367
15.5085352636
15.5102393855
15.5118607468
15.5134013563
15.5148630973
15.516247737
15.5175569346
15.5187922497
15.5199551489
15.5210470132
15.5220691441
15.5230227689
15.5239090469
15.5247290737
15.525483886
15.5261744659
15.526801745
15.5273666076
15.5278698946
15.5283124065
15.5286949058
15.5290181207
15.5292827464
15.5294894484
15.5296388641
15.529731605
15.5297682585
15.5297493894
15.5296755418
15.5295472403
15.5293649916
15.5291292855
15.5288405962
15.5284993833
15.528106093
15.5276611588
15.5271650023
15.5266180344
15.5260206555
15.5253732566
15.5246762198
15.5239299189
15.5231347197
15.5222909809
15.5213990545
15.5204592859
15.5194720147
15.5184375749
15.517356295
15.516228499
15.515054506
15.5138346308
15.5125691841
15.5112584729
15.5099028004
15.5085024665
15.5070577679
15.505568998
15.5040364477
15.502460405
15.5008411552
15.4991789814
15.4974741641
15.4957269819
15.4939377111
15.4921066257
15.4902339988
15.4883201007
15.4863652003
15.4843695649
15.48233346
15.4802571499
15.478140897
15.4759849628
15.473789607
15.4715550885
15.4692816641
15.4669695901
15.4646191215
15.4622305121
15.4598040144
15.4573398802
15.4548383601
15.4522997035
15.449724159
15.4471119743
15.4444633961
15.4417786701
15.4390580412
15.4363017534
15.4335100499
15.4306831729
15.4278213641
15.424924864
15.4219939125
15.4190287489
15.4160296114
15.4129967377
15.4099303647
15.4068307284
15.4036980643
15.4005326071
15.3973345908
15.3941042487
15.3908418134
15.3875475169
15.3842215905
15.3808642648
15.3774757696
15.3740563344
15.3706061877
15.3671255577
15.3636146716
15.3600737563
15.3565030378
15.3529027417
15.3492730928
15.3456143154
15.3419266332
15.3382102692
15.3344654459
15.3306923852
15.3268913083
15.3230624358
15.319205988
15.3153221841
