26.03714
23.1579227063
23.1330746881
23.1090658353
23.0853793326
23.0618062896
23.0382322901
23.0145963281
22.9908679733
22.9670343617
22.9430927865
22.9190464851
22.8949022504
22.8706690846
22.8463574506
22.821978865
22.7975456912
22.7730710477
22.7485687883
22.7240535264
22.6995406907
22.6750466045
22.6505885867
22.6261850732
22.6018557608
22.5776217752
22.5535058689
22.5295326513
22.5057288591
22.4821236743
22.4587490977
22.4356403917
22.4128366034
22.3903811882
22.3683227524
22.3467159432
22.3256225161
22.3051126214
22.2852663573
22.2661756506
22.2479465377
22.2307019348
22.2145850008
22.1997632128
22.1864332828
22.1748265362
22.165217757
22.1579303986
22.1533471057
22.1519181436
22.1541688126
22.1607023606
22.1721927541
22.1893576149
22.2128960077
22.2433698769
22.2810066576
22.3254154721
22.375258121
22.4280068718
22.4800106397
22.5270557418
22.5653407896
22.5924284481
22.60766881
22.6119500674
22.6070593725
22.5950446021
22.5777951791
22.5568569878
22.5334046668
22.5082894829
22.4821097096
22.4552775458
22.4280734062
22.4006865612
22.3732441892
22.345831571
22.3185058861
22.291305531
22.2642563709
22.2373759151
22.2106732627
22.1841637098
22.1578503814
22.1317316761
22.105814764
22.0801015782
22.0545935727
22.0292918523
22.0041972631
21.9793104544
21.9546319214
21.9301620345
21.9059010599
21.881849174
21.8580064739
21.8343729847
21.8109486657
21.7877334144
21.7647270705
21.7419294187
21.7193401916
21.6969590716
21.6747856939
21.6528196476
21.6310604785
21.6095076903
21.5881607468
21.5670190734
21.5460820588
21.5253490567
21.5048193873
21.4844923389
21.4643671693
21.4444431072
21.4247193536
21.4051950833
21.3858694457
21.3667415669
21.3478105498
21.3290754761
21.3105354072
21.2921893849
21.2740364329
21.2560755572
21.2383057478
21.2207259786
21.2033352092
21.186132385
21.1691164381
21.1522862884
21.1356408438
21.1191790008
21.1028996457
21.0868016545
21.0708838937
21.0551452209
21.0395844852
21.0242005273
21.0089921805
20.9939582706
20.9790976166
20.9644090307
20.9498913188
20.9355432807
20.9213637104
20.9073513964
20.8935051218
20.8798236645
20.8663057976
20.8529502892
20.8397559028
20.8267213976
20.8138455281
20.8011270447
20.7885646936
20.7761572169
20.7639033528
20.7518018356
20.7398513955
20.7280507592
20.7163986496
20.7048937857
20.6935348831
20.6823206537
20.6712498058
20.6603210443
20.6495330704
20.638884582
20.6283742734
20.6180008355
20.6077629559
20.5976593187
20.5876886046
20.5778494911
