8.85618918275
8.67880577477
8.34389069523
7.92293768727
7.48842477368
7.07641914226
6.70040752422
6.36206867115
6.05892941922
5.78708233039
5.54253588117
5.32167127766
5.12135066859
4.93889951061
4.77205066432
4.61888292803
4.47776500243
4.3473076273
4.22632370621
4.11379536345
4.00884675633
3.91072159057
3.81876446537
3.73240534354
3.65114658329
3.5745520804
3.50223815715
3.43386590351
3.36913472927
3.30777692918
3.24955309655
3.19424824883
3.141668551
3.09163854127
3.04399877866
2.99860384544
2.95532064755
2.91402696572
2.87461021711
2.83696639425
2.80099915296
2.76661902584
2.73374274161
2.70229263372
2.67219612459
2.6433852738
2.61579638069
2.58936963331
2.56404879686
2.53978093614
2.51651616711
2.49420743378
2.47281030684
2.45228280144
2.43258521154
2.41367995904
2.39553145564
2.37810597637
2.36137154312
2.34529781741
2.32985600124
2.31501874542
2.30076006444
2.2870552574
2.27388083451
2.26121444851
2.24903483069
2.23732173116
2.22605586293
2.21521884958
2.20479317621
2.19476214346
2.18510982426
2.17582102331
2.16688123887
2.15827662691
2.1499939673
2.14202063197
2.13434455493
2.12695420396
2.11983855392
2.11298706157
2.10638964176
2.10003664496
2.09391883602
2.08802737405
2.08235379345
2.07688998592
2.07162818342
2.06656094206
2.06168112685
2.05698189718
2.05245669315
2.04809922273
2.04390344886
2.03986357833
2.03597405045
2.03222952655
2.02862487992
2.02515518631
2.02181571491
2.01860191974
2.0155094315
2.01253404977
2.00967173568
2.00691860485
2.0042709207
2.0017250881
1.99927764729
1.99692526814
1.99466474464
1.99249298964
1.99040702991
1.98840400131
1.98648114434
1.98463579974
1.98286540441
1.98116748744
1.9795396664
1.97797964371
1.97648520323
1.97505420699
1.9736845921
1.97237436769
1.97112161217
1.96992447039
1.96878115113
1.96768992455
1.96664911985
1.96565712297
1.96471237439
1.9638133671
1.96295864458
1.96214679887
1.96137646875
1.96064633801
1.95995513375
1.9593016248
1.95868462012
1.9581029674
1.95755555159
1.95704129357
1.95655914884
1.95610810627
1.95568718689
1.9552954428
1.95493195597
1.95459583727
1.95428622541
1.95400228597
1.95374321049
1.9535082155
1.95329654174
1.95310745329
1.95294023674
1.95279420049
1.95266867395
1.95256300687
1.95247656864
1.95240874763
1.95235895056
1.95232660191
1.95231114332
1.952312033
1.95232874525
1.95236076987
1.9524076117
1.95246879014
1.95254383863
1.95263230427
1.95273374733
1.95284774087
1.9529738703
1.95311173302
1.95326093806
1.95342110565
1.95359186696
1.95377286368
1.95396374777
1.95416418109
1.95437383511
1.95459239065
1.95481953756
1.95505497445
1.95529840845
1.95554955495
1.95580813732
1.95607388672
1.95634654185
1.95662584872
1.95691156043
1.957203437
1.95750124512
1.95780475801
1.95811375517
1.95842802224
1.95874735082
1.9590715383
1.95940038767
1.95973370739
