-1.15667408011
7.58882218602
7.70362025039
7.7809957903
7.83684097529
7.88285483092
7.92642179075
7.97171413657
8.02080549818
8.07450731938
8.13292373546
8.19579426332
8.26269444332
8.33314743309
8.40668347437
8.48286802049
8.56131304041
8.64167925236
8.72367382675
8.80704560429
8.89157208081
8.97709384974
9.06344364707
9.15049227576
9.23813020569
9.32626472657
9.41481742933
9.5037220259
9.59292248341
9.68237143764
9.77202884857
9.86186086316
9.95183885438
10.0419386096
10.1321396454
10.2224246285
10.3127788874
10.4031880934
10.493645216
10.5841398458
10.6746644109
10.7652124778
10.8557785864
10.9463581019
11.0369470874
11.1275421952
11.2181405752
11.3087397979
11.3993377887
11.4899327733
11.5805367254
11.6711176174
11.7616935825
11.8522625444
11.9428231597
12.0333744694
12.123915732
12.2144463418
12.304965786
12.3954736201
12.4859694533
12.5764529382
12.6669237631
12.7573816464
12.847826332
12.9382569692
13.0286629309
13.1190824853
13.209470297
13.2998449306
13.3902056567
13.4805520613
13.5708838774
13.6612009075
13.751502989
13.8417899768
13.9320617366
14.0223181402
14.1125590642
14.2027843887
14.2929939969
14.3831877743
14.4733656088
14.5635273903
14.6536730106
14.7438023632
14.8339153432
14.9240118474
15.0140917737
15.1041550217
15.1942014922
15.2842310871
15.3742437099
15.4642392649
15.5542176578
15.6441787952
15.7341225852
15.8240489366
15.9139577595
16.0038489649
-0.884851968215
-0.926791862965
-0.956817606688
-0.977671950331
-0.991468749194
-0.999845495649
-1.00407470274
-1.00514705988
-1.0038344789
-1.00073841192
-0.996327163836
-0.990964862659
-0.984934040358
-0.978453283253
-0.971691056679
-0.964776549177
-0.957808187503
-0.95086032733
-0.943988512717
-0.93723361118
-0.930625064653
-0.924183444807
-0.917922460738
-0.911850535453
-0.905972042745
-0.900288276632
-0.894798210159
-0.889499088398
-0.884386890918
-0.879456691583
-0.874702937604
-0.870119665146
-0.865700665121
-0.861439609914
-0.857330149494
-0.853365983593
-0.849540915183
-0.845848889394
-0.84228402112
-0.838840613856
-0.835513171783
-0.832296406671
-0.829185240831
-0.826174807078
-0.823260446469
-0.820437704391
-0.817702325476
-0.815050247669
-0.812477595756
-0.809980674529
-0.807555961788
-0.805200101259
-0.80290989556
-0.800682299258
-0.798514412072
-0.79640347227
-0.794346850262
-0.792342042434
-0.790386665197
-0.788478449298
-0.786615234345
-0.784794963595
-0.783015678954
-0.781275516218
-0.779572700531
-0.777905542055
-0.776272431844
-0.774671837926
-0.773102301558
-0.771562433675
-0.770050911506
-0.768566475356
-0.767107925548
-0.765674119509
-0.764263969004
-0.762876437506
-0.76151053769
-0.760165329055
-0.75883991566
-0.757533443972
-0.756245100823
-0.754974111457
-0.753719737687
-0.75248127613
-0.751258056533
-0.750049440185
-0.748854818398
-0.74767361107
-0.746505265311
-0.745349254147
-0.744205075269
-0.743072249865
-0.741950321488
-0.740838854997
-0.739737435532
-0.738645667555
-0.737563173925
-0.736489595026
-0.735424587932
