690.119939712
396.850493538
395.812372523
394.817251553
393.877242641
392.99298379
392.162329952
391.382582455
390.65104339
389.965144922
389.322471512
388.720755895
388.157869285
387.631810931
387.140698245
386.682757738
386.256316736
385.859795841
385.491702038
385.150622405
384.835218347
384.544220322
384.276422993
384.030680773
383.805903735
383.601053829
383.415141404
383.247221991
383.096393325
382.961792595
382.842593885
382.73800581
382.647269309
382.5696556
382.504464275
382.451021518
382.408678449
382.376809574
382.354811338
382.342100769
382.338114205
382.342306106
382.354147936
382.373127111
382.398746012
382.430521056
382.467981819
382.510670212
382.558139702
382.609954576
382.665689248
382.724927597
382.787262355
382.852294508
382.919632746
382.988892934
383.059697607
383.131675503
383.204461106
383.277694222
383.351019576
383.424086426
383.496548195
383.568062136
383.638288994
383.706892704
383.773540097
383.837900623
383.899646091
383.958450424
384.013989432
384.065940593
384.113982858
384.157796459
384.197062746
384.231464021
384.260683403
384.284404694
384.30231227
384.314090977
384.319426048
384.318003038
384.309507763
384.293626264
384.270044787
384.238449776
384.198527879
384.149965984
384.09245126
384.025671224
383.949313822
383.863067536
383.766621508
383.65966568
383.541890967
383.412989443
383.272654555
383.120581356
382.956466773
382.780009887
382.59091225
382.388878224
382.173615348
381.944834731
381.70225148
381.445585152
381.174560233
380.888906655
380.588360334
380.272663742
379.941566508
379.594826048
379.23220822
378.853488011
378.458450246
378.046890322
377.618614965
377.173443007
376.711206173
376.231749898
375.73493413
375.220634163
374.68874145
374.139164426
373.571829308
372.986680891
372.383683304
371.76282075
371.124098191
370.467541995
369.793200519
369.101144629
368.391468139
367.664288167
366.919745391
366.158004202
365.379252739
364.583702799
363.771589619
362.943171503
362.098729317
361.238565819
360.363004832
359.47239026
358.567084932
357.647469293
356.713939928
355.76690793
354.806797124
353.834042142
352.849086375
351.852379808
350.844376748
349.825533476
348.796305826
347.757146722
346.708503061
345.650815722
344.584513422
343.510012709
342.427715022
341.338004431
340.2412455
339.13778127
338.027931401
336.91199048
335.79022651
334.662879584
333.53016077
332.392251189
331.249301308
330.101430429
328.948726385
327.791245428
326.629012303
325.46202049
324.290232606
323.113580956
321.931968197
320.745268305
319.553326674
318.355962279
317.152967798
315.94411087
314.729135134
313.507761269
312.279688017
311.044593168
309.802134516
308.551950745
307.293662258
306.026871933
304.751165793
303.466113605
302.171269377
300.866171778
299.550344461
298.223296301
296.884521545
295.533499877
