199.92
197.146206337
194.382750648
191.628978728
188.884532382
186.149266343
183.423163476
180.706283256
177.998730598
175.30063702
172.612149274
169.933422525
167.26461627
164.605891944
161.957411534
159.319336809
156.691828932
154.075048298
151.469154515
148.874306464
146.290662425
143.718380233
141.157617451
138.608531571
136.07128022
133.54602138
131.032913615
128.532116315
126.04378994
123.568096279
121.105198726
118.655262558
116.218455233
113.794946702
111.384909733
108.988520258
106.605957738
104.23740554
101.883051356
99.5430876236
97.2177119946
94.9071278211
92.6115446794
90.3311789294
88.0662543133
85.8170025977
83.5836643922
81.3664895283
79.1657381889
76.9816816781
74.8146033514
72.6647996207
70.5325810437
68.4182735045
66.3222194938
64.2447794998
62.1863335187
60.1472826975
58.1280511208
56.1290877552
54.150868566
52.1938988211
50.2587155976
48.3458905082
46.4560326638
44.5897845813
42.747852523
40.9309754682
39.1399453515
37.3756131466
35.6388899333
33.9307527624
32.2522497511
30.6045053717
28.9887258326
27.406204417
25.8583265857
24.3465745759
22.8725311368
21.4378819177
20.0444158794
18.694022919
17.3886876951
16.1304784105
14.9215288491
13.7640131906
12.6601094974
11.6119524787
10.6215730557
9.69082435278
8.82129480916
8.01421100373
7.27033523073
6.58986560499
5.97234897786
5.41661844289
4.92076685946
4.48216501974
4.09752784023
3.76302518861
3.47442664348
3.22726590939
3.01700607959
2.83919102464
2.6895707437
2.56419442676
2.45947016149
2.37219427922
2.29955578382
2.23912223268
2.18881322398
2.1468667596
2.11180259512
2.0823855179
2.05759047281
2.03657065312
2.01862908709
2.00319384903
1.98979676834
1.97805536393
1.96765766058
1.95834952309
1.94992415312
1.94221342044
1.93508073488
1.9284152024
1.92212684517
1.91614269908
1.91040363225
1.90486175413
1.8994783074
1.89422195375
1.88906738071
1.88399416952
1.87898587568
1.87402928191
1.8691137916
1.86423093599
1.85937397398
1.85453756696
1.84971751469
1.84491054055
1.84011411718
1.83532632456
1.83054573476
1.82577131815
1.82100236711
1.81623843406
1.81147928089
1.80672483797
1.80197517069
1.79723045226
1.79249094162
1.78775696543
1.78302890342
1.77830717649
1.77359223708
1.7688845613
1.76418464259
1.75949298657
1.75481010688
1.75013652186
1.74547275187
1.74081931711
1.73617673598
1.73154552369
1.72692619127
1.72231924473
1.71772518452
1.71314450503
1.70857769433
1.70402523399
1.69948759893
1.69496525745
1.69045867123
1.68596829542
