89.514569664
132.989655291
133.558486873
134.129968377
134.703702135
135.279419429
135.856865798
136.435788623
137.015935775
137.597055535
138.178896671
138.761208524
139.343741089
139.926245098
140.508472099
141.090174526
141.671105771
142.251020255
142.829673492
143.406822156
143.982224141
144.555638624
145.126826125
145.695548567
146.261569337
146.824653338
147.384567058
147.94107862
148.493957845
149.042976312
149.587907421
150.128526448
150.664610617
151.19593916
151.722293381
152.24345673
152.759214868
153.269355743
153.773669662
154.271949367
154.763990116
155.249589766
155.728548853
156.200670684
156.665761421
157.123630181
157.574089126
158.016953561
158.45204204
158.879176463
159.298182192
159.708888149
160.111126939
160.504734958
160.889552512
161.265423937
161.63219772
161.989726626
162.337867818
162.676482992
163.005438497
163.324605475
163.633859986
163.933083142
164.222161242
164.500985902
164.769454189
165.027468754
165.274937965
165.511776036
165.737903156
165.95324562
166.157735948
166.351313015
166.533922166
166.705515331
166.866051142
167.015495033
167.153819352
167.28100345
167.397033777
167.501903966
167.595614911
167.678174837
167.749599365
167.809911568
167.859142013
167.897328801
167.924517594
167.940761631
167.946121736
167.940666312
167.924471326
167.897623005
167.860206951
167.812324282
167.754080822
167.685589696
167.606971242
167.518352898
167.419869093
167.311661107
167.193876932
167.066671103
166.930204534
166.78464432
166.630163545
166.466941059
166.295161255
166.115013823
165.926693501
165.730399802
165.526336742
165.314712547
165.095739353
164.869632895
164.636612191
164.396899207
164.150718527
163.898297007
163.639863428
163.375648137
163.105882695
162.830799513
162.550631488
162.265611639
161.975972748
161.68194699
161.38376558
161.081658412
160.775853713
160.466577692
160.154054206
159.116108441
158.792022306
158.349885527
158.233579591
158.101477647
157.95504231
157.795686565
157.624758649
157.443532658
157.253205993
157.054900454
156.849664975
156.638478974
156.422255813
156.201846138
155.979663591
155.757519107
155.534188295
155.310239958
155.086199391
154.862550355
154.639736244
154.418161741
154.19819438
153.980166048
153.764374468
153.551084646
153.340530289
153.132915187
152.928414561
152.727176359
152.529322512
152.33495013
152.144132637
151.956920843
151.773343938
151.593410411
151.417108869
151.244408773
151.075261054
150.909598619
150.747334902
150.588371428
150.432586763
150.279843858
150.129987821
149.982845329
149.838223748
149.695909919
149.555668537
149.41724005
149.280337977
149.144645506
149.009811217
148.875443707
148.741104832
148.60630121
148.470473474
148.332982636
148.193092672
148.049948133
147.90254516
147.749693683
147.589967803
147.421640402
147.242597081
147.050224523
