-336.559595806
-193.56797901
-193.072961736
-192.59689406
-192.146057302
-191.720980147
-191.320766896
-190.944222249
-190.590135611
-190.257349326
-189.944771715
-189.651376279
-189.376197735
-189.11832757
-188.87690978
-188.65113694
-188.440246601
-188.243518
-188.060269048
-187.889853573
-187.731658793
-187.585102995
-187.449633398
-187.32472419
-187.209874719
-187.104607816
-187.008468256
-186.921021325
-186.841851498
-186.770561215
-186.706769734
-186.650112081
-186.60023806
-186.556811335
-186.519508579
-186.488018673
-186.462041959
-186.441289547
-186.425482659
-186.414352017
-186.407637274
-186.405086468
-186.406455525
-186.411507777
-186.420013514
-186.431749567
-186.446498906
-186.464050265
-186.484197788
-186.506740696
-186.531482965
-186.558233031
-186.586803501
-186.617010888
-186.648675352
-186.681620458
-186.715672948
-186.750662519
-186.786421616
-186.822785236
-186.859590737
-186.896677662
-186.933887568
-186.971063863
-187.008051653
-187.044697596
-187.080849765
-187.116357511
-187.151071342
-187.184842805
-187.21752437
-187.248969327
-187.279031685
-187.307566078
-187.334427677
-187.359472108
-187.382555376
-187.40353379
-187.422263904
-187.438602454
-187.452406307
-187.463532407
-187.471837744
-187.477179306
-187.479414062
-187.478398926
-187.473990751
-187.466046312
-187.454422307
-187.438975356
-187.419562014
-187.396038792
-187.368262178
-187.336088674
-187.299374837
-187.25797733
-187.21175298
-187.160558851
-187.104252316
-187.042691151
-186.975733629
-186.903238629
-186.825065758
-186.741075477
-186.65112925
-186.555089661
-186.452820732
-186.344187804
-186.229058025
-186.107300405
-185.978786065
-185.843388461
-185.700983633
-185.551450461
-185.394670931
-185.230530421
-185.058917996
-184.879726714
-184.692853947
-184.498201712
-184.295677009
-184.085192178
-183.86666525
-183.640020318
-183.405187908
-183.162105349
-182.910717155
-182.650975395
-182.38284007
-182.106279475
-181.82127056
-181.527799272
-181.225860887
-180.91546032
-180.596612407
-180.269342173
-179.933685053
-179.589687087
-179.237405072
-178.876906667
-178.508270454
-178.131585942
-177.746953512
-177.354484308
-176.954300053
-176.546532808
-176.131324652
-175.708827299
-175.279201627
-174.842617151
-174.399251408
-173.949289277
-173.492922222
-173.030347477
-172.561767156
-172.087387312
-171.607416944
-171.12206695
-170.63154905
-170.136074679
-169.635853534
-169.13109369
-168.621998613
-168.108767238
-167.591592563
-167.070660572
-166.546149199
-166.018227341
-165.487053936
-164.952777106
-164.415533378
-163.875446987
-163.33262927
-162.787178143
-162.239177682
-161.688697794
-161.135793979
-160.580507194
-160.022863803
-159.462875605
-158.900539958
-158.335839968
-157.768744742
-157.199209716
-156.627177018
-156.052575962
-155.475323171
-154.895323576
-154.312470539
-153.726646455
-153.137723258
-152.545562926
-151.950017971
-151.350931907
-150.747966287
-150.141432692
-149.530732403
-148.91575712
-148.296333852
-147.672264087
