6.71502291928
6.61620191188
6.52641539499
6.43894362539
6.35274397195
6.26765337331
6.18364524633
6.10071481177
6.0188613378
5.93808525778
5.85838756535
5.77976956628
5.70223269886
5.62577838156
5.55040788284
5.47612221268
5.40292203489
5.33080759888
5.25977868917
5.18983459025
5.12097406492
5.05319534361
4.9864961228
4.92087357059
4.85632433771
4.79284457257
4.73042993916
4.6690756367
4.6087764203
4.54952662199
4.49132017165
4.43415061735
4.37801114512
4.32289459762
4.26879349204
4.2157000367
4.16360614686
4.11250345935
4.06238334631
4.01323692804
3.96505508503
3.91782846928
3.871547515
3.8262024487
3.78178329887
3.73827990526
3.69568192782
3.6539788554
3.61316001429
3.57321457658
3.53413156851
3.49589987866
3.45850826629
3.42194536954
3.38619971379
3.35125972007
3.31711371346
3.28374993172
3.25115653387
3.21932160894
3.18823318477
3.1578792369
3.12824769754
3.0993264645
3.07110341032
3.04356639125
3.0167032563
2.99050185632
2.96495005291
2.94003572737
2.91574678951
2.89207118633
2.86899691063
2.84651200938
2.82460459196
2.80326283817
2.78247500607
2.76222943945
2.74251457522
2.72331895035
2.70463120864
2.68644010715
2.66873452222
2.65150345534
2.63473603852
2.61842153939
2.60254936595
2.5871090709
2.57209035571
2.55748307426
2.54327723607
2.52946300928
2.51603072325
2.50297087064
2.49026349875
2.47788688093
2.46585215631
2.45415246745
2.44277896513
2.43172266409
2.42097475907
2.4105266457
2.40036992224
2.39049638697
2.38089803689
2.37156706524
2.36249585904
2.35367699665
2.34510324515
2.33676755761
2.32866307026
2.32078309964
2.31312113957
2.30567085813
2.29842609451
2.2913808559
2.28452931421
2.27786580286
2.27138481348
2.26508099259
2.25894913831
2.252984197
2.24718125992
2.24153555994
2.23604246815
2.23069749062
2.22549626506
2.2204345576
2.2155082595
2.21071338402
2.20604606319
2.2015025447
2.19707918884
2.19277246544
2.18857895089
2.18449532519
2.18051836905
2.17664496108
2.17287207499
2.16919677687
2.16561622252
2.16212765482
2.1587284012
2.15541587111
2.15218755363
2.14904101502
2.14597389646
2.14298391174
2.1400688451
2.13722654899
2.13445494208
2.13175200716
2.12911578915
2.1265443932
2.12403598281
2.12158877798
2.11920105348
2.11687113709
2.11459740795
2.11237829494
2.11021227509
2.10809787209
2.10603365475
2.10401823565
2.10205026964
2.1001284526
2.09825152005
2.09641824593
2.09462744135
2.09287795343
2.09116866411
2.08949848906
2.0878663766
2.08627130665
2.08471228971
2.08318836592
2.08169860405
2.08024210065
2.07881797912
2.07742538885
2.07606350444
2.07473152482
2.07342867256
2.07215419304
2.07090735377
2.06968744369
2.06849377245
2.06732566981
2.06618248494
2.06506358588
2.06396835887
2.06289620783
2.06184655378
2.06081883431
2.05981250307
2.05882702923
2.05786189704
2.05691660535
2.05599066712
2.05508360903
