1.27488363778
1.28087487518
1.28685514151
1.29282467207
1.29878368358
1.30473238853
1.31067099705
1.31659971726
1.32251875536
1.32842831572
1.334328601
1.34021981218
1.34610214866
1.35197580832
1.35784098754
1.3636978813
1.36954668321
1.37538758554
1.38122077926
1.38704645412
1.39286479862
1.39867600008
1.40448024469
1.41027771749
1.4160686024
1.42185308228
1.42763133895
1.43340355317
1.43916990469
1.44493057227
1.4506857337
1.45643556581
1.46218024447
1.46791994466
1.47365484044
1.47938510497
1.48511091055
1.49083242862
1.49654982977
1.50226328378
1.50797295961
1.51367902542
1.51938164862
1.52508099583
1.53077723293
1.53647052509
1.54216103678
1.54784893174
1.55353437305
1.55921752313
1.56489854376
1.57057759611
1.57625484074
1.58193043764
1.58760454623
1.59327732539
1.59894893348
1.60461952839
1.6102892675
1.61595830775
1.62162680568
1.62729491738
1.6329627986
1.63863060472
1.6442984908
1.64996661159
1.65563512158
1.661304175
1.66697392588
1.67264452804
1.67831613516
1.6839889008
1.68966297839
1.69533852134
1.70101568299
1.70669461671
1.71237547589
1.718058414
1.7237435846
1.72943114141
1.73512123833
1.74081402946
1.74650966917
1.75220831213
1.75791011332
1.76361522811
1.7693238123
1.77503602213
1.78075201435
1.78647194625
1.79219597572
1.79792426127
1.80365696212
1.80939423817
1.81513625015
1.82088315958
1.82663512886
1.83239232131
1.83815490122
1.84392303391
1.84969688578
1.85547662434
1.86126241828
1.86705443755
1.87285285335
1.87865783824
1.88446956617
1.89028821254
1.89611395426
1.9019469698
1.90778743923
1.91363554432
1.91949146854
1.92535539716
1.93122751729
1.93710801793
1.94299709003
1.94889492654
1.95480172248
1.96071767496
1.96664298327
1.97257784892
1.97852247566
1.98447706956
1.99044183906
1.996416995
2.00240275064
2.00839932176
2.01440692663
2.02042578612
2.02645612363
2.03249816523
2.0385521396
2.04569950952
2.05286049213
2.06064290211
2.06913779391
2.07833223695
2.08821420898
2.09877207362
2.10999434884
2.12186961701
2.134386505
2.14753369713
2.16129996168
2.17567418091
2.19064537976
2.2062027511
2.2223356767
2.2390337439
2.25628675835
2.27408475324
2.29241799548
2.31127698945
2.33065247857
2.35053544525
2.37091710946
2.39178892627
2.41314258247
2.43496999269
2.457263295
2.48001484625
2.50321721718
2.52686318751
2.550945741
2.57545806062
2.60039352387
2.62574569829
2.65150833728
2.67767860406
2.70425627035
2.7312360775
2.75861294624
2.78638197703
2.81453844914
2.84307782128
2.87199573319
2.9012880084
2.93095065846
2.9609798887
2.99137210594
3.0221239286
3.05323219949
3.08469400205
3.11650668081
3.14866786704
3.18117551097
3.21402792248
3.24722382249
3.28076240867
3.31464343985
3.34886734593
3.38343537282
3.4183497766
3.45361408851
3.48923348515
3.52521531967
3.56156990993
3.59831175768
3.63546153732
