153.17216
140.862660831
144.322297988
147.608867124
151.429686796
153.286838597
154.165634219
154.60159479
154.849527812
154.998281029
155.101349665
155.18117458
155.24841019
155.308193389
155.363050979
155.414267006
155.462528471
155.508233394
155.551637961
155.592925918
155.632243916
155.669716841
155.705456055
155.739563355
155.772133014
155.803252898
155.833005142
155.861466625
155.888709337
155.914800699
155.939803852
155.963777933
155.986778329
156.008856927
156.030062347
156.050440158
156.070033089
156.088881222
156.107022175
156.124491272
156.141321987
156.157544938
156.173189768
156.1882841
156.202853951
156.216923838
156.230516882
156.243654899
156.256358489
156.268647111
156.280539166
156.292052054
156.303202248
156.314005348
156.324476134
156.334628621
156.344476103
156.354031198
156.363305888
156.372311557
156.381059027
156.389558588
156.397820034
156.405852683
156.413665414
156.421266683
156.428664549
156.4358667
156.442880466
156.449712843
156.456370511
156.462859846
156.469186943
156.475357624
156.481377455
156.48725176
156.49298563
156.498583939
156.504051349
156.509392328
156.514611151
156.519711917
156.524698552
156.52957482
156.53434433
156.539010543
156.543576779
156.548046224
156.552421936
156.556706851
156.560903786
156.56501545
156.569044443
156.572993263
156.576864313
156.580659901
156.584382247
156.588033485
156.591615669
156.595130774
156.5985807
156.601967277
156.605292266
156.608557361
156.611764196
156.614914342
156.618009314
156.621050572
156.62403952
156.626977515
156.629865863
156.632705822
156.635498608
156.63824545
156.64094736
156.643605485
156.646220877
156.648794551
156.651327487
156.65382063
156.656274891
156.658691153
156.661070266
156.663413051
156.665720303
156.667992788
156.670231248
156.672436398
156.67460893
156.676749514
156.678858796
156.680937401
156.682985934
156.685004981
156.686995105
156.688956855
156.69089076
156.692797333
156.694677069
156.696530447
156.698357933
156.700159975
156.70193701
156.703689459
156.70541773
156.707122218
156.708803307
156.710461368
156.71209676
156.713709831
156.71530092
156.716870353
156.718418447
156.719945511
156.721451843
156.72293773
156.724403455
156.725849289
156.727275495
156.728682329
156.73007004
156.731438868
156.732789047
156.734120805
156.73543436
156.736729927
156.738007712
156.739267918
156.74051074
156.741736367
156.742944984
156.74413677
156.745311898
156.746470537
156.747612852
156.748739001
156.749849139
156.750943417
156.75202198
156.753084971
156.754132527
156.755164782
156.756181867
156.757183907
156.758171027
156.759143345
156.760100978
156.761044038
156.761972635
156.762886877
156.763786865
156.764672702
156.765544485
156.76640231
156.767246268
156.76807645
156.768892943
156.769695832
156.770485199
156.771261125
