0.00271907086207
0.00271346440108
0.00270786696015
0.00270228607784
0.00269672550123
0.00269118688443
0.00268567101155
0.00268017830713
0.00267470904263
0.00266926341989
0.00266384160516
0.00265844374312
0.00265306996293
0.00264772038097
0.00264239510231
0.00263709422161
0.00263181782387
0.00262656598493
0.00262133877209
0.0026161362446
0.00261095845414
0.00260580544529
0.00260067725604
0.00259557391815
0.00259049545767
0.00258544189529
0.00258041324677
0.00257540952332
0.00257043073199
0.00256547687599
0.00256054795508
0.00255564396588
0.00255076490219
0.00254591075533
0.00254108151438
0.00253627716651
0.00253149769723
0.00252674309068
0.00252201332983
0.00251730839675
0.00251262827286
0.00250797293908
0.0025033423761
0.00249873656456
0.00249415548521
0.00248959911912
0.00248506744783
0.00248056045353
0.00247607811917
0.00247162042864
0.00246718736688
0.00246277892004
0.00245839507553
0.0024540358222
0.0024497011504
0.00244539105209
0.00244110552091
0.00243684455229
0.00243260814349
0.00242839629368
0.00242420900403
0.00242004627771
0.00241590811997
0.00241179453818
0.00240770554187
0.00240364114273
0.00239960135468
0.00239558619387
0.00239159567869
0.00238762982978
0.00238368867004
0.00237977222464
0.00237588052099
0.00237201358877
0.00236817145988
0.00236435416843
0.00236056175075
0.00235679424532
0.00235305169277
0.00234933413664
0.00234564162073
0.00234197419204
0.00233833189945
0.00233471479379
0.00233112292775
0.00232755635587
0.00232401513448
0.00232049932163
0.00231700897705
0.00231354416205
0.00231010493951
0.00230669137377
0.00230330353055
0.00229994147693
0.0022966052812
0.00229329501284
0.00229001074242
0.00228675254152
0.00228352048264
0.00228031463911
0.00227713508502
0.0022739818951
0.00227085514468
0.00226775490955
0.00226468126586
0.00226163429009
0.00225861405888
0.00225562064895
0.00225265413705
0.0022497145998
0.0022468021136
0.00224391675457
0.00224105859838
0.0022382277202
0.0022354241946
0.00223264809538
0.00222989949554
0.00222717846713
0.00222448508115
0.00222181940748
0.00221918151471
0.00221657147008
0.00221398933937
0.00221143518675
0.00220890907476
0.0022064110641
0.00220394121361
0.00220149958012
0.00219908621833
0.00219670118078
0.00219434451764
0.00219201627671
0.00218971650323
0.00218744523985
0.00218520252648
0.00218298840021
0.00218080289521
0.00217864604263
0.0021765178705
0.00217441840365
0.00217234766359
0.00217030566844
0.00216829243283
0.00216630796783
0.0021643522808
0.0021624253754
0.00216052721337
0.00215865784774
0.00215681726027
0.00215500543353
0.00215322234899
0.00215146798517
0.00214974231682
0.00214804531453
0.00214637694454
0.00214473716862
0.002143125944
0.00214154322325
0.00213998895429
0.00213846308027
0.00213696553956
0.00213549626566
0.00213405518719
0.0021326422278
0.00213125730618
0.00212990033598
0.00212857122576
0.00212726987901
0.00212599619407
0.00212475006411
0.00212353137712
0.00212234001586
0.00212117585788
0.00212003877543
0.00211892863553
0.0021178452999
0.00211678862495
0.00211575846182
0.00211475465631
0.00211377704895
0.00211282547493
0.00211189976416
0.00211099974124
0.0021101252255
0.00210927603098
0.00210845196648
0.00210765283554
0.0021068784365
0.00210612856249
0.00210540300148
0.00210470153629
0.00210402394462
0.00210336999912
0.00210273950473
0.00210213216787
0.00210154775603
0.0021009860271
0.00210044673108
0.0020999296119
0.00209943440815
