2.58239749803
2.43688574115
2.37471698623
2.32345270224
2.28183508667
2.2488309477
2.22357096702
2.20531155955
2.19340927706
2.18730248549
2.18649754841
2.19055800785
2.19909589425
2.21176463061
2.22825317712
2.24828116547
2.27159483582
2.29796363117
2.32717733343
2.35904364773
2.39338615857
2.43004259497
2.46886335281
2.50971023148
2.55245534925
2.59698020777
2.64317488127
2.69093730975
2.74017267934
2.79079286406
2.84271599351
2.8958659254
2.95017192505
3.00556828956
3.06199402301
3.11939253741
3.17771137582
3.23690195447
3.29691932126
3.35772192865
3.4192714193
3.48153242313
3.54447236465
3.60806127994
3.67227164241
3.73707819697
3.80245780222
3.86838928018
3.93485327355
4.00183211006
4.06930967393
4.13727128403
4.20570357893
4.27459440828
4.34393273074
4.41370851805
4.48391266512
4.55453690608
4.62557373589
4.69701633748
4.76885851418
4.84109462706
4.91371953722
4.98672855254
5.06011737886
5.13388207517
5.2080190128
5.28252483805
5.35739643843
5.43263091193
5.50822553931
5.58417775907
5.66048514508
5.73714538636
5.81415626923
5.89151566122
5.96922149692
6.04727176542
6.12566449925
6.20439776467
6.28346965317
6.36287827411
6.44262174828
6.52269820241
6.60310576445
6.68384255953
6.76490670659
6.84629631551
6.92800948476
7.0100442995
7.09239882999
7.17507113039
7.25805923784
7.34136117171
7.42497493319
7.50889850494
7.59312985098
7.67766691667
7.7625076288
7.84764989583
7.93309160811
8.01883063824
8.10486484147
8.19119205611
8.27781010398
8.36471679094
8.45190990734
8.53938722858
8.62714651558
8.71518551537
8.80350196157
8.89209357491
8.98095806379
9.07009312476
9.15949644302
9.24916569295
9.33909853854
9.42929263393
9.51974562382
9.61045514394
9.7014188215
9.7926342756
9.88409911766
9.97581095183
10.0677673753
10.159965979
10.2524043473
10.3450800592
10.437990688
10.5311338021
10.624506965
10.7181077359
10.8119336696
10.9059823174
11.0002512269
11.0947379423
11.189440005
11.2843549536
11.3794803243
11.4748136509
11.5703524654
11.6660942979
11.7620366772
11.8581771305
11.9545131842
12.0510423637
12.1477621936
12.2446701982
12.3417639015
12.4390408273
12.5364984994
12.634134442
12.7319461797
12.8299312377
12.9280871416
13.0264114184
13.1249015958
13.2235552027
13.3223697694
13.4213428277
13.5204719109
13.6197545539
13.7191882938
13.8187706693
13.9184992213
14.018371493
14.1183850298
14.2185373795
14.3188260924
14.4192487215
14.5198028225
14.6204859538
14.7212956768
14.8222295559
14.9232851585
15.0244600552
15.1257518198
15.2271580296
15.328676265
15.4303041101
15.5320391523
15.633878983
15.735821197
15.8378633928
15.9400031728
16.0422381433
16.1445659146
16.2469841007
16.3494903198
16.4520821944
16.5547573508
16.6575134198
16.7603480361
16.8632588389
16.9662434719
17.0692995828
17.172424824
17.2756168523
17.378873329
17.4821919199
