559054.47402
1320369.62996
1327030.35879
1336346.91976
1347064.52387
1358776.12728
1371187.34751
1384087.98446
1397328.16079
1410800.72453
1424428.80064
1438157.08567
1451945.75176
1465766.15148
1479597.76337
1493426.00429
1507240.64242
1521034.6462
1534803.33283
1548543.74581
1562254.19046
1575933.8869
1589582.71425
1603201.01664
1616789.46151
1630348.93083
1643880.44336
1657385.09381
1670864.01177
1684318.3287
1697749.15833
1711157.57969
1724544.62704
1737911.28523
1751258.48368
1764587.09687
1777897.94449
1791191.79107
1804469.35077
1817731.28806
1830978.22079
1844210.72501
1857429.33545
1870634.55064
1883826.83604
1897006.62509
1910174.32525
1923330.31861
1936474.96513
1949608.6051
1962731.5615
1975844.14216
1988946.64184
2002039.34408
2015122.52238
2028196.44431
2041261.36935
2054317.55273
2067365.24615
2080404.69897
2093436.15939
2106459.87544
2119476.09662
2132485.07226
2145487.05614
2158482.3048
2171471.07884
2184453.64365
2197430.27003
2210401.2348
2223366.82136
2236327.32021
2249283.02948
2262234.2554
2275181.31272
2288124.5252
2301064.22595
2314000.75791
2326934.47414
2339865.73825
2352794.92474
2365722.41932
2378648.61927
2391573.93376
2404498.78415
2417423.60433
2430348.84105
2443274.95415
2456202.41694
2469131.71648
2482063.35384
2494997.84447
2507935.71844
2520877.52078
2533823.81174
2546775.16715
2559732.17869
2572695.4542
2585665.618
2598643.31121
2611629.19207
2624623.93627
2637628.23725
2650642.80659
2663668.37431
2676705.68922
2689755.5193
2702818.65204
2715895.89482
2728988.07526
2742096.04166
2755220.6633
2768362.83095
2781523.45718
2794703.47682
2807903.84742
2821125.54959
2834369.58755
2847636.98951
2860928.80818
2874246.12121
2887590.03169
2900961.66747
2914362.18648
2927792.76993
2941254.62777
2954748.99799
2968277.14719
2981840.37113
2995439.99534
3009077.37569
3022753.89901
3036470.98372
13351721.8493
13123313.6796
12906492.5741
12700617.6211
12505085.272
12319328.4437
12142815.0988
11975046.5425
11815555.5811
11663904.64
11519683.8998
11382509.4897
11252021.7597
11127883.6439
11009779.1208
10897411.7715
10790503.4167
10688792.9354
10592018.7298
10499982.908
10412452.2539
10329238.7271
10250118.3646
10174926.3955
10103492.4254
10035655.8086
9971265.01358
9910177.03456
9852256.84576
9797376.89513
9745416.63435
9696262.08243
9649805.42023
9605944.61367
9564583.06327
9525629.27822
9488996.573
9454602.78492
9422370.01108
9392224.36325
9364095.73947
9337917.61114
9313626.82456
9291163.41593
9270470.43896
9251493.80426
9234182.12998
9218486.60286
9204360.8494
9191760.81676
9180644.66301
9170972.65673
9162707.08606
9155812.17738
9150254.0244
9146000.52873
9143021.3535
9141287.89281
9140773.26093
9141452.30753
9143301.66837
9146299.86706
9150427.49263
9155667.4956
9162005.6772
9169431.51088
9177939.5701
