-616.341314945
-635.697520759
-634.404443304
-633.09028591
-631.75652043
-630.404289273
-629.034596348
-627.648349242
-626.246373973
-624.829424299
-623.398189585
-621.9533019
-620.495342491
-619.024847644
-617.542313964
-616.048203078
-614.54294581
-613.026945825
-611.50058281
-609.964215198
-608.418182488
-606.862807191
-605.298396436
-603.725243277
-602.143627727
-600.553817563
-598.956068916
-597.350626695
-595.737724852
-594.11758653
-592.490424103
-590.856439143
-589.215822318
-587.568753247
-585.91540033
-584.255920554
-582.590459304
-580.91915017
-579.242114776
-577.559462628
-575.871290988
-574.177684788
-572.478716569
-570.774446472
-569.064921554
-567.350178668
-565.630240395
-563.905117962
-562.174810759
-560.439306574
-558.698581876
-556.952602127
-555.201322136
-553.444686442
-551.682629731
-549.915077278
-548.141945413
-546.363137322
-544.578561953
-542.788107502
-540.99165961
-539.189097596
-537.380295015
-535.565127139
-533.743444258
-531.915112615
-530.079988447
-528.237925107
-526.388773634
-524.532383335
-522.668602345
-520.797278197
-518.918258376
-517.031390871
-515.136524718
-513.233510539
-511.322201066
-509.402451663
-507.474120841
-505.537070757
-503.591167711
-501.636282637
-499.672291576
-497.699076155
-495.716524045
-493.724529424
-491.72299342
-489.71182456
-487.690939203
-485.660261969
-483.619726162
-481.569274189
-479.508857965
-477.438439321
-475.357990397
-473.267494034
-471.166944155
-469.056346141
-466.935717196
-464.805086709
-462.6644966
-460.514002374
-458.353670622
-456.183583543
-454.003836473
-451.814538858
-449.615814539
-447.407802006
-445.190654642
-442.96454095
-440.729644755
-438.486165389
-436.234317848
-433.974332928
-431.706457334
-429.430953759
-427.148100937
-424.858193661
-422.56154277
-420.258475104
-417.949333417
-415.634476262
-413.314277829
-410.989127747
-408.659430847
-406.325606877
-403.988090187
-401.647329354
-399.303786778
-396.957938227
-394.610272339
-392.261290081
-389.911504169
-387.561438433
-385.211627156
-382.862614363
-380.51495307
-378.169204502
-375.825937269
-373.485726513
-371.14915302
-368.816797354
-366.489258405
-364.167123825
-361.85098747
-359.541444139
-357.239088477
-354.944513944
-352.658311779
-350.381069978
-348.113372266
-345.855797073
-343.608916528
-341.373295458
-339.149490411
-336.938048699
-334.73950746
-332.554392759
-330.383218708
-328.226486631
-326.084684258
-323.958284969
-321.847747071
-319.753513126
-317.676009323
-315.615648246
-313.5728152
-311.54788698
-309.54121909
-307.553148205
-305.583991916
-303.634048466
-301.703596545
-299.792895122
-297.902183337
-296.031680443
-294.181585791
-292.352078876
-290.543319411
-288.755447466
-286.988583636
-285.242829254
-283.518266645
-281.814959415
-280.132952777
-278.472273903
-276.832932313
-275.214920288
-273.618213307
-272.04277051
-270.488535177
-268.955435228
-267.443383739
-265.952279466
-264.482007388
-263.032439249
-261.60343412
-260.194838949
-258.80648913
-257.438209063
