2.68844688218
2.69112043905
2.69380149542
2.69649004779
2.69918610053
2.70188965869
2.70460072728
2.70731931111
2.7100454148
2.71277904284
2.71552019951
2.71826888897
2.7210251152
2.72378888206
2.72656019323
2.72933905228
2.73212546263
2.73491942755
2.73772095017
2.7405300335
2.74334668038
2.74617089354
2.74900267553
2.75184202878
2.75468895556
2.75754345796
2.76040553795
2.76327519732
2.76615243769
2.76903726049
2.77192966702
2.77482965835
2.77773723537
2.7806523988
2.78357514913
2.78650548667
2.7894434115
2.79238892348
2.79534202227
2.79830270729
2.80127097772
2.8042468325
2.80723027034
2.8102212897
2.81321988878
2.81622606551
2.8192398176
2.82226114245
2.82529003722
2.82832649879
2.83137052376
2.83442210848
2.83748124899
2.84054794108
2.84362218024
2.8467039617
2.8497932804
2.85289013102
2.85599450795
2.85910640531
2.86222581695
2.86535273648
2.86848715722
2.87162907225
2.8747784744
2.87793535625
2.88109971015
2.88427152825
2.88745080244
2.89063752443
2.89383168574
2.89703327769
2.90024229143
2.90345871798
2.90668254818
2.90991377276
2.91315238234
2.91639836744
2.9196517185
2.92291242592
2.92618048002
2.92945587115
2.93273858963
2.9360286258
2.93932597006
2.94263061287
2.94594254479
2.94926175648
2.95258823875
2.95592198258
2.95926297912
2.96261121976
2.96596669613
2.9693294001
2.97269932388
2.97607645998
2.97946080126
2.98285234096
2.98625107271
2.98965699059
2.99307008913
2.99649036334
2.99991780873
3.00335242135
3.00679419782
3.01024313531
3.01369923162
3.01716248516
3.02063289499
3.02411046082
3.02759518308
3.03108706285
3.03458610197
3.03809230298
3.04160566918
3.04512620463
3.04865391412
3.05218880325
3.05573087839
3.05928014667
3.06283661604
3.0664002952
3.06997119367
3.07354932173
3.07713469044
3.08072731165
3.08432719795
3.08793436271
3.09154882001
3.09517058468
3.09879967226
3.10243609899
3.10607988179
3.1097310879
3.11338970731
3.11707366758
3.12076398283
3.12446065748
3.12816371263
3.13187318247
3.13558911066
3.13931154757
3.14304054832
3.14677617123
3.15051847668
3.15426752625
3.15802338201
3.16178610601
3.16555586766
3.16933287546
3.17311718667
3.17690885742
3.18070794261
3.18451449571
3.18832856868
3.19215021183
3.19597947381
3.19981640152
3.20366104006
3.20751343272
3.21137362098
3.21524164443
3.21911754085
3.22300134611
3.22689309426
3.23079281746
3.23470054601
3.23861630833
3.24254013097
3.24647203857
3.25041205386
3.25436019761
3.25831648859
3.26228094354
3.26625357706
3.27023440151
3.27422342693
3.27822066086
3.28222610816
3.28623977079
3.2902616475
3.29429173349
3.29833002002
3.30237649382
3.30643113645
3.31049392354
3.3145648237
3.31864379728
3.32273079481
3.32682575486
3.3309286015
3.3350392408
3.33915755639
3.34328340341
3.34741660031
3.35155691761
3.35570406193
3.35985765282
3.3640171883
3.36818199139
