5.59e-05
4.67524044459e-05
4.66182498246e-05
4.64884431496e-05
4.63630215739e-05
4.62417787613e-05
4.6124499613e-05
4.60109840198e-05
4.59010478086e-05
4.57945214035e-05
4.56912484111e-05
4.5591084347e-05
4.54938955071e-05
4.53995579666e-05
4.53079566896e-05
4.52189847362e-05
4.51325425546e-05
4.50485373465e-05
4.49668824985e-05
4.48874970714e-05
4.48103053392e-05
4.4735236374e-05
4.46622236705e-05
4.45912048058e-05
4.45221211315e-05
4.4454917493e-05
4.43895419752e-05
4.43259456699e-05
4.42640824644e-05
4.42039088472e-05
4.41453837318e-05
4.4088468294e-05
4.40331258229e-05
4.3979321585e-05
4.39270226978e-05
4.38761980149e-05
4.38268179091e-05
4.37788546148e-05
4.37322814757e-05
4.36870733025e-05
4.36432061853e-05
4.36006574207e-05
4.35594054462e-05
4.35194297782e-05
4.3480710954e-05
4.34432304791e-05
4.34069707768e-05
4.33719151426e-05
4.33380477004e-05
4.33053533624e-05
4.32738177911e-05
4.3243427364e-05
4.32141691408e-05
4.31860308318e-05
4.31590007688e-05
4.31330678776e-05
4.31082216516e-05
4.30844521279e-05
4.30617498636e-05
4.30401059138e-05
4.30195118105e-05
4.29999595429e-05
4.29814415381e-05
4.29639506433e-05
4.2947480107e-05
4.29320235638e-05
4.29175750171e-05
4.29041288241e-05
4.28916796789e-05
4.28802225998e-05
4.28697529134e-05
4.28602662408e-05
4.28517584832e-05
4.28442258091e-05
4.28376646395e-05
4.28320716356e-05
4.28274436838e-05
4.28237778849e-05
4.28210715376e-05
4.28193221275e-05
4.28185273125e-05
4.28186849103e-05
4.28197928838e-05
4.28218493271e-05
4.28248524536e-05
4.28288005792e-05
4.28336921098e-05
4.28395255268e-05
4.28462993714e-05
4.28540122302e-05
4.2862662721e-05
4.28722494756e-05
4.28827711252e-05
4.28942262838e-05
4.29066135325e-05
4.29199314037e-05
4.29341783624e-05
4.29493527914e-05
4.29654529724e-05
4.29824770691e-05
4.30004231109e-05
4.30192889729e-05
4.30390723583e-05
4.30597707836e-05
4.30813815552e-05
4.31039017552e-05
4.31273282212e-05
4.31516575292e-05
4.31768859737e-05
4.32030095519e-05
4.32300239451e-05
4.33341417359e-05
4.34941923893e-05
4.36566830745e-05
4.38215745156e-05
4.398880081e-05
4.41583171073e-05
4.43300682246e-05
4.4503994826e-05
4.46800346785e-05
4.48581224518e-05
4.50381897784e-05
4.52201653267e-05
4.54039748891e-05
4.55895414834e-05
4.5776785469e-05
4.59656246767e-05
4.61559745515e-05
4.63477483099e-05
4.65408571079e-05
4.67352102229e-05
4.6930715245e-05
4.71272782797e-05
4.715224051e-05
4.73530617007e-05
4.66611719638e-05
4.70891192415e-05
4.75097844537e-05
4.79227350744e-05
4.8327928148e-05
4.87255322483e-05
4.91158205138e-05
4.94991110697e-05
4.98757342766e-05
5.02460150501e-05
5.06102637382e-05
5.09687718912e-05
5.13218108212e-05
5.16696317272e-05
5.20124666662e-05
5.2350529947e-05
5.26840196967e-05
5.3013119458e-05
5.33379997364e-05
5.36588194576e-05
5.39757273148e-05
5.42888630048e-05
5.45983583539e-05
5.49043383449e-05
5.52069220527e-05
5.55062235032e-05
5.58023524651e-05
5.60954151883e-05
5.63855150986e-05
5.66727534617e-05
5.69572300264e-05
5.72390436569e-05
5.75182929709e-05
5.77950769863e-05
5.80694957966e-05
5.83416512862e-05
5.86116479e-05
5.88795934877e-05
5.9145600241e-05
5.94097857527e-05
5.96722742242e-05
5.99331978617e-05
6.01926985074e-05
6.04509295624e-05
6.07080582771e-05
6.09642685016e-05
6.12197640179e-05
6.14747726113e-05
6.17295510876e-05
6.19843915084e-05
6.22396290117e-05
6.24956517132e-05
6.27529133672e-05
6.30119497315e-05
6.3273399967e-05
6.35380349765e-05
6.38067954609e-05
6.40808438233e-05
6.43616361932e-05
6.46510243526e-05
6.49514032337e-05
6.52659299521e-05
6.55988590555e-05
6.59560744523e-05
6.63459710783e-05
