15.5170011782
14.1054559438
14.3446898023
14.5817513224
14.6216857179
14.6362864701
14.6380223126
14.6346186409
14.612771685
14.6072468744
14.6024676522
14.5985565487
14.5954811022
14.5931523001
14.5914672115
14.5903264137
14.5896402866
14.5893305374
14.5893297966
14.5895805304
14.5900337985
14.5906480657
14.5913881406
14.5922242539
14.5931312679
14.5940880028
14.5950766615
14.5960823393
14.5970926047
14.5980971411
14.5990874391
14.6000565328
14.600998774
14.6019096368
14.6027855515
14.6036237597
14.6044221922
14.6051793616
14.6058942722
14.6065663415
14.6071953328
14.6077812984
14.6083245298
14.6088255158
14.6092849069
14.6097034839
14.6100821324
14.6104218203
14.6107235787
14.6109884863
14.6112176555
14.6114122209
14.6115733304
14.6117021361
14.6117997884
14.6118674301
14.6119061917
14.611917188
14.6119015145
14.6118602455
14.6117944319
14.6117050995
14.6115932484
14.6114598515
14.6113058546
14.6111321758
14.6109397052
14.6107293053
14.6105018108
14.6102580291
14.6099987405
14.6097246988
14.6094366317
14.6091352412
14.6088212043
14.6084951737
14.6081577783
14.6078096238
14.6074512934
14.6070833484
14.606706329
14.6063207546
14.6059271251
14.6055259207
14.605117603
14.6047026158
14.6042813853
14.6038543208
14.6034218153
14.6029842462
14.6025419757
14.6020953514
14.6016447067
14.6011903614
14.6007326224
14.6002717836
14.599808127
14.5993419228
14.5988734299
14.5984028962
14.5979305581
14.5974566454
14.5969813745
14.5965049539
14.5960275829
14.5955494522
14.5950707442
14.5945916333
14.594112286
14.5936328617
14.5931535123
14.5926743833
14.5921956131
14.591717334
14.5912396724
14.5907627484
14.5902866769
14.5898115669
14.5893375227
14.5888646433
14.5883930229
14.5879227511
14.5874539131
14.5869865898
14.586520858
14.5860567905
14.5855944565
14.5851339213
14.5846752468
14.5842184917
14.5837637113
14.5833109579
14.5828602808
14.5824117263
14.5819653383
14.5815211576
14.581079223
14.5806395705
14.580202234
14.5797672448
14.5793346326
14.5789044247
14.5784766464
14.5780513213
14.5776284711
14.5772081157
14.5767902734
14.5763749609
14.5759621935
14.5755519847
14.575144347
14.5747392911
14.5743368269
14.5739369627
14.5735397058
14.5731450623
14.5727530372
14.5723636345
14.5719768572
14.5715927073
14.5712111861
14.5708322938
14.5704560299
14.5700823929
14.5697113809
14.569342991
14.5689772198
14.568614063
14.5682535158
14.567895573
14.5675402285
14.5671874759
14.5668373081
14.5664897177
14.5661446967
14.5658022368
14.565462329
14.5651249642
14.5647901327
14.5644578247
14.5641280297
14.5638007372
14.5634759363
14.5631536157
14.562833764
14.5625163693
14.5622014198
14.5618889033
14.5615788072
14.561271119
14.5609658258
14.5606629148
14.5603623727
14.5600641862
14.559768342
14.5594748264
14.5591836258
14.5588947263
14.558608114
14.5583237751
