25.58383
24.1913798972
21.2049272266
16.4767010735
15.5860486691
15.2185066324
15.1564230888
15.2497255219
15.2795959764
15.4716772686
15.6811980339
15.8980330422
16.1173451977
16.3367742499
16.5551280595
16.7717744431
16.9863574916
17.1986638647
17.4085586147
17.6159534626
17.820790392
18.0230326029
18.2226591029
18.4196611751
18.6140398756
18.8058041427
18.9949693015
19.1815558489
19.365588449
19.5470950952
19.7261064086
19.9026550503
20.0767752276
20.2485022822
20.4178723459
20.5849220541
20.7496883086
20.9122080824
21.0725182585
21.2306554999
21.3866561437
21.5405561161
21.6923908664
21.8421953141
21.9900038098
22.1358501058
22.279767335
22.4217879977
22.5619439535
22.7002664181
22.8367859647
22.9715325272
23.1045354074
23.2358232832
23.3654242188
23.4933656758
23.6196745257
23.7443770626
23.8674990166
23.9890655674
24.1091013579
24.227630508
24.3446766286
24.4602628347
24.5744117592
24.6871455659
24.7984859622
24.9084542119
25.0170711472
25.124357181
25.2303323181
25.3350161667
25.4384279489
25.5405865117
25.6415103369
25.7412175511
25.8397259351
25.9370529333
26.0332156622
26.1282309196
26.2221151922
26.3148846642
26.4065552246
26.4971424751
26.5866617369
26.6751280576
26.7625562184
26.8489607402
26.9343558902
27.0187556873
27.1021739088
27.1846240955
27.2661195573
27.3466733787
27.4262984236
27.5050073405
27.5828125672
27.6597263353
27.7357606752
27.8109274199
27.8852384849
27.9587047692
28.0313378161
28.103148711
28.1741483622
28.2443475043
28.3137567016
28.3823863523
28.4502466906
28.5173477913
28.5836995719
28.6493117961
28.7141940768
28.7783558791
28.8418065227
28.9045551852
28.9666109043
29.0279825808
29.0886789809
29.148708739
29.2080803595
29.26680222
29.3248825729
29.382329548
29.4391511547
29.4953552841
29.5509497109
29.6059420958
29.6603399874
29.714150824
29.7673819354
29.8200405455
29.8721337731
29.9236686346
29.9746520451
30.0250908204
30.0749916789
30.1243612426
30.1732060396
30.2215325047
30.2693469818
30.3166557248
30.3634648995
30.4097805846
30.4556087738
30.5009553765
30.5458262196
30.5902270484
30.6341635287
30.6776412472
30.7206657134
30.7632423604
30.8053765465
30.8470735561
30.8883386011
30.9291768219
30.9695932884
31.0095930014
31.0491808936
31.0883618306
31.1271406119
31.165521972
31.2035105814
31.2411110478
31.2783279165
31.315165672
31.3516287386
31.3877214814
31.4234482072
31.4588131654
31.4938205486
31.5284744942
31.5627790844
31.5967383475
31.6303562587
31.6636367406
31.6965836645
31.7292008506
31.7614920692
31.7934610412
31.8251114391
31.8564468872
31.8874709631
31.9181871976
31.9485990759
31.9787100381
32.00852348
32.0380427534
32.0672711673
32.0962119879
32.1248684398
32.1532437061
32.1813409296
32.2091632127
32.2367136186
32.2639951715
32.2910108571
32.3177636237
32.3442563821
32.3704920064
