58.2437401986
-256.438713681
-255.347943151
-254.240890556
-253.118550759
-251.981686139
-250.830988524
-249.667101789
-248.490628203
-247.302132482
-246.102145195
-244.891165763
-243.669665112
-242.438088047
-241.196855361
-239.946365729
-238.686997412
-237.419109778
-236.143044687
-234.859127739
-233.567669397
-232.268966022
-230.963300799
-229.650944593
-228.332156728
-227.007185696
-225.676269812
-224.339637816
-222.997509427
-221.650095851
-220.297600255
-218.940218204
-217.578138066
-216.211541391
-214.84060326
-213.465492613
-212.086372558
-210.703400652
-209.316729178
-207.92650539
-206.532871755
-205.135966176
-203.735922203
-202.332860611
-200.926924472
-199.518226427
-198.106884524
-196.693013363
-195.276724253
-193.858125363
-192.437321861
-191.014416053
-189.589507514
-188.162693212
-186.734067634
-185.303722898
-183.871748869
-182.438233269
-181.00326178
-179.566918151
-178.129284294
-176.690440383
-175.250464946
-173.809434962
-172.367425943
-170.92451203
-169.480766071
-168.03625971
-166.591063467
-165.145246817
-163.698878269
-162.252025446
-160.804755158
-159.357133476
-157.909225808
-156.461096967
-155.012811246
-153.564432484
-152.116024137
-150.667649345
-149.219370996
-147.771251797
-146.323354331
-144.875741127
-143.428474719
-141.981617709
-140.535232825
-139.089382984
-137.644131348
-136.199541383
-134.755676914
-133.312602181
-131.870381893
-130.429081283
-128.988766154
-127.549502937
-126.111358735
-124.674401373
-123.238699443
-121.804322351
-120.371340357
-118.93982462
-117.509847235
-116.08148127
-114.654800808
-113.229880973
-111.806797964
-110.385629087
-108.966452778
-107.54934863
-106.13439741
-104.721681081
-103.311282817
-101.903287013
-100.497779295
-99.094846523
-97.6945767962
-96.2970594469
-94.9023850347
-93.5106453357
-92.1219333269
-90.7363431658
-89.3539701652
-87.9749107633
-86.5992624884
-85.2271239177
-83.8585946309
-82.4937751582
-81.1327669217
-79.7756721714
-78.4225939141
-77.0736358363
-75.7289022207
-75.2756253436
-73.9353525769
-74.3376633545
-72.0783569317
-69.9614480913
-67.9581037746
-66.0472207508
-64.2129530195
-62.4431570605
-60.7283623805
-59.0610687877
-57.4352549187
-55.8460271968
-54.2893643716
-52.7619284898
-51.260922915
-49.783984239
-48.3290989861
-46.8945387118
-45.4788089232
-44.0806085107
-42.6987972585
-41.3323696303
-39.9804334715
-38.6539259908
-37.3729746603
-36.0991362859
-34.8319020819
-33.5707579689
-32.3152734948
-31.0650458968
-29.8197057685
-28.5789129793
-27.3423532251
-26.1097351099
-24.880787677
-23.6552583207
-22.4329110246
-21.2135248796
-19.9968928456
-18.7828207236
-17.571126315
-16.361638747
-15.1541979471
-13.9486542552
-12.7448681638
-11.54271018
-10.3420608071
-9.1428106463
-7.94486062101
-6.74812233232
-5.55251855564
-4.35798389374
-3.16446560594
-1.97192463751
-0.780336878444
0.410305316017
1.59999130981
2.78869004878
3.97634759713
5.16288439792
6.34819243445
7.53213274731
8.71453437741
9.89519719535
11.0739043428
12.2504581427
