213.852857819
213.404095245
212.956631243
212.51044597
212.065529304
211.621875085
211.179478844
210.738336888
210.298445941
209.859802989
209.422405226
208.986250027
208.551334938
208.117657667
207.685216084
207.254008217
206.824032247
206.39528651
205.967769488
205.541479813
205.116416263
204.692577754
204.269963343
203.848572226
203.428403729
203.00945731
202.591732558
202.175229184
201.759947024
201.345886032
200.933046283
200.521427961
200.111031367
199.701856909
199.293905101
198.88717656
198.481672007
198.077392259
197.674338229
197.272510926
196.871911445
196.472540974
196.074400785
195.677492232
195.281816752
194.887375859
194.494171146
194.102204276
193.711476986
193.321991083
192.93374844
192.546750994
192.161000748
191.776499762
191.393250157
191.01125411
190.630513852
190.251031667
189.872809891
189.495850904
189.120157138
188.745731067
188.372575208
188.000692118
187.630084397
187.260754677
186.892705631
186.525939962
186.160460407
185.796269732
185.433370732
185.071766231
184.711459075
184.352452135
183.994748306
183.638350501
183.283261651
182.929484708
182.577022635
182.225878412
181.876055031
181.527555495
181.180382814
180.83454001
180.490030108
180.146856138
179.805021136
179.464528137
179.125380177
178.787580292
178.451131513
178.11603687
177.782299384
177.449922072
177.11890794
176.789259987
176.460981197
176.134074544
175.808542986
175.484389466
175.16161691
174.840228225
174.520226299
174.201613997
173.884394162
173.568569614
173.254143144
172.941117519
172.629495477
172.319279726
172.010472942
171.703077768
171.397096816
171.092532659
170.789387835
170.487664844
170.187366147
169.888494162
169.591051268
169.295039797
169.00046204
168.707320238
168.415616587
168.125353233
167.836532275
167.549155755
167.263225668
166.978743951
166.695712489
166.414133108
166.134007669
165.855337736
165.578124993
165.302371043
165.028077419
164.755245585
164.483876943
164.213972825
163.945534497
163.678563157
163.413059936
163.14902589
162.886462009
162.625369207
162.365748328
162.107600138
161.850925331
161.595724525
161.341998258
161.089746995
160.838971118
160.589670931
160.34184666
160.095498445
159.85062635
159.607230352
159.365310347
159.124866147
158.885897478
158.648403984
158.41238522
158.177840657
157.944769679
157.713171581
157.483045573
157.254390775
157.027206221
156.801490853
156.577243527
156.354463007
156.133147969
155.913297
155.694908595
155.477981159
155.262513009
155.04850237
154.835947377
154.624845981
154.415196286
154.206996123
154.000243252
153.794935353
153.591070015
153.388644744
153.187656953
152.988103969
152.789983028
152.59329128
152.398025785
152.204183515
152.011761358
151.820756111
151.631164487
151.442983114
151.256208534
151.070837203
150.886865495
150.704289701
150.523106027
150.343310601
