10.0912335536
10.0778088026
10.0646630768
10.0516798521
10.0388621126
10.0262124986
10.0137334235
10.0014271063
9.98929560282
9.97734081415
9.96556449397
9.95396827011
9.9425536518
9.93132203893
9.92027473035
9.90941293116
9.89873775922
9.88825025104
9.87795136692
9.86784199569
9.85792295895
9.84819501491
9.83865886191
9.82931514164
9.82016444208
9.81120730029
9.80244420491
9.79387559856
9.78550188005
9.77732340648
9.7693404952
9.76155342568
9.75396244127
9.74656775083
9.73936953038
9.73236792459
9.72556304817
9.71895498733
9.71254380101
9.70632952219
9.70031215905
9.69449169612
9.6888680954
9.68344129735
9.67821122196
9.67317776964
9.66834082217
9.66370024357
9.65925588095
9.65500756526
9.65095511211
9.64709832247
9.64343698339
9.63997086862
9.63669973932
9.63362334461
9.63074142217
9.62805369881
9.62555989097
9.62325970527
9.62115283896
9.61923898037
9.61751780939
9.61598899788
9.61465221004
9.61350710284
9.61255332633
9.61179052405
9.6112183333
9.61083638552
9.61064430652
9.61064171683
9.61082823194
9.61120346259
9.61176701497
9.61251849101
9.61345748857
9.61458360167
9.61589642069
9.61739553258
9.61908052102
9.62095096662
9.62300644707
9.62524653731
9.6276708097
9.63027883411
9.63307017813
9.63604440715
9.6392010845
9.64253977158
9.64606002794
9.64976141142
9.65364347826
9.65770578315
9.66194787936
9.66636931883
9.67096965221
9.675748429
9.68070519758
9.68583950529
9.69115089851
9.69663892269
9.70230312248
9.70814304169
9.71415822343
9.72034821012
9.72671254354
9.73325076487
9.73996241477
9.74684703337
9.75390416035
9.76113333495
9.76853409601
9.77610598201
9.7838485311
9.79176128111
9.79984376961
9.80809553389
9.81651611104
9.82510503792
9.83386185121
9.84278608741
9.85187728288
9.86113497384
9.87055869641
9.88014798657
9.88990238024
9.89982141324
9.90990462134
9.92015154024
9.9305617056
9.94113465304
9.95186991814
9.96276703647
9.97382554296
9.98504497401
9.99642486489
10.0079647511
10.0196641683
10.0315226519
10.0435397374
10.0557149605
10.0680478567
10.0805379616
10.0931848107
10.1059879397
10.1189468843
10.1320611801
10.1453303626
10.1587539677
10.172331531
10.1860625883
10.1999466751
10.2139833274
10.2281720807
10.2425124709
10.2570040336
10.2716463047
10.2864388199
10.3013811149
10.3164727254
10.3317131872
10.347102036
10.3626388085
10.3783230388
10.3941542632
10.4101320171
10.4262558362
10.442525256
10.4589398121
10.4754990398
10.4922024747
10.509049652
10.5260401071
10.5431733752
10.5604489915
10.5778664911
10.5954254091
10.6131252804
10.6309656399
10.6489460224
10.6670659626
10.6853249952
10.7037226546
10.7222584753
10.7409319916
10.7597427378
10.7786902478
10.7977740558
10.8169936955
10.8363487007
10.855838605
10.875462942
10.8952212449
10.9151130469
10.9351378813
10.9552952807
10.9755847782
10.9960059063
11.0165581974
