-57.8368791402
-49.9485244159
-42.829181061
-36.5042942844
-30.6281109689
-26.8523670228
-24.5656608276
-23.2938394337
-22.5950765074
-22.2013037557
-21.966199689
-21.8136654442
-21.7048773024
-21.6200866363
-21.5491659567
-21.486826411
-21.4302230481
-21.3777580702
-21.3284810452
-21.2817863272
-21.2372588142
-21.1945941014
-21.1535562131
-21.1139545062
-21.0756304905
-21.0384498829
-21.002297499
-20.9670737422
-20.9326920382
-20.8990768614
-20.8661621558
-20.8338900369
-20.8022097034
-20.7710765135
-20.7404511929
-20.7102991531
-20.6805899013
-20.6512965282
-20.6223952622
-20.5938650815
-20.5656873748
-20.5378456452
-20.5103252513
-20.4831131804
-20.4561978496
-20.429568932
-20.4032172037
-20.3771344094
-20.3513131452
-20.3257467549
-20.3004292392
-20.2753551756
-20.2505196485
-20.2259181871
-20.2015467114
-20.1774014844
-20.1534790697
-20.1297762951
-20.1062902195
-20.0830181047
-20.0599573903
-20.0371056711
-20.0144606781
-19.9920202613
-19.9697823747
-19.947745063
-19.9259064501
-19.9042647292
-19.8828181534
-19.8615650285
-19.8405037058
-19.8196325764
-19.7989500658
-19.7784546297
-19.7581447497
-19.7380189301
-19.7180756953
-19.6983135864
-19.6787311601
-19.6593269859
-19.6400996449
-19.6210477287
-19.6021698378
-19.5834645809
-19.5649305739
-19.5465664396
-19.5283708069
-19.5103423105
-19.4924795903
-19.4747812916
-19.4572460647
-19.4398725647
-19.4226594515
-19.40560539
-19.3887090497
-19.3719691051
-19.3553842357
-19.338953126
-19.3226744656
-19.3065469495
-19.2905692782
-19.2747401668
-19.259058309
-19.2435224315
-19.2281312581
-19.2128835189
-19.1977779503
-19.1828132953
-19.1679883039
-19.1533017325
-19.138752345
-19.1243389122
-19.1100602125
-19.0959150315
-19.0819021626
-19.0680204068
-19.0542685732
-19.0406454785
-19.0271499479
-19.0137808143
-19.0005369193
-18.9874171125
-18.9744202523
-18.9615452053
-18.9487908468
-18.9361560608
-18.9236397399
-18.9112407855
-18.8989581078
-18.8867906258
-18.8747372674
-18.8627969695
-18.8509686777
-18.8392513466
-18.82764394
-18.8161454304
-18.8047547994
-18.7934710374
-18.7822931441
-18.7712201278
-18.7602510061
-18.7493848052
-18.7386205605
-18.7279573162
-18.7173941254
-18.70693005
-18.6965641609
-18.6862955375
-18.6761232682
-18.6660464501
-18.656064189
-18.6461755991
-18.6363798037
-18.6266759341
-18.6170631305
-18.6075405415
-18.598107324
-18.5887626434
-18.5795056733
-18.5703355956
-18.5612516005
-18.5522528862
-18.5433386592
-18.5345081337
-18.5257605322
-18.517095085
-18.5085110303
-18.500007614
-18.4915840898
-18.4832397192
-18.474973771
-18.4667855219
-18.4586742559
-18.4506392644
-18.4426798462
-18.4347953075
-18.4269849616
-18.419248129
-18.4115841374
-18.4039923213
-18.3964720226
-18.3890225896
-18.3816433779
-18.3743337496
-18.3670930736
-18.3599207254
-18.3528160873
-18.345778548
-18.3388075025
-18.3319023525
-18.3250625059
-18.3182873768
-18.3115763857
-18.304928959
-18.2983445296
-18.2918225359
-18.2853624228
-18.2789636408
-18.2726256462
