3.63546153732
5.16505689624
6.80275809907
8.16464404801
9.15378194125
9.78883471208
10.1663849866
10.3906028461
10.5307344264
10.6260976473
10.6974946914
10.7556117268
10.8058975724
10.8511506106
10.8928380104
10.9317575674
10.9683679255
11.0029533901
11.0357065186
11.0667698165
11.0962570318
11.1242642207
11.1508756494
11.1761670624
11.2002075892
11.2230609324
11.2447861645
11.2654383041
11.2850687588
11.3037256847
11.3214542871
11.3382970792
11.3542941086
11.3694831566
11.3838999157
11.3975781492
11.4105498332
11.4228452858
11.4344932834
11.4455211659
11.4559549327
11.4658193303
11.4751379313
11.4839332077
11.4922265978
11.5000385672
11.5073886654
11.5142955778
11.5207771741
11.5268505524
11.5325320805
11.5378374347
11.542781635
11.5473790783
11.55164357
11.5555883523
11.5592261319
11.5625691052
11.5656289821
11.568417009
11.5709439894
11.5732203041
11.5752559301
11.577060458
11.5786431093
11.5800127521
11.5811779161
11.5821468069
11.5829273198
11.5835270522
11.5839533165
11.5842131513
11.5843133325
11.5842603841
11.5840605881
11.5837199942
11.5832444288
11.582639504
11.5819106257
11.5810630019
11.5801016501
11.5790314045
11.5778569232
11.5765826951
11.5752130458
11.573752144
11.5722040075
11.5705725086
11.5688613798
11.5670742186
11.5652144928
11.5632855453
11.5612905981
11.5592327578
11.5571150186
11.5549402673
11.5527112868
11.5504307596
11.5481012721
11.5457253174
11.5433052991
11.5408435341
11.538342256
11.5358036179
11.5332296953
11.5306224888
11.5279839268
11.5253158683
11.5226201047
11.5198983627
11.5171523065
11.5143835398
11.5115936079
11.5087840001
11.5059561513
11.5031114438
11.5002512095
11.4973767314
11.4944892453
11.4915899414
11.4886799661
11.4857604233
11.4828323757
11.4798968466
11.4769548211
11.4740072472
11.4710550374
11.4680990697
11.4651401887
11.4621792072
11.4592169065
11.4562540384
11.4532913253
11.4503294618
11.4473691157
11.4444109283
11.4414555158
11.4385034701
11.4355553596
11.4326117298
11.4296731042
11.4267399853
11.4238128548
11.4208921747
11.4179783879
11.4150719187
11.4121731736
11.4092825416
11.4064003954
11.4035270911
11.4006629696
11.3978083565
11.3949635631
11.3921288863
11.3893046096
11.3864910036
11.3836883257
11.3808968215
11.3781167246
11.3753482572
11.3725916303
11.3698470445
11.3671146899
11.3643947467
11.3616873855
11.3589927676
11.3563110453
11.3536423622
11.3509868536
11.3483446469
11.3457158612
11.3431006086
11.3404989936
11.3379111138
11.33533706
11.3327769163
11.3302307609
11.3276986654
11.3251806958
11.3226769124
11.32018737
11.3177121181
11.315251201
11.3128046582
11.3103725246
11.3079548301
11.3055516006
11.3031628575
11.3007886183
11.2984288964
11.2960837013
11.293753039
11.291436912
11.2891353193
11.2868482565
11.2845757163
11.2823176881
11.2800741586
11.2778451116
11.275630528
