12.3955010293
12.2314427852
11.9182672382
11.5103421193
11.0742555919
10.6495500965
10.2555941032
9.89864352503
9.5784749923
9.29224836588
9.03635659778
8.80721168146
8.60153581447
8.41643906306
8.24941150206
8.09828535174
7.96119022663
7.83651043226
7.72284723766
7.61898661065
7.52387199546
7.43658144638
7.3563084187
7.2823455951
7.21407122312
7.15093753195
7.09246087686
7.03821332453
6.98781544605
6.94093012624
6.89725723201
6.85652900978
6.81850610365
6.78297410392
6.74974055013
6.71863232428
6.68949338031
6.66218276344
6.63657288011
6.61254798502
6.59000285614
6.5688416332
6.54897679809
6.53032827891
6.5128226616
6.49639249561
6.4809756814
6.46651492971
6.45295728339
6.44025369414
6.42835864727
6.41722982866
6.40682782871
6.39711587875
6.38805961612
6.37962687443
6.37178749592
6.36451316348
6.35777724995
6.35155468265
6.3458218215
6.3405563491
6.33573717145
6.33134432814
6.32735891094
6.32376298984
6.32053954587
6.31767240977
6.3151462061
6.31294630209
6.31105876073
6.30947029785
6.30816824252
6.30714050071
6.30637552165
6.30586226689
6.30559018151
6.30554916761
6.3057295595
6.30612210085
6.30671792323
6.30750852622
6.30848575881
6.30964180197
6.31096915239
6.31246060719
6.31410924964
6.31590843568
6.31785178125
6.31993315041
6.32214664408
6.32448658948
6.32694753009
6.32952421622
6.33221159604
6.33500480714
6.3378991685
6.34089017285
6.3439734795
6.34714490743
6.3504004288
6.35373616306
6.35714837012
6.36063344564
6.36418791544
6.36780843034
6.37149176133
6.37523479488
6.37903452857
6.38288806685
6.38679261695
6.39074548506
6.39474407262
6.39878587278
6.40286846702
6.40698952192
6.41114678603
6.4153380869
6.41956132824
6.4238144872
6.4280956117
6.43240281795
6.43673428803
6.44108826757
6.4454630635
6.44985704195
6.45426862616
6.45869629452
6.46313857867
6.46759406168
6.47206137625
6.47653920309
6.48102626924
6.48552134651
6.49002325002
6.49453083666
6.49904300378
6.50355868779
6.50807686288
6.51259653976
6.51711676449
6.52163661724
6.52615521126
6.53067169174
6.53518523477
6.53969504638
6.5442003615
6.54870044307
6.55319458115
6.55768209199
6.56216231722
6.56663462304
6.57109839945
6.57555305941
6.57999803823
6.58443279273
6.58885680066
6.59326955999
6.59767058825
6.60205942196
6.60643561598
6.61079874299
6.61514839286
6.61948417218
6.62380570366
6.6281126257
6.63240459184
6.63668127031
6.64094234358
6.64518750787
6.64941647278
6.65362896085
6.65782470711
6.66200345877
6.66616497478
6.67030902548
6.67443539225
6.67854386718
6.68263425269
6.68670636126
6.69076001509
6.69479504577
6.69881129406
6.70280860954
6.70678685033
6.71074588288
6.71468558166
6.71860582892
6.72250651446
6.72638753538
6.73024879585
6.73409020688
6.73791168613
6.74171315768
6.74549455182
6.74925580488
6.75299685901
6.75671766201
6.76041816714
6.76409833297
