-24.1932679203
-29.4977066034
-29.4459191387
-29.4008957852
-29.3581261971
-29.3155829663
-29.2724274296
-29.2283799329
-29.1834152175
-29.1376164285
-29.0911062492
-29.044015341
-28.9964686706
-28.9485802842
-28.9004519636
-28.8521735763
-28.8038240867
-28.7554727519
-28.707180296
-28.6589999804
-28.6109785461
-28.5631570308
-28.5155714711
-28.4682535053
-28.4212308906
-28.3745279478
-28.3281659455
-28.2821634316
-28.2365365227
-28.1912993041
-28.1464634475
-28.10203933
-28.058035577
-28.014459377
-27.9713166187
-27.928612014
-27.886349209
-27.8445308838
-27.8031588436
-27.7622341017
-27.7217569541
-27.681727049
-27.6421434496
-27.6030046919
-27.5643088374
-27.5260535224
-27.4882360017
-27.4508531905
-27.4139017011
-27.3773778779
-27.3412778286
-27.3055974531
-27.27033247
-27.2354784404
-27.2010307896
-27.1669848274
-27.1333357658
-27.1000787354
-27.0672088
-27.0347209703
-27.0026102151
-26.9708714728
-26.9394996603
-26.9084896822
-26.8778364378
-26.8475348282
-26.8175797621
-26.7879661614
-26.7586889652
-26.7297431346
-26.7011236557
-26.6728255428
-26.6448438414
-26.61717363
-26.5898100223
-26.5627481689
-26.5359832588
-26.5095105203
-26.4833252222
-26.4574226747
-26.43179823
-26.4064472825
-26.3813652697
-26.3565476722
-26.3319900142
-26.3076878633
-26.2836368308
-26.2598325717
-26.2362707847
-26.2129472119
-26.1898576393
-26.166997896
-26.1443638544
-26.1219514301
-26.0997565815
-26.0777753099
-26.056003659
-26.0344377147
-26.0130736052
-25.9919075006
-25.9709356124
-25.9501541938
-25.929559539
-25.9091479832
-25.8889159025
-25.8688597132
-25.8489758721
-25.8292608759
-25.8097112611
-25.7903236038
-25.7710945194
-25.7520206624
-25.7330987262
-25.7143254428
-25.6956975826
-25.6772119542
-25.6588654042
-25.6406548168
-25.6225771139
-25.6046292545
-25.5868082347
-25.5691110875
-25.5515348824
-25.5340767254
-25.5167337585
-25.4995031599
-25.4823821433
-25.465367958
-25.4484578885
-25.4316492544
-25.4149394101
-25.3983257448
-25.3818056818
-25.3653766788
-25.3490362273
-25.3327818528
-25.316611114
-25.300521603
-25.2845109451
-25.2685767982
-25.2527168532
-25.236928833
-25.2212104931
-25.2055596206
-25.1899740345
-25.1744515854
-25.1589901552
-25.1435876568
-25.1282420339
-25.112951261
-25.0977133429
-25.0825263148
-25.0673882416
-25.0522972181
-25.0372513685
-25.0222488466
-25.007287835
-24.9923665453
-24.9774832176
-24.9626361205
-24.9478235508
-24.9330438332
-24.9182953203
-24.903576392
-24.8888854556
-24.8742209454
-24.8595813228
-24.8449650753
-24.8303707173
-24.8157967891
-24.8012418571
-24.7867045131
-24.7721833748
-24.7576770849
-24.7431843113
-24.7287037464
-24.7142341077
-24.6997741366
-24.6853225988
-24.6708782841
-24.6564400058
-24.6420066005
-24.6275769284
-24.6131498726
-24.5987243388
-24.5842992555
-24.5698735735
-24.5554462655
-24.5410163265
-24.5265827728
-24.5121446424
-24.4977009943
-24.4832509088
-24.4687934868
-24.4543278497
-24.4398531394
-24.4253685178
-24.4108731669
-24.3963662881
-24.3818471024
