-22.5622461256
-19.4952957526
-19.7237675143
-19.2788664063
-19.6975844273
-19.9147039581
-20.0217654083
-20.0754144367
-20.1221771981
-20.141828076
-20.1562731271
-20.1686977867
-20.180495956
-20.1922367395
-20.2041170525
-20.2161713317
-20.2283677315
-20.2406515648
-20.2529643441
-20.2652516199
-20.2774657477
-20.2895664211
-20.3015202774
-20.3133001676
-20.3248843525
-20.3362557338
-20.3474011615
-20.3583108268
-20.3689777364
-20.3793972615
-20.3895667527
-20.3994852101
-20.4091530027
-20.4185716295
-20.4277435156
-20.4366718396
-20.4453603861
-20.4538134216
-20.4620355888
-20.4700318174
-20.4778072492
-20.4853671746
-20.4927169802
-20.4998621042
-20.5068079996
-20.5135601045
-20.5201238164
-20.526504472
-20.5327073311
-20.5387375632
-20.5446002371
-20.550300313
-20.5558426364
-20.5612319341
-20.5664728109
-20.5715697477
-20.5765271014
-20.5813491043
-20.586039865
-20.5906033694
-20.5950434829
-20.5993639518
-20.6035684058
-20.6076603606
-20.6116432205
-20.615520281
-20.6192947319
-20.6229696603
-20.6265480531
-20.6300328003
-20.633426698
-20.6367324509
-20.6399526758
-20.6430899038
-20.6461465833
-20.6491250831
-20.6520276945
-20.654856634
-20.6576140462
-20.6603020057
-20.6629225202
-20.6654775318
-20.6679689201
-20.6703985042
-20.6727680443
-20.6750792444
-20.6773337537
-20.6795331688
-20.6816790356
-20.6837728505
-20.685816063
-20.6878100766
-20.6897562505
-20.6916559015
-20.6935103051
-20.6953206971
-20.6970882748
-20.6988141985
-20.7004995927
-20.7021455474
-20.7037531169
-20.7053233297
-20.7068571768
-20.7083556211
-20.7098195965
-20.7112500086
-20.7126477361
-20.7140136313
-20.715348521
-20.7166532077
-20.71792847
-20.7191750636
-20.720393722
-20.7215851574
-20.722750061
-20.723889104
-20.7250029384
-20.7260921971
-20.7271574951
-20.7281994296
-20.7292185808
-20.7302155126
-20.7311907728
-20.7321448937
-20.7330783928
-20.7339917731
-20.7348855234
-20.735760119
-20.7366160223
-20.7374536825
-20.7382735369
-20.7390760104
-20.7398615167
-20.7406304579
-20.7413832255
-20.7421202003
-20.7428417528
-20.7435482438
-20.7442400241
-20.7449174355
-20.7455808106
-20.7462304732
-20.7468667386
-20.7474899138
-20.7481002978
-20.7486981818
-20.7492838495
-20.749857577
-20.7504196337
-20.7509702818
-20.7515097767
-20.7520383675
-20.7525562969
-20.7530638013
-20.7535611113
-20.7540484517
-20.7545260415
-20.7549940943
-20.7554528184
-20.7559024169
-20.7563430878
-20.7567750242
-20.7571984147
-20.7576134429
-20.7580202881
-20.7584191253
-20.7588101251
-20.759193454
-20.7595692744
-20.759937745
-20.7602990205
-20.7606532519
-20.7610005867
-20.7613411688
-20.7616751387
-20.7620026336
-20.7623237875
-20.7626387311
-20.7629475921
-20.7632504953
-20.7635475625
-20.7638389127
-20.7641246622
-20.7644049243
-20.7646798101
-20.7649494279
-20.7652138836
-20.7654732806
-20.76572772
-20.7659773006
-20.7662221189
-20.7664622693
-20.7666978439
-20.7669289331
-20.7671556247
-20.7673780051
-20.7675961583
-20.7678101668
-20.7680201109
-20.7682260696
