1.49669948073
1.49678612471
1.49691172668
1.49705919339
1.49721762899
1.49738081506
1.49754513874
1.49770847402
1.49786952929
1.49802744037
1.49818193086
1.49833257186
1.49847920786
1.49862175832
1.49876019545
1.49889452823
1.49902479163
1.49915103913
1.49927333736
1.49939131259
1.49950571049
1.49961651207
1.49972375718
1.49982751095
1.49992785178
1.50002486483
1.50011863843
1.500209262
1.50029682496
1.50038141596
1.50046312252
1.50054203072
1.50061870177
1.50069251092
1.50076365456
1.50083226623
1.50089845198
1.50096230237
1.50102389895
1.50108331759
1.50114063031
1.50119590619
1.5012492119
1.50130061201
1.50135016911
1.50139794396
1.50144399551
1.50148838099
1.50153115594
1.50157237423
1.50161208812
1.5016503483
1.5016872039
1.50172270256
1.50175689043
1.50178981224
1.50182151132
1.5018520296
1.50188140772
1.50190968502
1.50193689956
1.50196308818
1.50198828653
1.50201252911
1.50203584927
1.50205827929
1.50207985037
1.50210059268
1.50212053539
1.50213970669
1.50215813384
1.50217584318
1.50219286016
1.50220920936
1.50222491455
1.50223999866
1.50225448388
1.50226839159
1.50228174249
1.50229455652
1.50230685297
1.50231865044
1.5023299669
1.50234081968
1.50235122552
1.50236120057
1.50237076043
1.50237992013
1.5023886942
1.50239709662
1.50240514092
1.50241284013
1.50242020682
1.50242725312
1.50243399073
1.50244043093
1.5024465846
1.50245246223
1.50245807395
1.5024634295
1.50246853831
1.50247340943
1.50247805162
1.50248247329
1.50248668259
1.50249068734
1.5024944951
1.50249811314
1.50250154848
1.50250480788
1.50250789785
1.50251082469
1.50251359443
1.50251621292
1.50251868576
1.50252101838
1.502523216
1.50252528363
1.50252722612
1.50252904814
1.50253075419
1.50253234859
1.50253383552
1.50253521899
1.50253650288
1.50253769091
1.50253878668
1.50253979365
1.50254071515
1.50254155439
1.50254231445
1.50254299833
1.50254360888
1.50254414886
1.50254462095
1.50254502768
1.50254537154
1.5025456549
1.50254588004
1.50254604917
1.50254616441
1.50254622779
1.5025462413
1.50254620681
1.50254612615
1.50254600108
1.50254583329
1.5025456244
1.50254537599
1.50254508955
1.50254476655
1.50254440838
1.50254401639
1.50254359187
1.50254313608
1.50254265021
1.50254213542
1.50254111519
1.5025403017
1.50253957875
1.50253889211
1.50253821379
1.50253752948
1.50253664873
1.50253602482
1.50253515394
1.50253451784
1.50253362253
1.50253295767
1.50253203057
1.50253133438
1.50253056149
1.50252974382
1.50252889605
1.50252802612
1.50252713845
1.50252623561
1.50252531917
1.50252439019
1.50252344945
1.50252249755
1.50252153504
1.50252056238
1.50251958002
1.50251858836
1.5025175878
1.50251657872
1.50251556147
1.50251453641
1.50251350387
1.50251246418
1.50251141764
1.50251036455
1.5025093052
1.50250823988
1.50250716884
1.50250609236
1.50250544756
1.50250460485
1.50250364001
