6.1491
19.8940568885
23.6836378493
26.8027236229
28.5200155039
29.4134197406
29.8231961042
29.9978685232
30.0638452916
30.0803719261
30.074330631
30.0578038306
30.0362378084
30.0121180265
29.9866054692
29.9602638576
29.9333837799
29.9061280519
29.8785975349
29.8508613707
29.8229711846
29.7949679878
29.7668857091
29.7387531324
29.7105950569
29.6824330587
29.6542860325
29.6261706038
29.598101456
29.5700915978
29.5421525862
29.5142947139
29.4865271686
29.4588581686
29.4312950792
29.4038445127
29.3765124142
29.3493041358
29.3222245012
29.2952778614
29.2684681432
29.2417988918
29.2152733075
29.1888942786
29.1626644101
29.1365860487
29.1106613051
29.0848920743
29.059280053
29.0338267557
29.0085335284
28.9834015619
28.9584319029
28.9336254648
28.9089830368
28.8845052928
28.8601927991
28.8360460214
28.812065332
28.7882510153
28.7646032734
28.7411222318
28.7178079438
28.6946603948
28.6716795069
28.6488651424
28.6262171076
28.603735156
28.5814189916
28.5592682717
28.5372826099
28.5154615784
28.4938047107
28.4723115039
28.4509814208
28.4298138919
28.4088083174
28.387964069
28.367280492
28.3467569061
28.326392608
28.3061868721
28.2861389521
28.2662480827
28.2465134803
28.2269343444
28.2075098592
28.1882391937
28.1691215038
28.1501559326
28.1313416114
28.1126776609
28.0941631919
28.0757973057
28.0575790956
28.039507647
28.0215820386
28.0038013425
27.9861646252
27.9686709483
27.9513193688
27.9341089398
27.9170387107
27.9001077284
27.8833150369
27.8666596784
27.8501406936
27.8337571217
27.8175080014
27.8013923708
27.7854092679
27.7695577311
27.7538367993
27.7382455121
27.7227829105
27.7074480369
27.6922399351
27.6771576513
27.6622002336
27.6473667324
27.6326562009
27.618067695
27.6036002738
27.5892529993
27.5750249369
27.5609151557
27.5469227282
27.533046731
27.5192862444
27.5056403528
27.4921081449
27.4786887136
27.4653811563
27.4521845749
27.4390980757
27.4261207701
27.4132517738
27.4004902079
27.3878351978
27.3752858745
27.3628413737
27.3505008362
27.3382634081
27.3261282407
27.3140944906
27.3021613196
27.2903278949
27.278593389
27.2669569799
27.255417851
27.2439751911
27.2326281947
27.2213760614
27.2102179967
27.1991532114
27.1881809219
27.1773003501
27.1665107235
27.1558112752
27.1452012438
27.1346798734
27.1242464136
27.1139001198
27.1036402528
27.0934660787
27.0833768696
27.0733719027
27.063450461
27.0536118327
27.0438553117
27.0341801973
27.0245857942
27.0150714126
27.005636368
26.9962799813
26.987001579
26.9778004926
26.9686760591
26.9596276207
26.9506545251
26.941756125
26.9329317784
26.9241808485
26.9155027037
26.9068967175
26.8983622686
26.8898987406
26.8815055224
26.8731820077
26.8649275953
26.856741689
26.8486236975
26.8405730345
26.8325891183
26.8246713723
26.8168192247
26.8090321084
26.8013094611
26.7936507251
26.7860553475
