7.55950153916
7.55485873647
7.55021711198
7.54557174358
7.54092115211
7.53626549518
7.5316056378
7.52694268611
7.5222777628
7.51761190701
7.51294603707
7.50828094373
7.50361729757
7.49895566179
7.49429650656
7.48964022274
7.48498713432
7.4803375092
7.47569156843
7.47104949409
7.46641143575
7.46177751604
7.45714783514
7.45252247464
7.44790150065
7.44328496644
7.43867291463
7.434065379
7.42946238597
7.42486395587
7.42027010396
7.41568084132
7.41109617554
7.40651611132
7.40194065097
7.39736979481
7.39280354141
7.38824188813
7.3836848312
7.37913236588
7.37458448667
7.37004118744
7.36550246153
7.36096830185
7.35643870097
7.35191365116
7.34739314446
7.34287717273
7.33836572767
7.33385880087
7.32935638381
7.32485846791
7.32036504451
7.31587610494
7.31139164047
7.30691164238
7.3024361019
7.29796501028
7.29349835877
7.28903613863
7.2845783411
7.28012495747
7.27567597901
7.27123139703
7.26679120286
7.26235538784
7.25792394333
7.25349686072
7.24907413142
7.24465574686
7.2402416985
7.23583197783
7.23142657635
7.2270254856
7.22262869713
7.21823620254
7.21384799343
7.20946406143
7.20508439822
7.20070899547
7.19633784491
7.19197093827
7.18760826731
7.18324982383
7.17889559965
7.1745455866
7.17019977656
7.16585816141
7.16152073307
7.15718748349
7.15285840464
7.1485334885
7.14421272709
7.13989611246
7.13558363668
7.13127529183
7.12697107004
7.12267096343
7.11837496418
7.11408306448
7.10979116477
7.10549926506
7.10120736536
7.09691546565
7.09262356595
7.08833166624
7.08403976654
7.07974786683
7.07545596713
7.07116406742
7.06687216771
7.06258026801
7.0582883683
7.0539964686
7.04970456889
7.04541266919
7.04112076948
7.03682886978
7.03253697007
7.02824507036
7.02395317066
7.01966127095
7.01536937125
7.01107747154
7.00678557184
7.00249367213
6.99820177242
6.99390987272
6.98961797301
6.98532607331
6.9810341736
6.9767422739
6.97245037419
6.96815847449
6.96386657478
6.95957467507
6.95528277537
6.95099087566
6.94669897596
6.94240707625
6.93811517655
6.93382327684
6.92953137714
6.92523947743
6.92094757772
6.91665567802
6.91236377831
6.90807187861
6.9037799789
6.8994880792
6.89519617949
6.89090427979
6.88661238008
6.88232048037
6.87802858067
6.87373668096
6.86944478126
6.86515288155
6.86086098185
6.85656908214
6.85227718244
6.84798528273
6.84369338302
6.83940148332
6.83510958361
6.83081768391
6.8265257842
6.8222338845
6.81794198479
6.81365008509
6.80935818538
6.80506628567
6.80077438597
6.79648248626
6.79219058656
6.78789868685
6.78360678715
6.77931488744
6.77502298773
6.77073108803
6.76643918832
6.76214728862
6.75785538891
6.75356348921
6.7492715895
6.7449796898
6.74068779009
6.73639589038
6.73210399068
6.72781209097
6.72352019127
6.71922829156
6.71493639186
6.71064449215
6.70635259245
6.70206069274
6.69776879303
6.69347689333
6.68918499362
6.68489309392
