0.00178580110532
0.00179038411809
0.00179469823588
0.00179873358323
0.00180248976009
0.00180597051705
0.00180918171196
0.00181213026945
0.00181482363825
0.00181726950121
0.00181947561509
0.0018214497187
0.00182319947777
0.00182473245048
0.00182605606505
0.00182717718517
0.00182810355451
0.00182884204194
0.00182939939446
0.00182978221355
0.00182999694033
0.00183004984841
0.00182994749381
0.00182969467657
0.00182929794225
0.00182876282562
0.00182809471638
0.0018272988521
0.00182638031308
0.00182534402115
0.00182419520318
0.00182293777912
0.00182157631786
0.00182011518452
0.00181855856831
0.00181691050075
0.00181517486701
0.00181336904909
0.00181146258336
0.00180948276878
0.0018074313304
0.00180531060836
0.00180312328099
0.00180087213535
0.00179855995631
0.00179618947408
0.00179376334026
0.00179128411786
0.00178875427804
0.00178617620014
0.00178355217322
0.00178088439845
0.00177817499167
0.00177542598615
0.00177263933542
0.00176981691595
0.00176696052986
0.00176407190759
0.00176115271042
0.00175820453302
0.00175522890581
0.0017522272974
0.00174920111678
0.00174615171562
0.00174308039037
0.00173998838434
0.00173687688975
0.00173374704962
0.0017305999597
0.00172743667026
0.00172425818786
0.00172106547705
0.00171785946199
0.00171464102806
0.00171141102336
0.00170817026018
0.00170491951645
0.00170165953708
0.00169839103525
0.00169511469377
0.00169183116618
0.00168854107803
0.00168524502796
0.00168194358879
0.00167863730858
0.00167532671166
0.00167201229953
0.00166869455189
0.00166537392745
0.00166205086483
0.00165872578339
0.00165539908402
0.00165207114991
0.00164874234726
0.00164541302602
0.00164208352053
0.00163875415022
0.00163542522018
0.00163209702179
0.00162876983328
0.00162544392031
0.00162211953646
0.00161879692376
0.00161547631319
0.00161215792511
0.00160884196975
0.0016055286476
0.00160221814987
0.00159891065883
0.00159560634824
0.00159230538367
0.0015890079229
0.00158571411618
0.00158242410664
0.00157913803051
0.00157585601748
0.00157257819096
0.00156930466833
0.00156603556121
0.00156277097574
0.00155951101277
0.00155625576811
0.00155300533276
0.00154975979308
0.00154651923104
0.00154328372437
0.00154005334677
0.00153682816911
0.00153360825551
0.00153039366952
0.00152718447037
0.00152398071405
0.00152078245346
0.00151758973854
0.0015144026164
0.00151122072772
0.00150804472002
0.00150487453134
0.00150171014704
0.00149855157682
0.00149539884109
0.00149225196446
0.00148911097259
0.00148597589074
0.00148284674309
0.00147972355242
0.00147660634007
0.00147349512585
0.00147038992816
0.00146729076393
0.00146419764878
0.001461110597
0.00145802962163
0.00145495473454
0.00145188594645
0.00144882326698
0.00144576670473
0.0014427162673
0.00143967196136
0.00143663379264
0.00143360176605
0.00143057588565
0.00142755615473
0.00142454257581
0.00142153515071
0.00141853388058
0.00141553876589
0.00141254980651
0.00140956700172
0.00140659035022
0.00140361985018
0.00140065549926
0.00139769729464
0.00139474523301
0.00139179931064
0.00138885952336
0.0013859258666
0.00138299833542
0.00138007692543
0.00137716162918
0.00137425244149
0.00137134935609
0.00136845236637
0.00136556146544
0.00136267664614
0.00135979790104
0.0013569252225
0.0013540586026
0.00135119838516
0.00134834403262
0.00134549562529
0.0013426532001
0.00133981677017
0.00133698633705
0.00133416189664
0.00133134344202
0.00132853096487
0.0013257244561
0.0013229239062
0.00132012930542
