0.01338
0.0169907161551
0.0171403797425
0.0172879234928
0.0174334387208
0.0175769831424
0.017718611241
0.0178583850324
0.0179963759281
0.0181326630115
0.0182673303067
0.0184004641054
0.0185321507562
0.0186624749318
0.0187915185484
0.0189193599454
0.0190460734696
0.0191717292813
0.0192963933338
0.019420127468
0.0195429895859
0.0196650338689
0.0197863110215
0.0199068685236
0.0200267508809
0.0201459998668
0.0202646547495
0.0203827525042
0.020500328006
0.0206174142055
0.0207340422867
0.0208502418061
0.0209660408176
0.0210814659807
0.0211965426556
0.021311294986
0.0214257459701
0.0215399175222
0.0216538305261
0.0217675048802
0.0218809595367
0.0219942125362
0.0221072810367
0.0222201813404
0.0223329289165
0.0224455384232
0.0225580237272
0.022670397923
0.0227826733509
0.0228948616157
0.0230069736045
0.0231190195055
0.0232310088271
0.0233429504169
0.0234548524825
0.023566722612
0.0236785677953
0.0237903944458
0.0239022084234
0.0240140150571
0.0241258191676
0.0242376250916
0.0243494367046
0.0244612574445
0.0245730903349
0.0246849380083
0.0247968027287
0.0249086864138
0.0250205906571
0.0251325167488
0.0252444656219
0.0253564381714
0.0254684348222
0.0255804558494
0.0256925013196
0.0258045709124
0.0259166644819
0.0260287828341
0.0261409225688
0.0262530850658
0.0263652688919
0.0264774730676
0.0265896965129
0.0267019380564
0.0268141964449
0.0269264703509
0.0270387583808
0.0271510590812
0.027263370946
0.0273756924212
0.0274880219107
0.0276003577809
0.0277126983644
0.0278250419647
0.0279373868586
0.0280497313
0.0281620735221
0.02827441174
0.0283867441527
0.0284990689448
0.0286113842885
0.0287236883448
0.0288359792646
0.0289482551898
0.0290605142546
0.0291727545857
0.0292849743034
0.029397171522
0.0295093443504
0.0296214908924
0.0297336092471
0.0298456975092
0.0299577537693
0.0300697761139
0.030181762626
0.0302937113849
0.0304056204663
0.0305174879427
0.0306293118833
0.0307410903542
0.0308528214184
0.030964503136
0.0310761335641
0.0311877107571
0.0312992327668
0.0314106976423
0.0315221034301
0.0316334481747
0.0317447299179
0.0318559466996
0.0319670965576
0.0320781775281
0.0321891876451
0.0323001249415
0.0324109874486
0.0325217731964
0.032632480214
0.0327431065297
0.0328536501709
0.0329641091649
0.0330744815384
0.0331847653183
0.0332949585317
0.0334050592062
0.0335150653698
0.0336249750517
0.0337347862822
0.0338444970929
0.0339541055173
0.0340636095907
0.0341730073505
0.0342822968369
0.0343914760925
0.0345005431632
0.0346094960981
0.0347183329498
0.0348270517749
0.0349356506341
0.0350441275925
0.0351524807201
0.0352607080916
0.0353688077874
0.0354767778931
0.0355846165004
0.0356923217072
0.0357998916177
0.035907324343
0.0360146180012
0.0361217707175
0.036228780625
0.0363356458644
0.036442364585
0.036548934944
0.0366553551076
0.0367616232511
0.0368677375588
0.0369736962247
0.0370794974526
0.0371851394562
0.0372906204598
0.037395938698
0.0375010924164
0.0376060798716
0.0377108993317
0.0378155490761
0.0379200273962
0.0380243325953
0.0381284629893
0.0382324169062
0.0383361926869
0.0384397886853
0.0385432032685
0.0386464348167
0.0387494817239
0.0388523423979
0.0389550152603
0.0390574987469
0.039159791308
0.0392618914083
0.0393637975271
