0.0200873665886
0.027780090946
0.0351820297038
0.0404882214206
0.0437328172658
0.0454410886666
0.0463077398436
0.0467668816195
0.0470383174773
0.0472242264267
0.0473705714835
0.0474978487899
0.0476152401913
0.0477269226842
0.0478348513195
0.0479399850875
0.0480428289006
0.0481436749669
0.0482427115242
0.0483400726958
0.0484358619827
0.0485301638062
0.0486230495342
0.0487145808884
0.048804812056
0.0488937911204
0.0489815611066
0.0490681607857
0.049153625319
0.0492379867838
0.0493212746088
0.0494035159391
0.0494847359419
0.0495649580651
0.049644204256
0.0497224951463
0.0497998502102
0.0498762878977
0.0499518257499
0.0500264804962
0.0501002681383
0.0501732040221
0.0502453028999
0.0503165789837
0.0503870459916
0.0504567171881
0.0505256054189
0.0505937231421
0.0506610824546
0.0507276951164
0.0507935725708
0.0508587259638
0.0509231661604
0.0509869037595
0.0510499491072
0.0511123123092
0.0511740032413
0.05123503156
0.051295406711
0.0513551379381
0.0514142342904
0.05147270463
0.0515305576384
0.0515878018223
0.0516444455201
0.0517004969067
0.0517559639987
0.0518108546595
0.0518651766033
0.0519189374
0.0519721444786
0.0520248051316
0.0520769265184
0.0521285156688
0.0521795794866
0.0522301247525
0.0522801581274
0.0523296861552
0.052378715266
0.0524272517783
0.052475301902
0.0525228717409
0.0525699672953
0.0526165944639
0.0526627590466
0.0527084667465
0.0527537231722
0.0527985338395
0.0528429041739
0.0528868395125
0.0529303451054
0.0529734261184
0.0530160876339
0.0530583346533
0.0531001720985
0.0531416048134
0.0531826375659
0.0532232750489
0.0532635218824
0.0533033826146
0.0533428617236
0.0533819636186
0.0534206926413
0.0534590530676
0.0534970491083
0.0535346849109
0.0535719645607
0.0536088920817
0.0536454714383
0.0536817065363
0.0537176012235
0.0537531592918
0.0537883844773
0.0538232804621
0.0538578508746
0.0538920992914
0.0539260292375
0.0539596441876
0.0539929475671
0.0540259427526
0.0540586330736
0.0540910218124
0.0541231122057
0.0541549074451
0.054186410678
0.0542176250085
0.0542485534979
0.0542791991656
0.0543095649902
0.0543396539095
0.054369468822
0.054399012587
0.0544282880256
0.0544572979213
0.0544860450206
0.0545145320337
0.0545427616351
0.0545707364644
0.0545984591264
0.0546259321924
0.0546531582
0.0546801396545
0.0547068790285
0.0547333787635
0.0547596412694
0.0547856689258
0.0548114640822
0.0548370290584
0.054862366145
0.0548874776043
0.0549123656701
0.0549370325486
0.0549614804189
0.0549857114331
0.055009727717
0.0550335313704
0.0550571244675
0.0550805090575
0.0551036871647
0.0551266607891
0.0551494319067
0.05517200247
0.055194374408
0.0552165496271
0.0552385300111
0.0552603174215
0.0552819136979
0.0553033206587
0.0553245401008
0.0553455738004
0.055366423513
0.055387090974
0.0554075778986
0.0554278859828
0.0554480169027
0.0554679723156
0.0554877538601
0.0555073631559
0.0555268018049
0.0555460713905
0.0555651734788
0.0555841096182
0.0556028813398
0.0556214901578
0.0556399375697
0.0556582250564
0.0556763540824
0.0556943260964
0.055712142531
0.0557298048033
0.055747314315
0.0557646724527
0.0557818805877
0.0557989400768
0.0558158522621
0.0558326184714
0.0558492400182
0.055865718202
0.0558820543085
0.0558982496098
