5.06623947234e-05
5.0700088134e-05
5.0737809589e-05
5.07755591091e-05
5.08133367153e-05
5.08511424285e-05
5.08889762696e-05
5.09268382595e-05
5.09647284192e-05
5.10026467695e-05
5.10405933316e-05
5.10785681264e-05
5.11165711748e-05
5.1154602498e-05
5.11926621169e-05
5.12307500526e-05
5.12688663261e-05
5.13070109587e-05
5.13451839712e-05
5.1383385385e-05
5.1421615221e-05
5.14598735005e-05
5.14981602446e-05
5.15364754744e-05
5.15748192113e-05
5.16131914763e-05
5.16515922907e-05
5.16900216758e-05
5.17284796528e-05
5.1766966243e-05
5.18054814676e-05
5.18440253481e-05
5.18825979056e-05
5.19211991615e-05
5.19598291373e-05
5.19984878541e-05
5.20371753336e-05
5.20758915969e-05
5.21146366656e-05
5.21534105611e-05
5.21922133048e-05
5.22310449182e-05
5.22699054228e-05
5.230879484e-05
5.23477131915e-05
5.23866604986e-05
5.2425636783e-05
5.24646420662e-05
5.25036763697e-05
5.25427397153e-05
5.25818321244e-05
5.26209536187e-05
5.26601042199e-05
5.26992839496e-05
5.27384928295e-05
5.27777308812e-05
5.28169981265e-05
5.28562945871e-05
5.28956202847e-05
5.2934975241e-05
5.2974359478e-05
5.30137730172e-05
5.30532158806e-05
5.30926880899e-05
5.3132189667e-05
5.31717206338e-05
5.3211281012e-05
5.32508708237e-05
5.32904900906e-05
5.33301388347e-05
5.33698170779e-05
5.34095248422e-05
5.34492621495e-05
5.34890290219e-05
5.35288254813e-05
5.35686515497e-05
5.36085072491e-05
5.36483926017e-05
5.36883076294e-05
5.37282523544e-05
5.37682267987e-05
5.38082309845e-05
5.38482649338e-05
5.38883286689e-05
5.39284222118e-05
5.39685455849e-05
5.40086988101e-05
5.40488819099e-05
5.40890949063e-05
5.41293378217e-05
5.41696106782e-05
5.42099134983e-05
5.42502463041e-05
5.4290609118e-05
5.43310019622e-05
5.43714248593e-05
5.44118778314e-05
5.4452360901e-05
5.44928740905e-05
5.45334174223e-05
5.45739909188e-05
5.46145946024e-05
5.46552284957e-05
5.4695892621e-05
5.47365870009e-05
5.47773116579e-05
5.48180666146e-05
5.48588518934e-05
5.48996675169e-05
5.49405135077e-05
5.49813898884e-05
5.50222966816e-05
5.50632339099e-05
5.5104201596e-05
5.51451997626e-05
5.51862284322e-05
5.52272876277e-05
5.52683773717e-05
5.53094976869e-05
5.53506485961e-05
5.53918301221e-05
5.54330422876e-05
5.54742851155e-05
5.55155586285e-05
5.55568628494e-05
5.55981978012e-05
5.56395635067e-05
5.56809599887e-05
5.57223872702e-05
5.57638453741e-05
5.58053343233e-05
5.58468541407e-05
5.58884048494e-05
5.59299864722e-05
5.59715990323e-05
5.60132425527e-05
5.60549170562e-05
5.60966225661e-05
5.61383591054e-05
5.61801266972e-05
5.62219253645e-05
5.62637551305e-05
5.63056160184e-05
5.63475080512e-05
5.63894312522e-05
5.64313856446e-05
5.64733712515e-05
5.65153880962e-05
5.65574362019e-05
5.65995155919e-05
5.66416262894e-05
5.66837683178e-05
5.67259417003e-05
5.67681464604e-05
5.68103826212e-05
5.68526502063e-05
5.68949492389e-05
5.69372797425e-05
5.69796417405e-05
5.70220352563e-05
5.70644603134e-05
5.71069169352e-05
5.71494051453e-05
5.7191924967e-05
5.7234476424e-05
5.72770595398e-05
5.73196743379e-05
5.7362320842e-05
5.74049990755e-05
5.74477090621e-05
5.74904508254e-05
5.75332243891e-05
5.75760297769e-05
5.76188670123e-05
5.76617361192e-05
5.77046371211e-05
5.77475700419e-05
5.77905349053e-05
5.78335317351e-05
5.7876560555e-05
5.79196213888e-05
5.79627142604e-05
5.80058391936e-05
5.80489962123e-05
5.80921853402e-05
5.81354066014e-05
5.81786600197e-05
5.82219456191e-05
5.82652634234e-05
5.83086134567e-05
5.83519957429e-05
5.83954103061e-05
5.84388571702e-05
5.84823363592e-05
5.85258478973e-05
5.85693918085e-05
5.86129681168e-05
5.86565768464e-05
5.87002180214e-05
5.8743891666e-05
