1.50073373705
1.50926883683
1.51157994417
1.51206664574
1.51212672587
1.51208863029
1.5120283612
1.51196346882
1.51189797466
1.51183276783
1.51176801319
1.51170370966
1.51163981968
1.51157629914
1.51151310418
1.51145019273
1.51138752465
1.51132506176
1.51126276766
1.51120060767
1.5111385487
1.51107655915
1.51101460882
1.51095266885
1.51089071159
1.51082871061
1.51076664053
1.51070447708
1.51064219694
1.51057977775
1.51051719805
1.51045443724
1.51039147555
1.51032829396
1.51026487424
1.51020119887
1.51013725103
1.51007301459
1.51000847404
1.50994361454
1.50987842187
1.5098128824
1.50974698311
1.50968071154
1.50961405583
1.50954700468
1.50947954735
1.50941167366
1.50934337398
1.50927463924
1.50920546092
1.50913583106
1.50906574224
1.50899518763
1.50892416093
1.50885265643
1.50878066899
1.50870819406
1.50863522767
1.50856176645
1.50848780764
1.5084133491
1.50833838931
1.50826292741
1.50818696317
1.50811049703
1.50803353012
1.50795606423
1.50787810187
1.50779964627
1.50772070139
1.50764127193
1.50756136332
1.50748098182
1.50740013441
1.50731882892
1.50723707396
1.50715487899
1.50707225429
1.506989211
1.50690576113
1.50682191754
1.50673769401
1.5066531052
1.50656816669
1.50648289496
1.50639730741
1.50631142241
1.50622525922
1.50613883808
1.50605218016
1.50596530759
1.50587824343
1.50579101171
1.50570363741
1.50561614645
1.50552856569
1.50544092293
1.50535324688
1.5052655672
1.5051779144
1.50509031994
1.50500281609
1.50491543601
1.50482821367
1.50474118386
1.50465438214
1.5045678448
1.50448160888
1.50439571205
1.50431019267
1.50422508964
1.50414044246
1.5040562911
1.50397267598
1.50388963791
1.50380721802
1.50372545772
1.50364439858
1.50356408232
1.50348455066
1.50340584532
1.50332800784
1.50325107957
1.50317510151
1.50310011427
1.50302615791
1.50295327185
1.50288149476
1.50281086445
1.50274141773
1.50267319032
1.50260621668
1.50254052991
1.50247616163
1.50241314182
1.50235149875
1.50229125879
1.50223244632
1.50217508362
1.50211919073
1.50206478538
1.50201188284
1.50196049589
1.5019106347
1.50186230677
1.50181551686
1.50177026699
1.50172655637
1.50168438142
1.50164373574
1.50160461015
1.50156699275
1.50153086893
1.50149622146
1.50146303061
1.50143127419
1.50140092773
1.50137196456
1.50134435599
1.50131807147
1.50129307871
1.50126934388
1.50124683181
1.50122550667
1.50120532948
1.50118626313
1.50116826976
1.50115130875
1.50113534082
1.50112032634
1.50110622565
1.50109299925
1.50108060799
1.50106901315
1.50105817657
1.50104806076
1.50103862898
1.50102984536
1.50102167491
1.50101408431
1.50100703932
1.5010005085
1.5009944611
1.50098886737
1.5009836987
1.50097892759
1.50097452766
1.50097047363
1.50096674133
1.50096330763
1.50096015048
1.50095724885
1.50095458268
1.50095213291
1.50094988138
1.50094781081
1.50094590482
1.50094414782
1.500942525
