5.999
6.00951681941
6.02123484792
6.03294938045
6.04466046676
6.05636817671
6.06807259775
6.07977383221
6.09147199462
6.10316720916
6.11485960727
6.12654932537
6.13823650294
6.14992128065
6.16160379886
6.17328419625
6.18496260873
6.19663916844
6.20831400312
6.21998723544
6.23165898264
6.24332935623
6.25499846178
6.2666663989
6.27833326119
6.28999913635
6.30166410629
6.3133282473
6.32499163025
6.33665432083
6.34831637977
6.35997786315
6.37163882258
6.38329930555
6.39495935563
6.40661901274
6.41827831341
6.42993729104
6.44159597607
6.45325439627
6.46491257689
6.4765705409
6.48822830914
6.49988590054
6.51154333222
6.52320061971
6.53485777703
6.54651481686
6.55817175062
6.56982858865
6.58148534024
6.59314201376
6.60479861674
6.61645515595
6.62811163747
6.63976806677
6.65142444873
6.66308078776
6.67473708779
6.68639335234
6.69804958457
6.70970578729
6.72136196304
6.73301811407
6.74467424239
6.75633034981
6.76798643794
6.7796425082
6.7912985619
6.80295460017
6.81461062404
6.82626663442
6.83792263214
6.84957861792
6.86123459242
6.87289055623
6.88454650987
6.89620245382
6.9078583885
6.91951431429
6.93117023154
6.94282614055
6.95448204161
6.96613793498
6.97779382089
6.98944969954
7.00110557113
7.01276143585
7.02441729384
7.03607314527
7.04772899027
7.05938482897
7.07126
7.082915
7.09457
7.106225
7.11788
7.129535
7.14119
7.152845
7.1645
7.176155
7.18781
7.199465
7.21112
7.222775
7.23443
7.246085
7.25774
7.269395
7.28105
7.292705
7.30436
7.316015
7.32767
7.339325
7.35098
7.362635
7.37429
7.385945
7.3976
7.409255
7.42091
7.432565
7.44422
7.455875
7.46753
7.479185
7.49084
7.502495
7.51415
7.525805
7.53746
7.549115
7.56077
7.572425
7.58408
7.595735
7.60739
7.619045
7.6307
7.642355
7.65401
7.665665
7.67732
7.688975
7.70063
7.712285
7.72394
7.735595
7.74725
7.758905
7.77056
7.782215
7.79387
7.805525
7.81718
7.828835
7.84049
7.852145
7.8638
7.875455
7.88711
7.898765
7.91042
7.922075
7.93373
7.945385
7.95704
7.968695
7.98035
7.992005
8.00366
8.015315
8.02697
8.038625
8.05028
8.061935
8.07359
8.085245
8.0969
8.108555
8.12021
8.131865
8.14352
8.155175
8.16683
8.178485
8.19014
8.201795
8.21345
8.225105
8.23676
8.248415
8.26007
8.271725
8.28338
8.295035
8.30669
8.318345
