4.37903966066
4.38789896041
4.3964076783
4.40475190861
4.41296703569
4.42106090944
4.4290352096
4.43689021517
4.44462589118
4.45224213683
4.45973884202
4.4671159
4.47437321008
4.48151067786
4.48852821507
4.49542573919
4.50220317317
4.50886044503
4.51539748758
4.52181423815
4.52811063836
4.53428663388
4.54034217427
4.5462772129
4.55209170681
4.5577856167
4.56335890694
4.56881154564
4.57414350472
4.57935476006
4.58444529172
4.58941508417
4.59426412658
4.59899241317
4.60359994358
4.60808672331
4.61245276423
4.61669808507
4.62082271207
4.62482667951
4.62871003051
4.63247281766
4.63611510386
4.63963696312
4.64303848147
4.64631975785
4.64948090512
4.65252205109
4.65544333959
4.65824493161
4.66092700649
4.66348976314
4.66593342137
4.66825822316
4.67046443412
4.67255234489
4.67452227267
4.67637456273
4.67810959005
4.6797277609
4.68122951464
4.68261532538
4.68388570382
4.68504119907
4.68608240057
4.68700994001
4.68782449329
4.68852678257
4.6891175783
4.68959770131
4.68996802495
4.69022947722
4.69038304296
4.69042976602
4.69037075145
4.69020716777
4.6899402491
4.6895712974
4.68910168466
4.68853285504
4.68786632697
4.68710369527
4.6862466331
4.68529689395
4.68425631342
4.68312681102
4.68191039171
4.68060914743
4.67922525835
4.67776099398
4.67621871408
4.67460086928
4.67291000147
4.67114874388
4.66931982079
4.6674260469
4.66547032628
4.6634556509
4.66138509857
4.6592618305
4.65708908809
4.65487018927
4.65260852402
4.65030754922
4.6479707827
4.64560179645
4.64320420891
4.64078167634
4.63833788317
4.6358765313
4.63340132825
4.63091597422
4.62842414789
4.62592949103
4.62343559179
4.62094596676
4.61846404162
4.61599313065
4.61353641473
4.61109691826
4.60867748473
4.60628075113
4.60390912134
4.60156473841
4.59924945611
4.59696480965
4.59471198593
4.5924917934
4.59030463185
4.58815046231
4.58602877738
4.58393857227
4.58187831691
4.57984592944
4.57783875137
4.57585352496
4.57388637299
4.57193278137
4.56998758499
4.56804495704
4.56609840228
4.56414075428
4.56216417724
4.56016017218
4.55811958804
4.55603263742
4.55388891724
4.55167743416
4.5493866346
4.54700443933
4.54451828221
4.54191515277
4.53918164247
4.53630399383
4.53326815234
4.53005982032
4.52666451238
4.52306761185
4.51925442761
4.51521025074
4.51092041055
4.50637032934
4.50154557548
4.49643191611
4.49101536026
4.48528220802
4.47921909636
4.4728130328
4.46605143268
4.45892215087
4.45141350985
4.44351432393
4.43521391986
4.42650215375
4.41736942417
4.40780668326
4.39780544256
4.38735777727
4.37645632743
4.36509429647
4.35326544759
4.34096409792
4.32818511103
4.31492388772
4.3011763556
4.28693895721
4.27220863769
4.25698283142
4.24125944823
4.22503685921
4.2083138824
4.19108976836
4.17336418591
4.15513720808
4.13640929831
4.11718129724
4.09745440986
4.07723019333
4.05651054553
4.03529769419
