-22.2634880963
-12.9033980108
-12.9569889476
-12.7919552415
-12.9044593596
-12.9800515722
-13.0277252501
-13.0616144397
-13.0881997351
-13.1105379037
-13.1301397697
-13.147795738
-13.1639501575
-13.1788753145
-13.1927539556
-13.2057192906
-13.2178749201
-13.2293052169
-13.2400809889
-13.2502628286
-13.2599032461
-13.2690481403
-13.2777378838
-13.2860081651
-13.293890666
-13.301413619
-13.3086022734
-13.3154792888
-13.3220650691
-13.328378048
-13.3344349332
-13.3402509159
-13.345839852
-13.3512144171
-13.3563862417
-13.3613660276
-13.3661636491
-13.3707882408
-13.3752482748
-13.379551627
-13.3837056362
-13.3877171554
-13.391592597
-13.3953379727
-13.3989589285
-13.4024607766
-13.4058485223
-13.4091268891
-13.4123003412
-13.4153731023
-13.4183491744
-13.421232353
-13.4240262421
-13.4267342667
-13.4293596854
-13.4319056005
-13.4343749684
-13.4367706084
-13.4390952109
-13.441351345
-13.4435414657
-13.4456679204
-13.4477329545
-13.4497387174
-13.4516872674
-13.4535805763
-13.4554205346
-13.4572089547
-13.4589475756
-13.4606380661
-13.4622820283
-13.463881001
-13.4654364626
-13.4669498337
-13.4684224803
-13.4698557158
-13.4712508037
-13.4726089598
-13.4739313543
-13.4752191137
-13.4764733228
-13.4776950268
-13.4788852323
-13.4800449098
-13.4811749944
-13.4822763881
-13.4833499604
-13.4843965502
-13.4854169668
-13.4864119912
-13.4873823772
-13.4883288525
-13.4892521198
-13.4901528576
-13.4910317215
-13.4918893448
-13.4927263393
-13.4935432966
-13.4943407883
-13.4951193672
-13.4958795678
-13.4966219069
-13.4973468848
-13.498054985
-13.4987466758
-13.4994224101
-13.5000826265
-13.5007277495
-13.50135819
-13.5019743462
-13.5025766035
-13.5031653353
-13.5037409035
-13.5043036585
-13.5048539402
-13.5053920776
-13.5059183901
-13.506433187
-13.5069367646
-13.5074294214
-13.5079114359
-13.5083830817
-13.5088446245
-13.5092963219
-13.5097384239
-13.5101711733
-13.5105948055
-13.5110093824
-13.5114155697
-13.5118132526
-13.5122026373
-13.5125839837
-13.5129574893
-13.5133233459
-13.5136817399
-13.5140328524
-13.5143768594
-13.514713932
-13.5150442363
-13.5153679342
-13.5156851826
-13.5159961344
-13.5163009381
-13.5165997383
-13.5168926755
-13.5171798864
-13.517461504
-13.5177376576
-13.5180084733
-13.5182740735
-13.5185345774
-13.5187901013
-13.5190407579
-13.5192866574
-13.5195279068
-13.5197646103
-13.5199968697
-13.5202247836
-13.5204484485
-13.5206679582
-13.5208834041
-13.5210948753
-13.5213024584
-13.5215062381
-13.5217062968
-13.5219027148
-13.5220955702
-13.5222849395
-13.5224708971
-13.5226535154
-13.5228328651
-13.5230090153
-13.5231820331
-13.5233519841
-13.5235189324
-13.5236829403
-13.5238440686
-13.5240023768
-13.5241579228
-13.5243107631
-13.5244609529
-13.5246085462
-13.5247535953
-13.5248961517
-13.5250362653
-13.5251739851
-13.5253093589
-13.5254424331
-13.5255732533
-13.525701864
-13.5258283086
-13.5259526293
-13.5260748677
-13.5261950642
-13.5263132582
-13.5264294884
-13.5265437925
-13.5266562073
-13.5267667688
-13.5268755122
