164769.7188
648670.948818
710589.719538
804683.673349
828161.98593
829757.751084
821559.15907
808107.882344
792616.506268
776704.255348
761085.71117
746048.370698
731691.36939
718033.454564
705059.94799
692742.901388
681049.727011
669946.900435
659401.539655
649382.103737
639858.629569
630802.823837
622188.058518
613989.324626
606183.165167
598747.597927
591662.033859
584907.194439
578465.030035
572318.64061
566452.199577
560850.881315
555500.792632
550388.908296
545503.010635
540831.633143
536364.007959
532090.017045
528000.14689
524085.446517
520337.488608
516748.333518
513310.495997
510016.914401
506860.922235
503836.221823
500936.859966
498157.205409
495491.927998
492935.979374
490484.575093
488133.178056
485877.483141
483713.402944
481637.054545
479644.74721
477732.970957
475898.385926
474137.812478
472448.221977
470826.728192
469270.579285
467777.150325
466343.936299
464968.545578
463648.69381
462382.198194
461166.972128
460001.020181
458882.433391
457809.384838
456780.125497
455792.98033
454846.344628
453938.680545
453068.513859
452234.4309
451435.075669
450669.14711
449935.396539
449232.625217
448559.682054
447915.461439
447298.901189
446708.980599
446144.718611
445605.172058
445089.434022
444596.632252
444125.927688
443676.513034
443247.611423
442838.475135
442448.384384
442076.646163
441722.59314
441385.582614
441064.995516
440760.235453
440470.727809
440195.918871
439935.275008
439688.28188
439454.443685
439233.282441
439024.337297
438827.163873
438641.333634
438466.433286
438302.064202
438147.841868
438003.395356
437868.366815
437742.410992
437625.194758
437516.396672
437415.706545
437322.825033
437237.463242
437159.342353
437088.262739
437023.825091
436965.848763
436914.091732
436868.320369
436828.309146
436793.840343
436764.703775
436740.696529
436721.622708
436707.293187
436697.525375
436692.142992
436690.975844
436693.85962
436700.635683
436711.150879
436725.257345
436742.812333
436763.678028
436787.721386
436814.813969
436844.831788
436877.655152
436913.168523
436951.260377
436991.823064
437034.752683
437079.948951
437127.315086
437176.757683
437228.186609
437281.514886
437336.658589
437393.536744
437452.07123
437512.18668
437573.810396
437636.872253
437701.304619
437767.042268
437834.022305
437902.184083
437971.469133
438041.82109
438113.185622
438185.510367
438258.744863
438332.840488
438407.750399
438483.429472
438559.834248
438636.922874
438714.655052
438792.991992
438871.896354
438951.332205
439031.264975
439111.661405
439192.489513
439273.718542
439355.318929
439437.262257
439519.521226
439602.069608
439684.882219
439767.934877
439851.204376
439934.66845
440018.305742
440102.095778
440186.018931
440270.056398
440354.190173
440438.403018
440522.67844
440607.000664
440691.354612
440775.725876
440860.100702
