0.000860557694438
0.0007900350631
0.000782958983006
0.000778657276155
0.000775218345172
0.000772423538799
0.000770138193123
0.000768257682609
0.000766699930644
0.000765400529042
0.000764308928094
0.000763385437891
0.000762598871798
0.000761924692668
0.000761343557747
0.000760840177888
0.000760402424572
0.000760020632151
0.000759687053589
0.000759395436733
0.000759140695025
0.000758918652045
0.000758725843685
0.000758559365168
0.000758416752904
0.000758295893345
0.000758194952701
0.000758112322755
0.000758046579053
0.000757996448601
0.000757960784834
0.000757938548151
0.000757928790684
0.000757930644302
0.000757943311062
0.000757966055528
0.000757998198503
0.000758039111837
0.00075808821406
0.00075814496664
0.000758208870718
0.000758279464235
0.000758356319339
0.00075843904004
0.000758527260053
0.000758620640808
0.000758718869588
0.000758821657799
0.000758928739334
0.000759039869046
0.000759154821299
0.000759273388616
0.000759395380389
0.000759520621679
0.000759648952081
0.000759780224653
0.000759914304917
0.000760051069921
0.000760190407354
0.000760332214727
0.000760476398606
0.000760622873889
0.000760771563141
0.000760922395974
0.000761075308466
0.000761230242628
0.000761387145905
0.00076154597072
0.000761706674042
0.000761869217
0.000762033564518
0.000762199684983
0.000762367549933
0.000762537133783
0.000762708413558
0.000762881368657
0.000763055980639
0.000763232233018
0.000763410111084
0.000763589601732
0.000763770693317
0.000763953375505
0.000764137639155
0.0007643234762
0.00076451087954
0.000764699842952
0.000764890361
0.000765082428954
0.000765276042725
0.000765471198796
0.000765667894166
0.000765866126294
0.000766065893055
0.000766267192697
0.000766470023798
0.000766674385235
0.000766880276151
0.000767087695929
0.000767296644163
0.000767507120635
0.000767719125299
0.000767932658259
0.000768147719753
0.000768364310138
0.000768582429877
0.000768802079529
0.000769023259735
0.000769245971211
0.00076947021474
0.000769695991161
0.000769923301368
0.000770152146296
0.000770382526924
0.000770614444266
0.000770847899366
0.000771082893297
0.000771319427156
0.00077155750206
0.000771797119145
0.000772038279565
0.000772280984487
0.00077252523509
0.000772771032564
0.000773018378108
0.00077326727293
0.000773517718243
0.000773769715268
0.000774023265229
0.000774278369356
0.000774535028879
0.000774793245035
0.00077505301906
0.000775314352193
0.000775577245674
0.000775841700743
0.000776107718642
0.000776375300612
0.000776644447893
0.000776915161728
0.000777187443355
0.000777461294013
0.000777736714942
0.000778013707377
0.000778292272555
0.000778572411709
0.000778854126072
0.000779137416874
0.000779422285344
0.000779708732709
0.000779996760195
0.000780286369023
0.000780577560415
0.000780870335589
0.00078116469576
0.000781460642144
0.00078175817595
0.000782057298389
0.000782358010667
0.000782660313988
0.000782964209553
0.000783269698561
0.000783576782208
0.000783885461689
0.000784195738194
0.000784507612912
0.000784821087028
0.000785136161726
0.000785452838185
0.000785771117584
0.000786091001096
0.000786412489895
0.00078673558515
0.000787060288026
0.000787386599689
0.000787714521298
0.000788044054012
0.000788375198987
0.000788707957376
0.000789042330327
0.000789378318989
0.000789715924506
0.000790055148019
0.000790395990667
0.000790738453586
0.000791082537909
0.000791428244768
0.00079177557529
0.0007921245306
0.00079247511182
0.000792827320071
0.000793181156469
0.000793536622128
0.000793893718161
0.000794252445676
0.00079461280578
0.000794974799576
0.000795338428166
0.000795703692647
0.000796070594117
0.000796439133669
