195.593688576
61.1241621831
61.3079468812
61.4872299413
61.6621586646
61.8328948751
61.9995962147
62.1624146256
62.3214963646
62.4769821812
62.6290075103
62.7777026618
62.9231930058
63.0655991515
63.2050371211
63.3416185178
63.4754506876
63.6066368761
63.7352763795
63.8614646896
63.9852936349
64.1068515152
64.226225037
64.34349221
64.4587333256
64.5720238261
64.6834362314
64.7930402472
64.9009028696
65.0070884856
65.1116589708
65.2146737829
65.3161900522
65.4162626687
65.5149443668
65.6122858063
65.7083356512
65.8031406451
65.896745685
65.9891938919
66.0805266789
66.1707838178
66.2600035024
66.3482224109
66.4354757654
66.5217973896
66.6072197647
66.691774084
66.775490305
66.8583972002
66.9405224063
67.0218924722
67.1025329048
67.1824682146
67.2617219584
67.3403167824
67.4182744627
67.495615946
67.5723613877
67.6485301903
67.7241410404
67.7992119441
67.8737602626
67.9478027465
68.021355569
68.0944343589
68.1670542327
68.2392298264
68.3109753257
68.3823044972
68.4532307179
68.5237670046
68.5939260434
68.663720218
68.7331616383
68.8022621687
68.8710334559
68.9394869566
69.0076339652
69.0754856417
69.1430530385
69.2103471285
69.2773788325
69.3441590465
69.4106986697
69.4770086324
69.543099924
69.6089836212
69.674670917
69.740173149
69.8055018292
69.8706686734
69.9356856316
70.0005649181
70.065319043
70.1299608439
70.1945035176
70.2589606536
70.3233462672
70.3876748338
70.4519613237
70.5162212381
70.5804706451
70.6447262172
70.7090052696
70.7733257984
70.8377065214
70.902166918
70.9667272713
71.0314087104
71.096233254
71.161223855
71.2264044454
71.2917999831
71.3574364989
71.4233411448
71.489542243
71.5560693355
71.6229532358
71.6902260794
71.7579213769
71.8260740668
71.8947205693
71.9638988405
72.033648427
72.1040105216
72.175028018
72.2467455671
72.3192096323
72.3924685451
72.4665725607
72.5415739125
72.6175268668
72.6944877759
72.772515131
74.4206547299
74.3408612158
74.2683133314
74.2032618424
74.1458771887
74.0963235864
74.0547659366
74.0213703391
73.9963040148
73.979735194
73.9718330271
73.9727675209
73.982709504
74.0018306218
74.0303033652
74.0683011343
74.1159983438
74.1735705723
74.2411947645
74.3190494917
74.4073152798
74.5061750149
74.6158144396
74.7364227519
74.8681933256
75.01132457
75.1660209541
75.3324942201
75.5109648208
75.7016636192
75.9048338957
76.1207337193
76.3496387506
76.5918455554
76.8476755315
77.1174795656
77.4016435738
77.7005951069
78.0148112528
78.3448281242
78.6912522975
79.0547746661
79.4361873075
79.8364041337
80.2564863361
80.6976739547
81.1614253459
81.6618581453
82.713543801
83.8179484896
84.9808501452
86.2093194687
87.5119755809
88.8994666323
90.3850998444
91.9857232116
93.7229864245
95.6251900825
97.7300782293
100.089203349
102.775036529
105.893146362
109.604411478
114.168945304
120.042935812
