17.05556
21.8753225034
21.8778915259
21.8797249985
21.8808492588
21.8812905426
21.8810730146
21.8802187527
21.8787479188
21.8766789294
21.8740286081
21.8708123207
21.867044095
21.8627367284
21.8579018825
21.8525501692
21.8466912269
21.8403337898
21.8334857498
21.8261542127
21.8183455491
21.8100654985
21.8013189798
21.7921104742
21.7824438316
21.7723223588
21.7617488486
21.7507256061
21.7392544732
21.7273368508
21.714973719
21.7021656565
21.6889128573
21.6752151474
21.6610719988
21.6464825437
21.6314455868
21.6159596171
21.6000228187
21.5836330806
21.5667880065
21.5494849228
21.5317208872
21.5134926958
21.4947968904
21.4756297645
21.4559873702
21.4358655229
21.4152598078
21.3941655837
21.3725779887
21.3504919443
21.3279021595
21.3048031353
21.281189168
21.257054353
21.2323925888
21.2071975797
21.1814628398
21.1551816956
21.1283472896
21.1009525833
21.0729903604
21.0444532295
21.0153336276
20.9856238233
20.9553159195
20.9244018572
20.8928734184
20.8607222297
20.8279397659
20.7945173536
20.760446175
20.725717272
20.6903215504
20.6542497843
20.6174926205
20.580040584
20.5418840826
20.5030134124
20.463418764
20.4230902282
20.3820178026
20.3401913985
20.2976008479
20.2542359115
20.2100862866
20.1651416156
20.1193914954
20.0728254865
20.0254331235
19.9772039256
19.9281274081
19.8781930938
19.8273905261
19.7757092817
19.7231389846
19.6696693208
19.6152900536
19.5599910392
19.503762244
19.4465937619
19.388475833
19.3293988623
19.2693534404
19.2083303639
19.1463206573
19.0833155961
19.0193067296
18.9542859062
18.8882452979
18.8211774273
18.753075194
18.6839319033
18.6137412946
18.5424975712
18.4701954311
18.3968300982
18.3223973543
18.2468935723
18.1703157496
18.0926615422
18.0139292997
17.9341181005
17.8532277877
17.7712590052
17.688213234
17.6040928293
17.5189010565
17.4326421287
17.3453212427
17.2569446157
17.1675195211
17.0770543239
16.9855585153
19.495546418
19.2724259203
19.0503968757
18.8295164603
18.6098366126
18.3914085706
18.1742831996
17.9585109308
17.7441416577
17.5312246244
17.3198083073
17.1099402918
16.9016671431
16.6950342712
16.4900857908
16.2868643747
16.0854111009
15.8857652932
15.6879643541
15.4920435909
15.2980360314
15.1059722314
14.9158800701
14.7277845336
14.5417074843
14.357667413
14.1756791734
13.9957536932
13.8178976602
13.6421131783
13.4683973878
13.2967420436
13.1271330446
12.9595499038
12.7939651482
12.630343636
12.4686417722
12.3088066044
12.1522660311
11.9976157911
11.844612048
11.6931556777
11.5431308814
11.3944028514
11.2468149189
11.1001850863
10.9543017933
10.8089187115
10.66374829
10.5184536872
10.3726385891
10.2258342328
10.0774826826
9.92691500955
9.77332242661
9.6157175051
9.45288112777
9.2832884271
9.10500287128
8.91552043166
8.71153232602
8.48854832005
8.24026631337
7.95744309703
7.62567814776
