24.38612
19.9287053921
19.8806122967
19.8302347253
19.7787547775
19.7267909944
19.6746636676
19.6225367759
19.5704928176
19.5185689546
19.4667928827
19.4151630418
19.3636843622
19.3123562991
19.2611771907
19.2101449948
19.1592576424
19.108513194
19.0579098971
19.0074461964
18.9571207215
18.906932267
18.8568797696
18.8069622874
18.7571789801
18.7075290926
18.6580119411
18.6086269005
18.5593733952
18.5102508902
18.4612588846
18.4123969057
18.3636645043
18.3150621235
18.2665876003
18.2182415041
18.1700230202
18.1219323424
18.0739688712
18.0261322396
17.9784220885
17.9308380647
17.8833798197
17.8360470089
17.7888392911
17.7417563279
17.6947977833
17.6479633237
17.6012526173
17.5546653341
17.5082011457
17.4618597252
17.4156407471
17.3695438871
17.323568822
17.27771523
17.2319827901
17.1863711825
17.1408800885
17.09550919
17.0502581702
17.0051267131
16.9601145035
16.9152212273
16.8704465711
16.8257902223
16.7812518695
16.7368312017
16.6925279091
16.6483416824
16.6042722135
16.5603191948
16.5164823196
16.4727612821
16.4291557773
16.3856655009
16.3422901495
16.2990294204
16.2558830118
16.2128506225
16.1699319524
16.127126702
16.0844345725
16.041855266
15.9993884855
15.9570339344
15.9147913173
15.8726603394
15.8306407066
15.7887321255
15.7469343039
15.7052469497
15.6636697722
15.6222024811
15.5808447869
15.539596401
15.4984570353
15.4574264028
15.4165042169
15.375690192
15.3631393393
15.321052422
15.2792038072
15.2375416382
15.196047822
15.1547164172
15.1135454419
15.0725338711
15.0316806204
14.9909842744
14.9504430773
14.9100550029
14.8698178386
14.829729259
14.7897868853
14.7499883305
14.7103312325
14.6708132783
14.6314322198
14.5921858852
14.5530721852
14.5140891168
14.4752347645
14.4365072997
14.3979049795
14.3594261448
14.3210692151
14.2828326874
14.2447151317
14.2067151879
14.1688315615
14.1310630206
14.0934083921
14.0558665583
14.0184364537
13.9811170619
13.943907413
13.90680658
13.8698136771
13.8329278565
13.7961483066
13.7594742493
13.7229049385
13.6864396577
13.6500777183
13.6138184581
13.5776612395
13.5416054483
13.5056504919
13.4697957983
13.4340408147
13.3983850066
13.3628278566
13.3273688631
13.29200754
13.2567434154
13.2215760308
13.1865049404
13.1515297103
13.1166499182
13.0818651521
13.0471750103
13.0125791006
12.9780770397
12.943668453
12.9093529738
12.8751302431
12.8409999091
12.8069616268
12.7730150578
12.7391598696
12.7053957358
12.6717223354
12.6381393527
12.6046464764
12.5712434016
12.5379298263
12.5047054534
12.4715699896
12.4385231459
12.4055646367
12.3726941799
12.3399114971
12.3072163128
12.2746083547
12.2420873534
12.2096530423
12.1773051576
12.1450434378
12.1128676242
12.0807774601
12.0487726914
12.0168530659
11.9850183335
11.9532682464
11.9216025583
11.890021025
11.858523404
11.8271094546
11.7957789376
