-0.25855849485
-0.0891999210849
-0.131993361329
-0.29367260791
-0.307671686175
-0.31368228347
-0.315108637929
-0.314153863804
-0.311995021017
-0.30922080228
-0.306124458935
-0.302857190847
-0.299501855992
-0.296107427995
-0.292705134709
-0.28931618968
-0.285955656607
-0.282634505815
-0.279360801009
-0.276140434053
-0.272977643067
-0.269875368638
-0.266835531998
-0.263859249625
-0.260947003065
-0.258098774693
-0.25531415684
-0.25259243976
-0.249932682577
-0.247333770511
-0.24479446094
-0.242313420424
-0.23988925435
-0.237520530592
-0.235205798286
-0.232943602644
-0.230732496549
-0.22857104953
-0.226457854626
-0.224391533536
-0.222370740393
-0.220394164426
-0.218460531738
-0.21656860638
-0.214717190856
-0.212905126199
-0.211131291697
-0.209394604358
-0.207694018173
-0.206028523235
-0.204397144742
-0.202798941934
-0.201233006982
-0.199698463843
-0.198194467117
-0.196720200897
-0.195274877638
-0.193857737043
-0.192468044983
-0.191105092436
-0.18976819447
-0.18845668926
-0.187169937134
-0.185907319667
-0.184668238808
-0.183452116038
-0.182258391574
-0.181086523603
-0.179935987551
-0.178806275388
-0.177696894957
-0.176607369347
-0.175537236281
-0.174486047545
-0.173453368435
-0.172438777232
-0.171441864706
-0.170462233634
-0.169499498351
-0.168553284314
-0.167623227689
-0.166708974955
-0.16581018253
-0.16492651641
-0.164057651827
-0.163203272919
-0.162363072417
-0.161536751348
-0.160724018746
-0.159924591375
-0.159138193476
-0.158364556505
-0.1576034189
-0.156854525847
-0.156117629061
-0.155392486572
-0.154678862525
-0.153976526984
-0.153285255743
-0.152604830148
-0.151935036925
-0.151275668014
-0.150626520409
-0.149987396006
-0.149358101453
-0.148738448011
-0.148128251416
-0.147527331749
-0.146935513306
-0.146352624481
-0.145778497644
-0.145212969028
-0.144655878623
-0.144107070066
-0.143566390544
-0.143033690689
-0.142508824491
-0.141991649199
-0.141482025237
-0.140979816116
-0.14048488831
-0.139997111345
-0.139516357467
-0.139042501734
-0.138575421909
-0.138114998379
-0.137661114094
-0.137213654501
-0.136772507477
-0.136337563268
-0.13590871443
-0.135485855771
-0.135068884293
-0.134657699141
-0.134252201543
-0.133852294766
-0.133457884063
-0.133068876622
-0.132685181523
-0.13230670969
-0.131933373848
-0.131565088479
-0.131201769778
-0.130843335617
-0.130489705502
-0.130140800536
-0.129796543379
-0.129456858215
-0.129121670717
-0.128790908007
-0.12846449863
-0.128142372516
-0.12782446095
-0.127510696543
-0.127201013198
-0.126895346085
-0.12659363161
-0.126295807388
-0.126001812215
-0.125711586045
-0.125425069959
-0.125142206146
-0.124862937874
-0.12458720947
-0.124314966292
-0.124046154713
-0.123780722093
-0.123518616763
-0.123259787998
-0.123004186003
-0.12275176189
-0.122502467657
-0.122256256173
-0.122013081156
-0.121772897159
-0.121535659549
-0.12130132449
-0.12106984893
-0.120841190579
-0.1206153079
-0.120392160087
-0.120171707053
-0.119953909416
-0.119738728483
-0.119526126235
-0.119316065318
-0.119108509021
-0.118903421273
-0.118700766622
-0.118500510227
-0.118302617844
-0.118107055815
-0.117913791054
-0.117722791039
-0.117534023799
-0.117347457903
-0.11716306245
-0.116980807057
-0.116800661851
-0.116622597458
