451093.753056
-69937.7263083
-69953.8702736
-70032.3829112
-70095.8202308
-70133.9487711
-70148.2181598
-70141.6192298
-70117.0532625
-70077.0896435
-70023.9672967
-69959.6326909
-69885.7788343
-69803.8797826
-69715.2203835
-69620.9217955
-69521.9633781
-69419.2014846
-69313.385613
-69205.1723056
-69095.1371252
-68983.784989
-68871.5590986
-68758.8486667
-68645.9956136
-68533.3003788
-68421.0269716
-68309.4073686
-68198.645346
-68088.9198252
-67980.3877982
-67873.1868888
-67767.437597
-67663.2452709
-67560.7018395
-67459.8873378
-67360.8712519
-67263.713706
-67168.4665107
-67075.1740917
-66983.8743113
-66894.5991981
-66807.3755938
-66722.2257414
-66639.1677363
-66558.2161037
-66479.382084
-66402.6740565
-66328.0978516
-66255.6570405
-66185.3531945
-66117.1861176
-66051.1540547
-65987.2538778
-65925.4812542
-65865.8307965
-65808.296198
-65752.8703542
-65699.5454719
-65648.3131678
-65599.1645565
-65552.090331
-65507.0808335
-65464.1261204
-65423.2160205
-65384.3401876
-65347.4881471
-65312.6493389
-65279.8131556
-65248.9689767
-65220.1062001
-65193.2142693
-65168.2826986
-65145.3010958
-65124.2591821
-65105.1468102
-65087.9539807
-65072.6708559
-65059.3232013
-65047.8303388
-65038.2187713
-65030.4794248
-65024.6025948
-65020.581339
-65018.406393
-65018.0695446
-65019.5637482
-65022.8795883
-65027.978141
-65034.9170962
-65043.6568995
-65054.1908448
-65066.5124789
-65080.6156039
-65096.4942785
-65114.1428184
-65133.5557977
-65154.7280486
-65177.6546618
-65202.3309866
-65228.7526311
-65256.9154612
-65286.8156012
-65318.4494326
-65351.8135942
-65386.9049813
-65423.7207452
-65462.2582924
-65502.5152842
-65544.4896361
-65588.1795168
-65633.5833478
-65680.699803
-65729.5278073
-65780.0665371
-65832.3154189
-65886.2741289
-65941.9425931
-65999.3209863
-66058.4097319
-66119.2095017
-66181.7212158
-66245.946042
-66311.8853961
-66379.5409418
-66448.914591
-66520.0085034
-66592.8250873
-66667.3669998
-66743.6371472
-66821.6386855
-66901.3750214
-66982.8498127
-67066.0669694
-67151.0306546
-67237.7452858
-67326.2155361
-67416.4463354
-67508.4428723
-67602.2105956
-67697.755216
-67795.0827083
-67894.1993134
-67995.1115407
-68097.8261705
-68202.3502566
-68308.6911292
-68416.856398
-68526.8539553
-68638.6919794
-68752.3789384
-68867.9235937
-68985.3350047
-69104.6225326
-69225.795845
-69348.8649214
-69473.8400573
-69600.7318707
-69729.551307
-69860.3096455
-69993.0185057
-70127.689854
-70264.3360108
-70402.9696581
-70543.6038473
-70686.2520079
-70830.9279558
-70977.645903
-71126.4204674
-71277.2666831
-71430.2000114
-71585.2363526
-71742.3920577
-71901.6839421
-72063.1292987
-72226.7459128
-72392.5520772
-72560.5666087
-72730.8088653
-72903.2987642
-73078.0568018
-73255.1040739
-73434.4622976
-73616.1538351
-73800.2017182
-73986.6296748
-74175.4621573
-74366.7243725
-74560.4423144
-74756.6427981
-74955.3534973
-75156.6029834
-75360.4207685
-75566.8373512
-75775.8842655
-75987.5941342
-76202.0007263
-76419.1390186
-76639.0452633
-76861.7570609
