3.73988587887
2.08417000158
2.08868832223
2.09308231859
2.09736503758
2.10154247774
2.10561923307
2.10959937358
2.11348661685
2.11728438991
2.1209958695
2.12462401467
2.12817159392
2.13164121137
2.13503531397
2.13835622629
2.14160615187
2.14478718797
2.14790133526
2.15095050612
2.1539365315
2.15686116683
2.15972609704
2.16253294086
2.16528325449
2.1679785349
2.17062022261
2.17320970431
2.17574831506
2.17823734047
2.18067801854
2.18307154156
2.18541905774
2.18772167288
2.18998045191
2.19219641823
2.19437056403
2.19650383832
2.19859715737
2.20065140381
2.20266742805
2.20464604954
2.20658805817
2.20849421551
2.21036525787
2.21220189051
2.21400479959
2.21577464608
2.21751206883
2.21921768569
2.22089209463
2.22253587483
2.22414958771
2.22573377796
2.2272889745
2.22881569141
2.23031442883
2.23178567379
2.23322990109
2.23464757397
2.2360391449
2.23740505628
2.23874574102
2.2400616232
2.2413531186
2.24262063525
2.24386457388
2.24508532839
2.24628328624
2.24745882884
2.24861233189
2.24974416564
2.25085469525
2.25194428093
2.25301327827
2.25406203832
2.25509090784
2.25610022942
2.25709034156
2.25806157885
2.259014272
2.2599487479
2.26086532972
2.26176433694
2.26264608536
2.26351071648
2.26435905099
2.26519088127
2.26600667952
2.26680674329
2.26759136651
2.2683608394
2.26911544852
2.26985547669
2.27058120297
2.2712929027
2.27199084741
2.27267530481
2.27334653881
2.27400480946
2.27465037294
2.27528348157
2.27590438376
2.27651332405
2.27711054304
2.27769627744
2.27827076006
2.27883421977
2.27938688158
2.27992896656
2.28046069193
2.28098227104
2.28149391337
2.2819958246
2.28248820657
2.28297125736
2.28344517129
2.28391013897
2.28436634731
2.28481397956
2.28525321535
2.28568423076
2.28610719831
2.28652228703
2.28692966249
2.28732948687
2.28772191898
2.28810711433
2.28848522514
2.28885640045
2.28922078611
2.28957852486
2.28992975639
2.29027461737
2.29061324151
2.29094575961
2.29127229963
2.29159298669
2.29190794321
2.29221728886
2.29252114071
2.2928196132
2.29311281824
2.29340086524
2.29368386117
2.29396191061
2.2942351158
2.29450357667
2.29476739093
2.29502665406
2.29528145943
2.29553189826
2.29577805976
2.2960200311
2.29625789747
2.29649174217
2.29672164661
2.29694769034
2.29716995114
2.29738850502
2.29760342628
2.29781478755
2.29802265982
2.29822711248
2.29842821335
2.29862602874
2.29882062346
2.29901206087
2.29920040291
2.29938571013
2.29956804174
2.29974745561
2.29992400832
2.30009775521
2.30026875037
2.3004370467
2.30060269592
2.30076574861
2.30092625423
2.30108426117
2.30123981672
2.30139296717
2.30154375776
2.30169223277
2.3018384355
2.3019824083
2.30212419262
2.30226382899
2.30240135708
2.3025368157
2.30267024281
2.30280167558
2.30293115035
2.30305870272
2.30318436751
2.30330817879
2.30343016994
2.30355037359
2.30366882172
2.30378554561
3.73988587887
2.08417000156
2.08868832223
2.09308231859
2.09736503759
2.10154247774
2.10561923307
2.10959937358
2.11348661685
2.11728438991
2.1209958695
2.12462401467
2.12817159392
2.13164121137
2.13503531397
2.13835622629
2.14160615187
2.14478718797
2.14790133526
2.15095050612
2.1539365315
2.15686116683
2.15972609704
2.16253294086
2.16528325449
2.1679785349
2.17062022261
2.17320970431
2.17574831506
2.17823734047
2.18067801854
2.18307154156
2.18541905774
2.18772167288
2.18998045191
2.19219641823
2.19437056403
2.19650383832
2.19859715737
2.20065140381
2.20266742804
2.20464604954
2.20658805817
2.20849421551
2.21036525787
2.21220189051
2.21400479959
2.21577464608
2.21751206883
2.21921768569
2.22089209463
2.22253587483
2.22414958771
2.22573377796
2.2272889745
2.22881569141
2.23031442883
2.23178567379
2.23322990109
2.23464757397
2.2360391449
2.23740505628
2.23874574102
2.2400616232
2.2413531186
2.24262063525
2.24386457388
2.24508532839
2.24628328624
2.24745882884
2.24861233189
2.24974416564
2.25085469525
2.25194428093
2.25301327827
2.25406203832
2.25509090784
2.25610022942
2.25709034156
2.25806157885
2.259014272
2.2599487479
2.26086532972
2.26176433694
2.26264608536
2.26351071648
2.26435905099
2.26519088127
2.26600667952
2.26680674329
2.26759136651
2.2683608394
2.26911544852
2.26985547669
2.27058120297
2.2712929027
2.27199084741
2.27267530481
2.27334653881
2.27400480946
2.27465037294
2.27528348157
2.27590438376
2.27651332405
2.27711054304
2.27769627744
2.27827076006
2.27883421977
2.27938688158
2.27992896656
2.28046069193
2.28098227104
2.28149391337
2.2819958246
2.28248820657
2.28297125736
2.28344517129
2.28391013897
2.28436634731
2.28481397956
2.28525321535
2.28568423076
2.28610719831
2.28652228703
2.28692966249
2.28732948687
2.28772191898
2.28810711433
2.28848522514
2.28885640045
2.28922078611
2.28957852486
2.28992975639
2.29027461737
2.29061324151
2.29094575961
2.29127229963
2.29159298669
2.29190794321
2.29221728886
2.29252114071
2.2928196132
2.29311281824
2.29340086524
2.29368386117
2.29396191061
2.2942351158
2.29450357667
2.29476739093
2.29502665406
2.29528145943
2.29553189827
2.29577805976
2.2960200311
2.29625789747
2.29649174217
2.29672164661
2.29694769034
2.29716995114
2.29738850502
2.29760342628
2.29781478755
2.29802265982
2.29822711248
2.29842821335
2.29862602874
2.29882062346
2.29901206087
2.29920040291
2.29938571013
2.29956804174
2.29974745561
2.29992400832
2.30009775521
2.30026875037
2.3004370467
2.30060269592
2.30076574861
2.30092625423
2.30108426117
2.30123981672
2.30139296717
2.30154375777
2.30169223277
2.3018384355
2.3019824083
2.30212419262
2.30226382899
2.30240135708
2.3025368157
2.30267024281
2.30280167558
2.30293115035
2.30305870272
2.30318436751
2.30330817879
2.30343016994
2.30355037359
2.30366882172
2.30378554561
