0.00922345728228
0.00923297944518
0.00924223102605
0.00925123819938
0.00926001849897
0.00926858809184
0.00927696260094
0.00928515721055
0.00929318669188
0.00930106541977
0.00930880738828
0.00931642622611
0.00932393521176
0.00933134728856
0.00933867507943
0.00934593090144
0.00935312678013
0.00936027446355
0.009367385436
0.00937447093153
0.00938154194713
0.00938860925561
0.00939568341819
0.00940277479675
0.00940989356585
0.00941704972434
0.00942425310671
0.00943151339415
0.00943884012525
0.00944624270644
0.00945373042207
0.00946131244426
0.00946899784236
0.0094767955922
0.009484714585
0.00949276363597
0.00950095149267
0.00950928684306
0.00951777832324
0.00952643452499
0.00953526400294
0.00954427528154
0.0095534768617
0.00956287722722
0.0095724848509
0.00958230820039
0.00959235574384
0.00960263595517
0.0096131573192
0.00962392833642
0.00963495752751
0.00964625343769
0.00965782464062
0.00966967974225
0.00968182738419
0.00969427624695
0.00970703505287
0.0097201125687
0.00973351760799
0.00974725903312
0.00976134575711
0.00977578674503
0.00979059101516
0.0098057676399
0.00982132574621
0.00983727451587
0.00985362318532
0.00987038104517
0.00988755743943
0.00990516176425
0.00992320346644
0.00994169204147
0.00996063703122
0.00998004802124
0.00999993463763
0.0100203065435
0.0100411734351
0.0100625450374
0.0100844310989
0.0101068413872
0.0101297856822
0.0101532737707
0.0101773154393
0.0102019204673
0.0102270986189
0.0102528596352
0.0102792132254
0.0103061690574
0.0103337367484
0.0103619258544
0.0103907458592
0.0104202061635
0.0104503160727
0.0104810847847
0.010512521377
0.0105446347929
0.0105774338279
0.0106109271153
0.010645123111
0.0106800300781
0.0107156560715
0.0107520089207
0.010789096214
0.0108269252807
0.010865503174
0.0109048366531
0.0109449321651
0.0109857958265
0.0110274334051
0.0110698503008
0.011113051527
0.0111570416919
0.0112018249794
0.0112474051305
0.0112937854245
0.011340968661
0.0113889571412
0.0114377526675
0.0114873564558
0.0115377692278
0.0115889911198
0.0116410216866
0.0116938598867
0.0117475040688
0.011801951959
0.0118572006491
0.0119132465862
0.0119700855636
0.0120277127126
0.0120861224966
0.0121453087061
0.0122052644554
0.0122659821812
0.0123274536432
0.0123896699258
0.0124281524354
0.0124697367185
0.012514269319
0.0125616082414
0.0126116189224
0.0126641732904
0.0127191491883
0.0127764298912
0.0128359036846
0.0128974634961
0.0129610065738
0.0130264342076
0.0130936514877
0.0131625670987
0.0132330931432
0.0133051449952
0.013378641177
0.0134535032604
0.013529655788
0.0136070262136
0.01368554486
0.0137651448926
0.0138457623076
0.0139273359339
0.0140098074477
0.0140931213998
0.0141772252547
0.0142620694413
0.0143476074164
0.0144337957404
0.014520594167
0.0146079625656
0.0146958495203
0.014784226755
0.0148730695857
0.0149623571243
0.0150520725117
0.0151422031812
0.0152327411684
0.0153236834705
0.015415032468
0.0155067964216
0.0155989900618
0.015691635293
0.0157847620384
0.015878409261
0.0159726262049
0.0160674739149
0.0161630271089
0.0162593765042
0.0163566317293
0.0164549250021
0.0165544158217
0.016655297017
0.0167578026384
0.0168622183944
0.0169688956635
0.017078270636
0.0171908909891
0.0173074539386
0.0174288620256
0.0175563076548
0.0176914064948
0.0178364189843
0.0179946433746
