-32.4882362126
-26.478334693
-26.3932031293
-26.3068022466
-26.2191833282
-26.1303912122
-26.0404672288
-25.9494497799
-25.8573746332
-25.7642751581
-25.6701825331
-25.5751259288
-25.479132672
-25.3822283915
-25.2844371493
-25.1857815582
-25.0862828879
-24.9859611613
-24.8848352404
-24.7829229065
-24.6802409308
-24.5768052198
-24.4726305609
-24.3677311449
-24.2621203072
-24.155810651
-24.0488140901
-23.9411418888
-23.8328046981
-23.7238125904
-23.6141750906
-23.5039012062
-23.3929979532
-23.2814778984
-23.169344113
-23.0566053417
-22.9432683655
-22.8293396087
-22.7148251391
-22.5997306863
-22.484061658
-22.3678231573
-22.2510199976
-22.1336567174
-22.0157375949
-21.897266661
-21.7782477128
-21.6586843259
-21.5385798667
-21.4179375036
-21.2967602189
-21.1750508194
-21.0528119472
-20.9300460902
-20.806755592
-20.682942662
-20.558609385
-20.4337577313
-20.3083895652
-20.1825066553
-20.056110683
-19.9292032519
-19.8017858969
-19.6738600932
-19.5454272649
-19.4164887947
-19.2870460322
-19.1571003031
-19.0266529183
-18.8957051829
-18.7642584051
-18.632313906
-18.4998730279
-18.3669371445
-18.2335076699
-18.0995860684
-17.9651738641
-17.8302726506
-17.6948841012
-17.5590099789
-17.4226521468
-17.2858125784
-17.1484933682
-17.0106967426
-16.8724250711
-16.7336808768
-16.5944668485
-16.4547858517
-16.3146409407
-16.1740353702
-16.0329726076
-15.8914563452
-15.7494905125
-15.6070792893
-15.4642271179
-15.3209387164
-15.1772190917
-15.0330735526
-14.888507723
-14.7435275556
-14.5981393453
-14.4523497422
-14.3061657656
-14.1595948176
-14.0126446958
-13.8653236075
-13.7176401824
-13.5696034859
-13.4212230318
-13.2725087951
-13.1234712241
-12.9741212527
-12.8244703113
-12.6745303384
-12.5243137909
-12.373833654
-12.2231034502
-12.0721372481
-11.9209496697
-11.769555897
-11.6179716783
-11.4662133318
-11.31429775
-11.1622424012
-11.0100653305
-10.8577851592
-10.7054210828
-10.5529928668
-10.4005208414
-10.2480258943
-10.0955294613
-9.94305351519
-9.79062055254
-9.63825357819
-9.48597608779
-9.96483564791
-9.77551640607
-9.58725089302
-9.40009142719
-9.2140831176
-9.02926905073
-8.84569071892
-8.66338801908
-8.4823992113
-8.30276087262
-8.1245078498
-7.94767321156
-7.77228820082
-7.59838218733
-7.42598262111
-7.25511498703
-7.0858027609
-6.91806736764
-6.7519281416
-6.58740228974
-6.42450485773
-6.26324869953
-6.10364445071
-5.94570050581
-5.7894230001
-5.63481579595
-5.48128645081
-5.32916041016
-5.17874359842
-5.03003084725
-4.88301476278
-4.73768566029
-4.59403159332
-4.45203837988
-4.31168963489
-4.1729668085
-4.03584923027
-3.90031415893
-3.76633683745
-3.63389055299
-3.5029467014
-3.37347485575
-3.24544283828
-3.11881679527
-2.99356127395
-2.86963930087
-2.74701246075
-2.62564097472
-2.50548377692
-2.38649858771
-2.26864198167
-2.15186944745
-2.03613543535
-1.92139338603
-1.80759572975
-1.69469383796
-1.58263789579
-1.47137663834
-1.36085684498
-1.25102238784
-1.14181242641
-1.03315789139
-0.92497434834
-0.817146652441
-0.709493208835
-32.4882362126
-26.478334693
-26.3932031293
-26.3068022466
-26.2191833282
-26.1303912122
-26.0404672288
-25.9494497799
-25.8573746332
-25.7642751581
-25.6701825331
-25.5751259288
-25.479132672
-25.3822283915
-25.2844371493
-25.1857815582
-25.0862828879
-24.9859611613
-24.8848352404
-24.7829229065
-24.6802409308
-24.5768052198
-24.4726305609
-24.3677311449
-24.2621203072
-24.155810651
-24.0488140901
-23.9411418888
-23.8328046981
-23.7238125904
-23.6141750906
-23.5039012062
-23.3929979532
-23.2814778984
-23.169344113
-23.0566053417
-22.9432683655
-22.8293396087
-22.7148251391
-22.5997306863
-22.484061658
-22.3678231573
-22.2510199976
-22.1336567174
-22.0157375949
-21.897266661
-21.7782477128
-21.6586843259
-21.5385798667
-21.4179375036
-21.2967602189
-21.1750508194
-21.0528119472
-20.9300460902
-20.806755592
-20.682942662
-20.558609385
-20.4337577313
-20.3083895652
-20.1825066553
-20.056110683
-19.9292032519
-19.8017858969
-19.6738600932
-19.5454272649
-19.4164887947
-19.2870460322
-19.1571003031
-19.0266529183
-18.8957051829
-18.7642584051
-18.632313906
-18.4998730279
-18.3669371445
-18.2335076699
-18.0995860684
-17.9651738641
-17.8302726506
-17.6948841012
-17.5590099789
-17.4226521468
-17.2858125784
-17.1484933682
-17.0106967426
-16.8724250711
-16.7336808768
-16.5944668485
-16.4547858517
-16.3146409407
-16.1740353702
-16.0329726076
-15.8914563452
-15.7494905125
-15.6070792893
-15.4642271179
-15.3209387164
-15.1772190917
-15.0330735526
-14.888507723
-14.7435275556
-14.5981393453
-14.4523497422
-14.3061657656
-14.1595948176
-14.0126446958
-13.8653236075
-13.7176401824
-13.5696034859
-13.4212230318
-13.2725087951
-13.1234712241
-12.9741212527
-12.8244703113
-12.6745303384
-12.5243137909
-12.373833654
-12.2231034502
-12.0721372481
-11.9209496697
-11.769555897
-11.6179716783
-11.4662133318
-11.31429775
-11.1622424012
-11.0100653305
-10.8577851592
-10.7054210828
-10.5529928668
-10.4005208414
-10.2480258943
-10.0955294613
-9.94305351519
-9.79062055254
-9.63825357819
-9.48597608779
-9.96483564791
-9.77551640607
-9.58725089302
-9.40009142719
-9.2140831176
-9.02926905073
-8.84569071892
-8.66338801908
-8.4823992113
-8.30276087262
-8.1245078498
-7.94767321156
-7.77228820082
-7.59838218733
-7.42598262111
-7.25511498703
-7.0858027609
-6.91806736764
-6.7519281416
-6.58740228974
-6.42450485773
-6.26324869953
-6.10364445071
-5.94570050581
-5.7894230001
-5.63481579595
-5.48128645081
-5.32916041016
-5.17874359842
-5.03003084725
-4.88301476278
-4.73768566029
-4.59403159332
-4.45203837988
-4.31168963489
-4.1729668085
-4.03584923027
-3.90031415893
-3.76633683745
-3.63389055299
-3.5029467014
-3.37347485575
-3.24544283828
-3.11881679527
-2.99356127395
-2.86963930087
-2.74701246075
-2.62564097472
-2.50548377692
-2.38649858771
-2.26864198167
-2.15186944745
-2.03613543535
-1.92139338603
-1.80759572975
-1.69469383796
-1.58263789579
-1.47137663834
-1.36085684498
-1.25102238784
-1.14181242641
-1.03315789139
-0.92497434834
-0.817146652441
-0.709493208835
