-758.626311729
114.591635124
112.518668364
110.486287649
108.49443169
106.543102589
104.632302294
102.762006539
100.932155647
99.1426519348
97.3933596531
95.6841059138
94.0146820186
92.3848449549
90.7943189704
89.2427971857
87.7299432284
86.2553928755
84.8187556972
83.4196166965
82.0575379367
80.732060154
79.442704349
78.1889733526
76.9703533633
75.7863154519
74.6363170295
73.519803277
72.4362085329
71.3849576378
70.3654672328
69.3771470108
68.4194009197
67.491628316
66.5932250679
65.7235846088
64.8820989387
64.0681595758
63.2811584573
62.5204887898
61.7855458501
61.0757277378
60.3904360789
59.7290766831
59.0910601552
58.4758024612
57.882725452
57.3112573442
56.7608331606
56.2308951317
55.7208930591
55.2302846433
54.7585357766
54.3051208025
53.8695227446
53.4512335047
53.0497540325
52.6645944689
52.2952742632
51.9413222666
51.6022768035
51.2776857205
50.9671064168
50.6701058557
50.386260558
50.1151565806
49.8563894798
49.6095642601
49.3742953119
49.1502063364
48.93693026
48.7341091398
48.5413940597
48.358445019
48.1849308134
48.0205289103
47.8649253183
47.7178144518
47.578898991
47.4478897394
47.3245054766
47.20847281
47.0995260235
46.9974069254
46.9018646944
46.8126557253
46.7295434746
46.652298305
46.5806973315
46.5145242673
46.4535692704
46.3976287919
46.3465054251
46.3000077561
46.2579502167
46.220152938
46.1864416071
46.1566473253
46.1306064687
46.1081605509
46.0891560887
46.0734444693
46.0608818209
46.0513288859
46.0446508958
46.0407174498
46.0394023956
46.0405837128
46.0441433996
46.0499673613
46.0579453021
46.0679706198
46.0799403026
46.0937548286
46.1093180686
46.1265371909
46.1453225683
46.1655876891
46.1872490685
46.2102261645
46.2344412948
46.2598195566
46.2862885406
46.3137790708
46.3422239369
46.3715585952
46.401720915
46.4326511109
46.4642916772
46.4965873249
46.52948492
46.5629334243
46.5968838375
46.6312891415
46.6661042462
46.7012859366
46.7367928221
46.7725852867
46.8086254412
46.8448770767
46.881305619
46.9178780851
46.9545630404
46.9913305572
47.0281521748
47.0650008602
47.1018509704
47.1386782151
47.1754596211
47.2121734974
47.248799401
47.2853181039
47.3217115608
47.3579628777
47.3940562811
47.4299770883
47.465711678
47.5012474618
47.5365728565
47.5716772562
47.6065510066
47.641185378
47.67557254
47.7097055367
47.7435782615
47.7771854334
47.8105225733
47.8435859802
47.8763727089
47.9088805471
47.9411079933
47.9730542349
48.004719127
48.0361031705
48.067207492
48.0980338225
48.1285844773
48.158862336
48.1888708222
48.2186138843
48.2480959759
48.2773220364
48.3062974722
48.3350281379
48.3635203177
48.3917807068
48.4198163934
48.4476348403
48.4752438677
48.5026516345
48.5298666218
48.5568976148
48.583753686
48.610444178
48.6369786869
48.6633670452
48.6896193058
48.7157457254
48.7417567483
48.7676629909
-758.626311729
114.591635124
112.518668364
110.486287649
108.49443169
106.543102589
104.632302294
102.762006539
100.932155647
99.1426519348
97.3933596531
95.6841059138
94.0146820186
92.3848449549
90.7943189704
89.2427971857
87.7299432284
86.2553928755
84.8187556972
83.4196166965
82.0575379367
80.732060154
79.442704349
78.1889733526
76.9703533633
75.7863154519
74.6363170295
73.519803277
72.4362085329
71.3849576378
70.3654672328
69.3771470108
68.4194009197
67.491628316
66.5932250679
65.7235846088
64.8820989387
64.0681595758
63.2811584573
62.5204887898
61.7855458501
61.0757277378
60.3904360789
59.7290766831
59.0910601552
58.4758024612
57.882725452
57.3112573442
56.7608331606
56.2308951317
55.7208930591
55.2302846433
54.7585357766
54.3051208025
53.8695227446
53.4512335047
53.0497540325
52.6645944689
52.2952742632
51.9413222666
51.6022768035
51.2776857205
50.9671064168
50.6701058557
50.386260558
50.1151565806
49.8563894798
49.6095642601
49.3742953119
49.1502063364
48.93693026
48.7341091398
48.5413940597
48.358445019
48.1849308134
48.0205289103
47.8649253183
47.7178144518
47.578898991
47.4478897394
47.3245054766
47.20847281
47.0995260235
46.9974069254
46.9018646944
46.8126557253
46.7295434746
46.652298305
46.5806973315
46.5145242673
46.4535692704
46.3976287919
46.3465054251
46.3000077561
46.2579502167
46.220152938
46.1864416071
46.1566473253
46.1306064687
46.1081605509
46.0891560887
46.0734444693
46.0608818209
46.0513288859
46.0446508958
46.0407174498
46.0394023956
46.0405837128
46.0441433996
46.0499673613
46.0579453021
46.0679706198
46.0799403026
46.0937548286
46.1093180686
46.1265371909
46.1453225683
46.1655876891
46.1872490685
46.2102261645
46.2344412948
46.2598195566
46.2862885406
46.3137790708
46.3422239369
46.3715585952
46.401720915
46.4326511109
46.4642916772
46.4965873249
46.52948492
46.5629334243
46.5968838375
46.6312891415
46.6661042462
46.7012859366
46.7367928221
46.7725852867
46.8086254412
46.8448770767
46.881305619
46.9178780851
46.9545630404
46.9913305572
47.0281521748
47.0650008602
47.1018509704
47.1386782151
47.1754596211
47.2121734974
47.248799401
47.2853181039
47.3217115608
47.3579628777
47.3940562811
47.4299770883
47.465711678
47.5012474618
47.5365728565
47.5716772562
47.6065510066
47.641185378
47.67557254
47.7097055367
47.7435782615
47.7771854334
47.8105225733
47.8435859802
47.8763727089
47.9088805471
47.9411079933
47.9730542349
48.004719127
48.0361031705
48.067207492
48.0980338225
48.1285844773
48.158862336
48.1888708222
48.2186138843
48.2480959759
48.2773220364
48.3062974722
48.3350281379
48.3635203177
48.3917807068
48.4198163934
48.4476348403
48.4752438677
48.5026516345
48.5298666218
48.5568976148
48.583753686
48.610444178
48.6369786869
48.6633670452
48.6896193058
48.7157457254
48.7417567483
48.7676629909
