-221.027456313
-142.909982475
-143.180415274
-143.443294922
-143.698685361
-143.946621236
-144.187127855
-144.420230473
-144.645957713
-144.86434273
-145.075423527
-145.279242941
-145.475848513
-145.665292299
-145.847630666
-146.022924078
-146.191236872
-146.35263704
-146.507196
-146.65498837
-146.796091748
-146.930586485
-147.058555462
-147.180083875
-147.295259013
-147.40417005
-147.506907834
-147.603564684
-147.694234192
-147.779011027
-147.857990751
-147.931269634
-147.998944484
-148.061112473
-148.117870981
-148.169317438
-148.215549176
-148.256663293
-148.292756518
-148.32392508
-148.3502646
-148.37186997
-148.388835251
-148.401253581
-148.409217075
-148.412816749
-148.412142439
-148.407282731
-148.398324895
-148.385354829
-148.368457
-148.347714407
-148.323208527
-148.295019288
-148.263225032
-148.227902489
-148.189126753
-148.146971267
-148.101507806
-148.052806466
-148.000935661
-147.945962112
-147.887950855
-147.826965237
-147.763066927
-147.696315916
-147.626770537
-147.554487469
-147.479521756
-147.401926824
-147.321754494
-147.239055008
-147.153877043
-147.066267742
-146.976272727
-146.883936131
-146.789300622
-146.692407426
-146.593296354
-146.492005833
-146.388572929
-146.283033378
-146.175421613
-146.065770791
-145.954112825
-145.840478412
-145.724897057
-145.607397109
-145.488005785
-145.366749197
-145.243652387
-145.118739346
-144.992033051
-144.863555484
-144.733327667
-144.601369683
-144.467700706
-144.332339023
-144.195302068
-144.056606436
-143.916267918
-143.77430152
-143.630721488
-143.485541276
-143.338773801
-143.190431107
-143.040524633
-142.889065172
-142.736062894
-142.581527362
-142.425467558
-142.267891898
-142.108808254
-141.948223975
-141.786145902
-141.622580387
-141.457533314
-141.29101011
-141.123015769
-140.953554864
-140.782631565
-140.610249654
-140.436412541
-140.26112328
-140.08438458
-139.906198823
-139.726568079
-139.545494115
-139.362978413
-139.17902218
-138.993626362
-138.806791659
-138.618518533
-138.428807222
-138.237657751
-138.045069947
-137.851043446
-137.655577705
-137.458672014
-137.260325508
-137.060537172
-136.859305859
-136.656630293
-136.452509085
-136.246940735
-136.039923652
-135.831456155
-135.621536484
-135.410162814
-135.197333256
-134.983045875
-134.767298692
-134.550089694
-134.331416846
-134.111278096
-133.889671386
-133.666594656
-133.44204586
-133.216022965
-132.988523967
-132.759546894
-132.529089819
-132.29715086
-132.063728196
-131.828820072
-131.592424806
-131.354540795
-131.115166528
-130.874300588
-130.631941665
-130.388088559
-130.14274019
-129.895895604
-129.647553983
-129.397714649
-129.146377073
-128.893540885
-128.639205877
-128.383372011
-128.12603943
-127.867208459
-127.606879619
-127.345053627
-127.08173141
-126.816914105
-126.550603073
-126.282799899
-126.013506403
-125.742724647
-125.470456938
-125.196705838
-124.921474169
-124.644765018
-124.366581747
-124.086927994
-123.805807686
-123.523225036
-123.239184556
-122.95369106
-122.66674967
-221.027456313
-142.909982475
-143.180415274
-143.443294922
-143.698685361
-143.946621236
-144.187127855
-144.420230473
-144.645957713
-144.86434273
-145.075423527
-145.279242941
-145.475848513
-145.665292299
-145.847630666
-146.022924078
-146.191236872
-146.35263704
-146.507196
-146.65498837
-146.796091748
-146.930586485
-147.058555462
-147.180083875
-147.295259013
-147.40417005
-147.506907834
-147.603564684
-147.694234192
-147.779011027
-147.857990751
-147.931269634
-147.998944484
-148.061112473
-148.117870981
-148.169317438
-148.215549176
-148.256663293
-148.292756518
-148.32392508
-148.3502646
-148.37186997
-148.388835251
-148.401253581
-148.409217075
-148.412816749
-148.412142439
-148.407282731
-148.398324895
-148.385354829
-148.368457
-148.347714407
-148.323208527
-148.295019288
-148.263225032
-148.227902489
-148.189126753
-148.146971267
-148.101507806
-148.052806466
-148.000935661
-147.945962112
-147.887950855
-147.826965237
-147.763066927
-147.696315916
-147.626770537
-147.554487469
-147.479521756
-147.401926824
-147.321754494
-147.239055008
-147.153877043
-147.066267742
-146.976272727
-146.883936131
-146.789300622
-146.692407426
-146.593296354
-146.492005833
-146.388572929
-146.283033378
-146.175421613
-146.065770791
-145.954112825
-145.840478412
-145.724897057
-145.607397109
-145.488005785
-145.366749197
-145.243652387
-145.118739346
-144.992033051
-144.863555484
-144.733327667
-144.601369683
-144.467700706
-144.332339023
-144.195302068
-144.056606436
-143.916267918
-143.77430152
-143.630721488
-143.485541276
-143.338773801
-143.190431107
-143.040524633
-142.889065172
-142.736062894
-142.581527362
-142.425467558
-142.267891898
-142.108808254
-141.948223975
-141.786145902
-141.622580387
-141.457533314
-141.29101011
-141.123015769
-140.953554864
-140.782631565
-140.610249654
-140.436412541
-140.26112328
-140.08438458
-139.906198823
-139.726568079
-139.545494115
-139.362978413
-139.17902218
-138.993626362
-138.806791659
-138.618518533
-138.428807222
-138.237657751
-138.045069947
-137.851043446
-137.655577705
-137.458672014
-137.260325508
-137.060537172
-136.859305859
-136.656630293
-136.452509085
-136.246940735
-136.039923652
-135.831456155
-135.621536484
-135.410162814
-135.197333256
-134.983045875
-134.767298692
-134.550089694
-134.331416846
-134.111278096
-133.889671386
-133.666594656
-133.44204586
-133.216022965
-132.988523967
-132.759546894
-132.529089819
-132.29715086
-132.063728196
-131.828820072
-131.592424806
-131.354540795
-131.115166528
-130.874300588
-130.631941665
-130.388088559
-130.14274019
-129.895895604
-129.647553983
-129.397714649
-129.146377073
-128.893540885
-128.639205877
-128.383372011
-128.12603943
-127.867208459
-127.606879619
-127.345053627
-127.08173141
-126.816914105
-126.550603073
-126.282799899
-126.013506403
-125.742724647
-125.470456938
-125.196705838
-124.921474169
-124.644765018
-124.366581747
-124.086927994
-123.805807686
-123.523225036
-123.239184556
-122.95369106
-122.66674967
