473.815235186
488.997349795
489.034689351
489.173025101
489.439783135
489.815477404
490.284268459
490.833283122
491.451973156
492.131603585
492.864860879
493.645542966
494.468402872
495.328879537
496.223051407
497.147442063
498.0990505
499.075212843
500.073567883
501.092013071
502.128670269
503.181855898
504.250055779
505.33190425
506.426167089
507.531725644
508.647564459
509.772759177
510.906467335
512.047919803
513.196412796
514.351302102
515.511996749
516.677954013
517.848674734
519.023699818
520.202605786
521.385002097
522.570528114
523.758850522
524.949660912
526.142673863
527.337624449
528.534267347
529.7323747
530.931734812
532.132150886
533.333439794
534.535431041
535.737965748
536.940895614
538.144082685
539.34739771
540.550720038
541.753936809
542.956942429
544.159637981
545.361930743
546.563733744
547.764965339
548.965548807
550.165412029
551.364487117
552.562710125
553.760020805
554.956362275
556.151680843
557.345925743
558.539048925
559.731004922
560.921750598
562.111245024
563.299449317
564.486326498
565.671841364
566.855960345
568.038651415
569.21988398
570.399628785
571.577857784
572.754544102
573.929661939
575.103186494
576.275093886
577.445361111
578.613965965
579.78088698
580.946103434
582.109595194
583.271342771
584.431327216
585.589530131
586.745933591
587.900520103
589.053263625
590.204165416
591.353200239
592.500352135
593.645605465
594.788944861
595.930355256
597.06982179
598.20732989
599.342865172
600.476413434
601.607960701
602.737493151
603.864997122
604.990459134
606.1138658
607.235203915
608.354460355
609.471622127
610.586676355
611.699456985
612.810411276
613.919066511
615.025563785
616.129890374
617.232034085
618.33198261
619.429723784
620.525245443
621.618535547
622.709582088
623.798373145
624.884896847
625.969141398
627.051095071
628.130746195
629.208083187
630.283094489
631.355768662
704.19492311
703.392498049
702.663134361
702.003076409
701.408779659
700.876898122
700.404271587
699.987914988
699.625006893
699.312879308
699.049008116
698.831004022
698.656604137
698.523664161
698.430151092
698.374136366
698.353789531
698.367372392
698.413233409
698.489802654
698.595586947
698.729165452
698.889185437
699.074358459
699.283456633
699.515309287
699.76879973
700.042862337
700.336479674
700.648679918
700.978534408
701.325155298
701.687693425
702.065336301
702.457306137
702.862858085
703.28127855
703.71188342
704.154017257
704.607050839
705.070380526
705.543426844
706.025633302
706.516465254
707.015408833
707.521969957
708.035673417
708.556061918
709.082695273
709.615149558
710.153047533
710.695933416
711.243458538
711.795256643
712.350974145
712.910269489
713.472812509
714.038283763
714.60637375
715.176782301
715.749217665
716.323395595
716.899038113
717.47587193
718.053626281
718.632029579
719.210803964
