4.8715
10.940474691
13.8968002934
17.8561145123
19.1554075775
19.5439946973
19.4398680357
19.1117802648
18.6970634967
18.2576520328
17.8198431639
17.3942804112
16.9849242176
16.5929155162
16.2182160663
15.8603036594
15.5184682205
15.1919391077
14.8799404974
14.5817168155
14.2965389753
14.0237156015
13.7625899166
13.5125409293
13.2729826627
13.0433629483
12.8231619761
12.6118907141
12.4090892707
12.2143252456
12.0271921045
11.847307598
11.6743122411
11.5078678621
11.3476562265
11.1933777395
11.0447502253
10.9015077841
10.763399724
10.6301895635
10.5016541032
10.3775825612
10.2577757688
10.1420454238
10.0302133956
9.92211108027
9.81757880048
9.71646524861
9.61862696868
9.52392787466
9.43223880243
9.34343709284
9.25740620347
9.17403534701
9.09321915415
9.01485735928
8.93885450715
8.86511967903
8.79356623685
8.72411158408
8.65667694205
8.59118714056
8.5275704219
8.4657582571
8.40568517375
8.34728859438
8.29050868487
8.23528821191
8.18157240925
8.12930885174
8.07844733697
8.02893977378
7.98074007732
7.93380407005
7.88808938856
7.84355539553
7.80016309673
7.75787506259
7.71665535416
7.67646945309
7.63728419545
7.59906770906
7.56178935427
7.52541966779
7.48993030956
7.45529401231
7.42148453383
7.3884766116
7.35624591984
7.32476902864
7.29402336522
7.26398717709
7.23463949701
7.20596010974
7.17792952039
7.15052892425
7.12374017816
7.09754577319
7.07192880866
7.04687296733
7.0223624918
6.99838216202
6.97491727377
6.95195361821
6.9294774623
6.90747553016
6.88593498522
6.86484341323
6.84418880592
6.82395954554
6.80414438992
6.7847324583
6.76571321769
6.74707646988
6.728812339
6.71091125955
6.69336396502
6.67616147693
6.65929509437
6.64275638394
6.62653717013
6.61062952608
6.59502597062
6.57971863448
6.56470049276
6.54996452821
6.53550393146
6.52131209374
6.50738260003
6.49370922233
6.48028591336
6.46710680034
6.45416617916
6.44145850864
6.42897840515
6.41672063731
6.40468012096
6.3928519143
6.38123121324
6.36981334688
6.35859377321
6.34756807488
6.33673195527
6.32608123455
6.31561184602
6.30531983245
6.29520134268
6.28525262826
6.27547004024
6.26585002606
6.25638912658
6.24708397319
6.23793128502
6.22892786624
6.22007060353
6.21135646352
6.20278249038
6.19434580354
6.18604359539
6.17787312911
6.16983173661
6.16191681646
6.15412583194
6.14645630918
6.13890583526
6.13147205651
6.12415267677
6.11694545572
6.10984820731
6.10285879821
6.09597514628
6.08919521914
6.08251703281
6.07593865027
6.06945818023
6.06307377581
6.05678363331
6.05058599104
6.04447912817
6.03846136358
6.03253105481
6.026686597
6.02092642187
6.01524899674
6.00965282356
6.00413643802
5.99869840863
5.99333733584
5.98805185123
5.98284061666
5.9777023235
5.97263569185
5.96763946978
5.96271243265
5.95785338237
5.95306114672
5.94833457871
5.94367255592
5.93907397989
5.9345377755
