16.4293740723
22.9963881133
29.4877093799
34.3885993796
37.5644532681
39.442028049
40.5931770419
41.3849734562
42.0062954368
42.5460762059
43.044798271
43.5207393481
43.9822091507
44.4330650107
44.8751691591
45.3094814049
45.736546546
46.1567132595
46.5702334682
46.9773082045
47.3781093312
47.7727902478
48.1614914785
48.5443438225
48.9214702971
49.2929874476
49.6590062996
50.0196330909
50.3749698562
50.7251149047
51.0701632161
51.4102067725
51.7453348371
52.0756341908
52.4011893315
52.7220826452
53.0383945508
53.3502036242
53.6575867055
53.9606189905
54.2593741104
54.5539242014
54.8443399646
55.13069072
55.4130444528
55.6914678564
55.9660263696
56.2367842107
56.5038044093
56.7671488343
57.0268782207
57.2830521946
57.5357292962
57.7849670018
58.0308217447
58.2733489357
58.5126029817
58.7486373045
58.9815043591
59.2112556506
59.437941752
59.6616123201
59.8823161123
60.1001010024
60.3150139965
60.5271012481
60.7364080736
60.9429789668
61.1468576143
61.3480869092
61.5467089661
61.7427651346
61.9362960136
62.1273414646
62.3159406255
62.5021319238
62.6859530894
62.8674411679
63.0466325332
63.2235628999
63.3982673356
63.5707802732
63.7411355228
63.9093662834
64.0755051545
64.2395841475
64.4016346969
64.5616876713
64.7197733841
64.8759216046
65.0301615678
65.1825219853
65.333031055
65.4817164712
65.6286054344
65.7737246605
65.9171003909
66.058758401
66.1987240098
66.3370220883
66.4736770688
66.608712953
66.7421533205
66.8740213373
67.0043397635
67.1331309615
67.2604169037
67.3862191799
67.5105590053
67.6334572272
67.7549343326
67.8750104552
67.9937053822
68.1110385608
68.2270291056
68.3416958042
68.4550571241
68.5671312188
68.6779359339
68.7874888131
68.895807104
69.002907764
69.1088074656
69.2135226024
69.3170692941
69.4194633918
69.5207204834
69.6208558987
69.7198847139
69.817821757
69.9146816123
70.0104786252
70.1052269065
70.1989403373
70.2916325729
70.3833170474
70.474006978
70.5637153686
70.6524550146
70.740238506
70.827078232
70.9129863842
70.9979749608
71.08205577
71.1652404332
71.2475403893
71.3289668973
71.4095310401
71.4892437276
71.5681157001
71.6461575309
71.7233796302
71.7997922474
71.8754054742
71.9502292478
72.0242733533
72.0975474269
72.1700609581
72.2418232929
72.3128436359
72.3831310532
72.4526944747
72.5215426967
72.5896843842
72.6571280731
72.7238821727
72.7899549681
72.8553546219
72.920089177
72.984166558
73.0475945738
73.1103809198
73.172533179
73.2340588249
73.2949652231
73.3552596329
73.4149492093
73.4740410051
73.5325419723
73.5904589638
73.6477987355
73.7045679475
73.7607731659
73.8164208647
73.8715174268
73.9260691458
73.9800822278
74.0335627924
74.0865168743
74.138950425
74.1908693136
74.242279329
74.2931861802
74.3435954986
74.3935128386
74.4429436792
74.4918934252
74.5403674083
74.5883708883
74.6359090545
