-0.561594429761
-0.838685547515
-0.840505187153
-0.842410021134
-0.844367534152
-0.846356779596
-0.848363725258
-0.850378659771
-0.852394696809
-0.854406881475
-0.856411624269
-0.858406330666
-0.860389143487
-0.86235876367
-0.864314314391
-0.866255242125
-0.868181240597
-0.870092192583
-0.871988124938
-0.873869173641
-0.875735556516
-0.877587551921
-0.879425481998
-0.881249699492
-0.883060577347
-0.88485850055
-0.886643859613
-0.888417045428
-0.890178445208
-0.891928439237
-0.893667398356
-0.895395681917
-0.897113636236
-0.898821593372
-0.900519870224
-0.902208767861
-0.903888571082
-0.905559548093
-0.907221950432
-0.908876012952
-0.910521953962
-0.912159975432
-0.913790263357
-0.915412988112
-0.917028304992
-0.918636354676
-0.920237263881
-0.921831145975
-0.923418101654
-0.924998219647
-0.926571577474
-0.928138242149
-0.929698270971
-0.931251712259
-0.932798606125
-0.93433898519
-0.935872875341
-0.937400296415
-0.938921262906
-0.940435784593
-0.941943867197
-0.943445512963
-0.944940721185
-0.946429488777
-0.947911810712
-0.949387680501
-0.950857090558
-0.952320032595
-0.953776497953
-0.95522647787
-0.956669969306
-0.958106952999
-0.959537426871
-0.960961384075
-0.96237881865
-0.963789726825
-0.965194103845
-0.966591933415
-0.967983247895
-0.969368017305
-0.970746251524
-0.972117952698
-0.973483124175
-0.974841770505
-0.976193897404
-0.977539511712
-0.978878621346
-0.980211235253
-0.981537363358
-0.982857016507
-0.98417020643
-0.985476945642
-0.986777247423
-0.988071125747
-0.989358595224
-0.990639671061
-0.991914368987
-0.993182705203
-0.994444696375
-0.995700359519
-0.996949712017
-0.998192771553
-0.999429556063
-1.00066008372
-1.00188437289
-1.00310244211
-1.00431431004
-1.00551999544
-1.0067195172
-1.00791289422
-1.00910014547
-1.01028128996
-1.01145634669
-1.01262533466
-1.01378827286
-1.01494518026
-1.01609607577
-1.01724097828
-1.01837990661
-1.01951287955
-1.02063991578
-1.02176103396
-1.02287625264
-1.02398559034
-1.02508906546
-1.02618669633
-1.02727850124
-1.02836449835
-1.02944470578
-1.03051914153
-1.03158782356
-1.03265076974
-1.03370799786
-1.03475952564
-1.0358053707
-1.03684555064
-1.03788008293
-1.03890898503
-1.03993227429
-1.04094996803
-1.04196208346
-1.04296863779
-1.04396964813
-1.04496513155
-1.04595510508
-1.04693958567
-1.04791859026
-1.04889213571
-1.04986023886
-1.05082291651
-1.05178018542
-1.05273206229
-1.05367856382
-1.05461970668
-1.05555550748
-1.05648598283
-1.05741114931
-1.05833102349
-1.05924562189
-1.06015496105
-1.06105905747
-1.06195792764
-1.06285158804
-1.06374005515
-1.06462334544
-1.06550147536
-1.06637446137
-1.06724231993
-1.0681050675
-1.06896272052
-1.06981529546
-1.07066280878
-1.07150527696
-1.07234271646
-1.07317514378
-1.0740025754
-1.07482502785
-1.07564251764
-1.07645506129
-1.07726267537
-1.07806537644
-1.07886318107
-1.07965610587
-1.08044416745
-1.08122738247
-1.08200576756
-1.08277933942
-1.08354811475
-1.08431211027
-1.08507134273
-1.0858258289
-1.08657558558
-1.08732062958
-1.08806097777
-1.088796647
-1.08952765418
-1.09025401623
-1.0909757501
-1.09169287277
-1.09240540125
