0.0798033995688
0.0788044511058
0.077864298495
0.0769783097013
0.0761423176937
0.0753525708239
0.0746056824336
0.0738985869208
0.0732285019886
0.0725928961454
0.0719894606265
0.0714160850464
0.0708708362136
0.0703519396361
0.0698577633233
0.0693868035586
0.0689376723646
0.0685090864303
0.0680998573039
0.0677088826839
0.0673351386672
0.0669776728321
0.0666355976919
0.0663080866178
0.0659943666351
0.065693715448
0.0654054570203
0.0651289579281
0.0648636240596
0.0646088976226
0.0643642544288
0.0641292014224
0.0639032744301
0.0636860361075
0.0634770740633
0.0632759991425
0.0630824438541
0.0628960609274
0.0627165219866
0.0625435163309
0.0623767498116
0.0622159437956
0.0620608342091
0.061911170654
0.0617667155892
0.0616272435731
0.0614925405607
0.0613624032515
0.0612366384829
0.0611150626666
0.0609975012634
0.0608837882947
0.0607737658852
0.0606672838379
0.0605641992358
0.0604643760696
0.0603676848902
0.0602740024819
0.0601832115571
0.0600952004697
0.0600098629465
0.0599270978336
0.0598468088602
0.0597689044146
0.0596932973346
0.0596199047095
0.0595486476943
0.0594794513341
0.0594122443985
0.0593469592262
0.059283531577
0.0592219004935
0.0591620081699
0.0591037998277
0.059047223599
0.0589922304159
0.0589387739056
0.0588868102921
0.0588362983023
0.0587871990778
0.0587394760915
0.0586930950685
0.0586480239112
0.058604232629
0.0585616932715
0.0585203798649
0.0584802683533
0.0584413365414
0.058403564042
0.0583669322255
0.0583314241725
0.0582970246295
0.0582637199662
0.0582314981364
0.0582003486407
0.058170262491
0.0581412321781
0.0581132516407
0.0580863162363
0.0580604227143
0.0580355691908
0.0580117551247
0.0579889812964
0.0579672497867
0.0579465639585
0.0579269284388
0.0579083491032
0.0578908330607
0.0578743886401
0.057859025378
0.0578447540072
0.0578315864466
0.0578195357924
0.0578086163094
0.0577988434241
0.0577902337182
0.0577828049231
0.0577765759152
0.0577715667113
0.057767798466
0.0577652934683
0.0577640751395
0.0577641680319
0.057765597827
0.0577683913349
0.0577725764941
0.0577781823711
0.0577852391604
0.0577937781851
0.0578038318974
0.0578154338785
0.0578286188401
0.0578434226242
0.0578598822036
0.0578780356823
0.0576094538011
0.0573652375979
0.0571440766222
0.0569448094574
0.0567663745059
0.0566077972711
0.0564681820473
0.0563467048301
0.0562426070432
0.0561551899523
0.0560838096815
0.0560278727603
0.0559868321373
0.0559601836094
0.0559474626207
0.0559482413895
0.0559621263326
0.0559887557544
0.0560277977783
0.0560789484971
0.0561419303255
0.0562164905378
0.0563023999799
0.0563994519442
0.0565074611993
0.0566262631698
0.0567557132612
0.0568956863301
0.0570460762993
0.0572067959207
0.0573777766934
0.0575589689441
0.0577503420812
0.0579518850395
0.058163606934
0.0583855379475
0.058617730483
0.0588602606187
0.0591132299135
0.0593767676194
0.0596510333747
0.0599362204664
0.0602325597739
0.0605403245341
0.0608598361045
0.0611914709499
0.0615356691401
0.061892939195
0.0622636749392
0.0626486327477
0.0630486942053
0.0634648918965
0.0638984420916
0.0643507867521
0.0648236481744
0.0653191011481
0.0658396698793
0.0663884607687
0.0669693485528
0.06758724449
0.0682484956901
0.0689615042648
0.0697377374788
0.0705934888016
0.0715532379951
