73.4966427802
98.4598896813
123.34539517
142.358736756
154.813136944
161.744029985
165.239498135
166.890817223
167.619283868
167.899400737
167.963388536
167.922582325
167.830068796
167.711242538
167.578375297
167.437505914
167.291694545
167.142563308
166.991029139
166.83765483
166.682818839
166.526798599
166.369812259
166.212040234
166.053636837
165.894736943
165.735460076
165.575913136
165.416192341
165.256384708
165.096569225
164.93681782
164.777196164
164.617764361
164.458577539
164.29968636
164.14113746
163.982973844
163.825235216
163.667958289
163.511177036
163.354922934
163.199225166
163.044110806
162.889604981
162.735731027
162.582510613
162.429963862
162.278109464
162.126964769
161.976545878
161.826867723
161.677944141
161.529787944
161.382410979
161.235824188
161.090037657
160.945060669
160.800901748
160.657568698
160.515068651
160.373408092
160.232592904
160.092628393
159.953519321
159.815269933
159.677883985
159.541364769
159.405715133
159.270937507
159.137033925
159.004006039
158.871855145
158.740582194
158.610187814
158.480672324
158.35203575
158.224277838
158.097398067
157.971395667
157.846269626
157.722018704
157.598641445
157.476136188
157.354501075
157.233734061
157.113832929
156.994795289
156.876618598
156.759300158
156.642837129
156.527226537
156.412465279
156.298550131
156.185477753
156.073244699
155.961847418
155.851282263
155.741545496
155.632633293
155.524541749
155.417266883
155.310804642
155.205150906
155.100301493
154.996252161
154.892998614
154.790536506
154.68886144
154.587968979
154.487854643
154.388513914
154.289942241
154.192135039
154.095087697
153.998795574
153.903254009
153.808458318
153.714403796
153.621085725
153.52849937
153.436639984
153.345502809
153.255083078
153.165376019
153.076376852
152.988080796
152.900483061
152.813578876
152.727363448
152.641831995
152.55697974
152.472801911
152.389293739
152.306450466
152.224267341
152.142739621
152.061862574
151.98163148
151.902041632
151.823088333
151.744766903
151.667072675
151.590000997
151.513547235
151.43770677
151.362475001
151.287847346
151.213819239
151.140386136
151.06754351
150.995286857
150.923611691
150.852513549
150.781987987
150.712030586
150.642636946
150.573802691
150.505523468
150.437794946
150.37061282
150.303972805
150.237870642
150.172302097
150.107262957
150.042749037
149.978756175
149.915280234
149.852317102
149.789862692
149.727912942
149.666463816
149.605511303
149.545051419
149.485080202
149.425593719
149.366588061
149.308059346
149.250003716
149.192417341
149.135296415
149.078637158
149.022435817
148.966688663
148.911391994
148.856542134
148.802135433
148.748168264
148.694637028
148.641538153
148.588868088
148.536623312
148.484800328
148.433395662
148.382405868
148.331827525
148.281657235
148.231891628
148.182527357
148.1335611
