12.6003389
9.50030348701
9.49553938014
9.49018130188
9.48425620321
9.47778782254
9.47079807749
9.46330734237
9.45533459664
9.44689754631
9.43801273074
9.42869561756
9.41896068739
9.40882150968
9.3982908108
9.38738053523
9.37610190087
9.36446544902
9.35248108961
9.34015814245
9.32750541443
9.3145310759
9.30124292653
9.28764826905
9.27375397391
9.25956650342
9.2450919341
9.23033597726
9.21530399804
9.20000103304
9.18443180678
9.16860074692
9.15251199847
9.13616943709
9.11957668149
9.1027371051
9.08565384698
9.06832982213
9.05076773117
9.0329700695
9.01493913602
8.99667704127
8.97818571536
8.95946691532
8.94052223228
8.92135309825
8.90196079266
8.88234644866
8.86251105913
8.84245548259
8.82218044885
8.80168656449
8.7809743183
8.76004408647
8.73889613776
8.71753063854
8.69594765778
8.67414717192
8.65212906982
8.62989315753
8.6074391631
8.58476674145
8.56187547913
8.53876489916
8.5154344659
8.49188358991
8.46811163295
8.44411791291
8.41990170893
8.39546226652
8.37079880279
8.34591051182
8.32079657003
8.29545614177
8.26988838496
8.2440924569
8.21806752017
8.19181274872
8.16532733407
8.13861049168
8.11166146745
8.0844795444
8.05706404955
8.02941436088
8.00152991452
7.9734102121
7.94505482827
7.91646341835
7.8876357262
7.85857159224
7.82927096155
7.79973389228
7.76996056402
7.73995128647
7.70970650812
7.67922682509
7.6485129901
7.61756592146
7.58638671218
7.55497663912
7.52333717215
7.49146998335
7.45937695618
7.42706019458
7.39452203206
7.36176504064
7.32879203964
7.29560610441
7.26221057472
7.22860906299
7.19480546223
7.16080395367
7.12660901397
7.09222542213
7.05765826582
7.02291294733
6.98799518888
6.95291103744
6.91766686879
6.88226939102
6.84672564721
6.81104301732
6.77522921937
6.73929230956
6.70324068166
6.66708306531
6.63082852339
6.5944864483
6.55806655723
6.52157888627
6.48503378344
6.44844190047
6.41181418356
6.37516186275
6.33849644028
6.60647875669
6.55160565625
6.49714928671
6.44313604373
6.38958854022
6.33652819826
6.2839754715
6.23194985735
6.18046988899
6.12955312452
6.07921613454
6.02947448882
5.98034274191
5.93183441807
5.88341053217
5.83557201971
5.7884151632
5.74194890199
5.69618113124
5.65111859938
5.60676689957
5.56313044831
5.52021246379
5.47801494387
5.43653864328
5.39578304996
5.35574636002
5.31642545078
5.27781585126
5.2399117093
5.20270575417
5.16618925355
5.13035196314
5.09518206711
5.06066610702
5.02678889632
4.99353341702
4.96088069422
4.92880964324
4.89729688279
4.86631650619
4.83583980032
4.80583489955
4.77626635831
4.74709462126
4.71827536406
4.68975866915
4.66148798979
4.63339884002
4.60541712607
4.57745700404
4.54941810424
4.52118189714
4.49260687969
4.46352211301
4.43371841454
4.40293614252
4.37084791234
4.33703356655
4.30094292372
4.26183850751
4.2187039639
4.17009031693
4.11384146304
4.04656277307
