1.014696
2.58726872851
2.86599472326
3.37645832842
3.49777193112
3.51737651541
3.48299526297
3.4187679498
3.34258775801
3.26371783323
3.18630181779
3.11200799067
3.0413987422
2.97456303153
2.91139517125
2.85171527961
2.79532072737
2.74200787966
2.69158059102
2.64385410772
2.59865556648
2.55582403135
2.51520998253
2.4766746398
2.44008923715
2.40533430114
2.37229895655
2.34088027011
2.31098263614
2.28251720506
2.25540135423
2.22955819926
2.20491614388
2.18140846594
2.15897293715
2.13755147421
2.11708981874
2.09753724401
2.07884628606
2.06097249736
2.04387422095
2.02751238345
2.0118503052
1.99685352612
1.98248964584
1.9687281769
1.95554040986
1.94289928929
1.93077929961
1.91915636009
1.90800772797
1.89731190924
1.88704857628
1.87719849175
1.86774343832
1.85866615368
1.84995027027
1.84158025962
1.83354138061
1.82581963152
1.81840170552
1.81127494925
1.8044273244
1.79784737183
1.79152417825
1.78544734515
1.77960695975
1.77399356793
1.76859814898
1.76341209196
1.75842717351
1.75363553725
1.74902967431
1.74460240517
1.74034686262
1.73625647573
1.73232495483
1.72854627736
1.72491467459
1.7214246191
1.718070813
1.71484817683
1.7117518391
1.70877712642
1.70591955415
1.70317481763
1.70053878386
1.69800748361
1.69557710399
1.69324398144
1.69100459497
1.68885555996
1.68679362207
1.68481565158
1.68291863804
1.68109968508
1.6793560056
1.67768491711
1.67608383736
1.67455028015
1.67308185134
1.67167624508
1.67033124017
1.66904469667
1.66781455259
1.66663882076
1.66551558587
1.66444300162
1.66341928798
1.66244272864
1.66151166848
1.66062451124
1.65977971725
1.65897580124
1.65821133029
1.65748492185
1.6567952418
1.6561410027
1.655520962
1.65493418318
1.65437898072
1.65385450209
1.65335966833
1.65289343771
1.65245480436
1.65204279699
1.65165647762
1.6512949404
1.65095731045
1.65064274276
1.65035042113
1.65007955714
1.64982938919
1.64959918153
1.64938822338
1.64919582803
1.64902133204
1.64886409438
1.6487234957
1.64859893757
1.64848984173
1.64839564943
1.64831582077
1.64824983401
1.648197185
1.64815738655
1.64812996787
1.64811447402
1.64811046535
1.64811751702
1.64813521846
1.64816317295
1.64820099709
1.6482483204
1.64830478488
1.64837004459
1.64844376524
1.64852562382
1.64861530824
1.64871251691
1.64881695849
1.64892835143
1.64904642378
1.64917091276
1.64930156453
1.64943813389
1.64958038395
1.64972808593
1.64988101883
1.65003896921
1.65020173095
1.65036910501
1.65054089915
1.65071692781
1.65089701178
1.65108097808
1.65126865974
1.65145989557
1.65165452999
1.6518524129
1.65205339943
1.6522573498
1.65246412918
1.6526736075
1.6528856593
1.65310016361
1.65331700379
1.65353606735
1.65375724589
1.65398043494
1.65420553381
1.65443244548
1.65466107653
1.65489133695
1.65512314009
1.65535640252
1.65559104395
1.6558269871
1.65606415765
1.65630248411
