6.3900513562
6.38734779612
6.38464636506
6.38194706593
6.37924990158
6.37655487489
6.37386198868
6.3711712458
6.36848264905
6.36579620124
6.36311190515
6.36042976356
6.35774977925
6.35507195496
6.35239629344
6.34972279744
6.34705146968
6.34438231288
6.34171532976
6.33905052302
6.33638789537
6.33372744949
6.33106918808
6.32841311382
6.32575922937
6.32310753742
6.32045804063
6.31781074165
6.31516564314
6.31252274776
6.30988205815
6.30724357696
6.30460730681
6.30197325036
6.29934141022
6.29671178903
6.29408438942
6.29145921399
6.28883626539
6.2862155462
6.28359705906
6.28098080657
6.27836679134
6.27575501597
6.27314548306
6.27053819521
6.26793315501
6.26533036507
6.26272982796
6.26013154628
6.25753552262
6.25494175956
6.25235025967
6.24976102554
6.24717405974
6.24458936484
6.24200694342
6.23942679803
6.23684893126
6.23427334565
6.23170004377
6.22912902817
6.22656030141
6.22399386604
6.2214297246
6.21886787964
6.21630833371
6.21375108933
6.21119614905
6.2086435154
6.20609319089
6.20354517807
6.20099947944
6.19845609753
6.19591503484
6.19337629389
6.19083987718
6.18830578721
6.18577402647
6.18324459746
6.18071750266
6.17819274456
6.17567032562
6.17315024832
6.17063251513
6.1681171285
6.16560409089
6.16309340474
6.16058507251
6.15807909662
6.1555754795
6.15307422358
6.15057533126
6.14807880497
6.14558464709
6.14309286003
6.14060344617
6.13811640788
6.13563174754
6.1331494675
6.13066957012
6.12819205774
6.12571693269
6.12324419729
6.12077385387
6.11830590472
6.11584035214
6.11337719841
6.1109164458
6.10845809657
6.10600215296
6.10354861723
6.10109749158
6.09864877824
6.09620247939
6.09375859723
6.09131713392
6.08887809163
6.0864414725
6.08400727865
6.08157551219
6.07914617524
6.07671926986
6.07429479812
6.07187276207
6.06945316374
6.06703600515
6.06462128829
6.06220901514
6.05979918766
6.05739180779
6.05498687744
6.05258439853
6.05018437291
6.04778680246
6.04539170308
6.04299907713
6.04060892689
6.03822125458
6.03583606234
6.03345335226
6.03107312633
6.0286953865
6.02632013464
6.02394737255
6.02157710197
6.01920932456
6.01684404192
6.01448125557
6.01212096698
6.00976317753
6.00740788856
6.00505510132
6.00270481698
6.00035703668
5.99801176146
5.99566899231
5.99332873013
5.99099097577
5.98865573
5.98632299354
5.98399276701
5.98166505098
5.97933984595
5.97701715234
5.97469697052
5.97237930076
5.97006414328
5.96775149821
5.96544136564
5.96313374554
5.96082863785
5.9585260424
5.95622595897
5.95392838725
5.95163332684
5.94934077728
5.94705073802
5.94476320841
5.94247818773
5.94019567517
5.93791566982
5.93563817066
5.93336317669
5.93109068682
5.92882069985
5.92655321448
5.92428822929
5.92202574273
5.91976575311
5.91750825861
5.91525325721
5.91300074672
5.91075072471
5.90850318851
5.90625813511
5.90401556117
5.90177546282
5.89953783562
5.89730267426
