-22.528663499
-38.9400344195
-40.8996754522
-41.5585806587
-43.3193295733
-44.8596331533
-46.2955745129
-47.5343548704
-48.6549162067
-49.6758290491
-50.6110516024
-51.4715432682
-52.2662259884
-53.0025536979
-53.6868623703
-54.3245988329
-54.9204808981
-55.478616674
-56.0025972961
-56.4955729475
-56.960314689
-57.3992669082
-57.8145916389
-58.2082063243
-58.5818161205
-58.9369415984
-59.274942546
-59.5970384482
-59.9043261302
-60.1977949717
-60.4783400432
-60.7467734562
-61.0038341845
-61.2501965693
-61.4864776959
-61.7132437988
-61.9310158326
-62.1402743234
-62.3414636026
-62.5349955063
-62.7212526165
-62.9005911041
-63.0733432297
-63.239819548
-63.4003108552
-63.5550899134
-63.7044129822
-63.8485211817
-63.9876417087
-64.1219889262
-64.2517653388
-64.3771624727
-64.4983616672
-64.6155347923
-64.7288448981
-64.8384468062
-64.9444876477
-65.0471073558
-65.1464391156
-65.2426097784
-65.3357402415
-65.4259457991
-65.5133364662
-65.5980172784
-65.6800885698
-65.7596462311
-65.8367819499
-65.9115834345
-65.9841346229
-66.0545158777
-66.122804169
-66.1890732457
-66.2533937957
-66.3158335973
-66.3764576602
-66.4353283599
-66.4925055623
-66.5480467432
-66.6020070996
-66.6544396555
-66.7053953614
-66.7549231893
-66.8030702214
-66.8498817353
-66.8954012835
-66.9396707702
-66.9827305228
-67.0246193607
-67.0653746602
-67.1050324162
-67.1436273011
-67.1811927206
-67.2177608666
-67.2533627683
-67.2880283399
-67.3217864264
-67.3546648478
-67.3866904405
-67.4178890969
-67.4482858037
-67.4779046776
-67.5067690004
-67.5349012514
-67.5623231394
-67.5890556323
-67.6151189866
-67.6405327739
-67.6653159082
-67.6894866704
-67.7130627326
-67.7360611811
-67.7584985384
-67.7803907846
-67.8017533771
-67.8226012705
-67.8429489347
-67.8628103733
-67.8821991398
-67.9011283548
-67.9196107305
-67.9376585476
-67.9552837288
-67.9724978121
-67.9893119747
-68.0057370454
-68.0217835173
-68.0374615593
-68.0527810275
-68.067751476
-68.0823821675
-68.0966820831
-68.1106599324
-68.1243241622
-68.1376829658
-68.1507442916
-68.1635158511
-68.1760051273
-68.1882193817
-68.2001656625
-68.2118508108
-68.2232814682
-68.2344640828
-68.2454049159
-68.2561100481
-68.2665853847
-68.2768366622
-68.2868694528
-68.2966891707
-68.3063010761
-68.315710281
-68.3249217533
-68.3339403219
-68.3427706805
-68.3514173922
-68.3598848938
-68.368177499
-68.3762994031
-68.3842546861
-68.3920473163
-68.3996811539
-68.4071599545
-68.4144873718
-68.4216669608
-68.4287021814
-68.4355964003
-68.4423528946
-68.4489748543
-68.4554653844
-68.4618275082
-68.4680641691
-68.4741782335
-68.4801724924
-68.4860496642
-68.4918123968
-68.4974632692
-68.5030047937
-68.5084394184
-68.5137695279
-68.5189974464
-68.5241254385
-68.5291557112
-68.5340904158
-68.538931649
-68.5436814548
-68.548341826
-68.5529147054
-68.5574019873
-68.5618055189
-68.5661271017
-68.5703684927
-68.5745314053
-68.5786175111
-68.5826284406
-68.5865657847
-68.5904310951
-68.5942258864
-68.5979516361
-68.6016097862
-68.6052017441
-68.6087288833
-22.528663499
-38.8055571959
-40.7528769937
-41.4405260508
-43.2218467845
-44.7847247946
-46.1684866425
-47.4083192849
-48.5298751231
-49.5517349261
-50.4878600883
-51.3492118076
-52.1447135293
-52.8818207234
-53.5668710226
-54.2053130355
-54.8018664409
-55.3606412263
-55.8852304962
-56.37878628
-56.8440814586
-57.2835621646
-57.6993920887
-58.0934902367
-58.4675632287
-58.8231330013
-59.161560611
-59.484066718
-59.7917492328
-60.0855985366
-60.3665106217
-60.6352984485
-60.8927017708
-61.1393956475
-61.3759978235
-61.6030751402
-61.8211491107
-62.0307007753
-62.2321749394
-62.4259838766
-62.6125105726
-62.7921115717
-62.9651194806
-63.1318451743
-63.2925797466
-63.4475962363
-63.5971511602
-63.7414858786
-63.8808278125
-64.0153915338
-64.1453797435
-64.2709841512
-64.3923862689
-64.5097581284
-64.6232629323
-64.7330556457
-64.8392835355
-64.9420866625
-65.0415983331
-65.1379455128
-65.2312492075
-65.3216248144
-65.4091824462
-65.4940272314
-65.5762595925
-65.6559755044
-65.733266735
-65.8082210692
-65.8809225179
-65.9514515138
-66.0198850938
-66.0862970708
-66.1507581941
-66.2133363007
-66.2740964568
-66.3331010919
-66.3904101241
-66.4460810793
-66.5001692026
-66.5527275643
-66.6038071598
-66.6534570039
-66.7017242206
-66.7486541273
-66.7942903155
-66.8386747267
-66.8818477245
-66.9238481633
-66.9647134532
-67.0044796221
-67.043181374
-67.0808521453
-67.1175241581
-67.1532284703
-67.1879950242
-67.2218526923
-67.2548293209
-67.2869517723
-67.3182459639
-67.3487369068
-67.3784487415
-67.4074047726
-67.435627502
-67.4631386603
-67.489959237
-67.5161095089
-67.5416090682
-67.5664768485
-67.59073115
-67.6143896634
-67.6374694936
-67.6599871809
-67.6819587228
-67.7033995938
-67.7243247652
-67.7447487233
-67.7646854874
-67.7841486268
-67.8031512772
-67.8217061671
-67.8398255889
-67.8575214811
-67.8748053957
-67.8916885233
-67.9081817064
-67.924295451
-67.9400399388
-67.9554250386
-67.9704603167
-67.985155048
-67.9995182253
-68.0135585698
-68.0272845397
-68.0407043394
-68.0538259283
-68.0666570285
-68.0792051336
-68.0914775155
-68.1034812323
-68.1152231351
-68.1267098753
-68.1379479106
-68.1489435116
-68.159702768
-68.1702315945
-68.1805357361
-68.1906207741
-68.2004921308
-68.2101550753
-68.2196147275
-68.2288760637
-68.2379439206
-68.2468229998
-68.2555178721
-68.2640329818
-68.2723726503
-68.2805410799
-68.2885423579
-68.2963804598
-68.3040592527
-68.3115824989
-68.3189538588
-68.3261768943
-68.3332550715
-68.3401917637
-68.3469902543
-68.3536537392
-68.3601853298
-68.3665880552
-68.3728648648
-68.3790186306
-68.3850521496
-68.3909681457
-68.3967692721
-68.4024581135
-68.4080371876
-68.4135089474
-68.4188757831
-68.4241400237
-68.4293039389
-68.4343697407
-68.4393395852
-68.444215574
-68.4489997558
-68.4536941278
-68.4583006377
-68.4628211841
-68.4672576187
-68.4716117474
-68.4758853314
-68.4800800885
-68.4841976943
-68.4882397835
-68.492207951
-68.4961037526
-68.4999287067
-68.5036842947
-68.5073719624
-68.5109931211
-68.5145491478
