1.384e-05
0.000338537207927
0.0003389064878
0.000339267339327
0.00033962442735
0.000339980359983
0.000340336513276
0.000340693547541
0.000341051721506
0.000341411079881
0.000341771562572
0.000342126708925
0.000342495367388
0.000342858618627
0.000343222561959
0.000343587124653
0.000343952247057
0.000344317881661
0.000344683991458
0.000345050548159
0.000345417530512
0.000345784922826
0.000346151946562
0.000346520881983
0.000346889515156
0.000347259292384
0.000347629391026
0.000347999813249
0.000348370561961
0.000348741640546
0.000349113052669
0.000349484802129
0.000349856892755
0.000350229328334
0.000350602112556
0.000350975248985
0.000351348741036
0.000351722591963
0.000352096804854
0.000352471382634
0.000352846328065
0.000353221643749
0.000353597332144
0.00035397339556
0.000354349836175
0.000354726656043
0.000355103857095
0.000355481441155
0.000355859409945
0.000356237765089
0.000356616508123
0.000356995640504
0.000357375163608
0.000357755078744
0.000358135387154
0.000358516090021
0.000358897188469
0.000359278683575
0.000359660576364
0.00036004286782
0.000360425558883
0.000360808650459
0.000361192143415
0.00036157603859
0.000361960336789
0.000362345038792
0.000362730145355
0.000363115657207
0.000363501575057
0.000363887899594
0.000364274631489
0.000364661771395
0.00036504931995
0.000365437277776
0.000365825645484
0.000366214423671
0.000366603612922
0.000366993213812
0.000367383226908
0.000367773652765
0.000368164488935
0.000368555441933
0.000368947106303
0.000369339186483
0.000369731682674
0.000370124564942
0.000370517893557
0.000370911639689
0.000371305803451
0.000371700385289
0.000372095385661
0.000372490805037
0.000372886643889
0.000373282902694
0.000373679581928
0.000374076682068
0.00037447420359
0.000374872146968
0.000375270512676
0.000375669301187
0.000375761657769
0.000376124051879
0.000376502541366
0.000376891346337
0.000377286811551
0.000377686629208
0.000378089340269
0.000378494021195
0.000378900086812
0.000379307166024
0.000379715023328
0.00038012350921
0.000380532528739
0.000380942021672
0.000381351949836
0.000381762289116
0.00038217302437
0.000382584146183
0.000382995648814
0.000383407528872
0.000383819784487
0.000384232414763
0.000384645419442
0.00038505879868
0.000385472552908
0.000385886682736
0.000386301188896
0.000386716072203
0.000387131333531
0.000387546973794
0.000387962993935
0.000388379394902
0.00038879617769
0.000389213343301
0.000389630892735
0.000390048827003
0.000390467147142
0.000390885854146
0.000391304949042
0.00039172443286
0.000392144306634
0.000392564571398
0.000392985228188
0.000393406278041
0.000393827721994
0.000394249561084
0.00039467179635
0.000395094428828
0.000395517459555
0.000395940889568
0.000396364719901
0.000396788951588
0.000397213585663
0.000397638623155
0.000398064065095
0.00039848991251
0.000398916166427
0.000399342827868
0.000399769897856
0.000400197377409
0.000400625267545
0.000401053569278
0.000401482283618
0.000401911411576
0.000402340954158
0.000402770912365
0.000403201287199
0.000403632079657
0.000404063290733
0.000404494921416
0.000404926972695
0.000405359445553
0.000405792340971
0.000406225659926
0.000406659403391
0.000407093572336
0.000407528167726
0.000407963190525
0.00040839864169
0.000408834522176
0.000409270832934
0.000409707574911
0.000410144749049
0.000410582356288
0.000411020397562
0.000411458873801
0.000411897785934
0.000412337134881
0.000412776921562
0.000413217146892
0.000413657811779
0.000414098917131
0.000414540463849
0.000414982452831
0.000415424884969
0.000415867761155
0.000416311082272
0.000416754849201
0.00041719906282
0.000417643724
