-1422.32611141
-710.293481736
-709.440306823
-708.578904847
-707.71030817
-706.835364569
-705.9548333
-705.069424253
-704.179812118
-703.286641288
-702.390527413
-701.492057793
-700.591791421
-699.690258957
-698.787962749
-697.88537692
-696.982947557
-696.081092965
-695.180204021
-694.280644584
-693.38275199
-692.486837595
-691.593187382
-690.702062618
-689.813700547
-688.928315128
-688.0460978
-687.167218275
-686.291825352
-685.420047747
-684.551994935
-683.687757993
-682.827410458
-681.971009172
-681.118595132
-680.270194321
-679.425818546
-678.585466244
-677.749123286
-676.916763759
-676.088350727
-675.263836977
-674.443165737
-673.626271375
-672.813080069
-672.003510462
-671.197474281
-670.394876938
-669.5956181
-668.79959224
-668.006689154
-667.216794458
-666.429790061
-665.645554607
-664.8639639
-664.084891297
-663.308208088
-662.533783841
-661.761486735
-660.991183869
-660.222741548
-659.456025549
-658.690901373
-657.927234474
-657.164890471
-656.403735344
-655.643635618
-654.884458523
-654.126072144
-653.368345565
-652.611148985
-651.854353834
-651.09783287
-650.341460273
-649.585111719
-648.82866445
-648.071997338
-647.314990934
-646.55752751
-645.799491102
-645.040767533
-644.28124444
-643.520811294
-642.759359407
-641.996781944
-641.232973924
-640.467832216
-639.701255542
-638.933144457
-638.163401347
-637.391931369
-636.618638615
-635.843431786
-635.066220407
-634.286915731
-633.505430713
-632.721679989
-631.935579845
-631.147048189
-630.356004524
-629.562369913
-628.766066951
-627.967019735
-627.165153831
-626.360396242
-625.552675378
-624.741921021
-623.928064297
-623.111037646
-622.290774785
-621.467210681
-620.640281524
-619.809924691
-618.976078721
-618.138683286
-617.29767916
-616.453008198
-615.604613302
-614.752438403
-613.896428428
-613.036529283
-612.172687826
-611.304851845
-610.432970037
-609.556991987
-608.676868149
-607.792549826
-606.903989153
-606.011139079
-605.113953353
-604.212386509
-603.306393848
-602.395931429
-601.480956057
-600.561425268
-599.637297322
-598.708531195
-597.775086567
-596.836923816
-595.894004013
-594.946288916
-593.993740967
-593.036323283
-592.07399966
-591.10673457
-590.134493156
-589.157241238
-588.174945309
-587.187572542
-586.195090789
-585.197468587
-584.194675161
-583.186680431
-582.173455019
-581.154970253
-580.131198179
-579.102111565
-578.067683917
-577.027889484
-575.982703271
-574.932101051
-573.876059378
-572.814555599
-571.74756787
-570.675075169
-569.59705731
-568.513494963
-567.424369669
-566.329663853
-565.229360848
-564.12344491
-563.011901235
-561.894715984
-560.771876295
-559.643370309
-558.50918719
-557.369317142
-556.223751435
-555.072482422
-553.915503565
-552.752809455
-551.584395833
-550.410259617
-549.23039892
-548.044813073
-546.853502653
-545.656469497
-544.453716735
-543.245248805
-542.031071479
-540.811183249
-539.585609277
-538.354351809
-537.117421956
-535.874832407
-534.626597371
-533.372732565
-532.113255217
-530.848184089
-529.57753949
-1422.32611141
-710.293481736
-709.440306823
-708.578904847
-707.71030817
-706.835364569
-705.9548333
-705.069424253
-704.179812118
-703.286641288
-702.390527413
-701.492057793
-700.591791421
-699.690258957
-698.787962749
-697.88537692
-696.982947557
-696.081092965
-695.180204021
-694.280644584
-693.38275199
-692.486837595
-691.593187382
-690.702062618
-689.813700547
-688.928315128
-688.0460978
-687.167218275
-686.291825352
-685.420047747
-684.551994935
-683.687757993
-682.827410458
-681.971009172
-681.118595132
-680.270194321
-679.425818546
-678.585466244
-677.749123286
-676.916763759
-676.088350727
-675.263836977
-674.443165737
-673.626271375
-672.813080069
-672.003510462
-671.197474281
-670.394876938
-669.5956181
-668.79959224
-668.006689154
-667.216794458
-666.429790061
-665.645554607
-664.8639639
-664.084891297
-663.308208088
-662.533783841
-661.761486735
-660.991183869
-660.222741548
-659.456025549
-658.690901373
-657.927234474
-657.164890471
-656.403735344
-655.643635618
-654.884458523
-654.126072144
-653.368345565
-652.611148985
-651.854353834
-651.09783287
-650.341460273
-649.585111719
-648.82866445
-648.071997338
-647.314990934
-646.55752751
-645.799491102
-645.040767533
-644.28124444
-643.520811294
-642.759359407
-641.996781944
-641.232973924
-640.467832216
-639.701255542
-638.933144457
-638.163401347
-637.391931369
-636.618638615
-635.843431786
-635.066220407
-634.286915731
-633.505430713
-632.721679989
-631.935579845
-631.147048189
-630.356004524
-629.562369913
-628.766066951
-627.967019735
-627.165153831
-626.360396242
-625.552675378
-624.741921021
-623.928064297
-623.111037646
-622.290774785
-621.467210681
-620.640281524
-619.809924691
-618.976078721
-618.138683286
-617.29767916
-616.453008198
-615.604613302
-614.752438403
-613.896428428
-613.036529283
-612.172687826
-611.304851845
-610.432970037
-609.556991987
-608.676868149
-607.792549826
-606.903989153
-606.011139079
-605.113953353
-604.212386509
-603.306393848
-602.395931429
-601.480956057
-600.561425268
-599.637297322
-598.708531195
-597.775086567
-596.836923816
-595.894004013
-594.946288916
-593.993740967
-593.036323283
-592.07399966
-591.10673457
-590.134493156
-589.157241238
-588.174945309
-587.187572542
-586.195090789
-585.197468587
-584.194675161
-583.186680431
-582.173455019
-581.154970253
-580.131198179
-579.102111565
-578.067683917
-577.027889484
-575.982703271
-574.932101051
-573.876059378
-572.814555599
-571.74756787
-570.675075169
-569.59705731
-568.513494963
-567.424369669
-566.329663853
-565.229360848
-564.12344491
-563.011901235
-561.894715984
-560.771876295
-559.643370309
-558.50918719
-557.369317142
-556.223751435
-555.072482422
-553.915503565
-552.752809455
-551.584395833
-550.410259617
-549.23039892
-548.044813073
-546.853502653
-545.656469497
-544.453716735
-543.245248805
-542.031071479
-540.811183249
-539.585609277
-538.354351809
-537.117421956
-535.874832407
-534.626597371
-533.372732565
-532.113255217
-530.848184089
-529.57753949
