0.00438734584479
0.00434339054945
0.0043028374072
0.00426541189155
0.00423086738621
0.00419898221739
0.00416955659967
0.00414240997311
0.00411737871676
0.00409431418192
0.00407308099453
0.00405355558468
0.00403562490851
0.00401918533369
0.00400414166462
0.00399040628717
0.0039778984163
0.00396654343238
0.00395627229412
0.00394702101817
0.00393873021653
0.00393134467525
0.00392481302424
0.00391908735074
0.00391412294331
0.00390987801694
0.00390631347454
0.00390339269195
0.00390108132382
0.00389934712786
0.00389815980571
0.00389749085839
0.00389731345501
0.0038976023131
0.00389833358965
0.00389948478146
0.00390103463419
0.00390296305897
0.00390525105599
0.00390788064439
0.00391083479777
0.0039140973849
0.00391765311508
0.00392148748774
0.00392558674588
0.00392993783309
0.00393452835374
0.00393934653609
0.00394438119816
0.00394962171591
0.00395505799384
0.00396068043754
0.00396647992818
0.00397244779871
0.00397857581175
0.00398485613883
0.00399128134114
0.0039978443514
0.004004538457
0.00401135728419
0.00401829478322
0.00402534521448
0.00403250313541
0.00403976338834
0.00404712108893
0.00405457161537
0.00406211059825
0.00406973391093
0.00407743766063
0.00408521817983
0.00409307201839
0.00410099593594
0.00410898689478
0.0041170420532
0.00412515875914
0.0041333345442
0.00414156711801
0.00414985436291
0.00415819432887
0.00416658522879
0.00417502543396
0.00418351346981
0.00419204801193
0.00420062788219
0.00420925204526
0.00421791960508
0.00422662980178
0.00423538200852
0.00424417572869
0.00425301059318
0.00426188635776
0.00427080290072
0.00427976022047
0.00428875843346
0.00429779777201
0.00430687858242
0.00431600132309
0.00432516656272
0.00433437497867
0.00434362735534
0.00435292458265
0.00436226765457
0.00437165766772
0.00438109582006
0.00439058340954
0.0044001218329
0.00440971258442
0.00441935725474
0.00442905752969
0.00443881518917
0.00444863210595
0.00445851024459
0.00446845166028
0.00447845849766
0.00448853298969
0.00449867745641
0.00450889430372
0.0045191860221
0.0045295551853
0.0045400044489
0.00455053654892
0.00456115430023
0.00457186059495
0.00458265840074
0.00459355075897
0.00460454078279
0.00461563165505
0.00462682662613
0.00463812901154
0.00464954218948
0.00466106959812
0.00467271473276
0.00468448114278
0.00469637242839
0.00470839223716
0.00470067281337
0.00469482220609
0.00469074136143
0.00468834284836
0.00468754638722
0.00468827784954
0.0046904686468
0.00469405521137
0.00469897853516
0.00470518375649
0.00471261978927
0.00472123898946
0.00473099685457
0.00474185175237
0.00475376467579
0.00476669902111
0.0047806203871
0.00479549639314
0.00481129651443
0.00482799193285
0.00484555540224
0.00486396112695
0.00488318465278
0.0049032027697
0.00492399342564
0.00494553565114
0.00496780949446
0.00499079596714
0.00501447700006
0.00503883541023
0.00506385487872
0.00508951994023
0.00511581598526
0.00514272927579
0.00517024697585
0.00519835719867
0.00522704907238
0.00525631282697
0.00528611700646
0.00531645551927
0.00534732641952
0.00537872943276
0.00541066623074
0.00544314076085
0.00547615964575
0.00550973266887
0.00554387336631
0.00557859975159
0.00561393520793
0.00564990959409
0.00568656062524
0.0057239356127
0.00576209367745
0.00580110859886
0.00584107252834
0.00588210090185
0.00592433904822
0.00596797125181
0.00601323346317
0.00606043160352
0.00610996877088
0.00616238726398
0.00621843668929
0.00627919138215
0.00634627036458
