0.000629251138767
0.000623367633602
0.000618153633313
0.000613222163369
0.00060855023504
0.000604117873825
0.00059990718948
0.00059590201071
0.000592087663819
0.000588450797474
0.000584979234123
0.000581661841707
0.000578488422167
0.000575449614146
0.000572536807798
0.000569742069962
0.00056705807824
0.000564478062764
0.000561995754609
0.000559605339969
0.000557301419367
0.000555078971244
0.000552933319389
0.000550860103737
0.000548855254136
0.000546914966727
0.000545035682635
0.000543214068721
0.000541447000135
0.000539731544511
0.00053806494759
0.000536444620142
0.000534868126045
0.000533333171397
0.000531837594563
0.000530379357056
0.000528956535179
0.000527567312351
0.000526209972041
0.000524882891271
0.000523584534627
0.000522313448719
0.000521068257077
0.000519847655418
0.000518650407262
0.000517475339874
0.00051632134049
0.000515187352811
0.000514072373747
0.000512975450375
0.000511895677117
0.000510832193094
0.000509784179666
0.000508750858123
0.000507731487536
0.000506725362735
0.000505731812421
0.000504750197394
0.000503779908886
0.000502820367001
0.000501871019247
0.000500931339151
0.000500000824965
0.000499078998433
0.000498165403644
0.000497259605939
0.000496361190886
0.000495469763306
0.000494584946359
0.000493706380678
0.000492833723544
0.000491966648114
0.000491104842686
0.000490248009996
0.000489395866566
0.00048854814207
0.000487704578744
0.000486864930819
0.000486028964205
0.000485196455101
0.000484367190833
0.000483540968512
0.000482717594806
0.000481896885544
0.000481078665294
0.000480262766998
0.000479449031611
0.000478637307744
0.000477827451149
0.00047701932522
0.000476212799453
0.000475407749991
0.000474604059147
0.000473801615139
0.000473000311844
0.000472200048559
0.000471400729776
0.000470602264961
0.000469804568349
0.000469007558744
0.000468211159331
0.000467415297488
0.000466619904619
0.00046582491598
0.000465030270525
0.000464235910748
0.000463441782539
0.000462647835042
0.00046185402052
0.000461060294227
0.00046026661428
0.000459472941547
0.000458679239526
0.000457885474239
0.000457091614125
0.000456297629942
0.000455503494667
0.000454709183406
0.000453914673301
0.00045311994345
0.000452324974818
0.000451529750163
0.00045073425396
0.000449938472325
0.000449142392946
0.000448346005018
0.000447549299175
0.000446752267432
0.000445954903122
0.000445157200837
0.000444359156378
0.000443560766699
0.000442762029855
0.000441962944956
0.000441163512117
0.000440363732413
0.000439563607839
0.000438763141263
0.000437962336388
0.000437161197714
0.000436359730501
0.00043555794073
0.000434755835071
0.000433953420851
0.000433150706019
0.000432347699118
0.000431544409253
0.000430740846065
0.000429937019702
0.000429132940793
0.000428328620423
0.000427524070109
0.000426719301777
0.000425914327736
0.000425109160661
0.00042430381357
0.000423498299805
0.000422692633009
0.000421886827113
0.000421080896313
0.000420274855058
0.000419468718028
0.000418662500122
0.000417856216441
0.000417049882275
0.000416243513086
0.000415437124497
0.000414630732277
0.000413824352331
0.000413018000685
0.000412211693476
0.000411405446939
0.000410599277401
0.000409793201264
0.000408987235
0.000408181395139
0.000407375698262
0.00040657016099
0.000405764799975
0.000404959631895
0.000404154673444
0.000403349941324
0.000402545452239
0.000401741222887
0.000400937269954
0.000400133610108
0.000399330259992
0.000398527236217
0.00039772455536
0.000396922233954
0.000396120288486
0.000395318735389
0.00039451759104
0.000393716871754
0.00039291659378
0.000392116773294
0.000391317426401
0.000390518569122
0.000389720217399
0.000388922387084
