6.41405115642
6.4118017063
6.40959073602
6.40740630257
6.40524912871
6.40311956329
6.40101777706
6.39894383581
6.39689773228
6.3948794032
6.39288874023
6.39092559437
6.38898979304
6.38708113452
6.38519939966
6.38334434377
6.3815157113
6.37971323456
6.37793663601
6.37618563013
6.37445992514
6.37275922438
6.37108322765
6.36943163222
6.36780413382
6.36620042748
6.36462020824
6.36306317176
6.36152901489
6.36001743615
6.35852813612
6.35706081777
6.35561518683
6.35419095199
6.35278782513
6.35140552149
6.35004375987
6.34870226268
6.34738075609
6.34607897009
6.34479663852
6.34353349915
6.34228929365
6.34106376766
6.33985667073
6.3386677563
6.33749678175
6.33634350827
6.33520770089
6.33408912839
6.33298756328
6.33190278171
6.33083456344
6.32978269176
6.32874695343
6.3277271386
6.32672304077
6.32573445666
6.32476118622
6.32380303247
6.32285980152
6.3219313024
6.32101734707
6.32011775031
6.31923232965
6.3183609053
6.3175033001
6.31665933945
6.31582885122
6.3150116657
6.31420761555
6.31341653572
6.31263826339
6.31187263795
6.31111950087
6.31037869574
6.30965006811
6.30893346554
6.3082287375
6.30753573529
6.30685431208
6.3061843228
6.3055256241
6.30487807435
6.30424153355
6.30361586333
6.30300092691
6.30239658904
6.30180271598
6.30121917547
6.30064583673
6.30008257035
6.29952924835
6.2989857441
6.29845193188
6.29792768815
6.29741289024
6.29690741674
6.29641114748
6.29592396353
6.29544574718
6.29497638188
6.29451575229
6.2940637442
6.29362024455
6.29318514141
6.29275832397
6.29233968249
6.29192910835
6.29152649399
6.29113173291
6.29074471966
6.29036534984
6.28999352007
6.28962912359
6.28927206786
6.28892224813
6.28857956508
6.28824392032
6.28791521649
6.28759335716
6.28727824691
6.28696979123
6.28666789659
6.28637247041
6.28608342102
6.2858006577
6.28552409067
6.28525363106
6.28498919089
6.28473068315
6.28447802167
6.28423112123
6.28399848164
6.28377117606
6.2835491369
6.28333229527
6.28312058142
6.28291392511
6.28271225578
6.28251550279
6.28232359557
6.28213646371
6.28195403707
6.28177624586
6.28160302067
6.28143429258
6.28126999314
6.28111005445
6.28095440916
6.28080299054
6.28065573244
6.28051256938
6.28037343649
6.28023826961
6.28010700521
6.27997958048
6.27985593329
6.27973600222
6.27961972653
6.27950704623
6.27939790202
6.27929223531
6.27918998824
6.27909110366
6.27899552515
6.27890319699
6.27881406417
6.27872807242
6.27864516815
6.2785652985
6.27848841128
6.27841445504
6.27834337899
6.27827513306
6.27820966784
6.27814693461
6.27808688533
6.27802947262
6.27797464978
6.27792237075
6.27787259013
6.27782526316
6.27778034584
6.27773779457
6.27769756651
6.27765961941
6.27762391167
6.27759040226
6.27755905079
6.27752981742
6.27750266294
6.27747754868
6.27745443659
6.27743328913
6.27741406938
6.27739674092
6.27738126791
6.27736761504
