11.1435797817
11.1471999632
11.1549667049
11.1666500912
11.1820397256
11.2009413433
11.223174426
11.2485704202
11.276971338
11.3082286188
11.3422021764
11.3787595857
11.4177753807
11.4591304415
11.5027114563
11.548410448
11.5961243551
11.6457546613
11.6972070675
11.7503912014
11.8052203599
11.8616112828
11.919483951
11.9787614097
12.0393696123
12.1012372826
12.1642957937
12.2284790615
12.2937234506
12.3599676917
12.4271528079
12.4952220501
12.564120838
12.6337967083
12.7041992663
12.7752801424
12.8469929505
12.9192932497
12.9921385064
13.0654880582
13.139303078
13.213546538
13.2881831739
13.3631794475
13.4385035101
13.514125163
13.5900158186
13.6661484594
13.7424975962
13.8190392248
13.8957507819
13.9726110998
14.0496003602
14.1267000471
14.2038928988
14.2811628602
14.3584950332
14.4358756284
14.5132919157
14.5907321756
14.6681856499
14.7456424942
14.8230937295
14.9005311955
14.9779475042
15.055335995
15.1326906901
15.2100062519
15.2872779412
15.3645015769
15.4416734969
15.5187905217
15.5958499173
15.6728493614
15.7497869108
15.8266609681
15.903470256
15.9802138015
16.0568908642
16.1335009677
16.2100438448
16.2865194228
16.3629278026
16.4392692402
16.5155441291
16.5917529837
16.6678964248
16.7439751653
16.8199899974
16.8959417816
16.9718314355
17.0476599244
17.1234282524
17.1991374545
17.2747885899
17.3503827347
17.4259209771
17.5014044119
17.5768341359
17.6522112441
17.7275368263
17.802811964
17.8780377276
17.9532151744
18.0283453466
18.1034292699
18.1784679517
18.2534623805
18.3284135249
18.4033223327
18.4781897309
18.5530166249
18.6278038984
18.7025524137
18.7772630112
18.8519365098
18.9265737069
19.0011753789
19.0757422814
19.1502751495
19.2247746979
19.2992416221
19.3736765979
19.4480802826
19.522453315
19.5967963161
19.6711098895
19.7453946217
19.8196510832
19.8938798281
19.9680813952
20.0422563083
20.1164050767
20.1905281952
20.2646261453
20.338699395
20.4127483995
20.4867736017
20.560775432
20.6347543094
20.7087106416
20.7826448252
20.856557246
20.9304482798
21.004318292
21.0781676387
21.1519966663
21.2258057122
21.2995951048
21.3733651641
21.4471162016
21.5208485209
21.5945624174
21.6682581793
21.741936087
21.8155964139
21.8892394264
21.9628653839
22.0364745395
22.1100671396
22.1836434243
22.257203628
22.3307479786
22.4042766987
22.4777900051
22.551288109
22.6247712165
22.6982395283
22.7716932402
22.8451325429
22.9185576225
22.9919686601
23.0653658325
23.1387493119
23.2121192661
23.2854758588
23.3588192493
23.4321495931
23.5054670416
23.5787717423
23.652063839
23.7253434717
23.7986107769
23.8718658875
23.9451089329
24.0183400392
24.0915593292
24.1647669225
24.2379629354
24.3111474811
24.3843206699
24.4574826091
24.5306334031
24.6037731534
24.6769019586
24.7500199149
24.8231271156
24.8962236512
24.9693096101
25.0423850778
