6.7383210257
6.73555403734
6.73278912332
6.73002628654
6.72726552985
6.7245068561
6.72175026814
6.71899576878
6.71624336084
6.7134930471
6.71074483035
6.70799871337
6.70525469891
6.70251278973
6.69977298857
6.69703529817
6.69429972125
6.69156626054
6.68883491873
6.68610569855
6.68337860268
6.68065363382
6.67793079466
6.67521008787
6.67249151615
6.66977508215
6.66706078854
6.66434863799
6.66163863316
6.65893077671
6.65622507128
6.65352151953
6.65082012409
6.64812088762
6.64542381276
6.64272890213
6.64003615838
6.63734558415
6.63465718205
6.63197095472
6.62928690478
6.62660503486
6.62392534758
6.62124784557
6.61857253144
6.6158994078
6.61322847729
6.6105597425
6.60789320605
6.60522887057
6.60256673864
6.5999068129
6.59724909593
6.59459359036
6.59194029879
6.58928922381
6.58664036804
6.58399373408
6.58134932452
6.57870714197
6.57606718902
6.57342946828
6.57079398233
6.56816073378
6.56552972521
6.56290095923
6.56027443841
6.55765016535
6.55502814264
6.55240837287
6.54979085861
6.54717560245
6.54456260698
6.54195187477
6.5393434084
6.53673721045
6.53413328349
6.53153163009
6.52893225283
6.52633515427
6.52374033698
6.52114780353
6.51855755646
6.51596959835
6.51338393174
6.51080055919
6.50821948326
6.50564070648
6.5030642314
6.50049006056
6.4979181965
6.49534864176
6.49278139885
6.49021647032
6.48765385868
6.48509356644
6.48253559613
6.47997995026
6.47742663132
6.47487564182
6.47232698426
6.46978066112
6.46723667489
6.46469502805
6.46215572308
6.45961876244
6.45708414859
6.454551884
6.4520219711
6.44949441235
6.44696921018
6.44444636702
6.44192588529
6.43940776741
6.43689201578
6.4343786328
6.43186762087
6.42935898235
6.42685271964
6.42434883509
6.42184733106
6.41934820989
6.41685147392
6.41435712547
6.41186516686
6.4093756004
6.40688842838
6.40440365307
6.40192127676
6.3994413017
6.39696373014
6.3944885643
6.39201580642
6.38954545871
6.38707752334
6.38461201818
6.38214894604
6.37968830968
6.3772301118
6.37477435503
6.37232104195
6.36987017505
6.36742175679
6.36497578954
6.36253227562
6.36009121728
6.35765261672
6.35521647605
6.35278279736
6.35035158262
6.34792283379
6.34549655273
6.34307274126
6.34065140111
6.33823253397
6.33581614144
6.33340222508
6.33099078638
6.32858182673
6.32617534751
6.32377134997
6.32136983535
6.31897080478
6.31657425933
6.31418020002
6.31178862778
6.30939954346
6.30701294786
6.30462884169
6.30224722559
6.29986810012
6.29749146576
6.29511732292
6.29274567192
6.290376513
6.2880098463
6.28564567189
6.28328398975
6.28092479973
6.27856810162
6.2762138951
6.27386217972
6.27151295493
6.26916622007
6.26682197433
6.26448021678
6.26214094632
6.25980416172
6.25746986156
6.25513804433
6.25280870839
6.25048185185
6.24815747263
6.24583556833
6.24351613629
6.24119917342
6.23888467622
6.23657264061
6.23426306175
6.23195593382
