47391.318
44264.6681228
44256.8060944
44249.2049496
44241.7245055
44234.308654
44226.9316644
44219.5792409
44212.2414536
44204.9100915
44197.5776751
44190.2370924
44182.8814687
44175.5041231
44168.0985576
44160.658457
44153.1776933
44145.6503308
44138.0706299
44130.433052
44122.7322626
44114.9631336
44107.1207451
44099.2003871
44091.1975595
44083.107972
44074.9275437
44066.6524017
44058.2788794
44049.8035145
44041.2230466
44032.5344139
44023.7347504
44014.8213825
44005.791825
43996.6437774
43987.3751199
43977.9839089
43968.4683728
43958.8269078
43949.0580731
43939.1605862
43929.1333189
43918.9752924
43908.6856724
43898.2637652
43887.7090129
43877.0209888
43866.1993933
43855.2440495
43844.1548988
43832.9319972
43821.5755105
43810.0857112
43798.4629741
43786.7077728
43774.8206756
43762.8023429
43750.6535228
43738.3750482
43725.9678336
43713.4328722
43700.7712322
43687.9840546
43675.0725503
43662.0379968
43648.8817365
43635.6051733
43622.2097709
43608.69705
43595.0685863
43581.3260081
43567.4709944
43553.5052729
43539.4306178
43525.2488481
43510.9618261
43496.5714549
43482.0796774
43467.4884743
43452.7998627
43438.0158944
43423.1386547
43408.1702607
43393.1128599
43377.9686292
43362.7397732
43347.4285231
43332.0371355
43316.5678912
43301.0230939
43285.4050693
43269.7161638
43253.9587434
43238.1351927
43222.2479142
43206.2993266
43190.2918644
43174.2279767
43158.1101262
43141.9407885
43125.7224511
43109.4576122
43093.1487802
43076.7984729
43060.4092163
43043.9835439
43027.523996
43011.0331189
42994.5134639
42977.9675867
42961.3980465
42944.8074053
42928.1982275
42911.5730783
42894.934524
42878.2851304
42861.6274627
42844.9640846
42828.2975574
42811.6304396
42794.9652864
42778.3045497
42761.6509693
42745.0069924
42728.375152
42711.7579752
42695.157982
42678.5776843
42662.0195858
42645.4861807
42628.9799536
42612.5033787
42596.0589193
42579.6490273
42563.2761424
42546.942692
42530.6510902
42514.4037374
42498.20302
42482.0513097
42465.9509631
42449.9043209
42433.9137079
42417.9814321
42402.1097845
42386.3010384
42370.5574491
42354.8812535
42339.2746695
42323.7398956
42308.2791104
42292.8944726
42277.5881198
42262.362169
42247.2187155
42232.1598327
42217.187572
42202.3039619
42187.5110081
42172.8106928
42158.2049747
42143.6957882
42129.2850433
42114.9746254
42100.7663945
42086.6621854
42072.6638072
42058.7730426
42044.9916482
42031.3213537
42017.7638621
42004.3208487
41990.9939616
41977.7848207
41964.695018
41951.726117
41938.8796526
41926.1571305
41913.5600276
41901.0897909
41888.7478381
41876.5355568
41864.4543044
41852.505408
41840.690164
41829.0098379
41817.4656643
41806.0588465
41794.7905563
41783.6619339
41772.6740875
41761.8280934
41751.1249958
41740.5658061
41730.1515037
41719.8830347
41709.7613127
41699.7872182
41689.9615984
