1110.42396411
139.251363545
139.356149062
139.459296954
139.561905462
139.664144809
139.766050989
139.867641047
139.968928634
140.069925534
140.170641118
140.271081728
140.371250019
140.471145286
140.570760864
140.670087241
140.769109793
140.867809301
140.966161978
141.06413956
141.161709427
141.258834763
141.355474741
141.451584728
141.547116506
141.642018517
141.736236103
141.829711766
141.922385435
142.014194735
142.105075262
142.194960863
142.283783919
142.371475629
142.4579663
142.543185011
142.627062385
142.709527148
142.790508886
142.869937781
142.947744776
143.023861928
143.098222677
143.170762038
143.241417538
143.310127095
143.376832724
143.441478454
143.504011122
143.564380566
143.622539816
143.678445256
143.732056778
143.783337917
143.832255966
143.878782073
143.922891322
143.964562788
144.003779583
144.040528871
144.074801875
144.106593859
144.13590409
144.162735794
144.187096077
144.20899585
144.228449724
144.2454759
144.260096039
144.272335132
144.282221346
144.28978587
144.295062752
144.298088731
144.298903054
144.297547306
144.294065222
144.288502506
144.28090665
144.271326745
144.259813306
144.246418094
144.231193929
144.214194542
144.195474387
144.175076094
144.153092331
144.129541566
144.104492081
144.077999713
144.050120177
144.020908935
143.990421094
143.958711294
143.925833616
143.891841496
143.856787637
143.820723943
143.783701448
143.745770258
143.706979497
143.667377261
143.627010577
143.585925368
143.544166427
143.501777388
143.458800711
143.415277665
143.371248322
143.326751545
143.28182499
143.236505109
143.190827146
143.144825155
143.098532002
143.05197938
143.005197824
142.958216726
142.911064354
142.86376787
142.816353354
142.768845823
142.721269254
142.673646609
142.625999861
142.578350014
142.530717134
142.48312037
142.435577983
142.388107371
142.340725093
142.293446898
142.24628775
142.19926185
142.152382668
142.10566296
142.0591148
142.012749599
141.96657813
141.920610553
141.874856436
141.82932478
141.784024036
141.738962131
141.694146485
141.649584035
141.605281251
141.561244158
141.517478353
141.473989022
141.430780959
141.387858582
141.345225952
141.302886783
141.260844462
141.219102063
141.17766236
141.136527841
141.095700722
141.055182958
141.014976257
140.975082092
140.935501709
140.896236144
140.857286226
140.818652595
140.780335705
140.742335835
140.704653102
140.667287465
140.630238733
140.593506578
140.557090536
140.520990019
140.48520432
140.449732618
140.41457399
140.37972741
140.34519176
140.310965832
140.277048337
140.243437907
140.210133101
140.177132409
140.144434259
140.112037018
140.079938997
140.048138456
140.016633605
139.985422613
139.954503604
139.923874665
139.89353385
139.863479179
139.833708642
139.804220204
139.775011803
139.746081359
139.717426769
139.689045915
1110.42396411
139.251363541
139.356149062
139.459296954
139.561905462
139.664144809
139.766050989
139.867641047
139.968928634
140.069925534
140.170641118
140.271081728
140.371250019
140.471145286
140.570760864
140.670087241
140.769109793
140.867809301
140.966161978
141.06413956
141.161709427
141.258834763
141.355474741
141.451584728
141.547116506
141.642018517
141.736236103
141.829711766
141.922385435
142.014194735
142.105075262
142.194960863
142.283783919
142.371475629
142.4579663
142.543185011
142.627062385
142.709527148
142.790508886
142.869937781
142.947744776
143.023861928
143.098222677
143.170762038
143.241417538
143.310127095
143.376832724
143.441478454
143.504011122
143.564380566
143.622539816
143.678445256
143.732056778
143.783337917
143.832255966
143.878782073
143.922891322
143.964562788
144.003779583
144.040528871
144.074801875
144.106593859
144.13590409
144.162735794
144.187096077
144.20899585
144.228449724
144.2454759
144.260096039
144.272335132
144.282221346
144.28978587
144.295062752
144.298088731
144.298903054
144.297547306
144.294065222
144.288502506
144.28090665
144.271326745
144.259813306
144.246418094
144.231193929
144.214194542
144.195474387
144.175076094
144.153092331
144.129541566
144.104492081
144.077999713
144.050120177
144.020908935
143.990421094
143.958711294
143.925833616
143.891841496
143.856787637
143.820723943
143.783701448
143.745770258
143.706979497
143.667377261
143.627010577
143.585925368
143.544166427
143.501777388
143.458800711
143.415277665
143.371248322
143.326751545
143.28182499
143.236505109
143.190827146
143.144825155
143.098532002
143.05197938
143.005197824
142.958216726
142.911064354
142.86376787
142.816353354
142.768845823
142.721269254
142.673646609
142.625999861
142.578350014
142.530717134
142.48312037
142.435577983
142.388107371
142.340725093
142.293446898
142.24628775
142.19926185
142.152382668
142.10566296
142.0591148
142.012749599
141.96657813
141.920610553
141.874856436
141.82932478
141.784024036
141.738962131
141.694146485
141.649584035
141.605281251
141.561244158
141.517478353
141.473989022
141.430780959
141.387858582
141.345225952
141.302886783
141.260844462
141.219102063
141.17766236
141.136527841
141.095700722
141.055182958
141.014976257
140.975082092
140.935501709
140.896236144
140.857286226
140.818652595
140.780335705
140.742335835
140.704653102
140.667287465
140.630238733
140.593506578
140.557090536
140.520990019
140.48520432
140.449732618
140.41457399
140.37972741
140.34519176
140.310965832
140.277048337
140.243437907
140.210133101
140.177132409
140.144434259
140.112037018
140.079938997
140.048138456
140.016633605
139.985422613
139.954503604
139.923874665
139.893533851
139.863479179
139.833708642
139.804220204
139.775011803
139.746081359
139.717426769
139.689045915
