1563.09405656
1556.62104579
1550.15886746
1543.70717097
1537.26542194
1530.83306808
1524.40957571
1517.99443663
1511.58716836
1505.18731305
1498.79443612
1492.40812495
1486.02798767
1479.653652
1473.28476423
1466.9209882
1460.56200441
1454.20750918
1447.85721389
1441.5108442
1435.16813941
1428.82885182
1422.49274613
1416.15959891
1409.82919806
1403.50134235
1397.175841
1390.85251319
1384.53118773
1378.21170268
1371.89390502
1365.57765029
1359.26280234
1352.94923302
1346.63682194
1340.32545623
1334.01503028
1327.70544558
1321.39661047
1315.08844
1308.78085574
1302.47378562
1296.16716379
1289.8609305
1283.55503192
1277.24942011
1270.94405282
1264.63889348
1258.33391106
1252.02907999
1245.72438011
1239.41979661
1233.11531994
1226.81094579
1220.50667504
1214.20251372
1207.89847298
1201.59456906
1195.29082329
1188.98726204
1182.68391677
1176.38082398
1170.07802522
1163.77556711
1157.47350137
1151.17188479
1144.8707793
1138.57025196
1132.270375
1125.97122587
1119.67288728
1113.37544721
1107.07899897
1100.78364127
1094.48947825
1088.19661953
1081.90518029
1075.61528131
1069.32704902
1063.04061561
1056.75611906
1050.47370319
1044.19351778
1037.9157186
1031.64046746
1025.36793235
1019.09828743
1012.83171314
1006.56839625
1000.30852991
994.05231375
987.799953887
981.551663002
975.307660378
969.068171941
962.833430291
956.603674724
950.379151251
944.160112599
937.946818206
931.739534202
925.538533374
919.34409512
913.156505382
906.976056565
900.803047436
894.637782995
888.480574336
882.331738474
876.19159815
870.06048161
863.938722356
857.826658861
851.724634264
845.632996026
839.55209555
833.482287777
827.423930741
821.377385088
815.343013569
809.321180491
803.312251136
797.316591156
791.334565926
785.366539879
779.412875809
773.47393416
767.550072282
761.641643694
755.748997318
749.872476723
744.012419362
738.169155827
732.343009106
726.534293877
720.743315818
714.970370961
709.215745088
703.479713173
697.762538889
692.064474173
686.385758858
680.726620388
675.087273604
669.467920613
663.868750746
658.289940592
652.731654129
647.194042934
641.677246468
636.181392456
630.706597324
625.252966718
619.82059608
614.409571274
609.019969273
603.651858871
598.305301434
592.980351669
587.677058413
582.395465419
577.135612149
571.897534495
566.681265633
561.486836679
556.314277412
551.163616937
546.03488431
540.928109119
535.843322016
530.780555223
525.73984295
520.721221799
515.724731107
510.75041324
505.798313843
500.868482054
495.960970665
491.075836251
486.213139264
481.372944106
476.55531912
471.760336634
466.988072932
462.238608214
457.512026547
452.808415798
448.127867556
443.470477054
438.836343077
434.225567877
429.638257084
425.074519622
420.534467627
416.018216376
411.52588422
407.057592537
402.613465677
398.193630946
393.798218579
