6.42
13.2271945349
13.2069513314
13.1867213928
13.1665009871
13.1462871481
13.1260775349
13.105870316
13.0856640739
13.0654577259
13.045250459
13.0250416765
13.0048309542
12.9846180042
12.9644026463
12.9441847835
12.9239643832
12.9037414612
12.8835160696
12.8632882864
12.8430582079
12.8228259421
12.8025916041
12.7823553119
12.7621171839
12.7418773365
12.7216358825
12.7013929301
12.681148582
12.6609029351
12.64065608
12.6204081011
12.6001590765
12.5799090784
12.5596581731
12.5394064212
12.5191538782
12.4989005947
12.4786466163
12.4583919848
12.4381305336
12.4178809102
12.3976245298
12.3773676256
12.3571102221
12.3368523414
12.3165940032
12.2963352251
12.2760760226
12.2558164097
12.2355563987
12.2152960004
12.1950352246
12.1747740797
12.1545125733
12.1342507117
12.1139885009
12.0937259457
12.0734630505
12.0531998191
12.0329362547
12.01267236
11.9924081374
11.9721435889
11.9518787161
11.9316135204
11.9113480029
11.8910821645
11.8708160059
11.8505495276
11.8302827299
11.8100156131
11.7897481772
11.7694804222
11.7492123481
11.7289439546
11.7086752415
11.6884062084
11.6681368551
11.6478671811
11.6275971859
11.607326869
11.58705623
11.5667852555
11.546513984
11.5262423749
11.5059704414
11.4856981828
11.4654255987
11.4451526881
11.4248794507
11.4046058856
11.3843319923
11.3640577701
11.3437832184
11.3235083364
11.3032331235
11.2829575791
11.2626817026
11.2424054938
11.2221275654
11.2018520491
11.1815748457
11.161297304
11.1410194242
11.1207412065
11.1004626506
11.0801837562
11.0599045227
11.0396249498
11.0193450368
10.9990647832
10.9787841884
10.9585032517
10.9382219726
10.9179403505
10.8976583846
10.8773760746
10.8570934196
10.8368104191
10.8165270726
10.7962433793
10.7759593388
10.7556749503
10.7353902133
10.7151051271
10.6948196913
10.6745339052
10.6542477681
10.6339612795
10.6136744389
10.5933872456
10.5730996989
10.5528117985
10.5325235435
10.5122349336
10.491945968
10.4716566462
10.4513669676
10.4310769316
10.4107865377
10.3904957852
10.3702046736
10.3499132024
10.3296213708
10.3093291785
10.2890366247
10.2687437088
10.2484504305
10.2281567889
10.2078627836
10.1875684141
10.1672736796
10.1469785797
10.1266831138
10.1063872813
10.0860910817
10.0657945143
10.0454975786
10.025200274
10.0049025999
9.9846045559
9.96430614125
9.94400735545
9.92370819792
9.90340866809
9.88310876539
9.86280848924
9.84250783909
9.82220681436
9.80190541447
9.78160363887
9.76130148698
9.74099895823
9.72069605205
9.70039276787
9.68008910512
9.65978506323
9.63948064162
9.61917583974
9.59887065701
9.57856509285
9.5582591467
9.53795281798
9.51764610612
9.49733901056
9.47703153071
9.45672366601
9.43641541589
9.41610677976
9.39579775706
9.37548834721
9.35517854965
9.33486836378
9.31455778905
9.29424682487
9.27393547067
9.25362372588
9.23331158991
9.21299906219
