0.038887869637
0.0379851965488
0.0374721297227
0.0372537214859
0.0370670239734
0.036820306131
0.0364828656574
0.036057423799
0.0355588457532
0.0350043095556
0.0344095761016
0.0337879117565
0.0331500440767
0.0325044599022
0.0318577777903
0.0312150984171
0.0305803047255
0.0299563096079
0.0293452537574
0.0287486693259
0.0281676061726
0.0276027349991
0.0270544293332
0.0265228310541
0.0260079027654
0.02550946965
0.0250272528989
0.0245608963788
0.0241099878706
0.0236740759418
0.0232526833054
0.0228453173516
0.0224514784036
0.0220706661411
0.0217023845512
0.0213461456974
0.0210014725387
0.0206679009915
0.0203449813849
0.0200322794362
0.0197293768453
0.0194358715898
0.0191513779875
0.0188755265769
0.0186079638618
0.0183483519508
0.018096368122
0.0178517043336
0.0176140666976
0.0173831749325
0.017158761803
0.0169405725576
0.0167283643702
0.0165219057897
0.0163209762029
0.0161253653125
0.0159348726325
0.0157493070022
0.0155684861201
0.0153922360972
0.015220391031
0.0150527925992
0.0148892896725
0.0147297379476
0.0145739995979
0.0144219429422
0.0142734421316
0.0141283768517
0.0139866320413
0.0138480976262
0.0137126682672
0.0135802431215
0.0134507256175
0.0133240232418
0.013200047337
0.0130787129117
0.01295993846
0.0128436457911
0.0127297598679
0.0126182086548
0.0125089229734
0.0124018363658
0.0122968849656
0.0121940073756
0.0120931445523
0.0119942396956
0.0118972381459
0.0118020872851
0.0117087364435
0.0116171368117
0.0115272413567
0.0114390047424
0.0113523832542
0.0112673347276
0.0111838184804
0.011101795248
0.0110212271224
0.0109420774938
0.0108643109959
0.0107878934526
0.0107127918285
0.0106389741814
0.010566409617
0.010495068246
0.0104249211428
0.010355940307
0.0102880986258
0.0102213698389
0.0101557285047
0.0100911499681
0.0100276103298
0.00996508641696
0.00990355575561
0.00984299654361
0.00978338762541
0.00972470846769
0.00966693913614
0.0096100602733
0.00955405307729
0.00949889930199
0.00944458115569
0.00939108140591
0.00933838327906
0.00928647046416
0.00923532709656
0.00918493774236
0.00913528738346
0.00908636140327
0.00903814557297
0.00899062603832
0.00894378930713
0.00889762223706
0.00885211202407
0.00880724619122
0.00876301257801
0.00871939933007
0.00867639488928
0.00863398798432
0.00859216762148
0.00855092307597
0.00851024388344
0.00847011983189
0.00843054095383
0.00839149751885
0.00835298002631
0.00831497919843
0.00827748597358
0.00824049149982
0.00820398712869
0.0081679644092
0.00813241508207
0.00809733107416
0.00806270449308
0.00802852762203
0.00799479291478
0.00796149299087
0.00792862063093
0.00789616877218
0.00786413050413
0.00783249906432
0.00780126783433
0.00777043033581
0.00773998022674
0.00770991129774
0.00768021746856
0.00765089278461
0.00762193141371
0.00759332764283
0.00756507587505
0.00753717062648
0.00750960652344
0.00748237829959
0.00745548079322
0.00742890894463
0.00740265779352
0.00737672247659
0.00735109822507
0.0073257803624
0.00730076430203
0.00727604554514
0.0072516196786
0.00722748237285
0.00720362937992
0.00718005653149
0.00715675973701
0.00713373498187
0.0071109783256
0.00708848590019
0.00706625390836
0.00704427862198
0.00702255638045
0.0070010835892
0.00697985671814
0.00695887230028
0.00693812693025
0.00691761726297
0.0068973400123
0.00687729194972
0.0068574699031
0.00683787075545
