181390.101048
253505.96640133095
234261.4747466292
192821.10622654838
186888.60134055413
185248.53693161975
185439.02461436586
186280.8974073384
184554.2172060569
185547.7232465884
186601.1582912788
187670.53288032862
188736.50789154082
189790.65247046782
190829.3943813731
191851.33516116173
192856.04939315378
193843.54590595476
194814.0257506555
195767.7735828044
196705.10904678883
197626.36511411783
198531.87848987582
199421.98538694193
200297.01966077663
201157.31196273374
202003.18931736634
202834.97486669727
203652.98767256184
204457.54253417984
205248.94980701132
206027.51521928524
206793.53968860625
207547.3191411039
208289.14433631496
209019.30070076307
209738.0681727742
210445.72105943167
211142.52790870637
211828.75139627923
212504.648229254
213170.46906626335
213826.45845487894
214472.85478599064
215109.89026537628
215737.79090174712
216356.77651096298
216967.06073617627
217568.8510822557
218162.34896465729
218747.74977109217
219325.2429357235
219895.01202404007
220457.23482808613
221012.08347091157
221559.7245188131
222100.31910093414
222634.02303433744
223160.9869552158
223681.37402594098
224195.28966570017
224702.88748086308
225204.29876015062
225699.65031101886
226189.064603788
226672.65991496434
227150.55047082237
227622.84658899295
228089.65481911806
228551.07808097903
229007.2158006878
229458.16404391502
229904.01564655078
230344.86034221936
230780.7848861478
231211.8731763919
231638.20637091342
232059.8630012996
232476.91908280965
232889.44822089135
233297.52171395664
233701.20865218912
234100.5760131481
234495.68875341763
234886.60989679612
235273.40061901353
235656.1203287777
236034.82674586595
236409.57597549088
236780.42257956893
237147.41964516498
237510.61884932325
237870.07052175546
238225.82370372835
238577.92620527814
238926.42465880176
239271.3645709286
239612.79037120775
239950.7454593404
240285.27224888097
240616.41221031698
240944.20591082325
241268.69305278672
241589.91250978364
241907.9023616608
242222.6999270623
242534.34179449987
242842.86385232632
243148.30131658542
243450.6751691241
243750.06012711322
244046.44877648653
244339.887488526
244630.40849185624
244918.04348444272
245202.8236526894
245484.77968966195
245763.94181306343
246040.33978138657
246314.00290985324
246584.96008565044
246853.2397819217
247118.87007107137
247381.87863796917
247642.29279158523
247900.1394770727
248155.44528600443
248408.2364674725
248658.53893726997
248906.37828782623
249151.77979660052
249394.768434734
249635.36887513584
249873.60549993883
250109.50240777317
250343.08342057138
250574.37209047985
250803.39170544044
251030.16529576154
251254.71563929238
251477.06526702488
251697.2364681335
251915.25129499973
252131.1315674781
252344.8988777251
252556.57459438866
252766.17986645416
252973.73562715002
253179.26259780538
253382.78129125838
253584.31201528097
253783.87487581596
253981.4897799688
254177.17643918298
254370.95437202338
254562.84290679282
254752.86118450607
254941.0281608083
255127.36260941546
255311.88312321875
255494.60811773106
255675.55583251835
255854.74433357496
256032.19151537135
256207.91510299622
256381.93265353274
256554.26155860058
256724.9190456837
256893.92218026952
257061.2878669117
257227.03285191592
257391.17372374417
257553.72691533435
257714.70870592506
257874.13522159186
258032.02243738528
258188.38617865575
258343.24212246313
258496.60579876823
258648.49259200535
258798.91774230308
258947.8963465695
259095.4433603862
259241.5735985364
259386.3017365213
259529.64231203683
259671.60972571687
259812.21824285705
259951.48199376065
260089.41497575943
260226.03105397234
260361.34396215813
260495.3673044656
260628.1145557926
260759.5990633878
260889.83404791547
261018.83260415043
261146.60770236794
261273.17218942655
261398.53878934262
