2.133030788722673
2.1879572999650994
2.2426496598660095
2.2971069135493525
2.3513281457255886
2.4053124754003687
2.459059053763672
2.5125670625319443
2.56583571242679
2.6188642417476045
2.671651915026797
2.7241980217604116
2.776501875208075
2.828562811256865
2.880380187344243
2.9319533814356875
2.983281791053093
3.0343648323503847
3.0852019392331305
3.1357925625192276
3.186136169138033
3.236232241365517
3.28608027609323
3.3356797841291086
3.3850302917928645
3.4341313337600754
3.48298245837246
3.531583225381997
3.579933206555636
3.6280319828496226
3.6758791450412844
3.723474293235615
3.7708170363788347
3.8179069917880453
3.8647498481779583
3.9113515686393705
3.9577112471253466
4.003827995677355
4.049700943507652
4.095329236440756
4.140712036336177
4.185848520534958
4.230737881329008
4.275379325452245
4.3197720735925955
4.363915359924007
4.407808431657628
4.451450548611429
4.494840982797523
4.537979018026553
4.580863949528488
4.623495083589279
4.665871737202806
4.707993237737613
4.749858922617941
4.791468139018613
4.832820243573341
4.873914602096059
4.914750589314896
4.955327588618439
4.995644991813952
5.035702198897233
5.075498617833795
5.115033664351125
5.154306761741702
5.193317340676576
5.232064839029228
5.270548701709491
5.308768380507348
5.346723333946345
5.384413027146486
5.4218369316963875
5.458994525534515
5.495885292839367
5.532508723928408
5.56886431516562
5.604951568877535
5.640769993277574
5.676319102398605
5.71159841603355
5.746607459683959
5.781345764516378
5.815812867326463
5.850008310510672
5.883931642045461
5.917582415473874
5.950960189899411
5.984064529987095
6.016895005971637
6.049451193672585
6.0817326745164
6.113739035565326
6.1454698695529935
6.176924774926653
6.208103355895947
6.239005222488122
6.269629990609625
6.299977282113932
6.330046724875571
6.35983795287021
6.389350606260731
6.418584331489176
6.447538781374478
6.476213615215865
6.504608498901817
6.532723105024485
6.560557112999448
6.588110209190678
6.615382087040591
6.642372447205075
6.669083052036879
6.6955180009753015
6.721677000348553
6.747559757766345
6.773165980670934
6.798495377817198
6.823547658927298
6.848322534787318
6.87281971657902
6.897038918443762
6.920979854563657
6.94464224044401
6.96802579314332
6.991130231570576
7.013955276353389
7.036500649933796
7.058766076668097
7.080751282926768
7.102455997194213
7.123879950168258
7.145022874859093
7.165884506687545
7.186464583582444
7.206846471345511
7.226945683665645
7.247620554468821
7.268242100167732
7.288771122089059
7.309179603912914
7.329446211511046
7.349553953438763
7.36948885033578
7.389239121445671
7.4087985549759265
7.428174956247402
7.447359317376835
7.46634352512622
7.485120220809912
7.503682687587826
7.522024761788861
7.540140761169243
7.558025425972191
7.575673869840608
7.593081538443122
7.610244174231615
7.627157786141022
7.64381862332372
7.6602231522160285
7.676368036386203
7.692250118727315
7.7078664056450155
7.723214052956844
7.738290353271659
7.7530927246584795
7.767618700446504
7.781865920024022
7.795832120525026
7.8095151293095695
7.822912857158097
7.836023292111905
7.848844493901838
7.861374588915899
7.873611765663789
7.88555427070288
7.89720040499578
7.908548520674994
7.919597018194828
7.930344343855372
7.940788987687776
7.95092948169452
7.960764398442824
7.97029235001436
7.979511987319544
7.9884219997906625
7.997021115474834
8.005308101555716
8.013281765342319
8.020940955774785
8.028284565511136
8.03531153367675
8.042020849380911
8.048411556133756
8.05448275733492
8.060233623055474
8.065663398402515
8.070771413848584
8.075557098037967
8.080019993767353
8.084159778110463
8.087976288068369
