-115.5892820668827
-253.18663833440948
-252.698048116051
-252.1649997852617
-251.5902109894465
-250.97617682552385
-250.32529846619926
-249.63990270896272
-248.9222427083701
-248.17449577031243
-247.39876108517288
-246.5970578915463
-245.77132412657795
-244.9234155410022
-244.05510524421922
-243.16808364377252
-242.26395874466698
-241.34425677539514
-240.41042310897348
-239.46382344872174
-238.50574524994767
-237.53739935011382
-236.55992178148819
-235.57437574172107
-234.5817536991988
-233.58297961147892
-232.5789112365188
-231.57034251781795
-230.55800602599822
-229.54257544067306
-228.52466805781478
-227.5048473090753
-226.4836252807772
-225.46146522144713
-224.43878402790384
-223.41595470097178
-222.39330876290254
-221.3711386295233
-220.3496999310352
-219.32921377619257
-218.3098689553861
-217.2918240788501
-216.27520964689202
-215.26013004964543
-214.2466664225208
-213.2348747467528
-212.22479332252198
-211.2164406290884
-210.2098179277342
-209.20491081412467
-208.20169069674114
-207.2001162017745
-206.20013450553483
-205.20168259574922
-204.2046884633215
-203.20907222632707
-202.21474718815975
-201.22161806962686
-200.22959289981148
-199.238567583293
-198.24843750448784
-197.25909561130857
-196.27043312489567
-195.28234386653872
-194.29471028443945
-193.3074257795406
-192.32038080036608
-191.33346691846418
-190.34657727498703
-189.3596069922481
-188.37245355203555
-187.38501714283152
-186.39720097802342
-185.40891158711267
-184.42005908184984
-183.4305573991268
-182.4403245223807
-181.44928268315783
-180.45735854440557
-179.46448336695533
-178.4705931605754
-177.47562882086203
-176.47953625316632
-175.48226648463734
-174.48377576538692
-173.48402565968755
-172.4829831280196
-171.48062060071555
-170.47691604383812
-169.47185301788315
-168.46542072979065
-167.45761407868378
-166.4484336956891
-165.43788597811235
-164.42598311818628
-163.41274312653468
-162.3981898504507
-161.38235298702224
-160.3652680910874
-159.34697657795715
-158.32752572079377
-157.3069677144322
-156.2853634156349
-155.26277662549913
-154.23927791064054
-153.21494359499016
-152.18985572142532
-151.1641020058176
-150.13777578363445
-149.11097594882483
-148.08380688466397
-147.0563783862218
-146.02880557412286
-145.00120879927604
-143.97371353826725
-142.94645027912355
-141.919554397189
-140.893166020868
-139.8674298870383
-138.84249518595803
-137.81851539554611
-136.79564810494637
-135.77405482734247
-134.75390080203871
-133.73535478587686
-132.7185888341148
-131.70377807095502
-130.69110044996708
-129.68073650471604
-128.6728690899691
-127.66768311391594
-126.66536526190377
-125.66610371225015
-124.6700878447571
-123.6775079426103
-122.68855488840445
-121.70341985509111
-120.72229399269169
-119.74536811167056
-118.77283236389724
-117.80487592217187
-116.84169839180917
-115.88346210778342
-114.93036365694834
-113.9825850417826
-113.04030574296564
-112.10370237400765
-111.17294837341682
-110.24821370898303
-109.32966459080461
-108.41746319442677
-107.5117673873057
-106.61273048223528
-105.72050098086439
-104.8352223456271
-103.95703277843712
-103.08606501424522
-102.2224461290158
-101.36629736266129
-100.51773395739981
-99.67686501192273
-98.84379335168619
-98.01861541555667
-97.20142115896373
-96.39229397363896
-95.59130053901846
-94.79853146550373
-94.01403963976115
-93.23788176487439
-92.47010779363848
-91.71076097121416
-90.95987787122665
-90.21748844279567
-89.48361607104393
-88.75827765102028
-88.0414836745048
-87.33323832906828
-86.6335396087059
-85.9423794353409
-85.25974379047602
-84.58561285624464
-83.91996116511255
-83.26275775746592
-82.61396634632528
-81.97354548842006
-81.34144876087304
-80.71762494274587
-80.10201820071423
-79.49456827815733
-78.89521068696591
-78.30387690139179
-77.72049455329311
-77.14498762814785
-76.57727666124222
-76.01727893346708
-75.4649086661876
-74.92007721468063
-74.3826932596703
-73.85266299651913
-73.32989032167103
