30.951
42.60312490829267
42.31886573660831
42.04976956896303
41.794440086385734
41.551966972948705
41.32159963445962
41.10266537598269
40.89454547884832
40.6966661919371
40.50849379884532
40.32953098386013
40.15931376298902
39.99740876751367
39.84341080289251
39.69694064302638
39.55764303184174
39.425184869347916
39.299253562530964
39.17955552389658
39.06581480251735
38.957771834198894
38.85518229890551
38.75781607492015
38.6654562803801
38.57789839385345
38.4949494465217
38.41642727932454
38.34215985912241
38.271984648549555
38.20574802477557
38.14330474287859
38.08451743996249
38.02925617653216
37.977398011982906
37.928826611360975
37.883431880825725
37.84110962948454
37.80176125548999
37.76529345448191
37.731617948633534
37.70065123471616
37.672314349739885
37.646532652853224
37.623235622301884
37.60235666634833
37.58383294714876
37.567605216668674
37.55361766379493
37.54181777187177
37.532156185950456
37.52458658910201
37.51906558719044
37.515552601554504
37.51400976908722
37.51440184924062
37.516696137520334
37.52086238506416
37.52687272392996
37.53470159774302
37.54432569737661
37.55572390136187
37.56887722074144
37.58376874809807
37.6003836105057
37.618708926163166
37.63873376448245
37.660449109413996
37.68384782580011
37.708924628554136
37.73567605446993
37.76410043646979
37.794197880102075
37.8259702421024
37.85942111083168
37.89455578840472
37.931381274319726
37.969906250397536
38.0101410668332
38.052097729157786
38.09578988590078
38.14123281673583
38.18844342088139
38.23744020551916
38.28824327397884
38.34087431342582
38.39535658177248
38.451714893518734
38.50997560420906
38.57016659317541
38.63231724421551
38.69645842383454
38.762622456657276
38.83084309759352
38.90115550031727
38.97359618159437
39.048202980969144
39.12501501529497
39.20407262756866
39.285417329503076
39.36909173724826
39.45513949964789
39.54360521839585
39.634534359437666
39.72797315494399
39.82396849516948
39.922567809499206
40.02381893597986
40.127769978632266
40.23446915184797
40.34396461118655
40.45630426991156
40.57153560063617
40.68970542148888
40.810859666266786
40.93504313810871
41.062299246301365
41.19266972592845
41.32619434018506
41.462910565307595
41.602853258217564
41.74605430714371
41.892542265669334
42.042341970857166
42.19547414632452
42.35195499138139
42.51179575760148
42.67500231446715
42.84157470601441
43.01150670069978
43.18478533701247
43.36139046766069
43.54129430546506
43.724460974387775
43.91084606941131
44.10039622924365
44.293048726067575
44.488731076754675
44.68736068013109
44.88884448499741
45.09307869366639
45.2999485057793
45.50932790709284
45.721079507781056
45.935054434574326
46.1510922807504
46.36902111760263
46.588657570538146
46.809806962404146
47.0322635260105
47.255810687115456
47.480221418379266
47.705258663977894
47.930675833717146
48.15621736461295
48.38161934702062
48.606610136835386
48.83091139179718
49.05423843320577
49.27630136678681
49.49680588905197
49.71545419318989
49.93194589718685
50.145978985871395
50.357250758329734
50.56545877201226
50.77030177484952
50.97148061681463
51.16869913261273
51.36166498752503
51.55009047889629
51.73369328629695
51.91219716402091
52.08533257027064
52.252837228124136
52.41445661415793
52.569944371399515
52.719062644091835
52.861582332554335
52.9972832322756
53.125954266214286
53.24739328963961
53.36140716083316
53.467811562940184
53.566430785017936
53.65709743099664
53.7396520600017
53.81394276184058
53.879824671796
53.93715942915478
53.985814584139426
54.025662958100426
54.05658196197333
54.07845287811274
54.0911601106886
54.09459040987412
54.08863207507411
54.07317414244324
54.04810556193054
54.01331436906485
