17.05556
12.65661623867291
12.661615102183028
12.666271880755016
12.670596887248191
12.674600931856283
12.678294318214546
12.681686771503388
12.684787468152997
12.687605073766075
12.690147778780059
12.692423331003631
12.694439065237278
12.696201930274317
12.697718513555294
12.698995063717728
12.700037511254187
12.700851487467157
12.701442341887816
12.70181515830633
12.70197476954561
12.701925771095706
12.701672533713287
12.70121921508016
12.700569770604208
12.699727963438226
12.69869737378423
12.697481407543886
12.696083304370216
12.694506145169782
12.69275287998246
12.690826249639507
12.688728930721842
12.686463408326807
12.684032115964849
12.68143725633841
12.678680991865548
12.675765369566587
12.672692273432782
12.669463549013349
12.666080890815353
12.662545910953009
12.658875447978657
12.655265153462931
12.651503556157095
12.64759179126999
12.643530924991216
12.639321950387833
12.634965787731684
12.630463286180385
12.62581522552676
12.621022317877058
12.616085209246668
12.61100448107667
12.605780651676106
12.600414177593946
12.594905454925335
12.589254820555825
12.583462553347232
12.577528875268722
12.571453952476277
12.565237896343506
12.55888076444671
12.55238256150712
12.545743240292444
12.538962702480502
12.532040799487087
12.52497733326018
12.51777205704273
12.510424676105838
12.502934848454336
12.495302185506375
12.487526252748966
12.479606570371052
12.471542613875535
12.463333814672025
12.45497956065175
12.44647919674586
12.437832025468818
12.429037307447958
12.42009426194076
12.411002067341018
12.401759861675052
12.392366743089664
12.382821770332274
12.373123963225398
12.363272303135917
12.353265733440583
12.343103159989168
12.332783451566014
12.322305440351514
12.311667922384519
12.30086965802684
12.289909372431234
12.27878575601376
12.267497464932001
12.256043121570125
12.244421315032197
12.232630601644894
12.22066950547079
12.208536518833778
12.196230102857553
12.183748688018724
12.171090674715842
12.15825443385566
12.145238307457985
12.13204060928075
12.118659625466352
12.105093615211159
12.091340811459382
12.077399421622975
12.063267628329076
12.048943590196673
12.034425442643846
12.019711298727772
12.004799250018465
11.98968736750868
11.974373702561314
11.958856287896152
11.943133138617888
11.927202253287243
11.911061615037092
11.894709192735341
11.878142942196847
11.86136080744601
11.844360722032393
11.827140610401019
11.809698389319799
11.792031969365905
11.774139256473346
11.756018153543826
11.737666562122971
11.71908238414417
11.59695029123836
11.578060250101382
13.330964744213958
12.944662823150376
12.592410674773944
12.26735282605852
11.964966642038766
11.682005044213511
11.415996378587938
11.164980341195596
10.927355272428683
10.701783131685067
10.487126783009185
10.282406601715264
10.086769278486589
9.89946467933507
9.7198282303241
9.547267212860174
9.38124990185725
9.221296818072654
9.066973583645577
8.917885014033308
8.773670177563757
8.63399822204703
8.49856481634999
8.367089089888955
8.242953793464439
8.123219781197015
8.006819494091523
7.893535132163645
7.783163416727478
7.67551329025431
7.570404725950762
7.467667481877814
7.367139947761886
7.268668073901847
7.172104366948558
7.077306938730203
6.9841385952744215
6.8924659537813415
6.80215857555449
6.713088102805083
6.625127386791082
6.538149593910432
6.452027275072853
6.366631381850329
6.281830210431236
6.197488251112863
6.113464916731977
6.029613117734364
5.945777644094892
5.861793304379279
5.777482759043101
5.692653967317354
5.607097142936145
5.520581080823168
5.432848670661567
5.343611347878951
5.252542138393967
5.159266815223304
5.0633524777266175
4.9642925458490925
4.861486659276716
4.754213153872606
4.641590409777276
4.522520946135886
4.395607680279367
