0.030944
0.062005928366349834
0.061977088052480096
0.06194806383654113
0.06191881412220208
0.061889302692679296
0.06185949928548328
0.061829380077744155
0.06179892504596663
0.06176811180622595
0.06173694934663352
0.06170540629834132
0.06167348193874912
0.06164116973692678
0.061608464286538656
0.06157536102455521
0.06154185605097081
0.0615079459593219
0.06147362772311511
0.06143896252420706
0.06140382124237784
0.06136826385218445
0.06133228828485261
0.061295892511852496
0.061259074549320044
0.061221832454873656
0.061184164321722766
0.06114606827227408
0.061107542452182695
0.06106858502518983
0.061029194168805846
0.06098936807077438
0.06094903741545574
0.06090833477120933
0.060867191771906054
0.060825606486340854
0.060783577061784916
0.06074110165416944
0.060698178451538035
0.06065480564550656
0.06061098143040458
0.06056670400070481
0.06052197154941487
0.060476782267237496
0.060431134342023116
0.060385025958431114
0.060338455297705575
0.060291420537522615
0.06024391985188023
0.06019595141101727
0.060147513381351145
0.06009860392542929
0.06004922120188986
0.059999363365428764
0.05994902856677138
0.059898214952648764
0.059846920665773934
0.059795143844821305
0.05974288262440636
0.0596901351350653
0.0596368995032349
0.05958317385123187
0.05952895629723186
0.05947424495524722
0.059419037935104495
0.05936333334242077
0.059307129278579715
0.0592504238407051
0.059193215121635404
0.05913550120989629
0.059077280189672565
0.05901855014077949
0.058959309138633426
0.05889955525422107
0.05883928655406908
0.05877850110021248
0.05871719695016252
0.05865537215687486
0.05859302476871599
0.05853015282943051
0.05846675437810759
0.05840282744914732
0.058338370072226725
0.05827338027226585
0.05820785606939332
0.05814179547891231
0.05807519651126603
0.05800805717200399
0.057940375461746914
0.05787214937615337
0.057803376905885016
0.057734056036572806
0.057664184748783376
0.05759376101798495
0.057522782814513826
0.05745124810354137
0.05737915484504058
0.05730650099375296
0.057233284499156
0.057159503305431285
0.05708515535143096
0.05701023857064696
0.05693475089117877
0.05685869023570177
0.05678205452143673
0.05670484166011821
0.056627049557964396
0.05654867611564666
0.05646971922825922
0.05639017678528957
0.056310046670589524
0.056229326762344725
0.05614801493304703
0.056066109049464824
0.05598360697261508
0.05590050655773565
0.05581680565425643
0.05573250210577262
0.05564759375001709
0.05556207841883318
0.05547595393814809
0.05538921812794635
0.05530186880224337
0.05521390376905932
0.05512532083039338
0.05503611778219811
0.054946292414354204
0.05485584251064501
0.054764765848731904
0.05467306020012943
0.05458072333018063
0.054487752998032934
0.05439414695661409
0.05429990295260786
0.05420501872643047
0.05410949201220729
0.05401332053774899
0.05391650202452851
0.053819034187658044
0.053720914735865995
0.05362214137147452
0.053522711790376556
0.05342262368201344
0.05332187472935306
0.05322046260886701
0.05311838499050883
0.053015639537692255
0.05291222390726924
0.052808135749508246
0.05270337270807278
0.052597932419999986
0.05249181251567915
0.052385010618830524
0.05227752434648417
0.05216935130895916
0.05206048910984208
0.05195093534596654
0.051840749383309744
0.05172980566212266
0.051618162873828255
0.051505818707338384
0.0513927707878713
0.05127901670406196
0.05116454160117346
0.051049380506254134
0.050933480761563475
0.05081689011795662
0.05069955592701816
0.0505815258620198
0.0504627473054227
0.05034326785912693
0.05022304731306164
0.05010209587926845
0.04998041100636343
0.04985799015019962
0.04973483076700143
0.04961093030978911
0.049486286226491184
0.049360895958942407
0.04923475694234705
0.049107866604986464
0.04898022236805415
0.04885182164555972
0.04872266184426783
0.048592740363656385
0.048462054595884735
0.048330601925767484
0.048198379730750994
0.048065385380891536
0.047931616238834344
0.047797069659793405
0.047661742991531225
0.04752563357433899
0.04738873874101658
0.04725105581685292
0.04711258211960628
0.04697331495948451
0.046833198337378035
0.04669233322750608
0.04655066938997431
