5.066239472342238e-05
5.1087262385253235e-05
5.112224428570271e-05
5.115689955043382e-05
5.119189297762169e-05
5.122719044283602e-05
5.1262746657620326e-05
5.129852433106803e-05
5.13344931414629e-05
5.137062861133117e-05
5.140691013358565e-05
5.144332142608438e-05
5.147984892510954e-05
5.1516481443427726e-05
5.155320971223595e-05
5.159002601267015e-05
5.162692387950596e-05
5.16638978627474e-05
5.170106913063686e-05
5.173805642394061e-05
5.177523354972345e-05
5.1812471850877785e-05
5.184976873861579e-05
5.1887121930781396e-05
5.192452940080266e-05
5.196198933677236e-05
5.199950010852925e-05
5.203706024110995e-05
5.207466839327088e-05
5.2112323340035944e-05
5.215002395844227e-05
5.218776921582464e-05
5.222555816011288e-05
5.2263389911727584e-05
5.230126365674627e-05
5.2339178641082167e-05
5.2377134165468743e-05
5.241512958109437e-05
5.245316428575773e-05
5.249123772044857e-05
5.25293493662762e-05
5.2567498741684196e-05
5.260568539990898e-05
5.2643908926639375e-05
5.268216893785436e-05
5.2720465077813565e-05
5.275879701718356e-05
5.279716445128528e-05
5.2835567098452e-05
5.287400469848867e-05
5.2912477011225113e-05
5.295098381515432e-05
5.298952490615582e-05
5.302810009629259e-05
5.3066709212683206e-05
5.3105352096441284e-05
5.314402860168076e-05
5.318273859458327e-05
5.322148195252365e-05
5.326025856325273e-05
5.32990683241304e-05
5.333791114141259e-05
5.337678692958234e-05
5.3415695610727666e-05
5.34546371139623e-05
5.3493611374884845e-05
5.35326183350771e-05
5.357165794163892e-05
5.361073014675273e-05
5.3649834907285025e-05
5.3688972184412975e-05
5.372814194328055e-05
5.3767344152680206e-05
5.380657878475911e-05
5.384584581474719e-05
5.3885145220707424e-05
5.392447698330353e-05
5.396384108558949e-05
5.400323751281266e-05
5.4042666252233405e-05
5.4082127292961736e-05
5.412162062580365e-05
5.416114624312335e-05
5.420070413871512e-05
5.424029430768643e-05
5.4279916746350924e-05
5.431957145213075e-05
5.4359258423467114e-05
5.439897765973834e-05
5.443872916118489e-05
5.447851292884223e-05
5.4518328964477995e-05
5.455817727053476e-05
5.459805785008013e-05
5.463797070675803e-05
5.467791584474653e-05
5.47178932687196e-05
5.4757902983810925e-05
5.479794499558168e-05
5.48380193099922e-05
5.487812593337389e-05
5.491826487240703e-05
5.4958436134096975e-05
5.499863972575534e-05
5.503887565498158e-05
5.507914392964688e-05
5.511944455787929e-05
5.5159777548048955e-05
5.520014290875764e-05
5.524054064882676e-05
5.52809707772865e-05
5.532143330336781e-05
5.536192823649295e-05
5.5402455586269064e-05
5.5443015362479475e-05
5.548360757507907e-05
5.552423223418735e-05
5.556488935008345e-05
5.5605578933201157e-05
5.5646300994124985e-05
5.5687055543585164e-05
5.5727842592454756e-05
5.576866215174504e-05
5.580951423260412e-05
5.5850398846311734e-05
5.589131600427849e-05
5.5932265718041916e-05
5.597324799926483e-05
5.601426285973265e-05
5.605531031135133e-05
5.6096390366146275e-05
5.6137503036259296e-05
5.617864833394735e-05
5.6219826271580966e-05
5.6261036861642735e-05
5.630228011672536e-05
5.634355604953116e-05
5.6384864672869676e-05
5.6426205999656926e-05
5.646758004291432e-05
5.650898681576683e-05
5.6550426331442675e-05
5.659189860327118e-05
5.663340364468282e-05
5.667494146920722e-05
5.6716512090473084e-05
5.6758115522205796e-05
5.679975177822822e-05
5.684142087245848e-05
5.688312281890956e-05
5.692485763168804e-05
5.696662532499393e-05
5.700842591311904e-05
5.705025941044663e-05
5.709212583145063e-05
5.713402519069398e-05
5.717595750282939e-05
5.721792278259761e-05
5.725992104482611e-05
5.73019523044293e-05
5.734401657640788e-05
5.738611387584751e-05
5.742824421791802e-05
5.7470407617873534e-05
5.751260409105076e-05
5.755483365286917e-05
5.759709631882995e-05
5.763939210451535e-05
5.768172102558784e-05
5.772408309779031e-05
5.776647833694455e-05
5.78089067589502e-05
5.785136837978565e-05
5.789386321550704e-05
5.7936391282246345e-05
5.797895259621231e-05
5.802154717368917e-05
5.806417503103578e-05
5.810683618468611e-05
5.8149530651147686e-05
5.81922584470018e-05
5.8235019588901634e-05
5.8277814093574106e-05
5.8320641977816804e-05
5.8363503258498565e-05
5.840639795256016e-05
5.844932607701098e-05
5.849228764893154e-05
5.853528268547074e-05
5.8578311203846595e-05
5.862137322134551e-05
5.8664468755321424e-05
5.87075978231959e-05
5.875076044245712e-05
5.8793956630659844e-05
5.883718640542481e-05
5.88804497844385e-05
5.892374678545183e-05
5.8967077426281444e-05
5.9010441724807007e-05
