94.34397111484908
89.83180361491756
90.08349214132258
90.33112107545112
90.57472997170824
90.8143547482967
91.05003237723224
91.28180175425409
91.50970383559518
91.7337816222982
91.95408010194538
92.17064616987899
92.38352853568668
92.59277761769003
92.79844542756668
93.00058544704513
93.19925249848009
93.39450261097747
93.58639288359082
93.7749813469565
93.96032682458029
94.14248879483448
94.32152725457887
94.49750258518179
94.67047542158942
94.84050652497832
95.0076566594225
95.17198647291593
95.33355638301478
95.49242646729475
95.64865635876436
95.80230514632697
95.9534312803461
96.10209248333614
96.24834566577667
96.39224684702495
96.53385108128772
96.67321238859705
96.81038369072513
96.94541675196298
97.07836212467966
97.20926909957166
97.33818566050516
97.46515844384751
97.5902326533037
97.71345222297856
97.83485949773889
97.95449540301755
98.07239937678962
98.18860935330272
98.30316175046829
98.41609146073597
98.52743184530081
98.6372147314986
98.74547041324158
98.852227654349
98.95751369462695
99.06135374365763
99.1637730762432
99.26479388217135
99.36443741604602
99.46272347511533
99.55967041892788
99.65529558654006
99.74961370868475
99.84263939127469
99.93438547377497
100.02486348115815
100.11408365264704
100.20205497176657
100.28878519751323
100.37428089656662
100.45854747647479
100.54158921975015
100.62340931881782
100.7040099117638
100.78339211883504
100.86155607964676
100.9385009910579
101.01422514567737
101.08872597096884
101.16200006892225
101.23404325626511
101.30485060518622
101.374416484548
101.4427346015631
101.50979804391326
101.57559932228767
101.64013041331843
101.70338280289131
101.76534752980801
101.82601522977622
101.88537617970235
101.94342034226015
102.00013741070724
102.05551685391877
102.10954796160605
102.16221988968539
102.21352170575962
102.26344243467258
102.31197110409333
102.35909685057172
102.40480872408713
102.44909609297595
102.49194845113723
102.53335552185798
102.57330730259383
102.61179410932483
102.6488066204798
102.68433592036749
102.71837354204405
102.75091150954191
102.78194237938213
102.81145928129175
102.83945595804374
102.86592680433712
102.89086690463274
102.91427206985978
102.93613887290691
102.95646468281201
102.97524769756522
102.99248697543939
103.00818246476453
103.02233503206321
103.03494648846656
103.04601961433276
103.0555581819934
103.06356697655481
103.07005181468827
103.07501956134486
103.07847814433683
103.08043656673226
103.08090491701651
103.07989437697864
103.07741722728865
103.07348685073822
103.06811773312454
103.06132546176443
103.05312672163394
103.04353928913652
103.03258202351039
103.0202747918183
103.00663868655138
102.99169571645496
102.97546892982633
102.9579823885128
102.93926113906717
102.91933118752661
102.89821947313311
102.8759538403042
102.85256300877109
102.82807654227723
102.80252481498569
102.77593897727083
102.74835091944263
102.71979323445017
102.69029917937208
102.65990263585944
102.62863806965363
102.5965404893041
102.56364540421201
102.52998878212564
102.4956070062147
102.46053683184786
102.42481534319869
102.3884799763978
102.35156823490014
102.31411795792371
102.27616712036927
102.23775380355443
102.19891615909916
102.1596923685561
102.12012060294438
102.08023898295602
102.04008554002868
101.99969817838517
101.95911463811505
101.91837245936802
101.87750894771979
101.83656114076756
101.79556577600377
101.75455926001237
101.7135776390249
101.67265657086823
101.63183129832937
101.59113662395812
101.55060688632156
101.51027593771997
101.47017712336833
101.43034326204256
101.39080662818492
101.35159893545924
101.31275132174144
101.27429433552764
101.23625792373844
101.19867142089444
101.16156353963504
101.12496236254964
101.08889533528841
