480886.0407
285792.2937280882
284994.7055945018
284198.3252738017
283403.34476173855
282609.8822598487
281818.02495070646
281027.8453775217
280239.4080021525
279452.7718774673
278667.99178276665
277885.11875049555
277104.2003509903
276325.28088010295
275548.40150687477
274773.6004037791
274000.9128683826
273230.3714398803
272462.0060118281
271695.84394157183
270931.9101565538
270170.2272575504
269410.8156188601
268653.69348545204
267898.87706707756
267146.38062936784
266396.21658193506
265648.3955635074
264902.9265241326
264159.81680449564
263419.0722123922
262680.6970964153
261944.69441690398
261211.0658142253
260479.81167443877
259750.93119241847
259024.42243249915
258300.28238671017
257578.50703067568
256859.0913772454
256142.02952793552
255427.31472224614
254714.93938493362
254004.89517130368
253297.17301060658
252591.76314759578
251888.65518233104
251187.8381082861
250489.300348838
249793.02979219952
249099.0138248657
248407.23936363345
247717.69288626424
247030.36022597275
246345.22755692634
245662.2799547484
244981.50242455557
244302.87966623198
243626.39609887692
242952.03588385793
242279.78294677287
241609.6209984774
240941.53355525967
240275.50395822866
239611.5153919566
238949.55090242688
238289.59341432192
237631.62574769036
236975.63063402724
236321.5907318036
235669.48864147492
235019.30692000175
234371.02809490738
233724.63467790422
233080.10917811084
232437.43411488866
231796.59203031665
231157.5655013286
230520.3371515335
229884.88966273563
229251.2057861754
228619.26835350436
227989.0602875135
227360.5646126245
226733.7644651617
226108.6431034141
225485.18391749886
224863.37043903614
224243.18635064692
223624.61549527835
223007.6418853644
222392.24971183226
221778.42335295436
221166.14738305358
220555.40658106716
219946.1859389685
219338.47067005365
218732.24621708973
218127.4982603303
217524.21272539833
216922.37579103076
216321.9738966929
215722.99375005366
215125.4223343254
214529.24691546164
213934.45504921346
213341.034588042
212748.9736878768
212158.2608147273
211568.88475113135
210980.83460244647
210394.09980297135
209808.67012189646
209224.5356690787
208641.68690063083
208060.11462432344
207479.8096615338
206900.76377814473
206322.96920065235
205746.41805796864
205171.10293501674
204597.0168295052
204024.15313606837
203452.50564199535
202882.06852747325
202312.83636749155
201744.80413424477
201177.9671995842
200612.3213373173
200047.8627252851
199484.58794717534
198922.4939940593
198361.57826563733
197801.83857119287
197243.27313024344
196685.88057288688
196129.6599398378
195574.6106821518
195020.73266063243
194468.02614491692
193916.49181224237
193366.1307458844
192816.94443327244
192268.9347637726
191722.1040261465
191176.45490567537
190631.99048096
190088.7142203856
189546.62997826267
189005.7419906374
188466.05487077928
187927.5736043423
187390.30354420753
186854.25040500963
186319.4202573448
185785.81952167556
185253.45496192548
184722.33367877794
184192.46310267752
183663.85098654672
183136.5053982189
182610.43468291205
182085.64789237437
181562.15347708028
181039.9607808959
180519.07936338783
179999.51902433945
179481.28980860926
178964.4020023454
178448.86612557262
177934.69292320372
177421.89335531008
176910.47858699496
176400.45997801676
175891.84907222603
175384.65758685127
174878.8974016552
174374.5805479747
173871.7191976608
173370.3256519299
172870.4123301397
172371.99175850302
171875.07655874957
171379.67943675423
170885.81317113587
170393.49060184756
169902.72461876593
169413.52815029366
168925.91415198697
168439.89559522184
167955.4854559091
167472.69670327206
166991.54228869692
166512.03513466954
166034.1881238081
165558.01408800407
165083.52579768086
164610.73595118322
164139.65716430527
163670.30195996753
