0.014350834489005843
0.0201323806478347
0.0261300607972624
0.030958022245919512
0.03432499477358301
0.03641739120439657
0.03770007961432417
0.03855453946637799
0.0392216572773272
0.03980555506531038
0.04036642613319444
0.04093112389151022
0.04151019296422394
0.04210651344585171
0.04271952272674921
0.04334723843600893
0.04398720471695416
0.04463692055139303
0.045294021617489376
0.04595634678131183
0.04662195211795145
0.047289102368528256
0.04795625383701074
0.04862203510304069
0.049285228300635475
0.049944752016568034
0.05059964609207115
0.051249058281075364
0.05189223259288561
0.0525284991140697
0.05315726511032412
0.05377800722964678
0.05439026465175367
0.0549936330514228
0.055587759263201496
0.05617233655206001
0.05674710040860182
0.05731182479940212
0.05786631881295094
0.058410423650120676
0.05894400991506335
0.05946697516865873
0.05997924171166529
0.06048075456935832
0.06097147965313584
0.06145140207809864
0.06192052461835922
0.062378866284472125
0.06282646100941032
0.06326335643157603
0.06368961276474679
0.064105301746439
0.06451050565724982
0.0649053164047371
0.0652898346664463
0.06566416908717451
0.0660284355264215
0.06638275635233618
0.06672725977904237
0.06706207924443569
0.0673873528260804
0.06770322242166302
0.06800983432405386
0.06830733709806051
0.0685958822258239
0.06887562340813687
0.06914671616826738
0.06940931748174241
0.06966358543074008
0.0699096788821014
0.07014775718750291
0.0703779799049958
0.0706005065406463
0.07081549630940406
0.0710231079141393
0.0712234993419803
0.07141682767699567
0.07160324892841806
0.07178291787354973
0.07195598791448929
0.0721226109479775
0.07228293724767916
0.07243711535795042
0.07258529199865058
0.07272761198031494
0.07286421812879362
0.07299525121915312
0.07312084991792399
0.07324115073336128
0.07335628797304361
0.07346639370838938
0.07357159774566153
0.07367202760284924
0.073767808492139
0.07385906330755275
0.0739459126172648
0.07402847466038098
0.07410686534768693
0.0741811982661561
0.07425158468684585
0.07431813357592533
0.0743809516085248
0.07444014318522092
0.07449581045082979
0.07454805331534026
0.07459696947678891
0.07464265444581171
0.07468520157176962
0.07472470207021323
0.0747612450515888
0.07479491755093914
0.07482580455856981
0.07485398905150364
0.07487955202556658
0.07490257252807511
0.07492312769094124
0.07494129276415261
0.0749571411495595
0.07497074443479065
0.07498217242732899
0.07499149318865081
0.07499877306832312
0.075004076738022
0.07500746722547773
0.07500900594822296
0.0750087527471362
0.07500676591971284
0.07500310225310979
0.07499781705680486
0.07499096419497506
0.07498259611844181
0.07497276389628788
0.0749615172470109
0.07494890456927057
0.07493497297221414
0.07491976830529891
0.07490333518766996
0.07488571703706601
0.07486695609822806
0.0748470934708174
0.07482616913685984
0.0748042219876511
0.07478128985018438
0.07475740951310458
0.07473261675208111
0.07470694635475761
0.07468043214515327
0.07465310700758628
0.0746250029100915
0.07459615092735622
0.07456658126315718
0.07453632327232994
0.07450540548221837
0.07447385561372834
0.07444170060181657
0.0744089666156101
0.0743756790780045
0.07434186268484946
0.07430754142368243
0.07427273859201289
0.07423747681521801
0.07420177806397375
0.07416566367130253
0.07412915434919497
0.07409227020483954
0.07405503075649228
0.07401745494890781
0.07397956116842654
0.07394136725769435
0.07390289053001467
0.0738641477833441
0.07382515531394876
0.0737859289297188
0.0737464839631452
0.07370683528397763
0.07366699731156745
0.07362698402689309
0.07358680898428925
0.07354648532286297
0.07350602577765283
0.07346544269047159
0.07342474802047529
0.07338395335448863
0.0733430699170354
0.07330210858013676
0.07326107987283269
0.07321999399047843
0.07317886080377714
0.07313768986762179
0.0730964904296654
0.07305527143867226
0.07301404155268362
0.07297280914694369
0.07293158232162282
0.07289036890936168
0.07284917648256638
0.07280801236057542
0.07276688361659513
0.07272579708447484
0.07268475936528994
