28.799162180798003
141.14012681821208
140.73093105276834
140.2994601623763
139.84436374389466
139.3784087109815
138.9102670003928
138.4455118937044
137.98756357722084
137.5383976738904
137.09903879727796
136.66989412521923
136.25097727753212
135.84205758056572
135.44275975672264
135.05262972423827
134.67117834243624
134.29790943445045
133.93233794342603
133.5740008879527
133.22246357378464
132.8773227295694
132.53820759231547
132.20477947695133
131.87673064067388
131.55378245565728
131.23568347701445
130.92220722766396
130.61315014053207
130.30832940544258
130.0075809627961
129.7107576813424
129.41772755403215
129.12837213621603
128.84258503859104
128.56027067134445
128.28134297659906
128.00572441199003
127.73334489497724
127.46414096129867
127.19805504071388
126.93503469983884
126.67503199802347
126.41800298404101
126.16390722889673
125.91270729479001
125.66436842165754
125.41885814193003
125.1761459999352
124.93620326401071
124.69900268542835
124.4645182998731
124.23272523740488
124.00359951107231
123.777117937546
123.5532580040585
123.33199770176722
123.1133154204566
122.89718995611622
122.6836003555466
122.4725258268188
122.26394576331458
122.057839613861
121.85418692072008
121.6529671949505
121.4541599332357
121.2577445791263
121.06370050081682
120.8720069578959
120.6826431272082
120.49558799734196
120.31082046741074
120.12831926274606
119.9480629537539
119.77002995423231
119.59419849236002
119.4205466417564
119.24905229241409
119.07969316512694
118.91244680258124
118.74729057774266
118.58420169000517
118.42315716881632
118.26413387839867
118.10710852044733
117.95205762223287
117.79895757790209
117.64778460549115
117.49851478239704
117.35112404859278
117.20558818874272
117.06188285287044
116.91998356561098
116.77986571657698
116.64150457162961
116.50487527602509
116.36995285905378
116.2367122395766
116.10512821984494
115.97517550898061
115.8468287069696
115.72006231901779
115.5948507562209
115.47116834017531
115.34898930328688
115.22828779473537
115.10903788231948
114.99121355820715
114.87478873468376
114.75973725204008
114.64603288471486
114.5336493365786
114.42256024143623
114.31273916934887
114.2041596461076
114.09679510890874
113.99061895624408
113.88560452366829
113.78172509914069
113.6789539060533
113.5772641184708
113.47662887105987
113.37702123690669
113.27841424002759
113.18078086434103
113.084094037516
112.98832664366468
112.89345154014765
112.79944152293943
112.70626934062167
112.61390770839536
112.52232929491464
112.43150673622338
112.04969008128191
112.12962737772814
112.21046364915634
112.29192733944208
112.3737325014387
112.4555905749489
112.5372180528785
112.61834131683071
112.69869960308213
112.77804666357866
112.85615156292235
112.93279893350045
113.0077887930361
113.08093615298787
113.15207045013764
113.22103491173252
113.28768582094129
113.35189179594039
113.41353306886158
113.47250076578796
113.52869619611822
113.58203020346716
113.63242250304486
113.67980107417787
113.7241015954366
113.76526687924651
113.80324636347657
113.8379956247918
113.86947592481079
113.89765376695608
113.92250051834046
113.94399201762238
113.96210821617571
113.97683286600508
113.98815320026651
113.9960596495522
114.00054557236723
114.00160700860108
113.99924244293419
113.99345258231706
113.98424017137899
113.97160979828551
113.95556769471658
113.9361216236492
113.91328068214801
113.88705518601208
113.85745655216033
113.82449714316576
113.78819018889416
113.74854966314703
113.7055902048941
113.659327021933
113.60977579771722
113.5569526364309
113.50087397765958
113.44155652695662
113.3790171932014
113.31327301644589
113.24434112019256
113.17223862036803
113.09698258209987
113.01858991149737
112.93707725556794
112.85246088206556
112.76475646726912
112.67397884992009
112.58014149557104
