46474.92
42333.61429724492
42369.35764576594
42402.549310602226
42433.55454135741
42462.78517281242
42490.50905550544
42516.903268627866
42542.08817543437
42566.14862570247
42589.14713882013
42611.132096761634
42632.14283630769
42652.2128163102
42671.37159067173
42689.64604065374
42707.06114791705
42723.6404827837
42739.40651580298
42754.3808197855
42768.58420358675
42782.036803566385
42794.75814849383
42806.767207875586
42818.08242976399
42828.72177186911
42838.70272833445
42848.042353650875
42856.75728463887
42864.86376108537
42872.3776454105
42879.31444162889
42885.68931375796
42891.517103810475
42896.81234946101
42901.58930146567
42905.86194090192
42909.64399629667
42912.9489607029
42915.790108793095
42918.18051403571
42920.1330660285
42921.660488066984
42922.77535503327
42923.490111698455
42923.8170915409
42923.76853619439
42923.356615650104
42922.59355343283
42921.491351409895
42920.062040392935
42918.31774169754
42916.27061647804
42913.93289672194
42911.31691704068
42908.4351483605
42905.300234056165
42901.925029026934
42898.32264221151
42894.506483791694
42890.49031318225
42886.288298805695
42881.91507978867
42877.38583040385
42872.71633838687
42867.92308726727
42863.02334833705
42858.03528207166
42852.97804990416
42847.87619181801
42842.74347878539
42837.60614151268
42832.48457161633
42827.412757993414
42822.41564088123
42817.52339671165
42812.768516467695
42808.1859693909
42803.81335954523
42799.69105130601
42795.86224033243
42792.37293862812
42789.27183199739
42786.60995545016
42784.440117060105
42782.81598416075
42781.79072927666
42781.41512006549
42781.73493324755
42782.78653740339
42784.5968130708
42787.17198432119
42790.49591595731
42794.52308727704
42799.17286068147
42804.32494926331
42809.8172011591
42815.44688159057
42820.97641907733
42826.14401456875
42830.678622497435
42834.318198363566
42836.82620384538
42838.010601377035
42837.7331131407
42835.91506896523
42832.53638182716
42827.62920576804
42821.26801492945
42813.5580620661
42804.623937503784
42794.599448793604
42783.61948106162
42771.8140229464
42759.30421533412
42746.20009480398
42732.59963634374
42718.58871964694
42704.241702520536
42689.62227133377
42674.784949900655
42659.77545061037
42644.63259388911
42629.38895312538
42614.0718706752
42598.704283349056
42583.305437265066
42567.89149912418
42552.4760738423
42537.07063955602
42521.684911006574
42506.32714165497
42491.00438721854
42475.72257917875
42460.487042509885
42445.302275602866
42430.17220237315
42415.1002644196
42400.08949723616
42385.142592874305
42370.26195140088
42355.44972312333
42340.70784322953
42326.03806020863
42311.44195918254
42296.92098107825
42282.476438404665
42268.10952826096
42253.82134308919
42239.612879591004
42225.485046150265
42211.438669042785
42197.474497659765
42183.59320893166
42169.79541110426
42156.08164698952
42142.45239679157
42128.90808059023
42115.449060546736
42102.07564288699
42088.78807970414
42075.58657061734
42062.47126431367
42049.4422599971
42036.499608762206
42023.64331490803
42010.87333720347
41998.18959011352
41985.59194499412
41973.080231261294
41960.65423753896
41948.31371278911
41936.05836742712
41923.88787442391
41911.8018703967
41899.79995668931
