5.0
4.945301693274692
4.89069510640022
4.836152576914929
4.781654194433374
4.727186203630967
4.672738671808215
4.6183040643752475
4.563876378776046
4.509450617181345
4.455022464978115
4.4005880944345215
4.346144044600382
4.29168714771346
4.23721448404459
4.18272335420022
4.128211262207724
4.073675905327587
4.01911516812915
3.964527119335859
3.9099100105357563
3.8552622762126902
3.800582534773094
3.745869590377633
3.6911224354704593
3.6363402539463796
3.5815224249381115
3.5266685272143325
3.471778344202727
3.4168518696586396
3.3618893140083417
3.306891111402436
3.2518579275208808
3.1967906681768166
3.141690488772226
3.086558804664589
3.0313973025102245
2.97620795265713
2.9209930226678704
2.8657550920615695
2.81049706837342
2.7552222046404267
2.6999341184334753
2.6446368125683954
2.589334697642564
2.534032616558944
2.478735873559531
2.423450257127561
2.368182076582478
2.3129381955181474
2.2577260692968975
2.2025537859549464
2.1474301108272544
2.0923645352452604
2.0373673296989168
1.9824496018948692
1.9276233601856643
1.872901582890598
1.8182982940789427
1.7638286464240456
1.7095090118231344
1.6553570804730173
1.6013919691904872
1.5476343397831738
1.4941065283137311
1.440832648710587
1.3878387926462856
1.3351533480198434
1.2828068238828325
1.2308323239219736
1.179265650209379
1.1281455569427294
1.077513988839439
1.0274163325357577
0.9779016780528067
0.929023085918737
0.8808378534471785
0.8334077708766378
0.7867993544170727
0.7410840385601649
0.6963383041305206
0.6526437113781957
0.6100867989490568
0.5687588000544268
0.5287551088195845
0.4901744706155992
0.45311774010459205
0.4176862129487359
0.3839794270796321
0.35209240150215304
0.32211231894623515
0.2941147290446822
0.2681594427271386
0.24428639760353976
0.22251187922420868
0.20282555506364508
0.1851887832485174
0.169534570117908
0.15576936531504404
0.1437766304541818
0.13342183233767915
0.12455835721056616
0.11703364687082887
0.11069498548712636
0.10539444483074811
0.10099270825138132
0.09736168861427666
0.09438601450390667
0.09196356091067809
0.09000524579315049
0.08843431487092324
0.08718531059248169
0.08620288225110126
0.08544055278013382
0.08485952044437653
0.0844275436005616
0.084117934191286
0.0839086697960156
0.08378162365675715
0.0837219058060612
0.08371730506347812
0.08375782027613635
0.08383526904133208
0.08394296275220584
0.08407543780324878
0.08422823395338097
0.08439771202987602
0.0845809042847259
0.08477539174346839
0.084979203797167
0.08519073607838004
0.08540868333742987
0.08563198460634892
0.08585977841662726
0.08609136623563937
0.08632618261709073
0.08656377083361326
0.08680376298413672
0.08704586375296619
0.08728983714852985
0.08753549567333758
0.08778269147769893
0.08803130913223499
0.08828125972153326
0.08853247601620934
0.08878490852541433
0.08903852226833824
0.08929329413301504
0.08954921071499675
0.08980626654823787
0.09006446265665123
0.0903238053679392
0.09058430534202239
0.0908459767751264
0.09110883674771822
0.09137290469029866
0.09163820194580585
0.09190475141125892
0.09217257724443251
0.09244170462394026
0.092712159553212
0.09298396870057642
0.09325715926906931
0.09353175889074132
0.09380779554118021
0.09408529747073471
0.09436429314955876
0.09464481122410967
0.09492688048315912
0.09521052983172142
0.09549578827158667
0.09578268488738176
0.09607124883727132
0.09636150934756697
0.0966534957106453
0.09694723728567554
