1.4977
1.5005249758178338
1.5004874107244577
1.5004531615459775
1.500420365536362
1.5003887545797425
1.5003582496686165
1.5003287970642887
1.5003003489585238
1.5002728609667337
1.5002462916037813
1.500220602013729
1.5001957557499948
1.500171718579867
1.5001484583082492
1.5001259446182007
1.5001041489263924
1.5000830442518551
1.5000626050965997
1.5000428073368683
1.5000236281239177
1.500005045793364
1.4999870397822388
1.4999695905529897
1.49995267952376
1.499936289004342
1.4999204021372703
1.499905002843583
1.499890075772817
1.4998756062568626
1.4998615802584123
1.4998479843676837
1.4998348057311015
1.4998220320045903
1.4998096513662744
1.4997976523698542
1.4997860241351493
1.4997747561998909
1.4997638383761742
1.4997532609937834
1.4997430146307764
1.499733090230177
1.4997235121528119
1.4997146894041395
1.4997061589729825
1.4996978912553065
1.4996898771337244
1.4996821099819413
1.4996745836217846
1.499667292084379
1.4996602295756312
1.4996533904652278
1.499646769278706
1.4996403606902586
1.4996341595159886
1.4996281607075537
1.4996223593461746
1.4996167506369804
1.499611329903672
1.4996060925834815
1.499601034222411
1.4995961504707298
1.4995914370787164
1.4995868898926312
1.4995825048509006
1.4995782779805062
1.4995742053935615
1.4995702832840658
1.4995665079248277
1.4995628756645427
1.4995593829250207
1.4995560261985517
1.4995528020454014
1.4995497070914323
1.4995467380258363
1.4995438915989812
1.4995411646203567
1.4995385539566188
1.4995360565297235
1.4995336693151502
1.4995313893402018
1.4995292136823848
1.4995271394678609
1.4995251638699645
1.4995232841077888
1.4995214974448294
1.4995198011876865
1.4995181926848227
1.4995166693253699
1.4995152285379885
1.4995138677897684
1.4995125845851782
1.499511376465053
1.4995102410056225
1.4995091758175774
1.4995081785451703
1.4995072468653512
1.4995063784869356
1.499505571149802
1.4995048226241214
1.4995041307096129
1.4995034932348277
1.4995029080564575
1.4995023730586703
1.499501886152468
1.4995014452750683
1.4995010483893096
1.4995006934830761
1.4995003785687464
1.4995001016826601
1.499499860884607
1.4994996542573353
1.4994994799060781
1.4994993359581001
1.4994992205622648
1.4994991318886166
1.4994990681279847
1.4994990274916051
1.4994990082107593
1.499499008536434
1.4994990267389974
1.499499061107896
1.4994991099513684
1.4994991715961803
1.499499244387377
1.499499326688057
1.4994994168791647
1.499499513359304
1.4994996145445731
1.4994997188684192
1.4994998247815157
1.4994999307516634
1.4995000352637111
1.4994949727577225
1.4994950193791508
1.5000979037201774
1.500095449711548
1.5000661972955578
1.5000351601846182
1.5000047878242264
1.4999752496925365
1.4999465163364059
1.4999185553259924
1.499891341671046
1.4998648542847912
1.4998390735075258
1.4998139799233736
1.4997895538718924
1.4997657752940017
1.4997426237292055
1.499720078373681
1.4996981181551226
1.4996767218035039
1.4996558679086254
1.4996355349611488
1.4996157013766416
1.4995963455034025
1.4995774456152924
1.4995589798908364
1.4995417653117147
1.4995251268776035
1.4995088112102524
1.499492784620751
1.4994770248124283
1.4994615100755244
1.499446218193807
1.4994311262157891
1.4994162103166164
1.4994014456541302
1.4993868062077569
1.4993722645967078
1.4993577918742425
1.4993433572941428
1.499328928044727
1.4993144689447195
1.4992999420940532
1.4992853064711404
1.4992705174662233
1.4992555263379899
1.4992402795775583
1.4992247181599807
1.4992087766583204
1.4991923821887045
1.4991754531460084
1.4991578976782087
1.4991396118318412
1.4991204772798075
1.4991003585136295
1.4990790993416476
1.4990565184772018
1.4990324039183003
1.4990065056995239
1.4989785264168243
1.4989481086513985
1.498914817990216
1.4988781196530194
1.4988373455972515
1.4987916470200688
1.4987399236876628
1.4986807149782169
