311.0441497069139
164.71159713735426
160.95113778268342
157.42697646652775
154.1325398442988
151.05177480731592
148.16772973675248
145.46448714221395
142.9275134897676
140.54363292885492
138.30091761006634
136.18856633522654
134.19678917958652
132.31670215639602
130.54023242699884
128.86003355191028
127.26940997892181
125.7622498901801
124.3329655416898
122.97665800787297
121.68800780388412
120.46328181416227
119.29836410990121
118.18958779344594
117.1335784289059
116.12722011173851
115.16763007934563
114.25213720805246
113.37826304669782
112.54370487361575
111.74632049153132
110.98411455037306
110.255226223588
109.55791808716641
108.89056606936329
108.25165035503879
107.63974714234813
107.05352116154224
106.4917188761486
105.95316229600286
105.43674333964591
104.94141869066912
104.46620509877758
104.01017508179088
103.57245298958823
103.15221139522498
102.74866778216573
102.36108149987068
101.98875096287277
101.63101107105778
101.28723083114323
100.95681116137214
100.63918286324129
100.33380474568426
100.04016188855668
99.75776403354529
99.48614409175978
99.22485675828455
98.97347722487801
98.7315999828254
98.49883770868364
98.27482022631558
98.05919353920603
97.8516189275821
97.65177210534836
97.45934243227518
97.27403217727618
97.09555582896547
96.92363945000537
96.7580200720488
96.59844512834499
96.44467192131842
96.29646712264547
96.15360630356011
96.01587349329213
95.88306076371421
95.75496783841903
95.63140172459154
95.51217636616036
95.39711231683332
95.28603643172548
95.1787815763823
95.07518635209588
94.97509483648373
94.87835633838554
94.78482516619196
94.69436040878922
94.60682572836006
94.52208916433251
94.44002294782207
94.36050332595293
94.28341039549207
94.20862794526326
94.13604330684745
94.06554721310822
93.99703366411194
93.93039980003907
93.86554578071323
93.8023746713933
93.74079233450213
93.6807073269833
93.62203080299632
93.5646764216814
93.50856025973712
93.4536007285764
93.39971849583306
93.34683641101014
93.29487943507083
93.24377457378614
93.19345081466044
93.14383906727114
93.09487210686362
93.04648452105195
92.99861265948498
92.95119458634356
92.9041700355417
92.8574803685091
92.81106853444116
92.7648790329053
92.71885787869745
92.67295256884721
92.62711205167594
92.58128669781276
92.53542827307774
92.48948991314585
92.44342609990667
92.39719263943788
92.35074664151206
92.30404650055924
92.25705187800845
92.20972368593499
92.1620240719377
92.1139164051772
92.0653652635014
92.01633642159075
91.96679684005134
91.91671465539058
91.86605917080527
91.81480084771621
91.76291129798197
91.71036327672651
91.65713067571399
91.60318851720753
91.54851294824556
91.49308123527165
91.43687175905633
91.37986400984613
91.32203858267802
91.26337717280029
91.20386257113618
91.14347865973419
91.08221040714544
91.02004386367311
90.95696615643791
90.8929654842086
90.82803111194418
90.76215336500293
90.69532362296904
90.6275343130561
90.55877890304663
90.48905189373205
90.41834881081891
90.3466661962735
90.27400159908112
90.2003535653965
90.12572162807365
90.0501062955613
89.9735090401595
89.89593228563636
89.81737939420864
89.73785465289582
89.65736325926122
89.57591130655855
89.49350576830614
89.41015448231622
89.32586613420304
89.24065024040655
89.15451713075416
89.0674779305959
88.97954454253197
88.89072962775771
88.80104658703293
88.71050954127696
88.61913331177364
88.52693339995007
88.43392596667064
88.34012781095633
88.24555634800512
88.15022958634667
88.05416610391377
87.95738502275849
87.85990598207104
87.76174910908779
87.66293498738713
87.56348462197981
87.46341940049275
87.36276104963038
87.26153158597403
87.15975326003763
87.05744849236262
